period,mktsize,entries,exits,surviv,entryrate,exitrate,survivrate,firms,totresinv,totinninv,totimiinv,costshareinn,firmsres,firmsinn,firmsimi,hindex,div,gini,pcm,cs,totprofits,ts,maxage,minage,avgage,actfirms,inactfirms,profitablefirms,wmc,avgproxopt,price,totoutput,avgoutput,magtechshock
1,4,40,23,17,1.0,0.575,0.42500000000000004,40,0,0,0,0,0,0,0,331.78302312788895,0.5018028846153846,0.0037163323782234414,0.1499123188395043,120674.34569282098,807.539845588805,121481.88553840978,0,0,0.0,36,4,17,46.213944603629415,0.5245949074074074,54.363738738738725,982.5450450450433,27.29291791791787,0
2,4,26,25,18,0.6046511627906976,0.5813953488372093,0.41860465116279066,43,500,400,100,0.8,6,4,2,288.98713416941683,0.4982465854558878,-0.09196708107472429,0.1382416318224396,123136.73063195856,-1483.0138207357868,121653.71681122278,1,0,0.3953488372093023,43,0,15,44.69963505390706,0.5390019379844961,51.87026515151514,992.5189393939374,23.08183579985901,0
3,4,15,15,18,0.45454545454545453,0.45454545454545453,0.5454545454545454,33,400,300,100,0.75,5,3,2,341.47233653406516,0.49455492424242425,-0.04044893378226677,0.16347079940460546,123168.52292387527,1811.7286620530388,124980.2515859283,2,0,0.8787878787878788,33,0,17,43.36419753086423,0.5568181818181819,51.83823529411764,992.647058823528,30.080213903743275,0
4,4,18,16,20,0.5,0.4444444444444444,0.5555555555555556,36,850,600,250,0.7058823529411765,11,6,5,318.84439363302397,0.4916170634920635,-0.06876590570035224,0.1576083581020352,124521.85451921515,740.6190396477535,125262.4735588629,3,0,1.1111111111111112,36,0,14,42.52275377035617,0.564525462962963,50.4786036036036,998.0855855855855,27.724599599599596,0
5,4,5,3,22,0.2,0.12,0.88,25,400,300,100,0.75,5,3,2,419.7944633107578,0.48909722222222224,-0.0003360801421876669,0.20000830896307006,122965.0806675296,5324.012008957928,128289.09267648753,4,0,2.28,25,0,22,41.6341829590133,0.57875,52.04326923076923,991.8269230769232,39.67307692307693,0
6,4,9,5,26,0.2903225806451613,0.16129032258064516,0.8387096774193549,31,650,300,350,0.46153846153846156,10,3,7,342.60905995028526,0.4878584229390681,0.0034928044869104724,0.1718412543510437,125130.2422417534,2374.150933159717,127504.39317491312,5,0,2.5483870967741935,31,0,22,41.30010411244146,0.581989247311828,49.869791666666664,1000.5208333333327,32.27486559139783,0
7,4,3,2,27,0.10344827586206896,0.06896551724137931,0.9310344827586207,29,1050,700,350,0.6666666666666666,14,7,7,360.98090952915067,0.4865045155993432,0.04393500681997664,0.1812451186869361,125173.67139274703,3237.0611496913793,128410.7325424384,6,0,3.6206896551724137,29,0,25,40.795599120980796,0.5880028735632183,49.8263888888889,1000.6944444444455,34.50670498084295,0
8,4,2,5,24,0.06896551724137931,0.1724137931034483,0.8275862068965517,29,900,600,300,0.6666666666666666,12,6,6,366.5397019907083,0.4837848932676519,0.050700110279900734,0.1868395389893356,125799.88667052465,3422.130594135795,129222.01726466045,7,0,4.137931034482759,29,0,19,40.00862407125387,0.5944683908045977,49.201388888888886,1003.1944444444441,34.59291187739463,0
9,4,3,2,25,0.1111111111111111,0.07407407407407407,0.9259259259259259,27,550,400,150,0.7272727272727273,7,4,3,418.2147685939459,0.48581433998100665,0.06030184053145149,0.20670349690195972,124516.8368454152,5014.956021471082,129531.79286688627,8,0,4.777777777777778,27,0,20,40.0484878982158,0.5875771604938271,50.48363095238095,998.0654761904758,36.965388007054656,7
10,4,4,2,27,0.13793103448275862,0.06896551724137931,0.9310344827586207,29,900,600,300,0.6666666666666666,12,6,6,391.0869488504242,0.48229679802955666,0.0524478029720421,0.19868097704090154,125660.59268904313,4028.843557098754,129689.43624614188,9,0,5.0,29,0,21,39.53730318141939,0.5930316091954023,49.34027777777777,1002.6388888888882,34.57375478927201,0
11,4,2,2,27,0.06896551724137931,0.06896551724137931,0.9310344827586207,29,750,500,250,0.6666666666666666,10,5,5,383.71389609575243,0.4815270935960591,0.03348581622869573,0.1965887848955488,126008.97231867285,3870.278742283954,129879.25106095681,10,0,5.620689655172414,29,0,23,39.36157029556879,0.5966235632183908,48.99305555555556,1004.0277777777778,34.621647509578544,0
12,4,3,5,25,0.1,0.16666666666666666,0.8333333333333334,30,800,500,300,0.625,11,5,6,371.53793427672167,0.4817768199233716,0.02690612898918343,0.19335980471149214,126651.92733625288,3411.1990909353804,130063.12642718825,11,0,5.933333333333334,30,0,19,39.00387234610762,0.6003472222222221,48.35349462365592,1006.5860215053774,33.55286738351258,0
13,4,3,2,26,0.10714285714285714,0.07142857142857142,0.9285714285714286,28,700,300,400,0.42857142857142855,11,3,8,409.4298472640963,0.4808752204585538,-0.00029770459491684775,0.20436247326137588,124928.17124124717,4629.864414057336,129558.0356553045,12,0,6.464285714285714,28,0,20,39.83903420523139,0.5885416666666667,50.07183908045977,999.7126436781607,35.70402298850574,8
14,4,3,1,28,0.10344827586206896,0.034482758620689655,0.9655172413793104,29,600,400,200,0.6666666666666666,8,4,4,426.4985105836945,0.48178366174055826,0.029164761652670235,0.20717707310726585,123787.67602237653,4759.0518904321,128546.72791280862,13,0,6.689655172413793,29,0,20,40.60464642940219,0.5736350574712643,51.21527777777778,995.1388888888888,34.315134099616856,7
15,4,6,7,27,0.17647058823529413,0.20588235294117646,0.7941176470588236,34,850,500,350,0.5882352941176471,12,5,7,368.7845922183404,0.48130199049316696,0.03655946283965528,0.1869233884338478,125566.11571712031,2461.369756235843,128027.48547335615,14,0,6.352941176470588,34,0,14,40.19405511343389,0.5793504901960784,49.43452380952382,1002.2619047619058,29.478291316526644,0
16,4,5,3,29,0.15625,0.09375,0.90625,32,950,700,250,0.7368421052631579,12,7,5,377.23245889423697,0.47975470430107525,0.05293784599899376,0.19268917630407426,125885.4007244159,3097.6118508315535,128983.01257524746,15,0,7.0625,32,0,18,39.65200889112566,0.5872395833333333,49.11616161616162,1003.5353535353537,31.360479797979803,0
17,4,3,4,28,0.09375,0.125,0.875,32,1250,1000,250,0.8,15,10,5,370.8300613398873,0.47927167338709675,0.04158161663107651,0.19132716256168786,126297.54178463938,2966.9850334149633,129264.52681805435,16,0,7.375,32,0,15,39.38706402043294,0.5914713541666667,48.70580808080808,1005.1767676767681,31.411773989899004,0
18,4,3,0,31,0.0967741935483871,0.0,1.0,31,750,500,250,0.6666666666666666,10,5,5,378.80413539979367,0.47876344086021505,0.05881050736593285,0.19594804673091817,126403.65812513568,3376.4456854926316,129780.10381062831,17,0,8.32258064516129,31,0,18,39.07713431740689,0.5950940860215054,48.60026041666667,1005.5989583333338,32.43867607526883,0
19,4,3,3,31,0.08823529411764706,0.08823529411764706,0.9117647058823529,34,750,500,250,0.6666666666666666,10,5,5,349.4095894484947,0.47920380273321445,0.06025350900331783,0.18436468623826574,127212.08191609998,2089.8242630385703,129301.90617913855,18,0,8.5,34,0,21,38.985426008968595,0.5962009803921569,47.79761904761906,1008.8095238095256,29.67086834733899,0
20,4,5,5,31,0.1388888888888889,0.1388888888888889,0.8611111111111112,36,800,400,400,0.5,12,4,8,325.6820746806523,0.4774801587301587,0.03865890150109985,0.17524425886708678,128002.0455421642,1137.594351107903,129139.6398932721,19,0,8.25,36,0,16,38.77652273907556,0.6001157407407407,47.015765765765785,1011.9369369369402,28.109359359359452,0
21,4,0,0,31,0.0,0.0,1.0,31,700,400,300,0.5714285714285714,10,4,6,370.6463595144339,0.47517921146953407,0.058125341098932415,0.19483467493009277,127059.19265747092,3218.8054402669563,130277.99809773787,20,1,10.387096774193548,31,0,22,38.60704830169186,0.6018145161290323,47.949218750000014,1008.2031250000017,32.52268145161296,0
22,4,7,3,35,0.18421052631578946,0.07894736842105263,0.9210526315789473,38,800,500,300,0.625,11,5,6,329.25466345418596,0.47743302513039354,0.0955292778921557,0.17554379650471874,127631.95363860509,1033.0987834164462,128665.05242202153,21,0,9.289473684210526,36,2,18,39.064183290612576,0.5963541666666667,47.38175675675677,1010.4729729729752,28.068693693693756,8
23,4,1,1,35,0.027777777777777776,0.027777777777777776,0.9722222222222222,36,1000,800,200,0.8,12,8,4,340.4635515758162,0.4757275132275132,0.0987854383552671,0.18111807116744838,127542.56129535158,1484.7186791383356,129027.27997448991,22,0,10.444444444444445,34,2,19,38.87252013356905,0.5995710784313726,47.4702380952381,1010.1190476190485,29.709383753501427,0
24,4,3,2,36,0.07894736842105263,0.05263157894736842,0.9473684210526316,38,1100,900,200,0.8181818181818182,13,9,4,323.0368775485907,0.4752400426742532,0.09907204463294517,0.17577845396920083,128450.01737313412,698.8185066559017,129148.83587979001,23,0,10.263157894736842,37,1,15,38.386853254011164,0.602759009009009,46.573464912280706,1013.7061403508778,27.39746325272643,0
25,4,1,3,34,0.02702702702702703,0.08108108108108109,0.9189189189189189,37,1150,900,250,0.782608695652174,14,9,5,329.3745649546939,0.47434934934934936,0.1131689219205878,0.17952110065690471,128515.36502718946,1065.9384891648483,129581.30351635431,24,0,11.405405405405405,36,1,17,38.15966052124982,0.6053240740740741,46.50900900900901,1013.9639639639648,28.16566566566569,0
26,4,0,3,31,0.0,0.08823529411764706,0.9117647058823529,34,900,700,200,0.7777777777777778,11,7,4,339.72742815096984,0.4737448009506833,0.08707430340557298,0.18442346099624068,128355.55555555547,1921.18055555555,130276.73611111102,25,1,12.264705882352942,34,0,22,38.06023848684212,0.607843137254902,46.666666666666664,1013.3333333333327,29.80392156862743,0
27,4,1,0,32,0.03125,0.0,1.0,32,900,500,400,0.5555555555555556,13,5,8,346.25633327078265,0.47059811827956993,0.06883561643835612,0.18863218155796357,128496.33487654311,2498.5339506172704,130994.86882716039,26,0,12.53125,32,0,18,37.75114155251143,0.6139322916666667,46.52777777777777,1013.8888888888881,31.684027777777754,0
28,4,0,2,30,0.0,0.0625,0.9375,32,1150,800,350,0.6956521739130435,15,8,7,374.23742061239864,0.4702410954301075,0.045521399017326214,0.19530041909691567,126763.99230957031,3100.022228853202,129864.01453842351,27,1,13.53125,31,1,19,38.82046806309801,0.5987903225806452,48.2421875,1007.03125,32.484879032258064,8
29,4,4,3,31,0.11764705882352941,0.08823529411764706,0.9117647058823529,34,650,300,350,0.46153846153846156,10,3,7,348.83570006538537,0.4716280451574569,0.051155412706769265,0.1865436249971822,127753.08956916106,2112.967687074839,129866.0572562359,28,0,13.058823529411764,34,0,19,38.44549772334747,0.6017156862745099,47.261904761904766,1010.9523809523814,29.733893557422984,0
30,4,1,1,31,0.03125,0.03125,0.96875,32,1400,1200,200,0.8571428571428571,16,12,4,382.9514531204369,0.46977906586021506,0.028620651764410088,0.19788724342621944,126361.00788503738,3278.026317467621,129639.034202505,29,0,14.5,32,0,18,39.016911549248604,0.5921223958333333,48.642676767676775,1005.4292929292941,31.41966540404044,8
31,4,4,2,33,0.11428571428571428,0.05714285714285714,0.9428571428571428,35,1150,900,250,0.782608695652174,14,9,5,366.56153400576756,0.47139355742296923,0.03687469710839486,0.18883257276064092,126234.09162649215,2468.9078282828223,128702.99945477498,30,0,14.114285714285714,32,3,22,39.55977509737404,0.5908203125,48.76893939393939,1004.924242424242,31.403882575757564,7
32,4,2,2,33,0.05714285714285714,0.05714285714285714,0.9428571428571428,35,700,500,200,0.7142857142857143,9,5,4,359.9286593426953,0.4733193277310925,0.051185547610086646,0.18714881563082997,126615.03170913673,2114.475723140482,128729.50743227721,31,0,14.742857142857142,32,3,21,39.33399197089449,0.5947265625,48.39015151515151,1006.4393939393932,31.451231060606037,0
33,4,2,3,32,0.05714285714285714,0.08571428571428572,0.9142857142857143,35,1350,1100,250,0.8148148148148148,16,11,5,356.57716707995127,0.47027310924369753,0.06489601603608142,0.18700387303759333,126964.73095857559,2054.54481685541,129019.275775431,32,0,15.628571428571428,32,3,24,39.058715443080274,0.5983072916666667,48.04292929292929,1007.8282828282822,31.49463383838382,0
34,4,0,2,30,0.0,0.0625,0.9375,32,1150,900,250,0.782608695652174,14,9,5,373.82856986167724,0.46879200268817206,0.03965945459394549,0.19617497868388523,126990.38770739402,3094.5270045670113,130084.91471196103,33,1,16.0625,30,2,24,38.597646352847036,0.6038194444444445,48.017473118279575,1007.9301075268826,33.59767025089609,0
35,4,1,2,29,0.03225806451612903,0.06451612903225806,0.935483870967742,31,950,800,150,0.8421052631578947,11,8,3,385.97469486975064,0.46939964157706093,0.08759225252070268,0.1942391572560746,125268.96172967977,3470.129856052729,128739.0915857325,34,0,16.64516129032258,30,1,18,40.07143976011457,0.5861111111111111,49.73118279569893,1001.0752688172047,33.36917562724015,8
36,4,1,1,29,0.03333333333333333,0.03333333333333333,0.9666666666666667,30,1250,900,350,0.72,16,9,7,383.64189277429875,0.46633141762452107,0.06442227763923536,0.19473468228163784,125625.78125000009,3639.062500000015,129264.8437500001,35,0,16.366666666666667,29,1,20,39.75997506234413,0.5926724137931034,49.37500000000001,1002.5000000000007,34.5689655172414,0
37,4,5,2,32,0.14705882352941177,0.058823529411764705,0.9411764705882353,34,650,400,250,0.6153846153846154,9,4,5,342.50448434475277,0.4696969696969697,0.06191498497209125,0.17909585631767627,126844.99351211087,1888.9958189158215,128733.98933102669,36,0,14.382352941176471,33,1,19,39.53619221411191,0.5946969696969697,48.16176470588236,1007.3529411764719,30.525846702317327,0
38,4,2,1,33,0.058823529411764705,0.029411764705882353,0.9705882352941176,34,800,400,400,0.5,12,4,8,369.13255592422524,0.46915849673202614,0.09235950937113402,0.18778460671917968,125717.17156304239,2604.545086982002,128321.71665002439,37,0,15.323529411764707,31,3,21,40.029104994373746,0.5880376344086021,49.28385416666666,1002.8645833333321,32.350470430107485,7
39,4,5,0,38,0.13157894736842105,0.0,1.0,38,1050,900,150,0.8571428571428571,12,9,3,372.70759566254566,0.47423245614035087,0.16635718292423451,0.1867656294286899,125091.92866025073,1795.3770832206778,126887.30574347141,38,0,14.526315789473685,33,5,18,40.586972722446795,0.5767045454545454,49.90808823529411,1000.3676470588225,30.314171122994622,8
40,4,3,3,38,0.07317073170731707,0.07317073170731707,0.926829268292683,41,900,700,200,0.7777777777777778,11,7,4,351.89816956996214,0.4755589430894309,0.1891413485082698,0.18019369222953524,125987.30223043973,666.9402087898573,126654.2424392296,39,0,14.390243902439025,36,5,18,40.18251074967286,0.5795717592592593,49.01463963963963,1003.94144144144,27.887262262262222,0
41,4,1,3,36,0.02564102564102564,0.07692307692307693,0.9230769230769231,39,950,600,350,0.631578947368421,13,6,7,351.9722416061475,0.47621457489878544,0.17411331183786283,0.18150397542207738,126276.38996056234,1089.1568072702241,127365.54676783257,40,0,14.923076923076923,35,4,14,39.882734530938116,0.5845238095238094,48.72685185185185,1005.092592592592,28.7169312169312,0
42,4,2,5,33,0.05263157894736842,0.13157894736842105,0.868421052631579,38,750,500,250,0.6666666666666666,10,5,5,352.2522257323229,0.47676623992413464,0.14884830576210462,0.18268355286786075,126509.15745027413,1312.626457475972,127821.7839077501,41,0,14.447368421052632,35,3,15,39.63606381346834,0.5869047619047619,48.49537037037036,1006.0185185185167,28.74338624338619,0
43,4,1,4,30,0.029411764705882353,0.11764705882352941,0.8823529411764706,34,1350,900,450,0.6666666666666666,18,9,9,369.68270725281945,0.47662284610814026,0.13234185912496144,0.1908828609044713,126329.2728420569,2540.3495179063325,128869.62235996324,42,0,15.470588235294118,32,2,15,39.383163777945235,0.591796875,48.67424242424242,1005.3030303030301,31.415719696969692,0
44,4,4,1,33,0.11764705882352941,0.029411764705882353,0.9705882352941176,34,1050,700,350,0.6666666666666666,14,7,7,368.08480780154963,0.4741532976827094,0.13080825210505398,0.19243647422285481,126837.51179726564,2537.3922303846653,129374.90402765031,43,0,15.764705882352942,32,2,18,38.89968246009861,0.5970052083333333,48.169191919191924,1007.3232323232328,31.478851010101025,0
45,4,0,0,33,0.0,0.0,1.0,33,1050,700,350,0.6666666666666666,14,7,7,377.32204474872617,0.4728535353535353,0.14224751066856367,0.19675194686728914,126731.21346367722,2963.6961195203908,129694.90958319762,44,1,17.242424242424242,31,2,18,38.776590585801124,0.5984543010752688,48.27473958333333,1006.901041666666,32.480678763440835,0
46,4,1,3,31,0.029411764705882353,0.08823529411764706,0.9117647058823529,34,800,700,100,0.875,9,7,2,366.4367188033604,0.4718137254901961,0.13077297034516278,0.19277757815307228,127092.01388888895,2514.2361111111204,129606.25000000007,45,0,17.705882352941178,32,2,20,38.67940771349861,0.599609375,47.91666666666667,1008.3333333333339,31.510416666666686,0
47,4,1,2,30,0.03125,0.0625,0.9375,32,1150,800,350,0.6956521739130435,15,8,7,387.6286491892082,0.4718792002688172,0.13267075773745973,0.20290952194988177,126888.8021736618,3437.146996762645,130325.94917042444,46,0,19.0625,30,2,21,38.35462246531483,0.6027777777777779,48.11827956989248,1007.5268817204309,33.58422939068103,0
48,4,1,0,31,0.03225806451612903,0.0,1.0,31,1000,700,300,0.7,13,7,6,386.1476437868532,0.47258064516129034,0.09316321617717893,0.20348679206295975,127159.78725864264,3620.4904468724753,130780.27770551511,47,0,18.741935483870968,30,1,22,38.11272876687988,0.6055555555555556,47.8494623655914,1008.6021505376345,33.62007168458782,0
49,4,1,2,30,0.03125,0.0625,0.9375,32,900,600,300,0.6666666666666666,12,6,6,378.5585614175815,0.47076612903225806,0.10867849780984296,0.20208882762883562,127683.52084689685,3267.137993706622,130950.65884060347,48,0,19.125,31,1,18,37.76571759855708,0.6081989247311828,47.33072916666668,1010.6770833333346,32.60248655913983,0
50,4,1,2,29,0.03225806451612903,0.06451612903225806,0.935483870967742,31,1150,800,350,0.6956521739130435,15,8,7,392.65142394686404,0.47029569892473116,0.11734573489096478,0.20953485143055156,127668.66337510123,3825.856493525275,131494.5198686265,49,0,20.516129032258064,30,1,20,37.424912444030696,0.6107638888888889,47.34543010752689,1010.6182795698929,33.6872759856631,0
51,4,1,0,30,0.03333333333333333,0.0,1.0,30,1100,600,500,0.5454545454545454,16,6,10,384.8570304880524,0.46863026819923376,0.07657370517928275,0.20729423745171907,128042.4850416233,3855.6101138859976,131898.0951555093,50,0,20.2,30,0,23,37.23799247454625,0.6145833333333333,46.975806451612904,1012.0967741935483,33.736559139784944,0
52,4,1,0,31,0.03225806451612903,0.0,1.0,31,600,300,300,0.5,9,3,6,373.8094110515134,0.46877240143369175,0.0766698999345059,0.20285807788025645,128342.36145019531,3395.1165093315967,131737.4779595269,51,0,20.516129032258064,31,0,24,37.21033581769896,0.6149193548387097,46.6796875,1013.28125,32.68649193548387,0
53,4,0,1,30,0.0,0.03225806451612903,0.967741935483871,31,900,500,400,0.5555555555555556,13,5,8,373.06346377896955,0.46868279569892474,0.070284785996088,0.2027881286351605,128408.33875868049,3380.891927083323,131789.23068576382,52,1,21.516129032258064,31,0,14,37.161699212058934,0.6155913978494624,46.61458333333333,1013.5416666666661,32.69489247311826,0
54,4,1,1,30,0.03225806451612903,0.03225806451612903,0.967741935483871,31,900,500,400,0.5555555555555556,13,5,8,367.6600997295462,0.4685931899641577,0.041857249889271975,0.20134751631710127,128705.44645521358,3263.971455891902,131969.41791110547,52,0,20.806451612903224,31,0,16,36.994872535181145,0.6186155913978495,46.32161458333332,1014.7135416666652,32.73269489247307,0
55,4,0,0,30,0.0,0.0,1.0,30,800,600,200,0.75,10,6,4,377.094495623899,0.4678879310344828,0.041760522945099465,0.20607763638476212,128621.28434284304,3700.475669152492,132321.76001199553,53,1,22.4,30,0,16,36.841625811580755,0.6204861111111111,46.40456989247311,1014.381720430107,33.8127240143369,0
56,4,0,2,28,0.0,0.06666666666666667,0.9333333333333333,30,700,400,300,0.5714285714285714,10,4,6,376.38007407950386,0.467816091954023,0.03942766295707467,0.20586353617044137,128655.37200832448,3684.6636894438443,132340.03569776833,54,2,23.4,30,0,16,36.82487634693518,0.6208333333333333,46.37096774193547,1014.5161290322567,33.81720430107522,0
57,4,0,0,28,0.0,0.0,1.0,28,750,500,250,0.6666666666666666,10,5,5,397.4945405861342,0.4676201499118166,0.03862085029673268,0.21582209351455003,128362.83535225924,4604.7052533359765,132967.54060559522,55,3,24.821428571428573,28,0,24,36.58933550734912,0.6238839285714286,46.65948275862069,1013.3620689655174,36.19150246305419,0
58,4,0,2,26,0.0,0.07142857142857142,0.9285714285714286,28,950,800,150,0.8421052631578947,11,8,3,399.45128065853214,0.46657297178130513,0.0397618035739582,0.21807630241056297,128581.32524524379,4672.39500759678,133253.72025284058,56,4,25.821428571428573,28,0,21,36.31563724795769,0.6261160714285714,46.44396551724138,1014.2241379310348,36.2222906403941,0
59,4,0,0,26,0.0,0.0,1.0,26,400,300,100,0.75,5,3,2,440.3449707928811,0.46621794871794875,-0.01724382628441723,0.22515752280164322,125927.64060356666,5890.3206447188095,131817.96124828546,57,5,27.96153846153846,26,0,18,38.02467712177122,0.6057692307692308,49.07407407407408,1003.7037037037047,38.60398860398864,8
60,4,2,3,25,0.07142857142857142,0.10714285714285714,0.8928571428571429,28,650,300,350,0.46153846153846156,10,3,7,409.94863972455687,0.46850198412698413,-0.01966452533904328,0.21319155317524285,126621.60467449465,4781.670919209936,131403.27559370457,58,0,26.892857142857142,28,0,19,38.06864144658578,0.6060267857142857,48.383620689655174,1006.4655172413793,35.945197044334975,0
61,4,3,1,27,0.10714285714285714,0.03571428571428571,0.9642857142857143,28,650,500,150,0.7692307692307693,8,5,3,401.0245867082466,0.46715167548500885,-0.0029490725675236362,0.21210818501797624,127309.42000264234,4610.841508125244,131920.26151076757,59,0,25.535714285714285,28,0,22,37.58334519741838,0.6130952380952381,47.701149425287355,1009.1954022988504,36.04269293924465,0
62,4,1,1,27,0.03571428571428571,0.03571428571428571,0.9642857142857143,28,750,600,150,0.8,9,6,3,400.5427102696161,0.46480930335097,-0.0013261386500824646,0.21280534470787094,127490.73368757429,4613.096801096574,132103.83048867088,60,0,26.0,28,0,20,37.408711528429826,0.6149553571428572,47.52155172413793,1009.9137931034481,36.06834975369458,0
63,4,2,1,28,0.06896551724137931,0.034482758620689655,0.9655172413793104,29,1100,800,300,0.7272727272727273,14,8,6,385.97555946498386,0.4655685550082102,0.010778816788479473,0.20916090124350603,128285.19483024687,4102.989969135793,132388.18479938267,61,0,25.482758620689655,29,0,23,36.96074399049445,0.6199712643678161,46.73611111111111,1013.0555555555552,34.93295019157087,0
64,4,1,1,28,0.034482758620689655,0.034482758620689655,0.9655172413793104,29,350,200,150,0.5714285714285714,5,2,3,412.13156709805213,0.4666461412151068,-0.015126937841604793,0.21477654420516035,126707.17833719145,4644.0055941358205,131351.18393132728,62,0,26.344827586206897,29,0,18,37.925202326757734,0.6038074712643677,48.29861111111112,1006.8055555555563,34.7174329501916,8
65,4,0,1,27,0.0,0.03571428571428571,0.9642857142857143,28,900,600,300,0.6666666666666666,12,6,6,420.66059930361075,0.46709656084656087,-0.010052607968680016,0.21895602962266686,126657.75903355794,5055.98576430176,131713.7447978597,63,1,28.214285714285715,28,0,18,37.761680464363884,0.6063988095238095,48.34770114942529,1006.609195402299,35.950328407224966,0
66,4,4,3,28,0.12903225806451613,0.0967741935483871,0.9032258064516129,31,850,500,350,0.5882352941176471,12,5,7,393.5295954342904,0.46698028673835124,0.003982989316461127,0.21233120086756482,128111.57438490137,3883.1392076280563,131994.7135925294,64,0,25.258064516129032,31,0,16,36.94761521972134,0.6125672043010753,46.90755208333334,1012.3697916666675,32.65709005376347,0
67,4,2,0,30,0.06666666666666667,0.0,1.0,30,1050,1000,50,0.9523809523809523,11,10,1,421.8486499318221,0.4671216475095785,0.031151445857748206,0.21783579362162073,126332.55559271378,4773.126907338565,131105.68250005235,65,0,26.833333333333332,28,2,19,38.06869610785575,0.6030505952380952,48.67097701149426,1005.3160919540236,35.90414614121513,7
68,4,0,0,30,0.0,0.0,1.0,30,850,500,350,0.5882352941176471,12,5,7,418.527745898038,0.4660919540229885,0.02747786346758052,0.21707639087244918,126513.17256242575,4589.85458779232,131103.02715021808,66,1,27.833333333333332,28,2,19,37.965045701228235,0.6049107142857143,48.49137931034483,1006.0344827586213,35.929802955665046,0
69,4,1,2,29,0.03225806451612903,0.06451612903225806,0.935483870967742,31,1150,600,550,0.5217391304347826,17,6,11,405.89657058452576,0.4675179211469534,0.025178075706385084,0.21229551964626814,126854.94936192047,4097.997781535443,130952.94714345591,67,0,27.903225806451612,30,1,20,37.92945296864578,0.6024305555555556,48.15188172043011,1007.3924731182798,33.57974910394266,0
70,4,0,0,29,0.0,0.0,1.0,29,800,500,300,0.625,11,5,6,416.05130276929697,0.4677750410509031,0.002814115841209386,0.21713355034326157,126766.25307586874,4748.2529478795195,131514.50602374825,68,1,28.275862068965516,28,1,20,37.765432539116375,0.6075148809523809,48.23994252873564,1007.040229885058,35.96572249589493,0
71,4,3,1,31,0.09375,0.03125,0.96875,32,1100,900,200,0.8181818181818182,13,9,4,379.9397050098077,0.46870799731182794,-0.007320508692853167,0.203324039241982,127782.2388543024,3309.9092271592963,131092.1480814617,69,0,26.53125,31,1,22,37.62945374543892,0.6092069892473118,47.23307291666667,1011.0677083333342,32.61508736559143,0
72,4,0,0,31,0.0,0.0,1.0,31,1000,800,200,0.8,12,8,4,391.63747369513936,0.4681899641577061,-0.005248420971386558,0.20970026438494904,127804.53529671069,3810.609066077015,131615.14436278772,70,1,28.06451612903226,30,1,23,37.31085781381542,0.6121527777777778,47.21102150537635,1011.1559139784953,33.70519713261651,0
73,4,2,3,30,0.06060606060606061,0.09090909090909091,0.9090909090909091,33,500,200,300,0.4,8,2,6,372.90726850641545,0.4685527146464647,0.0026951125605831905,0.202825172870563,128432.33471074408,2978.6702249770756,131411.00493572117,71,0,27.303030303030305,32,1,13,37.14109990034876,0.61328125,46.59090909090911,1013.6363636363659,31.676136363636434,0
74,4,0,1,29,0.0,0.03333333333333333,0.9666666666666667,30,1050,600,450,0.5714285714285714,15,6,9,395.77300208301574,0.46618773946360154,-0.009190672153635226,0.2137174211248285,128144.53124999999,4143.229166666664,132287.76041666666,72,1,28.8,29,1,24,36.85699588477367,0.6185344827586207,46.875,1012.4999999999999,34.91379310344827,0
75,4,1,1,29,0.03333333333333333,0.03333333333333333,0.9666666666666667,30,500,300,200,0.6,7,3,4,393.05560579532585,0.46544540229885056,-0.011857436600411386,0.21318517801315243,128320.37278163576,4087.4083719135733,132407.78115354932,73,0,29.4,29,1,25,36.74534498514965,0.6203304597701149,46.701388888888886,1013.1944444444441,34.937739463601524,0
76,4,1,1,29,0.03333333333333333,0.03333333333333333,0.9666666666666667,30,600,400,200,0.6666666666666666,8,4,4,386.70048861501743,0.4637691570881226,-0.018143228810078016,0.21122465731903284,128601.97000385784,3946.088927469115,132548.05893132696,74,0,29.333333333333332,29,1,18,36.61779976265462,0.6232040229885057,46.4236111111111,1014.3055555555541,34.97605363984669,0
77,4,0,0,29,0.0,0.0,1.0,29,1100,800,300,0.7272727272727273,14,8,6,397.68344979715255,0.46254105090311987,-0.012520525451559905,0.21651654488956065,128472.0570749107,4418.242172017421,132890.29924692813,75,1,31.310344827586206,28,1,18,36.47250566893422,0.625,46.551724137931025,1013.7931034482748,36.2068965517241,0
78,4,1,1,29,0.03333333333333333,0.03333333333333333,0.9666666666666667,30,1050,700,350,0.6666666666666666,14,7,7,382.9974529249104,0.4608716475095786,-0.023594583504308098,0.21069182681219098,128883.87586805546,3872.439236111103,132756.31510416657,76,0,31.233333333333334,29,1,19,36.423283408562455,0.6260775862068966,46.14583333333333,1015.4166666666658,35.01436781609193,0
79,4,0,1,28,0.0,0.034482758620689655,0.9655172413793104,29,350,200,150,0.5714285714285714,5,2,3,394.4421727079211,0.4588464696223317,-0.02034887978635669,0.2161322781874356,128727.08839096958,4355.078486259715,133082.1668772293,77,1,33.0,28,1,19,36.29330076926706,0.6276041666666667,46.300287356321824,1014.7988505747113,36.242816091953976,0
80,4,1,3,26,0.034482758620689655,0.10344827586206896,0.896551724137931,29,1150,800,350,0.6956521739130435,15,8,7,390.24550006654226,0.4574610016420361,-0.04408839132469966,0.21561063878676476,129055.35737878196,4272.6544953098255,133328.01187409178,78,0,31.482758620689655,28,1,21,36.063878676470594,0.6309523809523809,45.97701149425288,1016.0919540229892,36.2889983579639,0
81,4,0,0,26,0.0,0.0,1.0,26,750,600,150,0.8,9,6,3,429.8196684892139,0.45253205128205126,-0.019279393173198933,0.23447403984480567,128550.50131492439,5850.7067718606095,134401.208086785,79,1,35.07692307692308,25,1,21,35.577328276443296,0.6366666666666667,46.47435897435897,1014.1025641025641,40.56410256410256,0
82,4,1,0,27,0.037037037037037035,0.0,1.0,27,950,700,250,0.7368421052631579,12,7,5,418.3528241076346,0.4525759734093067,-0.027327753026416213,0.2310767612352908,129044.54351470809,5397.229843011731,134441.77335771982,80,0,34.74074074074074,26,1,22,35.360976103685715,0.6378205128205128,45.98765432098765,1016.0493827160491,39.07882241215573,0
83,4,0,0,27,0.0,0.0,1.0,27,950,700,250,0.7368421052631579,12,7,5,417.5272523968237,0.4514482431149098,-0.03058774578434509,0.23130799087787024,129162.16861473097,5385.74507506477,134547.91368979574,81,1,35.74074074074074,26,1,24,35.26137341227672,0.6390224358974359,45.87191358024691,1016.5123456790121,39.096628679962,0
84,4,0,0,27,0.0,0.0,1.0,27,750,600,150,0.8,9,6,3,420.5635782142257,0.4497269705603039,-0.03497536669082213,0.23438509477315195,129397.57956580538,5483.981814891008,134881.5613806964,82,2,36.74074074074074,26,1,24,34.94299509580868,0.641426282051282,45.64043209876542,1017.4382716049372,39.13224121557451,0
85,4,0,0,27,0.0,0.0,1.0,27,950,700,250,0.7368421052631579,12,7,5,418.7199659017485,0.4484211775878442,-0.02882779686903425,0.23405736399050267,129515.36541685708,5446.133878219768,134961.49929507685,83,3,37.74074074074074,26,1,19,34.8693021022842,0.6426282051282051,45.52469135802468,1017.9012345679004,39.15004748338078,0
86,4,0,0,27,0.0,0.0,1.0,27,750,700,50,0.9333333333333333,8,7,1,416.42898177526297,0.4478276353276353,-0.02662580750169785,0.233476198023361,129633.20485158502,5396.604700121917,135029.80955170695,84,4,38.74074074074074,26,1,20,34.80704147092994,0.6438301282051282,45.40895061728394,1018.3641975308634,39.16785375118705,0
87,4,1,2,26,0.03571428571428571,0.07142857142857142,0.9285714285714286,28,850,700,150,0.8235294117647058,10,7,3,402.647950342672,0.44747574955908287,-0.027981574888490623,0.22807843402055122,130034.82187145678,4871.65089994329,134906.47277140006,85,0,38.32142857142857,27,1,21,34.74795739714035,0.6442901234567902,45.01488095238094,1019.940476190475,37.77557319223982,0
88,4,2,0,28,0.07142857142857142,0.0,1.0,28,800,600,200,0.75,10,6,4,400.3753686519721,0.4497905643738977,-0.01923717868599728,0.22767614247224066,130186.64301658154,4824.705038265297,135011.34805484684,86,0,38.67857142857143,27,1,23,34.65113735783028,0.6458333333333333,44.86607142857142,1020.5357142857135,37.79761904761902,0
89,4,0,0,28,0.0,0.0,1.0,28,950,800,150,0.8421052631578947,11,8,3,400.90773164694724,0.4490740740740741,-0.026241828704667736,0.2288709529585151,130338.55273880377,4850.746704931959,135189.29944373574,87,1,39.67857142857143,27,1,25,34.482779558923525,0.6473765432098766,44.7172619047619,1021.1309523809517,37.81966490299821,0
90,4,0,0,28,0.0,0.0,1.0,28,750,500,250,0.6666666666666666,10,5,5,400.43387071359103,0.4489087301587302,-0.023767898767898865,0.229048174048174,130414.54081632648,4844.47987528344,135259.0206916099,88,2,40.67857142857143,27,1,25,34.417492229992234,0.6481481481481481,44.64285714285714,1021.428571428571,37.830687830687815,0
91,4,1,1,28,0.034482758620689655,0.034482758620689655,0.9655172413793104,29,650,300,350,0.46153846153846156,10,3,7,418.49092117527624,0.4498665845648604,0.043321863484393486,0.2297310301556584,128800.0009289535,4980.3262072268235,133780.3271361803,89,0,40.241379310344826,28,1,17,35.608339230950676,0.6283482142857143,46.22844827586206,1015.0862068965506,36.25307881773395,8
92,4,0,0,28,0.0,0.0,1.0,28,600,400,200,0.6666666666666666,8,4,4,429.789905487569,0.44951499118165783,0.06281943862589023,0.2356243694071719,128747.91843820854,5466.91113945577,134214.82957766432,90,1,42.57142857142857,27,1,17,35.37512218963831,0.6311728395061729,46.2797619047619,1014.8809523809517,37.58818342151673,0
93,4,3,5,26,0.0967741935483871,0.16129032258064516,0.8387096774193549,31,800,300,500,0.375,13,3,10,393.18365971320725,0.455241935483871,0.038097165813756106,0.22020087160867244,129589.99083719133,3991.330565791127,133581.32140298246,91,0,39.354838709677416,29,2,14,35.44295343973082,0.6332614942528736,45.451388888888886,1018.1944444444442,35.110153256704976,0
94,4,1,0,27,0.037037037037037035,0.0,1.0,27,1000,800,200,0.8,12,8,4,444.5029624753129,0.4514482431149098,0.07533708824031393,0.22857142857142843,126160.08659122072,5815.706447187906,131975.79303840862,92,0,45.407407407407405,26,1,17,37.67857142857142,0.6081730769230769,48.84259259259258,1004.6296296296285,38.6396011396011,8
95,4,0,0,27,0.0,0.0,1.0,27,1000,700,300,0.7,13,7,6,442.11235051222764,0.45186372269705605,0.07116207116207107,0.22777180589680576,126237.61621703999,5762.241845755204,131999.8580627952,93,1,46.407407407407405,26,1,18,37.65804156429155,0.608974358974359,48.76543209876542,1004.9382716049374,38.65147198480528,0
96,4,3,1,29,0.1,0.03333333333333333,0.9666666666666667,30,700,400,300,0.5714285714285714,10,4,6,403.44049238546995,0.45421455938697314,0.07762494268684095,0.21408849486440631,127442.37075617291,4283.082561728406,131725.45331790132,94,0,42.666666666666664,29,1,16,37.38537368179734,0.6113505747126438,47.56944444444445,1009.7222222222229,34.81800766283527,0
97,4,1,0,30,0.03333333333333333,0.0,1.0,30,950,600,350,0.631578947368421,13,6,7,402.4651598595435,0.45366379310344823,0.081621522526238,0.2141279522793318,127547.57185571012,4266.690779321018,131814.26263503113,95,0,43.63333333333333,29,1,17,37.30163504285255,0.6124281609195402,47.46527777777779,1010.138888888891,34.832375478927275,0
98,4,1,0,31,0.03225806451612903,0.0,1.0,31,800,600,200,0.75,10,6,4,390.9582680992345,0.4539874551971326,0.07627362111031566,0.2093365872534195,127804.53529671078,3793.24795496592,131597.7832516767,96,0,43.193548387096776,30,1,18,37.328027382693065,0.6121527777777778,47.21102150537636,1011.1559139784961,33.70519713261653,0
99,4,2,0,33,0.06060606060606061,0.0,1.0,33,600,300,300,0.5,9,3,6,371.25617957900204,0.4561631944444444,0.0700764655904842,0.20144224754033127,128336.36435376531,2929.1336662075764,131265.49801997287,97,0,41.515151515151516,32,1,20,37.28115264797508,0.6123046875,46.685606060606084,1013.2575757575789,31.66429924242434,0
100,4,1,3,31,0.029411764705882353,0.08823529411764706,0.9117647058823529,34,1050,700,350,0.6666666666666666,14,7,7,359.1469989790572,0.457089275103981,0.06141596943051564,0.1969838043406991,128765.68657487533,2449.1619809688937,131214.84855584422,98,0,41.26470588235294,33,1,17,37.149339933993396,0.6142676767676767,46.2622549019608,1014.9509803921592,30.756090314913916,0
101,4,0,0,31,0.0,0.0,1.0,31,1050,900,150,0.8571428571428571,12,9,3,387.6065893132478,0.45694444444444443,0.07488830458111528,0.21145999395288903,128553.12256113421,3765.6074762978333,132318.73003743205,99,1,44.70967741935484,30,1,18,36.64485310360062,0.6197916666666667,46.471774193548384,1014.1129032258062,33.80376344086021,0
102,4,1,1,31,0.03125,0.03125,0.96875,32,950,700,250,0.7368421052631579,12,7,5,376.37773037830686,0.4566952284946237,0.06646284780100076,0.20715384045309904,128903.70898776574,3303.297085232196,132207.00607299793,100,0,44.28125,31,1,19,36.571061460871064,0.6206317204301075,46.12630208333333,1015.4947916666658,32.757896505376316,0
103,4,0,0,31,0.0,0.0,1.0,31,700,500,200,0.7142857142857143,9,5,4,389.08012806455883,0.4563620071684588,0.07180516983550556,0.21317525158834671,128723.56088854192,3816.755911087977,132540.3167996299,101,1,46.58064516129032,30,1,19,36.43294701986755,0.6215277777777778,46.30376344086021,1014.7849462365583,33.82616487455194,0
104,4,0,1,30,0.0,0.03225806451612903,0.967741935483871,31,1200,1100,100,0.9166666666666666,13,11,2,390.26380372917265,0.4558243727598566,0.07613449972662645,0.21419129693042965,128791.7678344317,3852.5530408139653,132644.32087524567,102,2,47.58064516129032,30,1,19,36.333090572033896,0.6222222222222222,46.236559139784944,1015.05376344086,33.83512544802867,0
105,4,0,1,29,0.0,0.03333333333333333,0.9666666666666667,30,1000,700,300,0.7,13,7,6,402.1821889289646,0.45490900383141764,0.049726323536175565,0.2092329018785504,126637.27092978406,4186.250964506188,130823.52189429026,103,3,49.93333333333333,29,1,21,38.24786693344372,0.6030890804597702,48.368055555555564,1006.5277777777787,34.7078544061303,8
106,4,2,1,30,0.06451612903225806,0.03225806451612903,0.967741935483871,31,900,600,300,0.6666666666666666,12,6,6,388.4956831334632,0.4567204301075269,0.04887090323440724,0.2042120616106594,127058.1339786393,3672.307311538925,130730.44129017822,104,0,49.064516129032256,30,1,23,38.1582455672577,0.6045138888888889,47.95026881720431,1008.198924731184,33.6066308243728,0
107,4,3,3,30,0.09090909090909091,0.09090909090909091,0.9090909090909091,33,550,300,250,0.5454545454545454,8,3,5,366.581799359982,0.45624210858585856,0.06366405722822277,0.19681921210972378,127913.92220391176,2778.1876693586387,130692.1098732704,105,0,46.878787878787875,31,2,18,37.83211588793067,0.6105510752688172,47.10286458333334,1011.5885416666674,32.63188844086024,0
108,4,1,0,31,0.03225806451612903,0.0,1.0,31,1000,700,300,0.7,13,7,6,390.4679183885442,0.45103046594982077,0.09320140166673108,0.2087213371855181,127736.59030306972,3775.408103537985,131511.99840660772,106,0,50.806451612903224,30,1,19,37.41025129637019,0.6114583333333333,47.278225806451616,1010.8870967741935,33.696236559139784,0
109,4,3,2,32,0.08823529411764706,0.058823529411764705,0.9411764705882353,34,700,600,100,0.8571428571428571,8,6,2,397.43055894204593,0.4552881758764112,0.12132637424327464,0.2107849900161852,127420.45932345936,3353.539143541496,130773.99846700086,107,0,47.23529411764706,31,3,19,37.55964663399535,0.605510752688172,47.59114583333334,1009.635416666668,32.568884408602194,8
110,4,1,0,33,0.030303030303030304,0.0,1.0,33,1000,600,400,0.6,14,6,8,395.3008895410593,0.4551767676767677,0.12707063137936103,0.21143448380462698,127761.29548324169,3500.8307506887268,131262.1262339304,108,0,47.27272727272727,32,1,21,37.26270763082304,0.6064453125,47.25378787878789,1010.9848484848499,31.593276515151558,0
111,4,0,0,33,0.0,0.0,1.0,33,1000,500,500,0.5,15,5,10,396.1564897810322,0.4548611111111111,0.12198388378163671,0.21239715415971022,127857.05061983486,3530.2800734619163,131387.33069329677,109,1,48.27272727272727,32,1,21,37.14263420724097,0.607421875,47.15909090909092,1011.3636363636376,31.605113636363676,0
112,4,1,0,34,0.029411764705882353,0.0,1.0,34,1150,1000,150,0.8695652173913043,13,10,3,387.507275130974,0.45647653000594174,0.12128901965826855,0.2094262737104645,128177.49235365122,3134.5878201739492,131312.08017382518,110,0,47.8235294117647,31,3,22,37.03240859800266,0.613239247311828,46.842447916666664,1012.630208333333,32.66549059139784,0
113,4,1,0,35,0.02857142857142857,0.0,1.0,35,1000,500,500,0.5,15,5,10,377.16242165270376,0.45714285714285713,0.11718875073376367,0.20563417571574102,128528.34093778706,2695.2120638200267,131223.55300160707,111,0,47.42857142857143,32,3,19,36.935001867762416,0.6142578125,46.496212121212125,1014.0151515151523,31.68797348484851,0
114,4,1,4,32,0.027777777777777776,0.1111111111111111,0.8888888888888888,36,700,400,300,0.5714285714285714,10,4,6,366.6695925080009,0.45661375661375664,0.12213169717695949,0.20158311704902368,128858.98940611785,2249.7346273068097,131108.72403342466,112,0,47.083333333333336,33,3,20,36.863181452424065,0.6152146464646464,46.1703431372549,1015.3186274509806,30.767231134878198,0
115,4,0,0,32,0.0,0.0,1.0,32,900,500,400,0.5555555555555556,13,5,8,395.3823523689336,0.4534400201612903,0.11533458173140687,0.215333507864178,128484.97884509768,3760.138635969478,132245.11748106717,113,1,49.6875,30,2,20,36.51757700296081,0.6190972222222222,46.538978494623656,1013.8440860215052,33.7948028673835,0
116,4,0,0,32,0.0,0.0,1.0,32,1100,800,300,0.7272727272727273,14,8,6,395.27206061387307,0.45203293010752693,0.11776298357180726,0.21619663141402282,128655.3720083247,3770.7748005549847,132426.14680887968,114,2,50.6875,30,2,20,36.34572072072071,0.6208333333333333,46.37096774193549,1014.5161290322584,33.81720430107528,0
117,4,0,1,31,0.0,0.03125,0.96875,32,1450,1100,350,0.7586206896551724,18,11,7,396.7904479329445,0.45157090053763443,0.12169876886417752,0.21814811089413869,128859.99284599391,3826.082856399602,132686.07570239351,115,3,51.6875,30,2,21,36.097597299444,0.6229166666666667,46.16935483870969,1015.3225806451626,33.84408602150542,0
118,4,1,0,32,0.03125,0.0,1.0,32,700,300,400,0.42857142857142855,11,3,8,396.7232474593992,0.4529779905913978,0.12699732036522415,0.2186752429650389,128962.36423647257,3832.473587987068,132794.83782445962,116,0,52.40625,30,2,22,35.99449737550173,0.6239583333333334,46.06854838709678,1015.7258064516141,33.85752688172047,0
119,4,0,0,32,0.0,0.0,1.0,32,1600,1100,500,0.6875,21,11,10,392.7035743079813,0.45144489247311825,0.1290983606557372,0.21777198211624438,129201.38888888898,3747.569444444449,132948.95833333343,117,1,53.40625,30,2,22,35.85211748633876,0.6263888888888889,45.833333333333336,1016.6666666666674,33.888888888888914,0
120,4,0,0,32,0.0,0.0,1.0,32,1200,900,300,0.75,15,9,6,392.3211623025787,0.45140288978494625,0.10190708021666217,0.20807512260562216,127420.45932345925,3597.9485405816013,131018.40786404084,118,2,54.40625,31,1,16,37.68861232912044,0.605510752688172,47.591145833333336,1009.6354166666671,32.568884408602166,8
121,4,1,0,33,0.030303030303030304,0.0,1.0,33,700,400,300,0.5714285714285714,10,4,6,380.6091846303881,0.4520596590909091,0.09495908371751494,0.2034150288485238,127729.38507550252,3122.995421385574,130852.38049688809,119,0,53.72727272727273,32,1,18,37.66680198184695,0.6061197916666667,47.285353535353536,1010.8585858585859,31.58933080808081,0
122,4,0,1,32,0.0,0.030303030303030304,0.9696969696969697,33,800,600,200,0.75,10,6,4,379.06804733727813,0.4516256313131313,0.08949383949383982,0.20291289592760192,127793.20987654327,3088.464506172851,130881.67438271613,120,1,54.72727272727273,32,1,18,37.64022435897437,0.6067708333333333,47.22222222222223,1011.1111111111117,31.59722222222224,0
123,4,0,0,32,0.0,0.0,1.0,32,1350,900,450,0.6666666666666666,18,9,9,388.68695782215684,0.4477906586021505,0.09671086508753857,0.2085165945001735,127880.9950086805,3541.1349826388846,131422.12999131938,121,2,57.3125,31,1,18,37.30690010298661,0.6102150537634409,47.135416666666664,1011.4583333333329,32.627688172042994,0
124,4,0,0,32,0.0,0.0,1.0,32,1450,1100,350,0.7586206896551724,18,11,7,393.9409536390736,0.44705561155913975,0.10868185032789013,0.21290332150459162,128177.49235365119,3698.8727145724774,131876.36506822368,122,3,58.3125,31,1,18,36.8695351678025,0.613239247311828,46.842447916666664,1012.6302083333328,32.665490591397834,0
125,4,2,0,34,0.058823529411764705,0.0,1.0,34,1200,900,300,0.75,15,9,6,373.59645306377223,0.45005199049316696,0.12409706946711108,0.20619937389471865,129014.56921616696,2839.87709054211,131854.44630670905,123,0,55.8235294117647,33,1,17,36.52844792923201,0.6167929292929293,46.017156862745104,1015.9313725490205,30.785799168152135,0
126,4,1,2,33,0.02857142857142857,0.05714285714285714,0.9428571428571428,35,950,700,250,0.7368421052631579,12,7,5,362.9998611188078,0.449124649859944,0.08857379179959857,0.1899856415985449,126882.03124999999,2211.6319444444443,129093.66319444442,124,0,55.2,34,1,16,38.98194099807002,0.5928308823529411,48.125,1007.4999999999999,29.632352941176467,8
127,4,1,1,33,0.029411764705882353,0.029411764705882353,0.9705882352941176,34,1000,700,300,0.7,13,7,6,375.03737155096053,0.4480466428995841,0.0534186617149679,0.1968391411631374,126996.54571280998,2725.86375114785,129722.40946395783,125,0,57.1764705882353,32,2,17,38.560848052110735,0.5986328125,48.01136363636364,1007.954545454546,31.49857954545456,8
128,4,4,2,35,0.10810810810810811,0.05405405405405406,0.9459459459459459,37,1250,1000,250,0.8,15,10,5,347.7876600890291,0.45210835835835833,0.08240693523712395,0.18739390557477265,128056.65569540898,1507.3049286265473,129563.96062403552,126,0,53.37837837837838,35,2,18,38.161449399656945,0.6026785714285714,46.96180555555556,1012.1527777777779,28.918650793650798,0
129,4,0,0,35,0.0,0.0,1.0,35,1350,1100,250,0.8148148148148148,16,11,5,352.3955313820191,0.4477941176470588,0.06329939173975863,0.18986481671799293,128054.14540816341,2025.141723356026,130079.28713151944,127,1,54.2,34,1,18,38.047420214851414,0.6047794117647058,46.96428571428572,1012.1428571428584,29.768907563025245,0
130,4,1,0,36,0.027777777777777776,0.0,1.0,36,750,300,450,0.4,12,3,9,344.70496091070413,0.4479001322751323,0.07107507233135424,0.18723552343263825,128379.01341735263,1650.57656035667,130029.5899777093,128,0,53.666666666666664,35,1,16,37.91019491396377,0.605952380952381,46.643518518518526,1013.4259259259268,28.95502645502648,0
131,4,0,1,35,0.0,0.027777777777777776,0.9722222222222222,36,1050,500,550,0.47619047619047616,16,5,11,345.4095264861872,0.44758597883597884,0.07384050526956609,0.18830945000283053,128525.67361379034,1678.7984128515154,130204.47202664184,129,1,54.666666666666664,35,1,16,37.74267111821329,0.6074404761904761,46.498842592592595,1014.00462962963,28.97156084656086,0
132,4,0,0,35,0.0,0.0,1.0,35,900,700,200,0.7777777777777778,11,7,4,358.7119526357641,0.44821428571428573,0.07060165383518724,0.19546703138827914,128506.39349489799,2219.355867346946,130725.74936224494,130,2,56.22857142857143,34,1,16,37.425149700598816,0.609375,46.517857142857146,1013.9285714285717,29.82142857142858,0
133,4,1,0,36,0.027777777777777776,0.0,1.0,36,1300,700,600,0.5384615384615384,19,7,12,347.7237298380684,0.4481150793650794,0.07284541723666216,0.1911173282042314,128848.62075617275,1760.744598765421,130609.36535493817,131,0,55.638888888888886,35,1,17,37.35465116279069,0.6107142857142858,46.18055555555555,1015.277777777777,29.00793650793649,0
134,4,0,1,35,0.0,0.027777777777777776,0.9722222222222222,36,1200,900,300,0.75,15,9,6,347.7594074781147,0.44796626984126986,0.07739112275505944,0.1921321484109737,129054.34355977808,1775.972409765104,130830.31596954318,132,1,56.638888888888886,35,1,17,37.144155560618145,0.612797619047619,45.97800925925927,1016.087962962964,29.031084656084683,0
135,4,1,0,36,0.027777777777777776,0.0,1.0,36,1350,1000,350,0.7407407407407407,17,10,7,347.1648774939016,0.44748677248677243,0.1036123114244556,0.19396238454138334,129495.73072059343,1791.273898319629,131287.00461891305,133,0,57.05555555555556,35,1,16,36.710162231824725,0.6172619047619048,45.54398148148149,1017.8240740740754,29.080687830687868,0
136,4,0,0,36,0.0,0.0,1.0,36,1250,1000,250,0.8,15,10,5,346.04287201064733,0.446577380952381,0.09452778724855149,0.1940619012633324,129643.02722318671,1772.409095293213,131415.43631847991,134,1,58.05555555555556,35,1,16,36.58903000340949,0.61875,45.39930555555556,1018.4027777777776,29.097222222222218,0
137,4,0,0,36,0.0,0.0,1.0,36,1000,600,400,0.6,14,6,8,349.70061314082,0.4459325396825397,0.09794790246857499,0.19685193082428237,129790.40745027427,1877.5570130315436,131667.9644633058,135,2,59.05555555555556,35,1,16,36.34616840829926,0.6202380952380953,45.254629629629626,1018.9814814814808,29.113756613756596,0
138,4,0,2,34,0.0,0.05555555555555555,0.9444444444444444,36,1250,900,350,0.72,16,9,7,349.77115080384124,0.4455522486772487,0.08728762250728472,0.1976352833502909,129937.87140185598,1889.703762645731,131827.5751645017,136,3,60.05555555555556,35,1,17,36.19463522155372,0.6217261904761905,45.109953703703695,1019.560185185184,29.13029100529097,0
139,4,0,0,34,0.0,0.0,1.0,34,1200,1000,200,0.8333333333333334,14,10,4,364.857422875516,0.44422162804515747,0.09570854328256795,0.20491181749603296,129700.23548635133,2664.418733179534,132364.65421953087,137,4,63.55882352941177,33,1,18,36.051792589027905,0.6237373737373737,45.343137254901954,1018.6274509803916,30.867498514557322,0
140,4,1,1,34,0.02857142857142857,0.02857142857142857,0.9714285714285714,35,1200,800,400,0.6666666666666666,16,8,8,356.70344000133315,0.44474789915966384,0.09693675065450491,0.2019747766352558,130019.64462868469,2275.690901360529,132295.3355300452,138,0,62.714285714285715,34,1,19,35.934885802108866,0.6246936274509804,45.0297619047619,1019.8809523809515,29.99649859943975,0
141,4,0,0,34,0.0,0.0,1.0,34,1000,500,500,0.5,15,5,10,365.2754335658574,0.44279188948306597,0.09772113603913124,0.20679062300238524,130012.5027032871,2698.0746587850717,132710.57736207216,139,1,64.6470588235294,33,1,19,35.723584074341105,0.6268939393939394,45.03676470588235,1019.8529411764698,30.904634581105146,0
142,4,0,1,33,0.0,0.029411764705882353,0.9705882352941176,34,900,500,400,0.5555555555555556,13,5,8,366.36288062438337,0.44251336898395727,0.10022898982974193,0.20757237953960103,130043.7500750911,2728.6405769415337,132772.39065203263,140,2,65.6470588235294,33,1,19,35.66409848211782,0.627209595959596,45.00612745098038,1019.9754901960767,30.908348187759902,0
143,4,0,0,33,0.0,0.0,1.0,33,1300,1000,300,0.7692307692307693,16,10,6,377.1694543223844,0.4410905934343434,0.10377708978328215,0.21313109472730932,129940.55333958255,3201.921519487791,133142.47485907035,141,3,68.21212121212122,32,1,19,35.49355005159961,0.6285807291666667,45.107323232323225,1019.5707070707058,31.861584595959556,0
144,4,0,0,33,0.0,0.0,1.0,33,1200,1000,200,0.8333333333333334,14,10,4,374.4579714522819,0.4410511363636364,0.09377706297166921,0.21300096996824727,130198.14822785936,3150.746894449544,133348.8951223089,142,4,69.21212121212122,32,1,20,35.30068250237123,0.6311848958333333,44.85479797979798,1020.5808080808077,31.893150252525242,0
145,4,0,0,33,0.0,0.0,1.0,33,900,600,300,0.6666666666666666,12,6,6,371.9944276127856,0.4398279671717172,0.08455927803189511,0.21265462367207233,130391.51178770023,3100.9831586062664,133492.4949463065,143,5,70.21212121212122,32,1,21,35.16709935303087,0.6331380208333333,44.66540404040404,1021.3383838383838,31.916824494949495,0
146,4,0,0,33,0.0,0.0,1.0,33,1100,700,400,0.6363636363636364,15,7,8,372.6533835292978,0.4389993686868687,0.08005930318754628,0.21391889973660563,130552.75769054191,3130.185376492209,133682.94306703412,144,6,71.21212121212122,32,1,18,34.98656412157152,0.634765625,44.507575757575765,1021.9696969696979,31.93655303030306,0
147,4,0,0,33,0.0,0.0,1.0,33,850,500,350,0.5882352941176471,12,5,7,358.8307958486659,0.43892045454545453,0.02260576673109349,0.1975411424374274,128912.72454660214,2748.5637626262337,131661.28830922837,145,7,72.21212121212122,32,1,20,37.007335571304246,0.6181640625,46.11742424242423,1015.530303030301,31.735321969696905,8
148,4,1,0,34,0.029411764705882353,0.0,1.0,34,1250,1000,250,0.8,15,10,5,348.8200572606338,0.4400995246583482,0.026719061275422007,0.19486060163395477,129490.37606175386,2234.0909090909054,131724.46697084478,146,0,71.05882352941177,32,2,15,36.6734896414837,0.6240234375,45.54924242424242,1017.80303030303,31.80634469696969,0
149,4,1,0,35,0.02857142857142857,0.0,1.0,35,800,500,300,0.625,11,5,6,338.4679382755384,0.43935574229691876,0.026455026455027175,0.19069778961377853,129825.09731833881,1788.3266051518322,131613.42392349066,147,0,70.0,33,2,17,36.597122013788685,0.625,45.2205882352941,1019.1176470588211,30.8823529411764,0
150,4,0,0,35,0.0,0.0,1.0,35,1050,600,450,0.5714285714285714,15,6,9,339.23627120627407,0.43806022408963585,0.030514642771312328,0.19204926863800076,130012.5027032872,1820.9913254517537,131833.49402873896,148,1,71.0,33,2,18,36.38748698229594,0.6268939393939394,45.036764705882355,1019.8529411764706,30.90463458110517,0
151,4,0,0,35,0.0,0.0,1.0,35,1150,700,450,0.6086956521739131,16,7,9,338.4099658219802,0.4375700280112045,0.0299993135168537,0.19188859369905742,130075.00120146095,1803.7353421760877,131878.73654363703,149,2,72.0,33,2,18,36.34520663142721,0.6275252525252526,44.97549019607843,1020.0980392156861,30.91206179441473,0
152,4,0,0,35,0.0,0.0,1.0,35,1150,1000,150,0.8695652173913043,13,10,3,340.37054185990945,0.4367296918767507,0.037734037445991575,0.1942443393682715,130325.14537677809,1871.7680699730795,132196.91344675116,150,3,73.0,33,2,19,36.04176668266923,0.630050505050505,44.73039215686274,1021.0784313725484,30.94177064765298,0
153,4,1,0,36,0.027777777777777776,0.0,1.0,36,1100,900,200,0.8181818181818182,13,9,4,330.6545406963268,0.43763227513227515,0.03461468803767098,0.19047564386591218,130688.28124999999,1442.5347222222224,132130.81597222222,151,0,71.94444444444444,34,2,17,35.92264330345016,0.6314338235294117,44.375,1022.4999999999999,30.073529411764703,0
154,4,0,0,36,0.0,0.0,1.0,36,1000,800,200,0.8,12,8,4,330.62667347407086,0.4367559523809524,0.03503090011118859,0.19121168451118198,130840.48327664395,1451.8707482993157,132292.35402494326,152,1,72.94444444444444,34,2,19,35.76962609572569,0.6329656862745099,44.226190476190474,1023.0952380952378,30.09103641456582,0
155,4,0,1,35,0.0,0.027777777777777776,0.9722222222222222,36,1200,1000,200,0.8333333333333334,14,10,4,366.3629963176841,0.4370039682539682,0.08096955289630259,0.19953397422884817,128485.9808276866,2223.7173453940563,130709.69817308066,153,2,73.94444444444444,33,3,17,37.25208005963173,0.6114267676767677,46.53799019607844,1013.8480392156873,30.722667855020827,7
156,4,0,0,35,0.0,0.0,1.0,35,1100,700,400,0.6363636363636364,15,7,8,366.96652188657623,0.43574929971988796,0.08025682182985605,0.20048725423466604,128610.25694744804,2439.131734188771,131049.38868163682,154,3,74.11428571428571,33,2,19,37.109736820909355,0.6126893939393939,46.41544117647059,1014.3382352941172,30.737522281639915,0
157,4,0,0,35,0.0,0.0,1.0,35,1250,900,350,0.72,16,9,7,367.40538576463814,0.43522408963585435,0.07838252799006407,0.20135565847233408,128734.59314025845,2459.5565707900732,131194.14971104852,155,4,75.11428571428571,33,2,20,36.971556374028914,0.6139520202020202,46.29289215686274,1014.8284313725482,30.752376708259035,0
158,4,3,4,34,0.07894736842105263,0.10526315789473684,0.8947368421052632,38,1450,1100,350,0.7586206896551724,18,11,7,340.6251542163769,0.4383890469416785,0.06842942869279578,0.19073707712549134,129584.09857521002,1228.7654894833565,130812.86406469338,156,0,70.10526315789474,35,3,17,36.78680705543555,0.6181547619047619,45.457175925925924,1018.1712962962961,29.090608465608458,0
159,4,0,1,33,0.0,0.029411764705882353,0.9705882352941176,34,650,500,150,0.7692307692307693,8,5,3,366.96827702779717,0.4327465834818776,0.07624392205608221,0.2023481692041555,128976.84427928276,2666.082064330181,131642.92634361293,157,6,77.38235294117646,32,2,20,36.735291071058626,0.6188151041666667,46.054292929292934,1015.7828282828285,31.74321338383839,0
160,4,1,0,34,0.029411764705882353,0.0,1.0,34,800,400,400,0.5,12,4,8,365.5430637881249,0.43660873440285203,0.07178867075335948,0.20254557512444557,129169.29913082854,2643.388270329573,131812.68740115812,158,0,76.02941176470588,32,2,21,36.575166645965325,0.6207682291666667,45.864898989899,1016.5404040404045,31.76688762626264,0
161,4,0,0,34,0.0,0.0,1.0,34,800,400,400,0.5,12,4,8,368.30172452656143,0.4369615270350564,0.07537517800416249,0.2047391574231506,129297.68207644633,2724.1118572084547,132021.7939336548,159,1,77.02941176470588,32,2,22,36.374146492861584,0.6220703125,45.73863636363637,1017.045454545455,31.782670454545467,0
162,4,0,1,33,0.0,0.029411764705882353,0.9705882352941176,34,800,500,300,0.625,11,5,6,367.9928855337151,0.4367572786690434,0.07866497306294051,0.20506823455260562,129394.01113406805,2723.2151056014773,132117.22623966952,160,2,78.02941176470588,32,2,22,36.28381732439811,0.623046875,45.6439393939394,1017.4242424242432,31.7945075757576,0
163,4,0,0,33,0.0,0.0,1.0,33,1350,1000,350,0.7407407407407407,17,10,7,370.09876075006616,0.4354876893939394,0.06668527651127465,0.20662085100160843,129466.28146701396,2983.062065972232,132449.34353298618,159,3,76.54545454545455,31,2,18,36.15660184237461,0.6263440860215054,45.57291666666667,1017.7083333333339,32.82930107526884,0
164,4,0,0,33,0.0,0.0,1.0,33,850,500,350,0.5882352941176471,12,5,7,370.4606851080252,0.4354876893939394,0.07009222661396586,0.20752167317655876,129598.82948133694,3002.254231770851,132601.0837131078,160,4,77.54545454545455,31,2,19,36.01236146632566,0.6276881720430108,45.44270833333334,1018.2291666666678,32.84610215053767,0
165,4,1,1,33,0.029411764705882353,0.029411764705882353,0.9705882352941176,34,1000,600,400,0.6,14,6,8,363.5089605655634,0.43601455733808675,0.06988025522244601,0.20558111803413803,129972.73875114786,2649.251033057855,132621.9897842057,161,0,76.23529411764706,32,2,20,35.80903293709757,0.62890625,45.07575757575758,1019.6969696969697,31.865530303030305,0
166,4,0,0,33,0.0,0.0,1.0,33,900,600,300,0.6666666666666666,12,6,6,374.0069125440713,0.4328440656565657,0.07912543937071237,0.21093127603710318,129864.12896050356,3114.016384548621,132978.14534505218,162,1,79.39393939393939,31,2,21,35.651933231136084,0.6303763440860215,45.18229166666667,1019.270833333334,32.87970430107529,0
167,4,1,0,34,0.029411764705882353,0.0,1.0,34,800,600,200,0.75,10,6,4,363.8292138101168,0.4346590909090909,0.0710729726188919,0.20678394557056,130165.93491735541,2671.633953168051,132837.56887052345,163,0,78.02941176470588,32,2,22,35.60458426132145,0.630859375,44.88636363636364,1020.4545454545457,31.889204545454554,0
168,4,0,2,32,0.0,0.058823529411764705,0.9411764705882353,34,1300,900,400,0.6923076923076923,17,9,8,371.00080681943984,0.43408348187759954,0.026278981809878088,0.19742799552050627,127555.82475790555,2664.6627799404023,130220.48753784595,164,1,79.02941176470588,33,1,17,38.08774616846618,0.6019570707070707,47.45710784313725,1010.1715686274504,30.611259655377285,8
169,4,3,0,35,0.08571428571428572,0.0,1.0,35,850,600,250,0.7058823529411765,11,6,5,363.9873460544794,0.4374299719887955,0.08004028873594105,0.19729505190596294,128295.24518140574,2339.569160997715,130634.81434240346,165,0,77.57142857142857,34,1,20,37.50734430082255,0.6072303921568627,46.72619047619047,1013.0952380952369,29.79691876750697,0
170,4,1,1,35,0.027777777777777776,0.027777777777777776,0.9722222222222222,36,1000,600,400,0.6,14,6,8,357.72050311226326,0.43999669312169315,0.07393287517113323,0.18383918269662847,126136.14843149272,1892.0587751031785,128028.20720659591,166,0,76.38888888888889,33,3,19,39.88285856614208,0.5874368686868687,48.86642156862745,1004.5343137254904,30.440433749257284,8
171,4,4,1,38,0.10256410256410256,0.02564102564102564,0.9743589743589743,39,750,500,250,0.6666666666666666,10,5,5,341.10375330821563,0.44559716599190285,0.08895672081107597,0.1766767210105171,126457.07242853551,897.0190550878614,127354.09148362337,167,0,71.38461538461539,37,2,17,39.96999800138086,0.5824887387387387,48.54714912280701,1005.8114035087704,27.184091986723523,8
172,4,2,4,36,0.05,0.1,0.9,40,1250,1100,150,0.88,14,11,3,331.1825086646059,0.4509214743589744,0.11539317507418412,0.1739998970912705,127038.15563591196,414.56301592518395,127452.71865183715,168,0,69.45,38,2,19,39.623295534831136,0.5866228070175439,47.970085470085465,1008.1196581196573,26.529464687359404,0
173,4,2,0,38,0.05263157894736842,0.0,1.0,38,1250,900,350,0.72,16,9,7,337.5768032993853,0.4528953295400664,0.1364316755190722,0.17862073572637385,127325.5315500686,996.4405980876745,128321.97214815627,169,0,71.28947368421052,35,3,17,39.167622324159005,0.5952380952380952,47.68518518518518,1009.2592592592594,28.83597883597884,0
174,4,0,1,37,0.0,0.02631578947368421,0.9736842105263158,38,950,700,250,0.7368421052631579,12,7,5,336.0174206778828,0.45265825035561874,0.13697118110426199,0.17856808847961067,127500.81045310372,968.4986925583183,128469.30914566205,170,1,72.28947368421052,35,3,17,39.02752311100925,0.5970238095238095,47.51157407407408,1009.953703703705,28.85582010582014,0
175,4,2,3,36,0.05128205128205128,0.07692307692307693,0.9230769230769231,39,1100,700,400,0.6363636363636364,15,7,8,331.8503689057545,0.4529071075123707,0.13635093123413466,0.17907171767483437,128116.02776763281,703.0702154857913,128819.0979831186,171,0,68.64102564102564,36,3,21,38.504124953652195,0.6012731481481481,46.90315315315317,1012.3873873873899,28.121871871871942,0
176,4,1,1,36,0.02702702702702703,0.02702702702702703,0.972972972972973,37,600,300,300,0.5,9,3,6,343.4701760416943,0.45264014014014015,0.14967006503388336,0.18575338764060356,128204.80619331065,1406.9054705215415,129611.71166383219,172,0,71.32432432432432,34,3,22,38.11934289408723,0.6063112745098039,46.81547619047619,1012.7380952380952,29.78641456582633,0
177,4,0,0,36,0.0,0.0,1.0,36,1350,900,450,0.6666666666666666,18,9,9,350.72566851259126,0.45054563492063493,0.1512345679012348,0.1893918609967995,128144.5312500002,1788.7152777778085,129933.24652777801,173,1,74.16666666666667,33,3,22,37.99725651577506,0.6079545454545454,46.875000000000014,1012.5000000000016,30.68181818181823,0
178,4,1,2,35,0.02702702702702703,0.05405405405405406,0.9459459459459459,37,1300,1000,300,0.7692307692307693,16,10,6,340.7953798761911,0.4523586086086086,0.14969888883953208,0.18584475325130592,128536.5717120183,1360.9339569161198,129897.50566893442,174,0,73.13513513513513,34,3,17,37.84852664944824,0.6096813725490196,46.48809523809525,1014.0476190476203,29.824929971988833,0
179,4,1,1,35,0.027777777777777776,0.027777777777777776,0.9722222222222222,36,750,500,250,0.6666666666666666,10,5,5,348.79730992991216,0.45152116402116405,0.1534677733456895,0.18996709315669286,128485.9808276866,1763.1128952806785,130249.09372296727,175,0,76.0,33,3,18,37.69730347717474,0.6114267676767677,46.53799019607844,1013.8480392156873,30.722667855020827,0
180,4,0,0,35,0.0,0.0,1.0,35,900,500,400,0.5555555555555556,13,5,8,359.52088897813053,0.44814425770308125,0.1636020509898879,0.194918622510846,128304.38220589742,2225.6211100908204,130530.00331598824,176,4,79.17142857142858,32,3,22,37.611124958457985,0.6119791666666667,46.71717171717172,1013.1313131313136,31.66035353535355,0
181,4,1,0,36,0.027777777777777776,0.0,1.0,36,1400,800,600,0.5714285714285714,20,8,12,354.2312651868636,0.44915674603174605,0.1845774345774347,0.19520403762425032,128952.32602845058,1935.7891195693956,130888.11514801998,177,0,77.94444444444444,33,3,19,37.083735521235525,0.6161616161616161,46.07843137254902,1015.6862745098038,30.778371954842537,0
182,4,1,0,37,0.02702702702702703,0.0,1.0,37,1250,1000,250,0.8,15,10,5,346.37506556360046,0.4503878878878879,0.18057102655801072,0.1923842231624336,129263.69214965405,1554.984260861209,130818.67641051525,178,0,76.8108108108108,33,4,20,36.96623684421947,0.6193181818181819,45.77205882352941,1016.9117647058829,30.81550802139039,0
183,4,0,0,37,0.0,0.0,1.0,37,1250,1100,150,0.88,14,11,3,347.35032134294363,0.45007507507507505,0.1797178457821753,0.1933839716611519,129357.17520004325,1586.4512747500949,130943.62647479335,179,1,77.8108108108108,33,4,20,36.84633879452276,0.6202651515151515,45.68014705882353,1017.2794117647059,30.82664884135472,0
184,4,0,0,37,0.0,0.0,1.0,37,1100,800,300,0.7272727272727273,14,8,6,348.9032840685917,0.44960585585585583,0.18307035359058443,0.19471054239956895,129450.6920415225,1633.1543156478238,131083.84635717032,180,2,78.8108108108108,33,4,17,36.71172527296081,0.6212121212121212,45.588235294117645,1017.6470588235295,30.837789661319075,0
185,4,0,2,35,0.0,0.05405405405405406,0.9459459459459459,37,1000,700,300,0.7,13,7,6,352.7329229423614,0.44894894894894893,0.17959475721208595,0.19778748918023098,129637.82709775088,1745.5059352172273,131383.3330329681,181,3,79.8108108108108,33,4,18,36.423987164059376,0.6231060606060606,45.404411764705884,1018.3823529411766,30.860071301247775,0
186,4,2,1,36,0.05405405405405406,0.02702702702702703,0.972972972972973,37,1350,1100,250,0.8148148148148148,16,11,5,352.9936590831654,0.44691566566566565,0.1865212573400623,0.1990405601759109,129856.32216274984,1767.691663062278,131624.01382581212,182,0,80.29729729729729,33,4,20,36.195317822932964,0.6253156565656566,45.189950980392155,1019.2401960784309,30.88606654783124,0
187,4,0,0,36,0.0,0.0,1.0,36,1200,800,400,0.6666666666666666,16,8,8,351.6776518369985,0.4455522486772487,0.16630955718424256,0.19925208279369194,130043.75007509108,1946.6961324970896,131990.44620758816,183,1,79.44444444444444,33,3,20,36.03856281789419,0.627209595959596,45.00612745098038,1019.9754901960766,30.9083481877599,0
188,4,1,1,36,0.02702702702702703,0.02702702702702703,0.972972972972973,37,1050,700,350,0.6666666666666666,14,7,7,344.33224118538806,0.44635260260260257,0.15768915768915748,0.1969580419580419,130414.54081632648,1581.1862244897886,131995.72704081627,184,0,78.27027027027027,34,3,21,35.85008741258741,0.6286764705882353,44.64285714285714,1021.428571428571,30.042016806722675,0
189,4,0,0,36,0.0,0.0,1.0,36,1200,800,400,0.6666666666666666,16,8,8,354.580967871471,0.4460648148148148,0.1536441671998292,0.2030073453417983,130450.30757401003,2051.0392637447176,132501.34683775474,185,1,78.08333333333333,33,3,21,35.55212332053742,0.6313131313131313,44.6078431372549,1021.5686274509808,30.956625074272146,0
190,4,0,0,36,0.0,0.0,1.0,36,1050,600,450,0.5714285714285714,15,6,9,357.12598689996247,0.4455522486772487,0.16014365288771626,0.2047948059678052,130512.91120001925,2121.91044309881,132634.82164311808,186,2,79.08333333333333,33,3,17,35.42366274886064,0.6319444444444444,44.54656862745098,1021.8137254901964,30.96405228758171,0
191,4,0,2,34,0.0,0.05555555555555555,0.9444444444444444,36,850,700,150,0.8235294117647058,10,7,3,396.5986095166168,0.44414682539682543,0.20454804920512615,0.2159382359228236,128474.33302137583,3028.799880811312,131503.13290218715,187,3,80.08333333333333,31,5,16,36.497666752290435,0.616263440860215,46.549479166666664,1013.802083333333,32.70329301075268,8
192,4,3,0,37,0.08108108108108109,0.0,1.0,37,750,500,250,0.6666666666666666,10,5,5,377.56391880044237,0.44578953953953954,0.20440838668686756,0.20921126963591638,129170.2428903546,2354.004619617446,131524.24750997205,188,0,76.13513513513513,33,4,19,36.268711070926265,0.6183712121212122,45.86397058823529,1016.5441176470582,30.804367201426007,0
193,4,0,0,37,0.0,0.0,1.0,37,750,500,250,0.6666666666666666,10,5,5,377.56391880044237,0.44578953953953954,0.20440838668686756,0.20921126963591638,129170.2428903546,2354.004619617446,131524.24750997205,189,1,77.13513513513513,33,4,19,36.268711070926265,0.6183712121212122,45.86397058823529,1016.5441176470582,30.804367201426007,0
194,4,2,2,37,0.05128205128205128,0.05128205128205128,0.9487179487179487,39,1300,1100,200,0.8461538461538461,15,11,4,358.7768595041326,0.45015182186234814,0.1875990675990682,0.20135435992578843,129672.49657064452,1504.6982167352326,131177.19478737976,190,0,74.12820512820512,35,4,15,36.234848484848484,0.6190476190476191,45.37037037037036,1018.5185185185169,29.100529100529055,0
195,4,0,0,37,0.0,0.0,1.0,37,1500,1100,400,0.7333333333333333,19,11,8,374.107360813837,0.4446321321321321,0.19453730497931399,0.20861070630203402,129419.51600646373,2283.3587141964445,131702.87472066018,191,3,79.13513513513513,33,4,19,36.10228732586614,0.6208964646464646,45.6188725490196,1017.5245098039205,30.83407605466426,0
196,4,0,0,37,0.0,0.0,1.0,37,1150,500,650,0.43478260869565216,18,5,13,373.4805234812866,0.44403778778778774,0.19148943092605109,0.20892274131710736,129544.24267409153,2276.4503135812924,131820.6929876728,192,4,80.13513513513513,33,4,15,35.99110689779703,0.6221590909090908,45.496323529411754,1018.0147058823516,30.848930481283382,0
197,4,0,3,34,0.0,0.08108108108108109,0.9189189189189189,37,1050,700,350,0.6666666666666666,14,7,7,376.16894090456884,0.4437875375375375,0.19523205515985276,0.2109287381185537,129637.8270977508,2353.1448241061016,131990.9719218569,193,5,81.13513513513513,33,4,16,35.827316486161244,0.6231060606060606,45.40441176470588,1018.3823529411759,30.860071301247753,0
198,4,1,0,35,0.02857142857142857,0.0,1.0,35,800,600,200,0.75,10,6,4,388.33808843137143,0.44166666666666665,0.19337171198299563,0.21764744150097345,129618.91842987949,3067.19260152024,132686.11103139972,194,0,81.37142857142857,32,3,17,35.5367844595991,0.6253255208333333,45.42297979797979,1018.3080808080798,31.822127525252494,0
199,4,0,0,35,0.0,0.0,1.0,35,800,500,300,0.625,11,5,6,390.4790938964419,0.4411764705882353,0.18939503921533896,0.21956625844253586,129747.52456700846,3132.7391656463574,132880.2637326548,195,1,82.37142857142857,32,3,18,35.35108646259346,0.6266276041666667,45.29671717171717,1018.8131313131312,31.83791035353535,0
200,4,0,0,35,0.0,0.0,1.0,35,800,500,300,0.625,11,5,6,389.38177561510327,0.4406862745098039,0.19108735664731702,0.21948950368471462,129844.02101826342,3111.7790914192383,132955.80010968266,196,2,83.37142857142857,32,3,19,35.28065122233235,0.6276041666666667,45.2020202020202,1019.191919191919,31.84974747474747,0
201,4,0,0,35,0.0,0.0,1.0,35,1200,1000,200,0.8333333333333334,14,10,4,387.10175446155296,0.4405812324929972,0.18822530126878,0.21838381996981934,129876.19447314038,3055.0605486684904,132931.25502180887,197,3,84.37142857142857,32,3,19,35.30595813204509,0.6279296875,45.17045454545454,1019.3181818181808,31.85369318181815,0
202,4,0,0,35,0.0,0.0,1.0,35,850,700,150,0.8235294117647058,10,7,3,371.18559772594176,0.4402310924369748,0.1196830778811886,0.19982077353460412,128020.48040417142,2503.8717079969138,130524.35211216833,198,4,85.37142857142857,33,2,16,37.606462420279314,0.6066919191919191,46.99754901960784,1012.0098039215683,30.66696375519904,8
203,4,2,1,36,0.05405405405405406,0.02702702702702703,0.972972972972973,37,1150,600,550,0.5217391304347826,17,6,11,350.34793939978863,0.44513263263263264,0.12029135788375478,0.19178005700092476,128687.51594387759,1617.141280531822,130304.65722440941,199,0,81.70270270270271,34,3,15,37.45233485861783,0.6112132352941176,46.339285714285715,1014.6428571428575,29.842436974789926,0
204,4,1,0,37,0.02702702702702703,0.0,1.0,37,1250,1000,250,0.8,15,10,5,350.31501767803314,0.44431931931931934,0.12119214323975691,0.192346178734101,128808.33510487527,1624.6988378684791,130433.03394274374,200,0,82.67567567567568,34,3,16,37.32995191743873,0.6124387254901961,46.220238095238095,1015.1190476190475,29.85644257703081,0
205,4,0,0,37,0.0,0.0,1.0,37,1450,1000,450,0.6896551724137931,19,10,9,352.1435562065279,0.44375625625625625,0.12164855043767253,0.1939403923820458,128929.2109552154,1680.3181689342355,130609.52912414963,201,1,83.67567567567568,34,3,16,37.16030750595864,0.6136642156862745,46.101190476190474,1015.595238095238,29.870448179271705,0
206,4,2,2,37,0.05128205128205128,0.05128205128205128,0.9487179487179487,39,1050,800,250,0.7619047619047619,13,8,5,332.9849146370115,0.44843679712100765,0.11538461538461564,0.18627373937615008,129545.0856261667,827.3118557746964,130372.3974819414,202,0,80.33333333333333,36,3,15,37.02087942477878,0.6157407407407407,45.4954954954955,1018.0180180180181,28.27827827827828,0
207,4,0,0,37,0.0,0.0,1.0,37,1000,600,400,0.6,14,6,8,347.7799687701,0.44588338338338335,0.1246705082321522,0.19300771366247085,129231.6485969388,1588.8357426303892,130820.48433956919,203,1,84.83783783783784,34,3,17,36.96312882956719,0.6167279411764706,45.80357142857143,1016.7857142857146,29.905462184873958,0
208,4,0,0,37,0.0,0.0,1.0,37,1250,800,450,0.64,17,8,9,347.4162677617676,0.44535160160160164,0.11820924598832394,0.19354755047536298,129383.00028344682,1589.9518140589735,130972.9520975058,204,2,85.83783783783784,34,3,19,36.81839457055934,0.6182598039215687,45.65476190476191,1017.3809523809533,29.922969187675097,0
209,4,1,1,37,0.02631578947368421,0.02631578947368421,0.9736842105263158,38,750,500,250,0.6666666666666666,10,5,5,338.14381198851856,0.4461089378852537,0.11889965377789391,0.18985169332316293,129688.4273420382,1170.667838446577,130859.09518048477,205,0,84.55263157894737,36,2,17,36.74405749032614,0.6171875,45.35472972972974,1018.5810810810827,28.293918918918965,0
210,4,0,3,34,0.0,0.08108108108108109,0.9189189189189189,37,1150,800,350,0.6956521739130435,15,8,7,345.2359764466175,0.4443506006006006,0.11832615281653514,0.19397544366062777,129717.10519641291,1556.6022948624625,131273.7074912754,206,1,86.1891891891892,36,1,17,36.53433377551772,0.6174768518518519,45.32657657657659,1018.693693693696,28.297047047047112,0
211,4,0,0,34,0.0,0.0,1.0,34,700,300,400,0.42857142857142855,11,3,8,368.2000692335356,0.44377599524658345,0.12973359987523536,0.20450630351404817,129263.69214965405,2718.9800797770126,131982.67222943105,207,2,91.32352941176471,33,1,20,36.41138426930182,0.6193181818181819,45.77205882352941,1016.9117647058829,30.81550802139039,0
212,4,0,1,33,0.0,0.029411764705882353,0.9705882352941176,34,1300,1000,300,0.7692307692307693,16,10,6,366.39396549532086,0.44357174688057044,0.13318715418240035,0.20430954301596013,129419.51600646372,2683.705936418668,132103.22194288237,208,3,92.32352941176471,33,1,20,36.298501545626074,0.6208964646464646,45.6188725490196,1017.5245098039204,30.834076054664255,0
213,4,0,0,33,0.0,0.0,1.0,33,900,600,300,0.6666666666666666,12,6,6,373.8100118817997,0.4427083333333333,0.13607591366062244,0.20814010129451693,129361.89746263131,3071.354485511671,132433.25194814298,209,4,94.87878787878788,32,1,20,36.16860080261469,0.6227213541666667,45.675505050505045,1017.2979797979795,31.790561868686858,0
214,4,1,1,33,0.029411764705882353,0.029411764705882353,0.9705882352941176,34,850,500,350,0.5882352941176471,12,5,7,367.2298418884615,0.4440359477124183,0.146110741626456,0.20657299766310347,129762.65889321413,2730.5441416762774,132493.2030348904,210,0,93.05882352941177,33,1,19,35.92785261807392,0.6243686868686869,45.28186274509804,1018.8725490196077,30.874925727866902,0
215,4,0,0,33,0.0,0.0,1.0,33,1000,800,200,0.8,12,8,4,373.1789223476737,0.44262941919191917,0.14534189478427395,0.21001073245088728,129779.68606519733,3086.2086776859364,132865.89474288328,211,1,95.54545454545455,32,1,19,35.75898389095416,0.626953125,45.26515151515151,1018.9393939393931,31.841856060606034,0
216,4,0,1,32,0.0,0.030303030303030304,0.9696969696969697,33,900,500,400,0.5555555555555556,13,5,8,370.39246529818934,0.4421559343434343,0.14353118700944756,0.20895725872482776,129876.19447314055,3021.0327708907284,132897.2272440313,212,2,96.54545454545455,32,1,19,35.73176018828192,0.6279296875,45.17045454545455,1019.3181818181823,31.853693181818198,0
217,4,0,0,32,0.0,0.0,1.0,32,550,300,250,0.5454545454545454,8,3,5,378.00945964595337,0.44035618279569894,0.14372443762781195,0.21246738593893247,129731.44531250009,3407.9427083333476,133139.38802083343,213,3,100.1875,31,1,20,35.68507157464213,0.6290322580645161,45.31250000000001,1018.7500000000007,32.86290322580648,0
218,4,0,0,32,0.0,0.0,1.0,32,900,600,300,0.6666666666666666,12,6,6,376.36312777612784,0.43968413978494625,0.14478181702018889,0.2119005638831639,129797.77865939676,3370.219590928824,133167.9982503256,214,4,101.1875,31,1,20,35.65944714200527,0.6297043010752688,45.247395833333336,1019.0104166666672,32.87130376344088,0
219,4,0,0,32,0.0,0.0,1.0,32,850,700,150,0.8235294117647058,10,7,3,373.90288044622093,0.43924311155913975,0.14103802196398885,0.21141035788984536,129963.6862013076,3318.7593248155476,133282.44552612316,215,5,102.1875,31,1,20,35.55327650789596,0.6313844086021505,45.08463541666667,1019.6614583333342,32.89230510752691,0
220,4,0,0,32,0.0,0.0,1.0,32,850,500,350,0.5882352941176471,12,5,7,375.03693078924044,0.43905409946236557,0.14977182792953747,0.2125932934734379,130063.28158908429,3355.706787109384,133418.98837619368,216,6,103.1875,31,1,21,35.423049102204054,0.6323924731182795,44.98697916666667,1020.052083333334,32.90490591397852,0
221,4,0,0,32,0.0,0.0,1.0,32,1050,800,250,0.7619047619047619,13,8,5,373.1918012573614,0.43823504704301075,0.1376458678739958,0.21281432099338005,130295.81917656815,3325.0662909614043,133620.88546752956,217,7,104.1875,31,1,21,35.23373400501639,0.634744623655914,44.75911458333335,1020.9635416666684,32.934307795698984,0
222,4,0,0,32,0.0,0.0,1.0,32,950,500,450,0.5263157894736842,14,5,9,379.9037651403074,0.43773101478494625,0.12937289352140735,0.20384521517341,127888.97696982487,3317.1007741557405,131206.07774398063,218,8,105.1875,32,0,20,37.52080472683393,0.6077473958333333,47.127525252525274,1011.489898989902,31.60905934343444,8
223,4,1,1,32,0.030303030303030304,0.030303030303030304,0.9696969696969697,33,1150,900,250,0.782608695652174,14,9,5,369.1689663447952,0.440261994949495,0.1236372702341284,0.19982951741011823,128240.42986685058,2868.732463524159,131109.16233037473,219,0,102.96969696969697,32,1,24,37.43221765145849,0.611328125,46.780303030303045,1012.87878787879,31.65246212121219,0
224,4,0,1,31,0.0,0.03125,0.96875,32,700,500,200,0.7142857142857143,9,5,4,376.0324193008883,0.4396421370967742,0.1226177850623471,0.20355992969670236,128243.42727661144,3244.7372436523556,131488.1645202638,220,1,104.59375,31,1,25,37.255350944851514,0.6139112903225806,46.77734375000001,1012.8906250000009,32.673891129032285,0
225,4,0,0,31,0.0,0.0,1.0,31,900,700,200,0.7777777777777778,11,7,4,377.88738090265906,0.43902329749103947,0.10364353062525944,0.20475465060124656,128280.65609102199,3495.1282301421993,131775.7843211642,221,2,103.3225806451613,30,1,25,37.17023793728716,0.6170138888888889,46.74059139784946,1013.0376344086014,33.767921146953384,0
226,4,1,1,31,0.03125,0.03125,0.96875,32,1100,800,300,0.7272727272727273,14,8,6,369.03954402441354,0.43905409946236557,0.10960150737652374,0.20243935578256875,128771.5170118543,3104.3563842773374,131875.87339613165,222,0,101.0625,31,1,18,36.89237224716701,0.6192876344086021,46.256510416666664,1014.9739583333327,32.74109543010751,0
227,4,2,0,33,0.06060606060606061,0.0,1.0,33,900,500,400,0.5555555555555556,13,5,8,358.14128557890234,0.4399463383838384,0.12277692516024241,0.19925319037456043,129329.7877767574,2663.667291602893,131993.4550683603,223,0,98.84848484848484,32,1,21,36.59979104601127,0.6223958333333333,45.707070707070706,1017.1717171717165,31.78661616161614,0
228,4,1,0,34,0.029411764705882353,0.0,1.0,34,1150,900,250,0.782608695652174,14,9,5,350.8025781805079,0.4421048722519311,0.11985506425862003,0.19701831282678267,129700.23548635149,2299.8353998462276,132000.07088619773,224,0,96.91176470588235,33,1,21,36.409708854667954,0.6237373737373737,45.34313725490197,1018.6274509803928,30.867498514557358,0
229,4,1,0,35,0.02857142857142857,0.0,1.0,35,700,300,400,0.42857142857142855,11,3,8,341.5086078004185,0.4445378151260504,0.11918767507002825,0.1935215444202375,130050.00000000023,1882.6388888889178,131932.63888888914,225,0,95.11428571428571,34,1,22,36.291530501089326,0.625,45.000000000000014,1020.0000000000018,30.000000000000053,0
230,4,2,2,35,0.05405405405405406,0.05405405405405406,0.9459459459459459,37,1450,1300,150,0.896551724137931,16,13,3,327.5637996219281,0.4461336336336336,0.11155992949471227,0.18834918478260881,130617.28395061736,1157.272376543221,131774.5563271606,226,0,90.91891891891892,35,2,17,36.07336956521741,0.6285714285714286,44.44444444444445,1022.2222222222229,29.206349206349223,0
231,4,1,0,36,0.027777777777777776,0.0,1.0,36,600,400,200,0.6666666666666666,8,4,4,338.064896787814,0.4451554232804233,0.12843906100370117,0.1942854888768521,130597.00255102031,1630.0524376417102,132227.054988662,227,0,94.41666666666667,34,2,18,35.825520226725665,0.6305147058823529,44.46428571428571,1022.1428571428564,30.063025210084014,0
232,4,0,0,36,0.0,0.0,1.0,36,1200,1000,200,0.8333333333333334,14,10,4,356.5473406506643,0.44477513227513227,0.15016821186871665,0.19487747849161677,128627.12762188187,1972.3320578231026,130599.45967970497,228,1,95.41666666666667,34,2,18,37.356726518796705,0.6106004901960784,46.39880952380951,1014.4047619047601,29.835434173669416,7
233,4,1,1,36,0.02702702702702703,0.02702702702702703,0.972972972972973,37,950,700,250,0.7368421052631579,12,7,5,351.1225471122082,0.4456644144144144,0.16926141313884835,0.19399023543726074,129054.34355977783,1662.7779653206294,130717.12152509845,229,0,93.8108108108108,35,2,19,37.058724418118985,0.612797619047619,45.97800925925925,1016.0879629629619,29.031084656084627,0
234,4,1,0,37,0.02702702702702703,0.0,1.0,37,1000,700,300,0.7,13,7,6,349.1041131280452,0.44466341341341337,0.17959003015297803,0.19489983915777165,129466.28146701398,1639.4422743055657,131105.72374131955,230,0,94.05405405405405,35,2,17,36.690762538382806,0.6169642857142856,45.57291666666667,1017.708333333334,29.077380952380974,0
235,4,1,0,38,0.02631578947368421,0.0,1.0,38,1000,700,300,0.7,13,7,6,344.72627397269457,0.4433380749170223,0.19867185910662855,0.19497166838368213,129975.3485537904,1361.1835230500938,131336.5320768405,231,0,92.55263157894737,36,2,19,36.28520154610715,0.6200810185185186,45.073198198198206,1019.7072072072083,28.32520020020023,0
236,4,0,0,38,0.0,0.0,1.0,38,1600,1200,400,0.75,20,12,8,343.9977309260355,0.4420489568515884,0.19323026170590896,0.19556508391792554,130176.38204082457,1356.0760084408694,131532.45804926543,232,1,93.55263157894737,36,2,19,36.09992275435886,0.6221064814814814,44.876126126126124,1020.4954954954951,28.347097097097087,0
237,4,0,0,38,0.0,0.0,1.0,38,1500,1100,400,0.7333333333333333,19,11,8,343.44141573349947,0.44135253674727354,0.1885413124787494,0.19612838906256697,130351.2158805939,1353.6297585239863,131704.84563911788,233,2,94.55263157894737,35,3,20,35.936968718123104,0.6258928571428571,44.7048611111111,1021.1805555555536,29.176587301587247,0
238,4,0,1,37,0.0,0.02631578947368421,0.9736842105263158,38,1100,700,400,0.6363636363636364,15,7,8,352.96899872895335,0.44038940256045517,0.11709783918807948,0.19730901543048904,129516.42679419277,1543.056696899597,131059.48349109237,234,3,95.55263157894737,36,2,17,36.54142235498028,0.6154513888888888,45.523648648648646,1017.9054054054048,28.275150150150136,8
239,4,0,1,36,0.0,0.02702702702702703,0.972972972972973,37,1100,600,500,0.5454545454545454,16,6,10,354.9858642183259,0.4380317817817818,0.1342870838095942,0.19862949501681876,129554.63927469119,1798.0131172839272,131352.6523919751,235,4,98.86486486486487,35,2,17,36.45122783083219,0.6178571428571429,45.4861111111111,1018.0555555555541,29.087301587301546,0
240,4,0,0,36,0.0,0.0,1.0,36,1400,1100,300,0.7857142857142857,17,11,6,367.1505219368852,0.4341765873015873,0.14770867430441892,0.20580639348939167,129625.34722222232,2318.402777777787,131943.75000000012,236,5,102.27777777777777,34,2,18,36.06962629569012,0.6207107843137255,45.41666666666667,1018.3333333333342,29.950980392156886,0
241,4,0,1,35,0.0,0.027777777777777776,0.9722222222222222,36,500,300,200,0.6,7,3,4,365.96267344915873,0.4333829365079365,0.14670575097710725,0.2056167167895242,129716.28578514747,2294.2637471655407,132010.54953231302,237,6,103.27777777777777,34,2,19,36.007313700284364,0.6216299019607843,45.327380952380956,1018.6904761904768,29.961484593837554,0
242,4,0,0,35,0.0,0.0,1.0,35,1100,900,200,0.8181818181818182,13,9,4,365.5259593344593,0.4322829131652661,0.14676719823847328,0.20648841132851642,129928.59977324265,2498.455215419503,132427.05498866216,238,7,105.34285714285714,34,1,20,35.802487155534806,0.6237745098039216,45.11904761904762,1019.5238095238096,29.985994397759107,0
243,4,0,0,35,0.0,0.0,1.0,35,1200,900,300,0.75,15,9,6,366.8727839719764,0.4314775910364146,0.14733893557422983,0.20789457758412014,130050.00000000012,2542.361111111126,132592.36111111124,239,8,106.34285714285714,34,1,21,35.64474400871461,0.625,45.00000000000001,1020.0000000000009,30.00000000000003,0
244,4,0,0,35,0.0,0.0,1.0,35,1250,800,450,0.64,17,8,9,363.8912637899112,0.4303571428571429,0.12097278751387575,0.19488602740425634,127813.27239229028,2323.033588435381,130136.30598072566,240,9,107.34285714285714,34,1,20,38.00329644454911,0.602328431372549,47.202380952380956,1011.1904761904765,29.740896358543427,8
245,4,2,1,36,0.05405405405405406,0.02702702702702703,0.972972972972973,37,1000,700,300,0.7,13,7,6,349.46189453600095,0.43624874874874875,0.1253158191863819,0.19051870927379636,128525.67361379045,1583.3937926701228,130109.06740646057,241,0,102.48648648648648,35,2,16,37.639943119126436,0.6074404761904761,46.4988425925926,1014.0046296296309,28.971560846560884,0
246,4,1,0,37,0.02702702702702703,0.0,1.0,37,900,600,300,0.6666666666666666,12,6,6,353.8726774453693,0.43559184184184185,0.08966664704369665,0.18764932312194268,127413.15593117717,1711.0066229423953,129124.16255411957,242,0,103.45945945945945,35,2,20,38.66657591042839,0.5961309523809524,47.59837962962963,1009.6064814814818,28.84589947089948,8
247,4,1,0,38,0.02631578947368421,0.0,1.0,38,1000,700,300,0.7,13,7,6,350.8933575212489,0.4357219061166429,0.1170368590964217,0.18840854934927578,127916.59216226383,1377.0165012986213,129293.60866356245,243,0,101.71052631578948,36,2,21,38.22614011651639,0.5992476851851851,47.10022522522524,1011.5990990991008,28.099974974975023,0
248,4,1,0,39,0.02564102564102564,0.0,1.0,39,1050,700,350,0.6666666666666666,14,7,7,347.20159831862634,0.43603801169590645,0.12610994712162094,0.18802398415870222,128258.57688347135,1106.519484011047,129365.0963674824,244,0,100.07692307692308,36,3,22,37.96993700203818,0.6027199074074074,46.76238738738739,1012.9504504504507,28.13751251251252,0
249,4,0,0,39,0.0,0.0,1.0,39,1150,700,450,0.6086956521739131,16,7,9,346.72096743357696,0.4360942420152947,0.12809111741970813,0.18789770018267846,128287.0962178396,1095.965221978754,129383.06143981835,245,1,101.07692307692308,36,3,22,37.95297910182303,0.6030092592592593,46.73423423423424,1013.0630630630642,28.140640640640672,0
250,4,1,1,39,0.025,0.025,0.975,40,1100,900,200,0.8181818181818182,13,9,4,341.0176098242948,0.438394764957265,0.13020855846120605,0.18673236457479453,128700.23108071725,777.8090373961346,129478.04011811338,246,0,99.525,37,3,17,37.67604999639797,0.6052927927927928,46.32675438596492,1014.6929824561413,27.42413466097679,0
251,4,0,1,38,0.0,0.02564102564102564,0.9743589743589743,39,850,500,350,0.5882352941176471,12,5,7,350.5250700436143,0.43721884840305897,0.13228787645842943,0.1913229564128965,128572.46393352824,1213.5743851960203,129786.03831872426,247,1,103.02564102564102,36,3,17,37.56523428825228,0.6059027777777778,46.45270270270271,1014.1891891891902,28.17192192192195,0
252,4,0,1,37,0.0,0.02631578947368421,0.9736842105263158,38,1800,1200,600,0.6666666666666666,24,12,12,354.6767370759954,0.4364035087719298,0.13936302533766987,0.1945649075633566,128772.409973318,1534.5156389497693,130306.92561226778,248,2,105.63157894736842,36,2,19,37.2559081326972,0.6079282407407407,46.255630630630634,1014.9774774774783,28.19381881881884,0
253,4,0,1,36,0.0,0.02702702702702703,0.972972972972973,37,1250,700,550,0.56,18,7,11,364.11414512038624,0.4363738738738739,0.13475430384339715,0.19974198356482314,128772.40997331798,1977.5711945053235,130749.9811678233,249,3,109.02702702702703,36,1,19,37.01643921742667,0.6079282407407407,46.255630630630634,1014.977477477478,28.193818818818833,0
254,4,1,0,37,0.02702702702702703,0.0,1.0,37,650,400,250,0.6153846153846154,9,4,5,364.5954888469596,0.4351851851851852,0.15599174482029388,0.20145407813019733,129058.31665702892,2010.8160102670547,131069.13266729597,250,0,109.4054054054054,36,1,20,36.71242934722377,0.6108217592592593,45.974099099099114,1016.1036036036057,28.22510010010016,0
255,4,0,0,37,0.0,0.0,1.0,37,950,600,350,0.631578947368421,13,6,7,358.4385917764039,0.4344657157157157,0.14864864864864802,0.1987704918032788,129201.3888888891,1862.1527777777978,131063.54166666689,251,1,110.4054054054054,36,1,20,36.72301912568306,0.6122685185185186,45.83333333333334,1016.6666666666683,28.240740740740787,0
256,4,0,0,37,0.0,0.0,1.0,37,1200,900,300,0.75,15,9,6,354.760701779696,0.43455955955955955,0.14219248261801498,0.1974662322952341,129348.51794249393,1777.5541998885417,131126.07214238247,252,2,111.4054054054054,35,2,20,36.666690370538944,0.6157738095238094,45.688657407407405,1017.2453703703698,29.064153439153422,0
257,4,0,0,37,0.0,0.0,1.0,37,850,500,350,0.5882352941176471,12,5,7,353.974340958941,0.4347472472472473,0.14495743669324845,0.1978709998718535,129516.42679419302,1769.0983635662926,131285.52515775932,253,3,112.4054054054054,36,1,17,36.515838772725616,0.6154513888888888,45.52364864864866,1017.9054054054068,28.27515015015019,0
258,4,1,1,37,0.02631578947368421,0.02631578947368421,0.9736842105263158,38,900,700,200,0.7777777777777778,11,7,4,347.1977189029367,0.4362108819345662,0.1463860026613062,0.19570665841132798,129843.17440221999,1416.250793513397,131259.42519573338,254,0,110.42105263157895,37,1,18,36.356351981351985,0.6168355855855856,45.202850877192986,1019.1885964912286,27.54563774300618,0
259,4,1,1,37,0.02631578947368421,0.02631578947368421,0.9736842105263158,38,1100,700,400,0.6363636363636364,15,7,8,348.15288974752343,0.4371295637743006,0.14119819264503808,0.19793884819060462,130178.65022170272,1464.4146516235655,131643.06487332628,255,0,107.57894736842105,37,1,19,35.991614734429284,0.6202139639639639,44.873903508771924,1020.5043859649113,27.581199620673278,0
260,4,0,0,37,0.0,0.0,1.0,37,1200,800,400,0.6666666666666666,16,8,8,354.7997217394555,0.4356231231231231,0.13202810047470237,0.20200406267879542,130233.84871357835,1841.3866569271822,132075.23537050554,256,1,110.62162162162163,36,1,20,35.76603412768461,0.6226851851851851,44.81981981981981,1020.72072072072,28.353353353353334,0
261,4,0,0,37,0.0,0.0,1.0,37,1500,1000,500,0.6666666666666666,20,10,10,354.6549607171233,0.4351851851851852,0.1316897634178087,0.20284057215350676,130410.31867551846,1850.1364597948175,132260.45513531327,257,2,111.62162162162163,35,2,21,35.59076959395655,0.6264880952380952,44.646990740740726,1021.4120370370351,29.183201058201004,0
262,4,0,2,35,0.0,0.05405405405405406,0.9459459459459459,37,900,400,500,0.4444444444444444,14,4,10,375.03484605731103,0.4345908408408408,0.10754228616143968,0.20094349150326105,127831.16731596473,2188.228431133848,130019.39574709858,258,3,112.62162162162163,36,1,15,37.70322939866369,0.5983796296296297,47.18468468468469,1011.2612612612622,28.09059059059062,8
263,4,3,1,37,0.07894736842105263,0.02631578947368421,0.9736842105263158,38,1050,600,450,0.5714285714285714,15,6,9,366.38453569618,0.43911510194404935,0.14272918211020524,0.20010232334176,128596.93877551025,1824.336796290227,130421.27557180048,259,0,110.39473684210526,34,4,14,37.138106416275434,0.6102941176470589,46.42857142857143,1014.2857142857147,29.831932773109255,0
264,4,2,0,39,0.05128205128205128,0.0,1.0,39,600,400,200,0.6666666666666666,8,4,4,360.6713232562415,0.43851214574898784,0.16177068322063293,0.19899792092321447,129001.10995708557,1505.400205949203,130506.51016303478,260,0,108.51282051282051,36,3,16,36.87045043047702,0.6102430555555556,46.03040540540541,1015.8783783783792,28.218843843843867,0
265,4,0,1,38,0.0,0.02564102564102564,0.9743589743589743,39,1100,700,400,0.6363636363636364,15,7,8,359.9867021283124,0.43783738191632926,0.1630162436721263,0.1993398756693343,129144.15048494453,1498.0353664475435,130642.18585139207,261,1,109.51282051282051,36,3,16,36.742004579363325,0.6116898148148149,45.88963963963965,1016.4414414414425,28.234484484484515,0
266,4,2,2,38,0.05,0.05,0.95,40,1350,1100,250,0.8148148148148148,16,11,5,352.0852232837822,0.43852831196581193,0.1686132596685077,0.19840418871221885,129831.84831791275,1142.3877424722282,130974.23606038498,262,0,102.1,36,4,15,36.24332412523021,0.6186342592592593,45.21396396396398,1019.1441441441461,28.309559559559617,0
267,4,0,0,38,0.0,0.0,1.0,38,1300,800,500,0.6153846153846154,18,8,10,364.5438537669438,0.43834459459459457,0.18004083590607678,0.20497807493676148,129746.6057256238,1859.6655328798397,131606.27125850364,263,1,107.42105263157895,34,4,15,36.01260029601931,0.6219362745098039,45.29761904761906,1018.8095238095256,29.96498599439781,0
268,4,0,0,38,0.0,0.0,1.0,38,1100,700,400,0.6363636363636364,15,7,8,364.79261346166436,0.4381519677572309,0.18004893101710162,0.20575456893667798,129867.92091836737,1874.9716553288022,131742.89257369618,264,2,108.42105263157895,34,4,15,35.8828739391108,0.6231617647058824,45.17857142857143,1019.2857142857144,29.97899159663866,0
269,4,0,1,37,0.0,0.02631578947368421,0.9736842105263158,38,1250,1000,250,0.8,15,10,5,368.01871161507955,0.43792970602181125,0.1812991751171602,0.2087063097173804,130080.35891439911,1974.4012188208621,132054.76013321997,265,3,109.42105263157895,34,4,15,35.584665655268985,0.6253063725490196,44.970238095238095,1020.1190476190478,30.00350140056023,0
270,4,0,0,37,0.0,0.0,1.0,37,1450,1000,450,0.6896551724137931,19,10,9,376.9496412439725,0.43468468468468463,0.18187666140063752,0.21410439861511518,130141.08737244898,2411.3272392290237,132552.414611678,266,4,113.21621621621621,34,3,16,35.295132812196165,0.6259191176470589,44.910714285714285,1020.3571428571428,30.01050420168067,0
271,4,0,0,37,0.0,0.0,1.0,37,850,500,350,0.5882352941176471,12,5,7,381.3337930516316,0.43412162162162166,0.18743755757678038,0.2176214495689173,130325.14537677809,2539.533092648817,132864.6784694269,267,5,114.21621621621621,33,4,17,34.99609937590015,0.630050505050505,44.73039215686274,1021.0784313725484,30.94177064765298,0
272,4,0,0,37,0.0,0.0,1.0,37,1500,1200,300,0.8,18,12,6,380.24879727113967,0.4338088088088088,0.18707177483422255,0.2175273661808475,130419.01139285364,2518.3344446847263,132937.34583753836,268,6,115.21621621621621,33,4,17,34.928389322135565,0.6309974747474747,44.63848039215686,1021.446078431372,30.952911467617334,0
273,4,0,0,37,0.0,0.0,1.0,37,1100,800,300,0.7272727272727273,14,8,6,383.31814208046194,0.43333958958958957,0.187539500166914,0.21999242854844933,130544.21864487205,2607.9934700595777,133152.21211493164,269,7,116.21621621621621,33,4,15,34.722763520805856,0.632260101010101,44.51593137254901,1021.936274509803,30.967765894236454,0
274,4,0,0,37,0.0,0.0,1.0,37,950,600,350,0.631578947368421,13,6,7,385.55620679580204,0.43365240240240244,0.19285304722197938,0.2219941637886387,130669.4859699394,2676.086270905416,133345.5722408448,270,8,117.21621621621621,33,4,15,34.538310559750684,0.6335227272727273,44.393382352941174,1022.4264705882349,30.982620320855602,0
275,4,0,0,37,0.0,0.0,1.0,37,1050,500,550,0.47619047619047616,16,5,11,382.03692812485565,0.43321446446446443,0.16528857624748095,0.21201932443888172,129231.64859693866,2503.9923230321438,131735.6409199708,271,9,118.21621621621621,34,3,20,36.09232915739765,0.6167279411764706,45.80357142857142,1016.7857142857133,29.905462184873922,7
276,4,0,0,37,0.0,0.0,1.0,37,1050,600,450,0.5714285714285714,15,6,9,372.86878951657775,0.43236986986986986,0.14545454545454573,0.20090804462861792,128056.65569540871,2149.666039737628,130206.32173514634,272,10,119.21621621621621,35,2,18,37.52680102915953,0.6026785714285714,46.96180555555554,1012.1527777777759,28.91865079365074,8
277,4,0,0,37,0.0,0.0,1.0,37,850,500,350,0.5882352941176471,12,5,7,374.79717414762763,0.4324011511511512,0.1394690103391547,0.20254735447886518,128175.5533478711,2208.027319553923,130383.58066742502,273,11,120.21621621621621,33,4,19,37.356160998830134,0.608270202020202,46.844362745098046,1012.6225490196085,30.685531788472986,0
278,4,0,0,37,0.0,0.0,1.0,37,850,700,150,0.8235294117647058,10,7,3,375.4876584802206,0.43243243243243246,0.13568457130896627,0.20307788021469514,128206.57920030753,2227.997645136483,130434.57684544401,274,12,121.21621621621621,33,4,19,37.30689335269443,0.6085858585858586,46.81372549019608,1012.7450980392153,30.689245395127738,0
279,4,0,1,36,0.0,0.02702702702702703,0.972972972972973,37,950,700,250,0.7368421052631579,12,7,5,376.45269537265057,0.4320883383383383,0.1294472992586202,0.20423299772579223,128330.72015570928,2262.0891003460124,130592.80925605529,275,13,122.21621621621621,33,4,19,37.15529753265602,0.6098484848484849,46.69117647058823,1013.2352941176465,30.704099821746865,0
280,4,1,0,37,0.02702702702702703,0.0,1.0,37,1200,800,400,0.6666666666666666,16,8,8,378.85226623933517,0.43152527527527523,0.15825314630095533,0.20795449445065697,128796.78376405711,2358.990682670131,131155.77444672724,276,0,121.97297297297297,33,4,17,36.61754497162865,0.6145833333333333,46.231617647058826,1015.0735294117649,30.759803921568633,0
281,4,0,0,37,0.0,0.0,1.0,37,1450,1100,350,0.7586206896551724,18,11,7,377.63346482529397,0.43105605605605607,0.15931927102011478,0.20842752486029886,129014.56921616697,2344.0437572087767,131358.61297337574,277,1,122.97297297297297,33,4,17,36.42591475673502,0.6167929292929293,46.017156862745104,1015.9313725490206,30.78579916815214,0
282,4,1,0,38,0.02631578947368421,0.0,1.0,38,1250,800,450,0.64,17,8,9,368.8022411416908,0.4340178994784258,0.16064828503843875,0.20514624663506556,129322.44897959185,1938.8818027210893,131261.33078231293,278,0,120.71052631578948,34,4,19,36.33617158239701,0.6176470588235294,45.714285714285715,1017.1428571428572,29.915966386554626,0
283,4,2,0,40,0.05,0.0,1.0,40,1850,1600,250,0.8648648648648649,21,16,5,354.7782100691595,0.4379941239316239,0.16181100187783048,0.20036226673462906,129917.9389482389,1218.4107671861157,131136.34971542502,279,0,115.625,36,4,19,36.08725468537134,0.6195023148148149,45.12950450450451,1019.4819819819828,28.318943943943967,0
284,4,0,1,39,0.0,0.025,0.975,40,1250,900,350,0.72,16,9,7,358.0109577743418,0.43794070512820515,0.15967483714254116,0.2027833173584875,130032.77084094238,1310.6313661634663,131343.40220710586,280,1,116.625,36,4,19,35.88821721688564,0.6206597222222222,45.016891891891895,1019.9324324324332,28.33145645645648,0
285,4,0,2,37,0.0,0.05128205128205128,0.9487179487179487,39,1150,900,250,0.782608695652174,14,9,5,349.5520368808357,0.4384278002699055,0.06535482531697445,0.19317777006238424,129065.6517664732,1223.032293264679,130288.68405973788,281,2,114.94871794871794,38,1,19,37.08710090071146,0.6071820175438596,45.96688034188035,1016.1324786324795,26.74032838506525,8
286,4,1,0,38,0.02631578947368421,0.0,1.0,38,1100,800,300,0.7272727272727273,14,8,6,362.79977422855,0.4353662873399715,0.11895552384003705,0.20221443307556777,129401.82317029884,1789.4617854034161,131191.28495570226,282,0,118.8157894736842,36,2,21,36.4079505626268,0.6142939814814814,45.63626126126127,1017.4549549549563,28.262637637637674,0
287,4,0,2,36,0.0,0.05263157894736842,0.9473684210526316,38,1300,1000,300,0.7692307692307693,16,10,6,366.03844771879534,0.4346254148885728,0.11501330491845296,0.20461481316822477,129516.42679419302,1881.5983635662942,131398.02515775932,283,1,119.8157894736842,36,2,13,36.20883578566952,0.6154513888888888,45.52364864864866,1017.9054054054068,28.27515015015019,0
288,4,0,0,36,0.0,0.0,1.0,36,900,600,300,0.6666666666666666,12,6,6,375.6202036300314,0.43022486772486773,0.14403039403039397,0.20942112722934647,129413.28125000004,2522.0486111111127,131935.32986111115,284,2,126.72222222222223,34,2,22,36.07016107016106,0.6185661764705883,45.625,1017.5000000000003,29.926470588235304,0
289,4,0,0,36,0.0,0.0,1.0,36,1150,900,250,0.782608695652174,14,9,5,374.29636469341,0.4299107142857143,0.13762183235867487,0.20916561556396435,129504.14540816327,2494.5861678004535,131998.73157596373,285,3,127.72222222222223,34,2,14,36.011208576998044,0.6194852941176471,45.535714285714285,1017.8571428571429,29.93697478991597,0
290,4,0,0,36,0.0,0.0,1.0,36,1150,1000,150,0.8695652173913043,13,10,3,375.1330904201883,0.42923280423280424,0.141421520877979,0.2104435140029318,129655.65653344669,2527.625425170064,132183.28195861675,286,4,128.72222222222223,34,2,15,35.835525034093116,0.6210171568627452,45.38690476190476,1018.4523809523807,29.95448179271708,0
291,4,2,0,38,0.05263157894736842,0.0,1.0,38,1050,700,350,0.6666666666666666,14,7,7,360.66848836196,0.4335437411095306,0.14624400329891096,0.20504252456311706,130176.38204082484,1790.1037862186772,131966.4858270435,287,0,122.89473684210526,36,2,17,35.67461193261237,0.6221064814814814,44.87612612612614,1020.4954954954974,28.347097097097148,0
292,4,1,0,39,0.02564102564102564,0.0,1.0,39,1100,700,400,0.6363636363636364,15,7,8,353.15010633270293,0.43482905982905984,0.15990802675585258,0.20306131114130443,130617.2839506174,1425.558610412226,132042.84256102963,288,0,120.71794871794872,35,4,16,35.41949728260869,0.6285714285714286,44.44444444444445,1022.2222222222232,29.206349206349234,0
293,4,0,0,39,0.0,0.0,1.0,39,1100,800,300,0.7272727272727273,14,8,6,357.12209004729647,0.43322649572649574,0.15127044900800612,0.20660728246191762,130854.01663237318,1546.1719821673641,132400.18861454056,289,1,121.71794871794872,35,4,17,35.07824283559579,0.6309523809523809,44.21296296296297,1023.1481481481487,29.23280423280425,0
294,4,0,0,39,0.0,0.0,1.0,39,450,200,250,0.4444444444444444,7,2,5,383.7455544448227,0.43322649572649574,0.1427171477021929,0.21265016083323593,129172.76810171652,2114.75244169344,131287.52054340995,290,2,122.71794871794872,36,3,19,36.10903400908387,0.6119791666666667,45.861486486486484,1016.5540540540535,28.237612612612597,8
295,4,0,1,38,0.0,0.02564102564102564,0.9743589743589743,39,600,400,200,0.6666666666666666,8,4,4,375.73171489611957,0.43322649572649574,0.13621150120926617,0.19684118178515675,126921.74437951461,1737.7081050645204,128659.45248457913,291,3,123.71794871794872,36,3,18,38.62036209208762,0.5891203703703703,48.085585585585584,1007.6576576576574,27.990490490490483,8
296,4,4,0,42,0.09523809523809523,0.0,1.0,42,1150,700,450,0.6086956521739131,16,7,9,356.7726763250044,0.4385162601626016,0.1820907149139337,0.19239733114282406,128090.45041867568,739.9486959139253,128830.39911458961,292,0,115.69047619047619,38,4,19,37.89951627088829,0.5973135964912281,46.92841880341881,1012.2863247863256,26.639113810166464,0
297,4,1,0,43,0.023255813953488372,0.0,1.0,43,1250,1000,250,0.8,15,10,5,349.1917961739844,0.43996862310815804,0.18107507349602026,0.18981207691468518,128408.33875868037,367.8733480691369,128776.2121067495,293,0,113.97674418604652,35,8,15,37.76657245632066,0.60625,46.61458333333332,1013.5416666666652,28.95833333333329,0
298,4,0,1,42,0.0,0.023255813953488372,0.9767441860465116,43,1300,800,500,0.6153846153846154,18,8,10,349.0711202852318,0.44019933554817275,0.18738451736221706,0.19016561030464119,128496.33487654322,370.8719135802492,128867.20679012347,294,1,114.97674418604652,35,8,15,37.67979452054795,0.6071428571428572,46.52777777777778,1013.8888888888889,28.96825396825397,0
299,4,1,1,42,0.023255813953488372,0.023255813953488372,0.9767441860465116,43,1350,700,650,0.5185185185185185,20,7,13,344.7440266200998,0.44119139904023624,0.19528414197951505,0.18933937742547863,128819.24518014828,281.9330579132363,129101.17823806152,295,0,114.44186046511628,35,8,16,37.46021453274049,0.6104166666666666,46.20949074074074,1015.1620370370367,29.00462962962962,0
300,4,2,0,44,0.045454545454545456,0.0,1.0,44,1700,1100,600,0.6470588235294118,23,11,12,331.6065635423209,0.44426092318534177,0.1913140816018517,0.1848282110798809,129401.82317029867,-217.90122047723486,129183.92194982144,296,0,112.72727272727273,36,8,19,37.20139273196826,0.6142939814814814,45.63626126126126,1017.4549549549549,28.26263763763764,0
301,4,1,1,44,0.022222222222222223,0.022222222222222223,0.9777777777777777,45,1100,600,500,0.5454545454545454,16,6,10,338.0690820127421,0.44703282828282825,0.21245730359654447,0.18150699257577305,127913.11905115996,-348.4524928806847,127564.66655827928,297,0,111.2,40,5,21,38.554015136293614,0.5921875,47.103658536585364,1011.585365853658,25.28963414634145,8
302,4,3,3,44,0.06382978723404255,0.06382978723404255,0.9361702127659575,47,1350,1100,250,0.8148148148148148,16,11,5,325.6439027853575,0.4504895158803577,0.22327416001066958,0.17712916813886634,128434.7344292537,-1034.5749487351254,127400.15948051857,298,0,107.29787234042553,39,8,15,38.3363520364471,0.5990918803418803,46.58854166666668,1013.6458333333352,25.99091880341885,0
303,4,0,2,42,0.0,0.045454545454545456,0.9545454545454546,44,1250,900,350,0.72,16,9,7,342.9111763799605,0.44579149048625794,0.22196751375425694,0.1846854207155044,128039.08420138899,-18.793402777767938,128020.29079861123,299,2,115.61363636363636,39,5,21,38.30279950596952,0.5950854700854701,46.97916666666667,1012.0833333333343,25.950854700854727,0
304,4,1,0,43,0.023255813953488372,0.0,1.0,43,1100,700,400,0.6363636363636364,15,7,8,336.9247427171786,0.4469822812846069,0.20782776304333583,0.18295290670929282,128366.6669071252,50.068049784535276,128416.73495690973,300,0,111.5813953488372,37,6,22,38.119905503859165,0.6019144144144144,46.65570175438596,1013.3771929824555,27.38857278330961,0
305,4,0,1,42,0.0,0.023255813953488372,0.9767441860465116,43,1300,1200,100,0.9230769230769231,14,12,2,337.2725854555383,0.4467746400885935,0.21119608873776752,0.1837807659226496,128505.5993791359,68.28314962295804,128573.88252875887,301,1,112.5813953488372,37,6,16,37.96940899751269,0.603322072072072,46.51864035087719,1013.9254385964914,27.403390232337607,0
306,4,1,0,43,0.023255813953488372,0.0,1.0,43,1100,600,500,0.5454545454545454,16,6,10,340.4555658001387,0.4471899224806202,0.217074365836192,0.1865551368549604,128728.04763244456,165.23605821021687,128893.28369065477,302,0,113.53488372093024,37,6,17,37.66196200252116,0.6055743243243243,46.29934210526316,1014.8026315789471,27.427098150782353,0
307,4,0,0,43,0.0,0.0,1.0,43,1050,600,450,0.5714285714285714,15,6,9,340.9899791286356,0.4471668512366187,0.2207857787067491,0.18710991326578416,128783.6897530971,182.78953620345047,128966.47928930055,303,1,114.53488372093024,37,6,17,37.59170987721006,0.6061373873873874,46.24451754385965,1015.0219298245613,27.43302513039355,0
308,4,0,1,42,0.0,0.023255813953488372,0.9767441860465116,43,1150,500,650,0.43478260869565216,18,5,13,335.8700577856349,0.4466131413805832,0.11693228046193815,0.17974798623571336,127783.97108966224,-16.238049207445968,127767.7330404548,304,2,115.53488372093024,37,6,17,38.74161786501826,0.5960022522522522,47.23135964912281,1011.074561403509,27.326339497392137,8
309,4,0,0,42,0.0,0.0,1.0,42,1350,1200,150,0.8888888888888888,15,12,3,355.7498460937816,0.4432588075880759,0.1805306277842882,0.18137780665586056,125808.59510633671,559.0955795893831,126367.69068592609,305,3,119.0952380952381,39,3,16,40.27024279237186,0.5723824786324787,49.19270833333333,1003.2291666666658,25.723824786324766,8
310,4,2,0,44,0.045454545454545456,0.0,1.0,44,1500,1100,400,0.7333333333333333,19,11,8,346.19088818109947,0.44809284707540525,0.12935782293335274,0.17538717915774635,125546.23035556794,-62.26619952091997,125483.96415604702,306,0,114.63636363636364,41,3,14,40.780703491057864,0.5665650406504066,49.45436507936507,1002.1825396825379,24.443476577622878,8
311,4,3,1,46,0.06382978723404255,0.02127659574468085,0.9787234042553191,47,1100,500,600,0.45454545454545453,17,5,12,340.07067359902584,0.45139531298180696,0.11712779945296736,0.1750275247201235,126196.95746785989,-770.3103154612456,125426.64715239864,307,0,108.25531914893617,40,7,18,40.263519436296804,0.5747395833333333,48.805894308943095,1004.7764227642289,25.11941056910572,8
312,4,3,2,47,0.061224489795918366,0.04081632653061224,0.9591836734693877,49,1200,900,300,0.75,15,9,6,329.75470784064436,0.4535147392290249,0.14946288753350356,0.1723636770172446,126829.56271701364,-1435.4709201389126,125394.09179687472,308,0,104.75510204081633,43,6,16,39.8731041020338,0.5767926356589148,48.17708333333332,1007.2916666666647,23.425387596899178,0
313,4,0,1,46,0.0,0.02127659574468085,0.9787234042553191,47,1550,1000,550,0.6451612903225806,21,10,11,337.44939068290796,0.45002698119025597,0.16708873198204222,0.17614824296170056,126774.66540660097,-843.9932809026106,125930.67212569836,309,1,109.95744680851064,42,5,16,39.73567946374162,0.5776289682539683,48.23158914728681,1007.073643410851,23.977943890734547,0
314,4,2,3,45,0.041666666666666664,0.0625,0.9375,48,1400,1100,300,0.7857142857142857,17,11,6,334.91538627256483,0.45200760933806144,0.2050741132468803,0.17448658337046466,126695.52576303155,-1090.1405815418752,125605.38518148968,310,0,105.6875,44,4,13,39.88070603022777,0.5741003787878788,48.31018518518518,1006.7592592592592,22.880892255892256,8
315,4,1,1,45,0.021739130434782608,0.021739130434782608,0.9782608695652174,46,1400,1000,400,0.7142857142857143,18,10,8,344.9006799557973,0.44855072463768114,0.21980211280574524,0.17950041399703526,126652.71392945146,-463.4785694970153,126189.23535995444,311,0,110.84782608695652,42,4,15,39.67338114491079,0.5763888888888888,48.35271317829458,1006.5891472868226,23.966408268733872,0
316,4,1,0,46,0.021739130434782608,0.0,1.0,46,1100,600,500,0.5454545454545454,16,6,10,391.86445665523945,0.44787640901771336,0.2962489343563506,0.19258930879217262,124279.88627958608,617.8084227521344,124897.69470233821,312,0,111.71739130434783,38,8,14,40.95280188578164,0.5583881578947368,50.72115384615386,997.1153846153869,26.239878542510183,8
317,4,3,0,49,0.061224489795918366,0.0,1.0,49,1400,1100,300,0.7857142857142857,17,11,6,383.80059474088716,0.452327806122449,0.33912940898902955,0.19324069525661644,125289.51930084,-170.2800866318235,125119.23921420817,313,0,105.81632653061224,35,14,17,40.10452793834297,0.5744047619047619,49.71064814814814,1001.1574074074058,28.60449735449731,0
318,4,5,0,54,0.09259259259259259,0.0,1.0,54,1750,1400,350,0.8,21,14,7,368.6013867156677,0.4586754600512462,0.37860147771060904,0.19276441904281916,126849.74163790264,-1444.0740449042726,125405.66759299836,314,0,96.92592592592592,38,16,17,38.87408526885141,0.584703947368421,48.15705128205128,1007.3717948717944,26.509784075573535,0
319,4,4,3,55,0.06896551724137931,0.05172413793103448,0.9482758620689655,58,1850,1400,450,0.7567567567567568,23,14,9,343.406593406594,0.46302177858439203,0.37419477074649565,0.18382352941176455,127793.20987654287,-2822.7626881072715,124970.4471884356,315,0,91.17241379310344,41,17,15,38.54166666666668,0.589430894308943,47.22222222222221,1011.1111111111084,24.66124661246606,0
320,4,1,3,53,0.017857142857142856,0.05357142857142857,0.9464285714285714,56,1150,600,550,0.5217391304347826,17,6,11,353.45567548058966,0.4621956168831169,0.3815155932502874,0.18862634562775982,127670.36132812474,-2174.837239583364,125495.52408854138,316,0,95.23214285714286,39,17,16,38.41347144918574,0.5913461538461539,47.343749999999986,1010.624999999998,25.913461538461487,0
321,4,0,2,51,0.0,0.03773584905660377,0.9622641509433962,53,1650,1300,350,0.7878787878787878,20,13,7,365.56426767627846,0.4600114900822448,0.41058196376827594,0.18551052047628575,125615.07100820016,-1389.8711941955944,124225.19981400456,317,1,100.79245283018868,38,15,16,40.22411986216206,0.5720942982456141,49.38568376068377,1002.4572649572661,26.380454340980688,8
322,4,2,0,53,0.03773584905660377,0.0,1.0,53,1750,1400,350,0.8,21,14,7,359.4620920110541,0.461553580067731,0.40809342584875563,0.18384030236493495,125936.57687057131,-1546.1149234786965,124390.46194709261,318,0,101.41509433962264,38,15,19,40.04501507894272,0.5753837719298245,49.065170940170944,1003.7393162393167,26.414192532613598,0
323,4,0,1,52,0.0,0.018867924528301886,0.9811320754716981,53,1000,600,400,0.6,14,6,8,357.1728308409228,0.46158381712627,0.40305918589031786,0.18290752541755598,125990.2011309263,-1599.9446407699643,124390.25649015635,319,1,102.41509433962264,38,15,19,40.047133837040185,0.5759320175438596,49.011752136752136,1003.9529914529916,26.419815564552408,0
324,4,2,1,53,0.037037037037037035,0.018518518518518517,0.9814814814814815,54,1950,1500,450,0.7692307692307693,24,15,9,348.93801915947626,0.4640694153272769,0.40848678596847154,0.18128225054953706,126580.82133693104,-1966.2163735481126,124614.60496338292,320,0,101.31481481481481,38,16,16,39.64570725837845,0.5819627192982456,48.424145299145295,1006.3034188034183,26.48166891587943,0
325,4,0,3,50,0.0,0.05660377358490566,0.9433962264150944,53,1350,700,650,0.5185185185185185,20,7,13,307.83238007471846,0.463760885341074,0.22591204482492322,0.15541494434607644,125402.78607273035,-2748.7103533320424,122654.0757193983,321,1,104.0,43,10,15,41.889339289653655,0.5622577519379846,49.59753787878789,1001.6098484848501,23.29325229034535,7
326,4,4,3,51,0.07407407407407407,0.05555555555555555,0.9444444444444444,54,1700,1100,600,0.6470588235294118,23,11,12,305.47686296162544,0.46602026554856746,0.282966376514763,0.15708170441391672,126160.08659122107,-3092.2025034293324,123067.88408779174,322,0,102.81481481481481,44,10,19,41.17031490015363,0.568655303030303,48.8425925925926,1004.6296296296315,22.832491582491624,0
327,4,1,3,49,0.019230769230769232,0.057692307692307696,0.9423076923076923,52,2100,1700,400,0.8095238095238095,25,17,8,321.60951994384607,0.4631960155857215,0.3069355329287551,0.166640796138709,126472.11192177463,-2265.072959710734,124207.0389620639,323,0,104.25,43,9,15,40.44475302830605,0.5731589147286822,48.532196969696976,1005.8712121212127,23.392353770260762,0
328,4,0,0,49,0.0,0.0,1.0,49,1500,1100,400,0.7333333333333333,19,11,8,334.9805314520274,0.460671768707483,0.30049695001825616,0.1730528667182718,126350.1710807885,-1335.0305084605811,125015.14057232792,324,1,105.57142857142857,40,9,17,40.23383537181171,0.5763020833333333,48.65345528455284,1005.3861788617882,25.134654471544703,0
329,4,0,1,48,0.0,0.02040816326530612,0.9795918367346939,49,1500,900,600,0.6,21,9,12,334.74030734971177,0.4603351757369614,0.3039020639066823,0.17357749096148717,126503.47764434169,-1330.8374025051535,125172.64024183653,325,2,106.57142857142857,40,9,18,40.08233154864127,0.5778645833333333,48.50101626016259,1005.9959349593472,25.14989837398368,0
330,4,1,1,48,0.02040816326530612,0.02040816326530612,0.9795918367346939,49,2250,1900,350,0.8444444444444444,26,19,7,329.33597126917243,0.4608134920634921,0.30017092608991125,0.17195571524117476,126784.7810909511,-1449.0421954524472,125335.73889549865,326,0,106.87755102040816,40,9,19,39.92957450386815,0.5807291666666667,48.22154471544715,1007.1138211382109,25.177845528455272,0
331,4,1,1,48,0.02040816326530612,0.02040816326530612,0.9795918367346939,49,1300,800,500,0.6153846153846154,18,8,10,326.8839165569854,0.46017573696145125,0.29930326637612104,0.171536226688475,126989.56164485407,-1497.8309455350845,125491.73069931898,327,0,107.63265306122449,40,9,20,39.78141594407473,0.5828125,48.01829268292682,1007.9268292682912,25.19817073170728,0
332,4,3,3,48,0.058823529411764705,0.058823529411764705,0.9411764705882353,51,1600,1200,400,0.75,20,12,8,341.36101157648574,0.4622549019607843,0.3898133749600319,0.17417350218576963,125839.82051234387,-1584.2723411990198,124255.54817114485,328,0,103.03921568627452,40,11,18,40.59893986967826,0.57109375,49.16158536585366,1003.3536585365855,25.083841463414636,8
333,4,1,0,49,0.02040816326530612,0.0,1.0,49,1450,800,650,0.5517241379310345,21,8,13,356.54520006353016,0.46145124716553293,0.40721162307145753,0.1821114227404427,125882.96402449053,-823.4066814595625,125059.55734303097,329,0,106.57142857142857,38,11,20,40.17353348238048,0.5748355263157895,49.118589743589745,1003.5256410256416,26.408569500674776,0
334,4,0,1,48,0.0,0.02040816326530612,0.9795918367346939,49,1650,1100,550,0.6666666666666666,22,11,11,350.3076695799611,0.46141581632653056,0.3982165447728243,0.1801207331598175,126156.94400058842,-961.0455322286143,125195.89846835981,330,1,107.57142857142857,36,13,20,40.04759369278481,0.5813078703703703,48.84572072072072,1004.6171171171171,27.90603103103103,0
335,4,1,2,47,0.02040816326530612,0.04081632653061224,0.9591836734693877,49,1800,1300,500,0.7222222222222222,23,13,10,348.0556883084796,0.4617524092970522,0.3884085653966016,0.18032676380344184,126468.25034493944,-996.4012154046055,125471.84912953484,331,0,108.22448979591837,36,13,17,39.783689729810426,0.5844907407407407,48.53603603603603,1005.8558558558551,27.94044044044042,0
336,4,1,1,47,0.020833333333333332,0.020833333333333332,0.9791666666666666,48,1850,1400,450,0.7567567567567568,23,14,9,348.5525876775436,0.4616393321513002,0.3866566034119232,0.18115150925620088,126596.50051708247,-774.892430769886,125821.60808631258,332,0,108.25,35,13,18,39.639280237684495,0.5877976190476191,48.40856481481482,1006.3657407407406,28.753306878306876,0
337,4,0,0,47,0.0,0.0,1.0,47,1350,800,550,0.5925925925925926,19,8,11,360.55210753802487,0.4598751156336725,0.3918564105073834,0.1873879602536241,126596.50051708262,-271.0729863254275,126325.4275307572,333,1,111.34042553191489,35,12,18,39.33738259536133,0.5877976190476191,48.408564814814824,1006.365740740742,28.753306878306915,0
338,4,2,0,49,0.04081632653061224,0.0,1.0,49,950,600,350,0.631578947368421,13,6,7,342.1897411379002,0.4622130102040816,0.3789846517119242,0.18002155946819992,127092.0138888891,-1102.0833333333082,125989.93055555578,334,0,107.75510204081633,38,11,20,39.290633608815426,0.587171052631579,47.91666666666668,1008.3333333333351,26.535087719298293,0
339,4,1,0,50,0.02,0.0,1.0,50,950,800,150,0.8421052631578947,11,8,3,335.5198518316954,0.4634948979591837,0.36081256666343475,0.16707948971222913,124830.48386702986,-1623.378909771084,123207.10495725878,335,0,106.58,42,8,20,41.78726687998966,0.5577876984126984,50.169573643410835,999.3217054263537,23.793373938722706,8
340,4,9,11,48,0.15254237288135594,0.1864406779661017,0.8135593220338984,59,2100,1700,400,0.8095238095238095,25,17,8,296.0134357270107,0.47049727255016555,0.3712886542891569,0.1538217619703973,126590.1702964191,-4281.818061073483,122308.35223534562,336,0,91.16949152542372,45,14,15,40.967596759675985,0.5717592592592593,48.41485507246378,1006.3405797101473,22.36312399355883,0
341,4,5,2,51,0.09433962264150944,0.03773584905660377,0.9622641509433962,53,1400,800,600,0.5714285714285714,20,8,12,325.06644473677176,0.46779753265602325,0.3845146153094148,0.16774819207004527,126305.47417534712,-2388.465711805563,123917.00846354156,337,0,100.81132075471699,39,14,18,40.528929188255645,0.5774572649572649,48.697916666666664,1005.2083333333325,25.774572649572626,0
342,4,1,3,49,0.019230769230769232,0.057692307692307696,0.9423076923076923,52,1700,1300,400,0.7647058823529411,21,13,8,326.09489041692734,0.4661497611865259,0.3866954636743274,0.1684939979820228,126357.83420138899,-2159.0711805555516,124198.76302083344,338,0,103.73076923076923,39,13,20,40.44930238983282,0.5779914529914529,48.645833333333336,1005.4166666666675,25.779914529914553,0
343,4,0,2,47,0.0,0.04081632653061224,0.9591836734693877,49,1050,400,650,0.38095238095238093,17,4,13,331.5095045137857,0.4647463151927438,0.3707710835530389,0.17065390749601272,126204.81231508868,-1432.3810404339329,124772.43127465475,339,2,107.51020408163265,38,11,21,40.47049441786284,0.578125,48.79807692307692,1004.8076923076917,26.442307692307676,0
344,4,2,0,49,0.04081632653061224,0.0,1.0,49,1450,1200,250,0.8275862068965517,17,12,5,321.0710424355326,0.46534863945578236,0.34649557858303504,0.16782470164062707,126829.56271701398,-1655.740017361107,125173.82269965287,340,0,100.10204081632654,39,10,22,40.09177869700102,0.5827991452991452,48.177083333333336,1007.2916666666674,25.827991452991473,0
345,4,3,3,49,0.057692307692307696,0.057692307692307696,0.9423076923076923,52,1650,1000,650,0.6060606060606061,23,10,13,297.964306681324,0.46704531171442937,0.3270507532905682,0.15865362467697047,127579.22620670547,-2796.646328553628,124782.57987815184,341,0,95.26923076923077,40,12,16,39.90837608557153,0.5888020833333334,47.43394308943088,1010.2642276422749,25.256605691056873,0
346,4,3,1,51,0.057692307692307696,0.019230769230769232,0.9807692307692307,52,1700,1000,700,0.5882352941176471,24,10,14,299.09756318729393,0.4661419054801408,0.34005922963745494,0.16040503191449007,127868.4524301616,-2750.9714939216683,125117.48093623994,342,0,96.21153846153847,41,11,21,39.58507029589669,0.5901930894308943,47.14781746031745,1011.4087301587278,24.66850561362751,0
347,4,0,0,51,0.0,0.0,1.0,51,1250,800,450,0.64,17,8,9,305.3983881473516,0.46498366013071896,0.3382746989471028,0.1637567219203904,127861.72251966437,-2390.2472073501062,125471.47531231426,343,1,99.09803921568627,40,11,22,39.43260986066453,0.5916666666666667,47.154471544715456,1011.3821138211395,25.284552845528488,0
348,4,0,1,50,0.0,0.0196078431372549,0.9803921568627451,51,1650,1100,550,0.6666666666666666,22,11,11,304.6639230229371,0.4645915032679739,0.329621663389402,0.16400404637240015,128019.00397022239,-2399.445605788614,125619.55836443377,344,2,100.09803921568627,41,10,23,39.29098045943206,0.5917174796747968,46.99900793650794,1012.0039682539687,24.683023615950454,0
349,4,2,2,50,0.038461538461538464,0.038461538461538464,0.9615384615384616,52,1050,600,450,0.5714285714285714,15,6,9,295.7345494980497,0.46456290849673204,0.3350739738458297,0.1615479754277611,128604.6791675799,-2793.123069240556,125811.55609833935,345,0,98.0576923076923,38,14,16,38.92173126887156,0.6025219298245614,46.42094017094018,1014.3162393162402,26.692532613585268,0
350,4,0,5,45,0.0,0.1,0.9,50,1450,1100,350,0.7586206896551724,18,11,7,337.4174807745829,0.4629761904761905,0.34520705032915733,0.17518179900413539,126553.94500146073,-1393.9454123749342,125159.9995890858,346,1,96.04,38,12,15,39.963146811070985,0.5816885964912281,48.450854700854684,1006.1965811965787,26.478857399909966,8
351,4,6,3,48,0.11764705882352941,0.058823529411764705,0.9411764705882353,51,1250,1000,250,0.8,15,10,5,326.7550336183073,0.467859477124183,0.3445505422325894,0.17234726283004817,127197.07031249987,-1887.5434027777922,125309.52690972207,347,0,92.82352941176471,39,12,19,39.572146495938306,0.5865384615384616,47.81249999999999,1008.749999999999,25.86538461538459,0
352,4,1,1,48,0.02040816326530612,0.02040816326530612,0.9795918367346939,49,1150,700,450,0.6086956521739131,16,7,9,332.325078513575,0.46545493197278914,0.3381621630967333,0.17541339946359316,127226.70945878042,-1343.8747580174258,125882.834700763,348,0,92.9795918367347,38,11,21,39.401320201913215,0.5885416666666667,47.78311965811964,1008.8675213675184,26.54914529914522,0
353,4,0,1,47,0.0,0.020833333333333332,0.9791666666666666,48,1500,1000,500,0.6666666666666666,20,10,10,340.90379287933877,0.46464982269503546,0.3399698402347573,0.179957303401193,127230.25504241681,-925.344697406904,126304.9103450099,349,1,95.125,37,11,21,39.18131634242655,0.5903716216216216,47.77960526315789,1008.8815789473678,27.26706970128021,0
354,4,0,0,47,0.0,0.0,1.0,47,1300,800,500,0.6153846153846154,18,8,10,343.353134357174,0.46365248226950356,0.33012347219622407,0.1819949515271445,127396.24361582403,-651.6200898353443,126744.62352598869,350,2,93.36170212765957,37,10,15,38.94941801527821,0.5920608108108107,47.61513157894736,1009.53947368421,27.28485064011378,0
355,4,0,4,43,0.0,0.0851063829787234,0.9148936170212766,47,1000,500,500,0.5,15,5,10,337.5022546316577,0.4629586802343509,0.3228480397451132,0.17969714638496362,127577.25180802094,-788.4779750164446,126788.7738330045,351,3,94.36170212765957,38,9,15,38.911802030456855,0.5921052631578947,47.43589743589743,1010.2564102564095,26.585695006747617,0
356,4,0,1,42,0.0,0.023255813953488372,0.9767441860465116,43,1100,600,500,0.5454545454545454,16,6,10,369.33556689334284,0.4585179032853452,0.33319228909306675,0.19344407414512713,126912.01814058959,774.624433106577,127686.64257369617,352,5,103.37209302325581,34,9,19,38.7914992911153,0.5931372549019608,48.095238095238095,1007.6190476190478,29.6358543417367,0
357,4,0,0,42,0.0,0.0,1.0,42,2000,1300,700,0.65,27,13,14,380.0745295090667,0.45847851335656215,0.33891460494812486,0.19939431647749972,126978.48820103887,1252.2578321564806,128230.74603319535,353,6,106.45238095238095,36,6,20,38.45251396648045,0.5896990740740741,48.02927927927928,1007.8828828828828,27.996746746746744,0
358,4,1,2,41,0.023255813953488372,0.046511627906976744,0.9534883720930233,43,1250,1000,250,0.8,15,10,5,374.1094078008679,0.4595561092654116,0.34249023014650715,0.199165146461616,127572.62613378657,945.376102108697,128518.00223589527,354,0,104.95348837209302,34,9,18,37.99198680179118,0.5998774509803921,47.440476190476176,1010.238095238093,29.71288515406156,0
359,4,0,2,39,0.0,0.04878048780487805,0.9512195121951219,41,1400,1000,400,0.7142857142857143,18,10,8,388.18116857745304,0.4579014227642277,0.34483137326682844,0.20566656347095646,127378.63363751138,1689.1973714416756,129067.83100895306,355,1,110.0,32,9,18,37.83614759224515,0.6025390625,47.63257575757575,1009.4696969696961,31.545928030303003,0
360,4,2,0,41,0.04878048780487805,0.0,1.0,41,700,500,200,0.7142857142857143,9,5,4,374.5121054288092,0.4603404471544716,0.31552125241286366,0.20052559259526945,127803.53597474517,1372.7942678296638,129176.33024257484,356,0,100.34146341463415,33,8,20,37.74479356037653,0.6044823232323233,47.21200980392156,1011.1519607843127,30.640968508615536,0
361,4,2,3,40,0.046511627906976744,0.06976744186046512,0.9302325581395349,43,1250,700,550,0.56,18,7,11,357.63992132899216,0.46006367663344405,0.30908497408501434,0.19526471218728694,128584.36113522362,597.380160108007,129181.74129533162,357,0,96.62790697674419,35,8,17,37.372689147552215,0.6080357142857142,46.440972222222214,1014.23611111111,28.97817460317457,0
362,4,0,0,40,0.0,0.0,1.0,40,1100,900,200,0.8181818181818182,13,9,4,382.90233534860874,0.4598157051282051,0.30730452674897113,0.20676726108824872,128144.53125,1813.3680555555547,129957.89930555556,358,1,103.025,32,8,24,37.182784636488336,0.6103515625,46.875,1012.5,31.640625,0
363,4,0,0,40,0.0,0.0,1.0,40,500,200,300,0.4,8,2,6,382.105531762318,0.45958867521367525,0.30725283630470024,0.20666678828493282,128208.45967567092,1797.8323321599944,130006.29200783091,359,2,104.025,32,8,24,37.13741013173753,0.6110026041666667,46.81186868686869,1012.7525252525259,31.648516414141433,0
364,4,0,0,40,0.0,0.0,1.0,40,1150,700,450,0.6086956521739131,16,7,9,381.402043846624,0.45958867521367525,0.30468224299065394,0.20694735644821896,128336.36435376496,1789.5503328741993,130125.91468663917,360,3,105.025,32,8,24,37.02414330218069,0.6123046875,46.68560606060606,1013.2575757575761,31.664299242424253,0
365,4,2,0,42,0.047619047619047616,0.0,1.0,42,1350,1000,350,0.7407407407407407,17,10,7,364.1467420498058,0.4600633952768099,0.30894904078689156,0.20163535237587604,129142.56071030517,1005.3685485253748,130147.92925883055,361,0,100.97619047619048,35,7,22,36.637914673954306,0.6136904761904762,45.8912037037037,1016.4351851851849,29.04100529100528,0
366,4,1,2,41,0.023255813953488372,0.046511627906976744,0.9534883720930233,43,1450,900,550,0.6206896551724138,20,9,11,355.83446582443736,0.46174787744555185,0.29713707659842936,0.19915552040121656,129564.73922902493,620.746746486658,130185.48597551159,362,0,99.6046511627907,34,9,18,36.41935609603992,0.6200980392156863,45.476190476190474,1018.095238095238,29.94397759103641,0
367,4,1,0,42,0.023809523809523808,0.0,1.0,42,1400,1200,200,0.8571428571428571,16,12,4,355.66015590881295,0.46091027874564455,0.28657654650645314,0.20029282464338416,129807.2562358277,833.4537981859462,130640.71003401365,363,0,95.02380952380952,34,8,20,36.17722936137072,0.6225490196078431,45.23809523809524,1019.0476190476194,29.971988795518218,0
368,4,1,0,43,0.023255813953488372,0.0,1.0,43,1250,500,750,0.4,20,5,15,348.6689767161506,0.4607788851974899,0.2829527708605921,0.1980583568769062,130144.4615912208,475.46724965705965,130619.92884087785,364,0,93.79069767441861,35,8,21,36.013120084694506,0.6238095238095238,44.907407407407405,1020.3703703703699,29.153439153439137,0
369,4,1,2,42,0.022727272727272728,0.045454545454545456,0.9545454545454546,44,1550,1200,350,0.7741935483870968,19,12,7,312.75194840096765,0.46171379492600423,0.23416542473919555,0.17343517138599088,129201.38888888867,-693.7007030178579,128507.68818587081,365,0,92.63636363636364,37,7,21,37.88422131147541,0.6103603603603603,45.83333333333332,1016.6666666666649,27.47747747747743,8
370,4,2,2,42,0.045454545454545456,0.045454545454545456,0.9545454545454546,44,1400,1000,400,0.7142857142857143,18,10,8,314.43570003971854,0.46298009161381254,0.24511325688208152,0.17573188461581596,129508.13140822161,-655.6040079640057,128852.5274002576,366,0,93.1590909090909,37,7,19,37.53040952996516,0.6134572072072072,45.53179824561403,1017.8728070175426,27.51007586533899,0
371,4,0,0,42,0.0,0.0,1.0,42,1050,600,450,0.5714285714285714,15,6,9,330.89223327062655,0.46002710027100274,0.2568306010928971,0.18349478390461982,129201.38888888864,150.3472222221967,129351.73611111083,367,1,98.5,35,7,23,37.42315573770493,0.6142857142857143,45.83333333333332,1016.6666666666647,29.04761904761899,0
372,4,0,2,40,0.0,0.047619047619047616,0.9523809523809523,42,1500,1100,400,0.7333333333333333,19,11,8,333.0638679541986,0.4589140534262486,0.2609946367625551,0.18552797207334637,129377.95380015431,218.2243441358005,129596.17814429011,368,2,99.5,35,7,23,37.18856655290102,0.6160714285714286,45.65972222222222,1017.3611111111111,29.067460317460316,0
373,4,1,0,41,0.024390243902439025,0.0,1.0,41,1100,800,300,0.7272727272727273,14,8,6,339.72954162919916,0.45929878048780487,0.26649328576765186,0.19028859001666945,129595.04145408176,605.4528061224589,130200.49426020421,369,0,95.41463414634147,34,7,20,36.79849175727813,0.6204044117647058,45.44642857142858,1018.2142857142868,29.94747899159667,0
374,4,1,0,42,0.023809523809523808,0.0,1.0,42,1450,1100,350,0.7586206896551724,18,11,7,332.0608785537271,0.4591076267905536,0.2645242566263224,0.18753257227366762,129917.93894823885,228.13298940833727,130146.07193764718,370,0,94.11904761904762,36,6,21,36.66625243933872,0.6195023148148149,45.12950450450451,1019.4819819819825,28.318943943943957,0
375,4,0,0,42,0.0,0.0,1.0,42,1600,1300,300,0.8125,19,13,6,329.54233217739875,0.4584422183507549,0.2544614931743754,0.1869332490416442,130090.20580969502,174.0459631929466,130264.25177288796,371,1,95.11904761904762,36,6,22,36.55595724325717,0.6212384259259259,44.9605855855856,1020.1576576576592,28.337712712712758,0
376,4,0,1,41,0.0,0.023809523809523808,0.9761904761904762,42,1600,900,700,0.5625,23,9,14,328.45188404121967,0.45789779326364694,0.25155850362644183,0.1874180763122557,130320.07250071035,160.77466824934265,130480.84716895969,372,2,96.11904761904762,36,6,22,36.35114517848607,0.6235532407407407,44.73536036036037,1021.05855855856,28.362737737737778,0
377,4,0,1,40,0.0,0.024390243902439025,0.975609756097561,41,1150,700,450,0.6086956521739131,16,7,9,335.36026655560227,0.45701219512195124,0.2508710801393734,0.19107736117702898,130262.58680555545,536.9791666666605,130799.5659722221,373,3,99.1951219512195,35,6,23,36.232993197278915,0.625,44.791666666666664,1020.8333333333325,29.166666666666643,0
378,4,0,0,40,0.0,0.0,1.0,40,900,500,400,0.5555555555555556,13,5,8,341.5120539299375,0.4562232905982906,0.2549755159146565,0.19488681879953887,130323.35778061204,901.3995181405677,131224.7572987526,374,4,101.7,34,6,23,36.014437837627774,0.6277573529411764,44.73214285714285,1021.0714285714268,30.031512605041968,0
379,4,0,0,40,0.0,0.0,1.0,40,1500,800,700,0.5333333333333333,22,8,14,341.37001740279817,0.45596955128205124,0.25676203239715645,0.19541668574605797,130444.94224773235,905.9984410430741,131350.94068877542,375,5,102.7,34,6,24,35.89495202579342,0.6289828431372548,44.613095238095234,1021.5476190476185,30.045518207282896,0
380,4,0,0,40,0.0,0.0,1.0,40,1550,900,650,0.5806451612903226,22,9,13,341.36264192059156,0.45544871794871794,0.25424187725631797,0.19633496357482394,130627.42524092972,918.2645975056698,131545.68983843538,376,6,103.7,34,6,20,35.7104731959163,0.6308210784313726,44.43452380952381,1022.2619047619048,30.06652661064426,0
381,4,0,0,40,0.0,0.0,1.0,40,1150,800,350,0.6956521739130435,15,8,7,340.8950765773883,0.45506143162393164,0.2520663562281722,0.19652944347649434,130718.71456916102,912.2732426303844,131630.9878117914,377,7,104.7,34,6,20,35.63009313154831,0.6317401960784313,44.345238095238095,1022.6190476190478,30.077030812324935,0
382,4,0,0,40,0.0,0.0,1.0,40,1150,600,550,0.5217391304347826,17,6,11,344.2273102519583,0.45404647435897433,0.25425878519897616,0.19907735560601134,130840.48327664396,1007.7735260770935,131848.25680272107,378,8,105.7,34,6,21,35.421757427662705,0.6329656862745099,44.226190476190474,1023.095238095238,30.09103641456582,0
383,4,0,0,40,0.0,0.0,1.0,40,1150,900,250,0.782608695652174,14,9,5,344.54820966312525,0.45379273504273504,0.25432418285448466,0.19973573556803012,130931.84700963712,1022.4666950113314,131954.31370464843,379,9,106.7,34,6,21,35.32118762358963,0.6338848039215687,44.13690476190476,1023.4523809523804,30.10154061624648,0
384,4,0,0,40,0.0,0.0,1.0,40,1400,1000,400,0.7142857142857143,18,10,8,379.8289602137113,0.45311164529914527,0.21245624270711816,0.21557180059811284,130110.72137188197,1892.1272675736807,132002.84863945565,380,10,107.7,34,6,17,35.25257681835861,0.6256127450980392,44.94047619047618,1020.2380952380943,30.00700280112042,8
385,4,1,0,41,0.024390243902439025,0.0,1.0,41,900,600,300,0.6666666666666666,12,6,6,371.66450665169316,0.45358231707317076,0.21155452990092716,0.21292555381073627,130475.34722222215,1498.6996882086073,131974.04691043074,381,0,106.04878048780488,34,7,18,35.090402392604666,0.6292892156862745,44.58333333333333,1021.666666666666,30.049019607843118,0
386,4,1,0,42,0.023809523809523808,0.0,1.0,42,1200,900,300,0.75,15,9,6,361.80189666124613,0.45438927603561746,0.20954482030395605,0.20915415072522917,130824.41332572441,1066.5041741683758,131890.9174998928,382,0,104.5,35,7,16,34.988521514500135,0.6306547619047619,44.241898148148145,1023.032407407407,29.229497354497344,0
387,4,0,1,41,0.0,0.023809523809523808,0.9761904761904762,42,1500,900,600,0.6,21,9,12,360.937565558198,0.4538085559427023,0.21385491887583963,0.20929645194958324,130942.84664619765,1052.4384591478001,131995.28510534545,383,1,105.5,35,7,16,34.89070922386822,0.6318452380952381,44.126157407407405,1023.4953703703699,29.242724867724853,0
388,4,0,0,41,0.0,0.0,1.0,41,1450,900,550,0.6206896551724138,20,9,11,361.3462985494335,0.45246443089430893,0.19573935596966963,0.2105038443623396,131120.59709630063,1275.9884848679717,132396.5855811686,372,2,99.73170731707317,35,6,18,34.70036633141221,0.6336309523809525,43.9525462962963,1024.1898148148152,29.26256613756615,0
389,4,0,0,41,0.0,0.0,1.0,41,1750,1200,550,0.6857142857142857,23,12,11,362.24960790171235,0.45162601626016263,0.19487948155577373,0.21151936208086777,131209.51753257882,1306.1192558299035,132515.6367884087,373,3,100.73170731707317,35,6,18,34.587287242054536,0.6345238095238095,43.86574074074074,1024.5370370370367,29.272486772486765,0
390,4,0,1,40,0.0,0.024390243902439025,0.975609756097561,41,1250,1000,250,0.8,15,10,5,359.9721432378321,0.4507876016260162,0.19223851511537982,0.21100885809536915,131358.63272392293,1257.1432945606214,132615.77601848356,374,4,101.73170731707317,34,7,18,34.494880579104255,0.6381740196078431,43.720238095238095,1025.1190476190477,30.150560224089638,0
391,4,0,0,40,0.0,0.0,1.0,40,1250,800,450,0.64,17,8,9,363.4174937490058,0.45069444444444445,0.18990016252612052,0.21353876474447037,131450.17715419494,1554.2587868480698,133004.43594104302,375,5,102.95,34,6,18,34.314052704899005,0.639093137254902,43.63095238095238,1025.4761904761901,30.1610644257703,0
392,4,0,0,40,0.0,0.0,1.0,40,900,800,100,0.8888888888888888,10,8,2,363.4711464792876,0.45049412393162397,0.19218115353371212,0.21408276617990582,131541.7534722223,1562.3263888888991,133104.0798611112,376,6,103.95,34,6,19,34.22014622258327,0.6400122549019608,43.54166666666667,1025.8333333333342,30.171568627451006,0
393,4,0,0,40,0.0,0.0,1.0,40,1150,800,350,0.6956521739130435,15,8,7,362.1391588783422,0.45017361111111115,0.18774509803921546,0.2136397953711452,131602.82206632654,1531.7070578231228,133134.52912414967,377,7,104.95,34,6,16,34.192626754843936,0.640625,43.482142857142854,1026.0714285714284,30.178571428571423,0
394,4,0,0,40,0.0,0.0,1.0,40,1450,1200,250,0.8275862068965517,17,12,5,364.4256691321225,0.44934561965811964,0.18927660561094362,0.21619916244385753,131816.6737528345,1607.4759070294822,133424.14965986396,378,8,105.95,34,6,17,33.91804814900687,0.6427696078431373,43.273809523809526,1026.9047619047622,30.203081232493005,0
395,4,0,0,40,0.0,0.0,1.0,40,1000,700,300,0.7,13,7,6,363.47061297361665,0.44898504273504275,0.19089859154929645,0.21606173410186513,131892.24222232934,1587.790825402949,133480.0330477323,379,9,106.95,35,5,17,33.86631455399063,0.6413690476190477,43.20023148148148,1027.1990740740737,29.34854497354496,0
396,4,1,1,40,0.024390243902439025,0.024390243902439025,0.975609756097561,41,1800,1400,400,0.7777777777777778,22,14,8,359.053637676113,0.44837398373983745,0.19616301449213425,0.21597584512486148,132340.06123944905,1303.436079660757,133643.4973191098,380,0,105.3170731707317,36,5,18,33.528510452008334,0.6438078703703703,42.76463963963965,1028.9414414414425,28.581706706706736,0
397,4,0,0,40,0.0,0.0,1.0,40,1200,900,300,0.75,15,9,6,359.5666632161896,0.44759615384615387,0.18030575539568372,0.21730333124804513,132517.14677640607,1529.7623386649977,134046.90911507106,360,1,99.45,35,5,20,33.33708033573143,0.6476190476190475,42.592592592592595,1029.62962962963,29.41798941798943,0
398,4,0,0,40,0.0,0.0,1.0,40,900,500,400,0.5555555555555556,13,5,8,358.48820517060744,0.44664797008547014,0.18468648162714918,0.21716722517448855,132606.53941883147,1507.5760620284664,134114.11548085994,361,2,100.45,35,5,20,33.27492321234596,0.6485119047619048,42.50578703703704,1029.9768518518522,29.42791005291006,0
399,4,1,0,41,0.024390243902439025,0.0,1.0,41,1500,1000,500,0.6666666666666666,20,10,10,354.2783707639209,0.4464176829268293,0.18696435845484993,0.21709325448617264,133036.20501836302,1226.3699933041275,134262.57501166716,362,0,98.97560975609755,36,5,17,32.9517337990758,0.6507523148148149,42.08896396396397,1031.6441441441448,28.6567817817818,0
400,4,0,1,40,0.0,0.024390243902439025,0.975609756097561,41,650,300,350,0.46153846153846156,10,3,7,353.59276805282246,0.4459857723577236,0.18579493881809928,0.21701075242250595,133094.29943034265,1212.2363495252177,134306.53577986787,363,1,99.97560975609755,36,5,17,32.91111899305179,0.6513310185185186,42.032657657657666,1031.8693693693704,28.663038038038067,0
401,4,0,0,40,0.0,0.0,1.0,40,650,400,250,0.6153846153846154,9,4,5,354.5132080039799,0.444911858974359,0.17730001062360579,0.21796426041420416,133160.81781173067,1441.4537405740396,134602.2715523047,364,2,101.425,37,3,17,32.820633698077145,0.6500563063063063,41.96820175438597,1032.1271929824572,27.895329540066413,0
402,4,0,1,39,0.0,0.025,0.975,40,1200,900,300,0.75,15,9,6,352.8397995894509,0.44439102564102567,0.17188893607984768,0.21776181078200832,133302.3201850569,1406.8727877808547,134709.19297283774,365,3,102.425,37,3,17,32.72191548099384,0.6514639639639639,41.83114035087719,1032.675438596491,27.91014698909435,0
403,4,0,0,39,0.0,0.0,1.0,39,750,500,250,0.6666666666666666,10,5,5,353.8165892893794,0.4445569050832208,0.17368813673761707,0.21836465517217388,133302.3201850569,1632.9144544475212,134935.2346395044,366,4,105.33333333333333,37,2,17,32.69669781269909,0.6514639639639639,41.83114035087719,1032.675438596491,27.91014698909435,0
404,4,0,1,38,0.0,0.02564102564102564,0.9743589743589743,39,750,400,350,0.5333333333333333,11,4,7,352.70807275482497,0.44385402609086816,0.17007285959626506,0.2181787756679712,133387.25767784295,1609.352517120628,134996.61019496358,367,5,106.33333333333333,37,2,17,32.640178855747784,0.6523085585585586,41.74890350877192,1033.0043859649106,27.9190374585111,0
405,4,0,2,36,0.0,0.05263157894736842,0.9473684210526316,38,1300,1000,300,0.7692307692307693,16,10,6,362.0563323623807,0.44210822664770033,0.16184028703726105,0.22522186176467843,133595.26643990917,2073.8565408272975,135669.12298073646,368,6,106.5,34,4,19,32.190186933824656,0.6605392156862745,41.54761904761904,1033.8095238095227,30.40616246498596,0
406,4,0,0,36,0.0,0.0,1.0,36,1400,1200,200,0.8571428571428571,16,12,4,378.1867845993759,0.43860780423280427,0.17450716845878178,0.23447580645161292,133472.22222222213,2895.4861111111077,136367.70833333323,369,7,112.33333333333333,32,4,19,31.896841397849474,0.6640625,41.666666666666664,1033.3333333333328,32.29166666666665,0
407,4,0,1,35,0.0,0.027777777777777776,0.9722222222222222,36,1200,700,500,0.5833333333333334,17,7,10,375.30024916149,0.4379298941798942,0.16501472164556819,0.23371359242459633,133635.36126734514,2830.6768760840673,136466.0381434292,370,8,113.33333333333333,32,4,20,31.80765864777954,0.6656901041666667,41.50883838383838,1033.9646464646462,32.31139520202019,0
408,4,0,1,34,0.0,0.02857142857142857,0.9714285714285714,35,1050,900,150,0.8571428571428571,12,9,3,380.34322210146394,0.43539915966386555,0.17113553113553093,0.2370632411728301,133668.00103305775,3167.943640954989,136835.94467401275,371,9,116.22857142857143,32,3,20,31.64453601953602,0.666015625,41.47727272727272,1034.0909090909083,32.315340909090885,0
409,4,0,0,34,0.0,0.0,1.0,34,1300,1000,300,0.7692307692307693,16,10,6,388.29522491499455,0.4334707367795603,0.17338614117359796,0.2422335253068333,133700.6447843333,3583.0643875624987,137283.7091718958,372,10,119.52941176470588,32,2,17,31.406167338135354,0.6663411458333333,41.44570707070707,1034.217171717172,32.31928661616163,0
410,4,0,0,34,0.0,0.0,1.0,34,950,700,250,0.7368421052631579,12,7,5,389.35935419381553,0.43231951871657753,0.17321616947376728,0.24419117263402484,133896.59098880214,3626.7780392306845,137523.36902803282,373,11,120.52941176470588,32,2,17,31.181885649221257,0.6682942708333333,41.25631313131313,1034.9747474747471,32.34296085858585,0
411,4,0,1,33,0.0,0.029411764705882353,0.9705882352941176,34,1150,700,450,0.6086956521739131,16,7,9,388.94378346222476,0.43116830065359474,0.1689885222381633,0.24458121352685908,133994.61789613304,3623.2747296194225,137617.89262575246,374,12,121.52941176470588,32,2,18,31.094258130081286,0.6692708333333333,41.16161616161616,1035.3535353535353,32.35479797979798,0
412,4,0,0,33,0.0,0.0,1.0,33,750,600,150,0.8,9,6,3,396.6771082131918,0.43016098484848486,0.16784975366642652,0.24978408880597902,134044.6662902832,4034.490119086372,138079.15640936958,375,13,122.72727272727273,31,2,18,30.843837755144804,0.6723790322580645,41.11328125,1035.546875,33.40473790322581,0
413,4,1,0,34,0.029411764705882353,0.0,1.0,34,950,800,150,0.8421052631578947,11,8,3,401.5013751598064,0.43111259655377304,0.19165222080973843,0.23708143846443314,131638.287753642,3780.9073481811665,135419.1951018232,376,0,120.08823529411765,30,4,19,33.146965728006975,0.6510416666666667,43.44758064516129,1026.2096774193546,34.206989247311824,8
414,4,0,0,34,0.0,0.0,1.0,34,1050,800,250,0.7619047619047619,13,8,5,406.66967391512264,0.43049985145573383,0.19495402245737248,0.24078627669486088,131741.7566337148,3915.0754422476393,135656.83207596245,377,1,121.08823529411765,30,4,19,32.90946582875096,0.6520833333333333,43.34677419354838,1026.6129032258057,34.22043010752686,0
415,4,0,0,34,0.0,0.0,1.0,34,1200,600,600,0.5,18,6,12,407.53131767221277,0.4303698752228164,0.19683554049892216,0.24173441514097094,131810.75846918716,3943.402416464321,135754.16088565148,378,2,122.08823529411765,30,4,19,32.817408376963336,0.6527777777777778,43.27956989247311,1026.8817204301072,34.22939068100357,0
416,4,0,1,33,0.0,0.029411764705882353,0.9705882352941176,34,1000,700,300,0.7,13,7,6,409.891397051489,0.42938576945929885,0.19488420777181759,0.24379766129685052,131914.29509553118,4014.106941553926,135928.40203708512,379,3,123.08823529411765,30,4,20,32.65188189628854,0.6538194444444445,43.17876344086021,1027.2849462365584,34.242831541218614,0
417,4,0,0,33,0.0,0.0,1.0,33,450,300,150,0.6666666666666666,6,3,3,413.23144187246487,0.42960858585858586,0.20416958554041154,0.24591093930254387,131933.85657793196,4303.843557098751,136237.70013503073,380,4,125.6969696969697,29,4,20,32.546274390518676,0.6569683908045977,43.159722222222214,1027.3611111111102,35.426245210727934,0
418,4,0,0,33,0.0,0.0,1.0,33,850,600,250,0.7058823529411765,11,6,5,412.6475968392834,0.4287405303030303,0.19847440763533153,0.24648949670763032,132076.584201389,4300.217013888896,136376.8012152779,381,5,126.6969696969697,29,4,20,32.41664977705714,0.6584051724137931,43.020833333333336,1027.9166666666674,35.4454022988506,0
419,4,0,0,33,0.0,0.0,1.0,33,650,500,150,0.7692307692307693,8,5,3,413.4871246608126,0.4282275883838384,0.1924266980993079,0.2476908309861371,132183.6805555555,4331.249999999996,136514.9305555555,382,6,127.6969696969697,29,4,20,32.28660183684495,0.6594827586206897,42.916666666666664,1028.333333333333,35.459770114942515,0
420,4,0,0,33,0.0,0.0,1.0,33,700,500,200,0.7142857142857143,9,5,4,424.8293220266232,0.42799084595959597,0.19325298499683274,0.23436934422461433,128996.49706613475,4360.298878483056,133356.7959446178,383,7,128.6969696969697,30,3,18,35.2457660756814,0.6243055555555556,46.034946236559136,1015.8602150537629,33.86200716845876,8
421,4,0,0,33,0.0,0.0,1.0,33,1050,700,350,0.6666666666666666,14,7,7,419.01870045672365,0.4275173611111111,0.19051397337565024,0.2319633537960279,129133.07354896508,4221.834532893959,133354.90808185903,384,8,129.6969696969697,30,3,19,35.253294983690374,0.6256944444444444,45.90053763440859,1016.3978494623645,33.87992831541215,0
422,4,1,1,33,0.029411764705882353,0.029411764705882353,0.9705882352941176,34,1250,900,350,0.72,16,9,7,407.23501855127705,0.429125816993464,0.180160694537439,0.22792917752701766,129565.68611992737,3752.7369181315194,133318.42303805889,385,0,126.8529411764706,31,3,18,35.110121712068896,0.6273521505376345,45.47526041666667,1018.0989583333339,32.84190188172045,0
423,4,0,0,33,0.0,0.0,1.0,33,1300,800,500,0.6153846153846154,18,8,10,410.775582196334,0.4256234217171717,0.16589001351880017,0.2306889719685516,129698.28499688057,4055.377705891946,133753.6627027725,386,1,126.48484848484848,31,2,18,34.884448634368745,0.6286962365591398,45.34505208333334,1018.6197916666678,32.85870295698928,0
424,4,0,0,33,0.0,0.0,1.0,33,900,600,300,0.6666666666666666,12,6,6,411.46190483162854,0.4250315656565657,0.16738484887200844,0.2318583390293132,129830.95169067394,4084.098137749579,133915.04982842354,387,2,127.48484848484848,31,2,19,34.73140517865509,0.6300403225806452,45.21484375000001,1019.1406250000009,32.87550403225809,0
425,4,0,0,33,0.0,0.0,1.0,33,1300,1000,300,0.7692307692307693,16,10,6,410.4033265266555,0.4245186237373737,0.16478748398533782,0.23165448041652412,129897.31046888577,4062.0576646593067,133959.36813354507,388,3,128.4848484848485,31,2,19,34.6906001192149,0.6307123655913979,45.14973958333334,1019.4010416666678,32.88390456989251,0
426,4,2,0,35,0.05714285714285714,0.0,1.0,35,900,800,100,0.8888888888888888,10,8,2,389.05750755896935,0.43119747899159666,0.15420308279040218,0.22277878936019976,130455.99819214885,3151.489965405577,133607.4881575544,389,0,122.08571428571429,32,3,21,34.66583240637746,0.6337890625,44.602272727272734,1021.5909090909099,31.924715909090935,0
427,4,0,2,33,0.0,0.05714285714285714,0.9428571428571428,35,1000,500,500,0.5,15,5,10,388.73645927896354,0.4309873949579832,0.15610014291007235,0.22370995812237188,130649.55305899923,3157.648932506903,133807.20199150612,390,1,123.08571428571429,32,3,18,34.47727553414844,0.6357421875,44.412878787878796,1022.3484848484861,31.94839015151519,0
428,4,0,0,33,0.0,0.0,1.0,33,550,500,50,0.9090909090909091,6,5,1,410.4804300724814,0.4244397095959596,0.172355008175904,0.23367872849224264,130229.35867309569,4091.3206312391485,134320.67930433483,391,6,131.4848484848485,31,2,19,34.349752306841864,0.6340725806451613,44.82421875,1020.7031249999999,32.92590725806451,0
429,4,0,0,33,0.0,0.0,1.0,33,800,400,400,0.5,12,4,8,412.4864208520263,0.42341382575757575,0.17755014938113511,0.23543646425340706,130331.20022907287,4151.974300120346,134483.1745291932,392,7,132.4848484848485,30,3,19,34.194693080601986,0.6378472222222222,44.72446236559141,1021.1021505376357,34.03673835125452,0
430,4,0,0,33,0.0,0.0,1.0,33,1200,1000,200,0.8333333333333334,14,10,4,411.5930970965386,0.422466856060606,0.16487515665670505,0.2243539251803677,128519.04844490698,4012.0288472655843,132531.07729217256,393,8,133.4848484848485,30,3,18,36.0717126193001,0.6194444444444445,46.505376344086024,1013.9784946236563,33.79928315412187,8
431,4,1,0,34,0.029411764705882353,0.0,1.0,34,850,600,250,0.7058823529411765,11,6,5,415.4174750246738,0.4252450980392157,0.1825707790261628,0.22943475782591286,129040.97995421386,3922.9821806910227,132963.9621349049,394,0,130.52941176470588,32,2,16,35.439190588625166,0.6194661458333333,45.99116161616162,1016.0353535353536,31.7511047979798,8
432,4,1,0,35,0.02857142857142857,0.0,1.0,35,1150,1000,150,0.8695652173913043,13,10,3,404.4219975213512,0.4255252100840336,0.1747824083101417,0.2255527251228077,129426.1287910673,3468.6543464952692,132894.78313756257,395,0,127.77142857142857,32,3,16,35.32437854158913,0.6233723958333333,45.612373737373744,1017.5505050505055,31.798453282828298,0
433,4,0,1,34,0.0,0.02857142857142857,0.9714285714285714,35,1250,800,450,0.64,17,8,9,408.4290342455463,0.4238795518207283,0.17384465503498392,0.22890758590620772,129618.91842987949,3588.0259348535733,133206.94436473306,396,1,128.77142857142857,32,3,16,35.02531514775781,0.6253255208333333,45.42297979797979,1018.3080808080798,31.822127525252494,0
434,4,0,0,34,0.0,0.0,1.0,34,700,500,200,0.7142857142857143,9,5,4,432.0399041772893,0.42190285204991085,0.17286245353159857,0.22787987102684484,127197.07031250001,4248.875792329864,131445.94610482987,397,2,133.23529411764707,29,5,20,36.916993666528974,0.6088362068965517,47.8125,1008.7500000000001,34.78448275862069,8
435,4,0,0,34,0.0,0.0,1.0,34,850,400,450,0.47058823529411764,13,4,9,432.9907311248865,0.4219585561497326,0.17071452858600078,0.22897457440709076,127302.17013888895,4224.131944444451,131526.3020833334,398,3,134.23529411764707,29,5,20,36.784338012661706,0.6099137931034483,47.708333333333336,1009.1666666666672,34.79885057471266,0
436,4,0,0,34,0.0,0.0,1.0,34,650,200,450,0.3076923076923077,11,2,9,385.6528320972543,0.42155005941770646,0.1404415576494984,0.19837981683082756,126174.62158203116,2931.920030381929,129106.54161241309,399,4,135.23529411764707,31,3,20,39.14161050630724,0.592741935483871,48.82812499999999,1004.6874999999993,32.40927419354836,8
437,4,2,2,34,0.05555555555555555,0.05555555555555555,0.9444444444444444,36,1300,900,400,0.6923076923076923,17,9,8,362.9226924151325,0.4285714285714286,0.14755128516986993,0.1900605335692494,126906.72607891182,2011.466142829667,128918.19222174148,400,0,128.66666666666666,33,3,19,38.95848536446932,0.5953282828282829,48.100490196078425,1007.5980392156852,30.533273915626822,0
438,4,1,1,34,0.02857142857142857,0.02857142857142857,0.9714285714285714,35,950,700,250,0.7368421052631579,12,7,5,364.79430389548764,0.4287464985994398,0.1614629237655718,0.1927930871807087,127277.43686322545,2286.0167964244247,129563.45365964988,401,0,127.51428571428572,33,2,20,38.53028094891101,0.5991161616161615,47.73284313725489,1009.0686274509785,30.577837195484197,0
439,4,3,1,36,0.08108108108108109,0.02702702702702703,0.972972972972973,37,1100,800,300,0.7272727272727273,14,8,6,343.27422987688203,0.4335272772772773,0.1568234901568235,0.1853680841335161,128144.53124999988,1397.7430555555406,129542.27430555543,402,0,114.37837837837837,35,2,19,38.18587105624142,0.6035714285714286,46.87499999999999,1012.4999999999991,28.928571428571402,0
440,4,2,2,36,0.05263157894736842,0.05263157894736842,0.9473684210526316,38,1100,800,300,0.7272727272727273,14,8,6,335.1158801823801,0.43741109530583216,0.14898057003904697,0.18265032597833822,128515.3650271892,1013.507933609262,129528.87296079846,403,0,112.26315789473684,36,2,15,38.014123352584036,0.6053240740740741,46.509009009009,1013.9639639639627,28.165665665665628,0
441,4,1,1,36,0.02702702702702703,0.02702702702702703,0.972972972972973,37,1000,500,500,0.5,15,5,10,364.4909695081006,0.4358108108108108,0.17247953347538392,0.18689856096053684,126043.83680555572,1811.962173321989,127855.7989788777,404,0,116.27027027027027,34,3,18,39.808091286307054,0.5842524509803921,48.95833333333334,1004.166666666668,29.534313725490236,8
442,4,4,2,38,0.1,0.05,0.95,40,1100,900,200,0.8181818181818182,13,9,4,338.16156746225397,0.4451121794871795,0.17045048066174795,0.17691189371446348,126865.01323959103,580.1743466439469,127445.18758623498,405,0,108.4,36,4,18,39.6250186303003,0.5885416666666667,48.141891891891895,1007.4324324324332,27.984234234234254,0
443,4,2,1,39,0.05,0.025,0.975,40,1150,900,250,0.782608695652174,14,9,5,338.61616853672257,0.44326923076923075,0.18051474807758572,0.1782696481244991,127121.191875107,609.261092122356,127730.45296722936,406,0,109.35,35,5,20,39.350802440797274,0.5931547619047619,47.887731481481474,1008.4490740740728,28.81283068783065,0
444,4,1,0,40,0.025,0.0,1.0,40,950,700,250,0.7368421052631579,12,7,5,338.5436089066778,0.4442307692307692,0.1996876074744931,0.1795207234342217,127413.15593117694,626.9819262259733,128040.13785740291,407,0,110.225,35,5,18,39.05348408422181,0.5961309523809524,47.59837962962962,1009.6064814814799,28.845899470899425,0
445,4,2,1,41,0.047619047619047616,0.023809523809523808,0.9761904761904762,42,1000,600,400,0.6,14,6,8,329.4185763657967,0.44686411149825783,0.22454910698168606,0.1777628121324019,128116.77781865548,40.80931151889888,128157.58713017438,408,0,105.92857142857143,37,5,20,38.564907577890885,0.5993806306306306,46.90241228070174,1012.3903508771909,27.361901375059215,0
446,4,0,0,41,0.0,0.0,1.0,41,1100,500,600,0.45454545454545453,17,5,12,375.3606632622116,0.44517276422764224,0.30572513865523687,0.19421245918850616,126413.28605584388,1307.9419794691864,127721.22803531308,409,1,109.46341463414635,33,8,20,39.15376959948003,0.5902777777777778,48.5906862745098,1005.6372549019607,30.473856209150323,8
447,4,1,0,42,0.023809523809523808,0.0,1.0,42,1200,700,500,0.5833333333333334,17,7,10,369.73377454909735,0.44852158343012,0.31335170724238215,0.19395431980563504,126975.33543381354,989.4140089163326,127964.74944272987,410,0,107.83333333333333,35,7,22,38.71631450007655,0.5916666666666667,48.03240740740741,1007.8703703703712,28.796296296296322,0
448,4,0,1,41,0.0,0.023809523809523808,0.9761904761904762,42,1350,900,450,0.6666666666666666,18,9,9,363.10384855843404,0.44802555168408825,0.30615756566199925,0.19175330244910746,127246.5236477556,840.847657788899,128087.3713055445,411,1,108.83333333333333,33,9,22,38.60467529049759,0.598800505050505,47.76348039215686,1008.9460784313719,30.57412358882945,0
449,4,2,0,43,0.046511627906976744,0.0,1.0,43,1000,500,500,0.5,15,5,10,365.7263794406649,0.4530038759689923,0.2612329272794385,0.19394580727914063,127415.40310650902,719.834812623289,128135.23791913231,412,0,101.55813953488372,38,5,17,38.36507936507935,0.5904605263157895,47.596153846153854,1009.6153846153859,26.568825910931206,8
450,4,1,0,44,0.022727272727272728,0.0,1.0,44,1350,1000,350,0.7407407407407407,17,10,7,358.56307328151485,0.4546335447498238,0.2547716268484781,0.19197858534714124,127801.98703342037,365.0146484375246,128167.0016818579,413,0,100.22727272727273,39,5,18,38.1495527282717,0.5926816239316239,47.21354166666668,1011.1458333333353,25.926816239316288,0
451,4,3,5,42,0.06382978723404255,0.10638297872340426,0.8936170212765957,47,1400,1200,200,0.8571428571428571,16,12,4,340.110325940163,0.45765880357693495,0.25194902148989384,0.18508458817529377,128453.40617563984,-661.417147815217,127791.98902782463,414,0,94.76595744680851,40,7,14,37.95071010860483,0.59765625,46.57012195121953,1013.7195121951247,25.342987804878117,0
452,4,2,1,43,0.045454545454545456,0.022727272727272728,0.9772727272727273,44,1300,900,400,0.6923076923076923,17,9,8,346.567031046084,0.4562852360817477,0.2706826045926385,0.18897711692890248,128533.39489073565,109.08741151123405,128642.48230224689,415,0,97.13636363636364,37,7,17,37.7054498269896,0.6036036036036037,46.49122807017544,1014.0350877192986,27.406353722143205,0
453,4,2,0,45,0.044444444444444446,0.0,1.0,45,1200,900,300,0.75,15,9,6,336.3912804509066,0.45713383838383836,0.26916364796208936,0.1857961806069165,129042.58355034732,-318.240017361106,128724.34353298621,416,0,93.13333333333334,39,6,19,37.44489440229648,0.6052350427350428,45.989583333333336,1016.0416666666674,26.052350427350447,0
454,4,0,2,43,0.0,0.044444444444444446,0.9555555555555556,45,1550,1200,350,0.7741935483870968,19,12,7,376.0677736510746,0.45675505050505055,0.255917020273456,0.19717278423428558,126953.84787867419,568.8107759118191,127522.658654586,417,1,94.13333333333334,37,8,17,38.57884071374171,0.5875563063063063,48.05372807017544,1007.7850877192982,27.237434803224275,7
455,4,3,2,44,0.06521739130434782,0.043478260869565216,0.9565217391304348,46,1300,700,600,0.5384615384615384,19,7,12,371.5824771142029,0.4594303542673108,0.2724918704082864,0.18893137216651706,125695.40895061719,254.84695077116567,125950.25590138836,418,0,90.6304347826087,38,8,18,39.990189289012,0.5729166666666667,49.30555555555555,1002.7777777777769,26.388888888888868,8
456,4,0,3,41,0.0,0.06818181818181818,0.9318181818181819,44,1400,1100,300,0.7857142857142857,17,11,6,385.48972830578117,0.45773872445384073,0.28919516404072154,0.195779523736815,125648.36109335677,887.2305159889497,126535.59160934572,419,1,95.61363636363636,36,8,18,39.69027294170504,0.576099537037037,49.35247747747747,1002.5900900900892,27.8497247247247,0
457,4,5,3,43,0.10869565217391304,0.06521739130434782,0.9347826086956522,46,1250,700,550,0.56,18,7,11,366.0300366447683,0.46296296296296297,0.2963765616329468,0.19050647688207986,126654.74597318695,73.75245723626045,126728.4984304232,420,0,83.43478260869566,35,11,19,39.13957399103139,0.5883928571428572,48.35069444444446,1006.597222222224,28.759920634920686,0
458,4,1,0,44,0.022727272727272728,0.0,1.0,44,1300,800,500,0.6153846153846154,18,8,10,385.4329441939732,0.45898299859055675,0.32424618926216353,0.19995664894924928,126522.46492346957,953.185232426328,127475.6501558959,421,0,88.20454545454545,34,10,20,38.78781603754982,0.5891544117647058,48.48214285714287,1006.07142857143,29.590336134453825,0
459,4,0,0,44,0.0,0.0,1.0,44,850,400,450,0.47058823529411764,13,4,9,383.81440548127426,0.45859760394644117,0.32056072254179857,0.19970158759041085,126642.263676304,921.4250283446914,127563.6887046487,422,1,89.20454545454545,34,10,20,38.704908338261404,0.5903799019607843,48.36309523809525,1006.5476190476203,29.604341736694714,0
460,4,2,1,45,0.043478260869565216,0.021739130434782608,0.9782608695652174,46,1000,400,600,0.4,16,4,12,367.15117822253137,0.4603864734299517,0.30947860976285524,0.19372597037719366,127212.0819160998,142.80753968254777,127354.88945578235,423,0,86.28260869565217,34,12,22,38.537978915899636,0.5962009803921569,47.79761904761905,1008.8095238095241,29.670868347338942,0
461,4,4,5,44,0.08163265306122448,0.10204081632653061,0.8979591836734694,49,1300,800,500,0.6153846153846154,18,8,10,347.6773527070735,0.46258503401360546,0.31410094902158403,0.18774577046182,128144.53125000026,-889.4097222221936,127255.12152777807,424,0,81.75510204081633,39,10,20,38.07441700960223,0.5961538461538461,46.875000000000014,1012.500000000002,25.961538461538513,0
462,4,0,1,43,0.0,0.022727272727272728,0.9772727272727273,44,1000,700,300,0.7,13,7,6,357.9596449011441,0.45907108879492603,0.1918759164222874,0.18808049138873728,127040.78260294838,299.4349634807785,127340.21756642916,425,1,83.18181818181819,40,4,15,38.945732526881734,0.5833333333333333,47.96747967479677,1008.1300813008163,25.203252032520407,8
463,4,1,2,42,0.022727272727272728,0.045454545454545456,0.9545454545454546,44,1900,1500,400,0.7894736842105263,23,15,8,397.7373696286361,0.4593353594080338,0.24555181660444836,0.19956120490072907,125144.71778817305,1159.7615339452918,126304.47932211834,426,0,84.13636363636364,35,9,19,39.90613553113554,0.5729166666666667,49.855324074074076,1000.578703703704,28.587962962962973,8
464,4,0,1,41,0.0,0.023809523809523808,0.9761904761904762,42,1400,1100,300,0.7857142857142857,17,11,6,396.97818024279104,0.4593374951606659,0.24103073639395167,0.20005892594500388,125327.59530895684,1550.4641439909215,126878.05945294775,427,1,87.92857142857143,34,8,14,39.73516823207705,0.5768995098039216,49.672619047619044,1001.3095238095232,29.450280112044798,0
465,4,1,0,42,0.023809523809523808,0.0,1.0,42,1950,1500,450,0.7692307692307693,24,15,9,390.5315192298676,0.4614547038327526,0.25119996041367765,0.19814841757761437,125608.37733892727,1410.8060860339294,127019.1834249612,428,0,88.64285714285714,35,7,17,39.60534291652234,0.5776785714285715,49.3923611111111,1002.4305555555538,28.640873015872966,0
466,4,4,3,43,0.08695652173913043,0.06521739130434782,0.9347826086956522,46,1150,700,450,0.6086956521739131,16,7,9,361.57755329504,0.467944847020934,0.24965540434924693,0.18804081369377737,126622.55603887729,-41.71815820466986,126580.83788067261,429,0,81.84782608695652,37,9,15,39.28475778044084,0.584177927927928,48.382675438596486,1006.4692982456136,27.201872925557122,0
467,4,2,0,45,0.044444444444444446,0.0,1.0,45,1300,900,400,0.6923076923076923,17,9,8,373.63644620394274,0.46441498316498314,0.2833774682289214,0.19563221106370512,126898.60251471588,482.78857436901797,127381.3910890849,430,0,84.42222222222222,37,8,17,38.69697010918851,0.5869932432432432,48.10855263157894,1007.5657894736827,27.231507823613047,0
468,4,3,2,46,0.0625,0.041666666666666664,0.9583333333333334,48,1500,1000,500,0.6666666666666666,20,10,10,358.2234637121714,0.4652870124113475,0.3014298101026758,0.1917967546747955,127801.98703341992,-443.51862622395436,127358.46840719596,431,0,80.08333333333333,39,9,16,38.15813759829676,0.5926816239316239,47.21354166666666,1011.1458333333316,25.926816239316192,0
469,4,4,5,45,0.08,0.1,0.9,50,1100,700,400,0.6363636363636364,15,7,8,349.72907364305047,0.4667517006802721,0.3418017259524311,0.19208818830961039,128821.50472094362,-987.6411303670151,127833.8635905766,432,0,77.58,38,12,15,37.33139514488177,0.6047149122807017,46.20726495726495,1015.1709401709385,26.715024741340486,0
470,4,5,4,46,0.1,0.08,0.92,50,1450,1000,450,0.6896551724137931,19,10,9,342.4669102956242,0.4661734693877551,0.3261347708894877,0.19031639262983288,129285.00987082551,-1143.713825524825,128141.29604530068,433,0,75.1,37,13,19,37.043912848158115,0.611204954954955,45.75109649122806,1016.9956140350866,27.486367946894234,0
471,4,0,0,46,0.0,0.0,1.0,46,1250,700,550,0.56,18,7,11,369.61559311096596,0.4623087761674718,0.34021224527136784,0.2034276903601462,128902.86138733623,328.90151307615804,129231.76290041239,434,1,82.08695652173913,38,8,20,36.743599859722956,0.6055372807017544,46.127136752136735,1015.4914529914504,26.723459289248694,0
472,4,1,0,47,0.02127659574468085,0.0,1.0,47,1550,1100,450,0.7096774193548387,20,11,9,363.8990459924314,0.46239978415047794,0.33885713106465576,0.20279995482064658,129396.5465936632,18.146535621034815,129414.69312928423,435,0,81.31914893617021,37,10,21,36.38536390415634,0.6123310810810811,45.64144736842104,1017.4342105263139,27.49822190611659,0
473,4,0,1,46,0.0,0.02127659574468085,0.9787234042553191,47,1100,800,300,0.7272727272727273,14,8,6,364.21478878664584,0.46226487819919826,0.3381612841126813,0.2036969939213986,129536.03512619255,35.78793474914056,129571.8230609417,436,1,82.31914893617021,37,10,16,36.235279333620554,0.6137387387387387,45.504385964912274,1017.9824561403499,27.513039355144592,0
474,4,0,1,45,0.0,0.021739130434782608,0.9782608695652174,46,1500,1100,400,0.7333333333333333,19,11,8,366.0642333720201,0.4618659420289855,0.2686719059196019,0.1968555213028554,127978.05574792235,208.60408971990188,128186.65983764225,437,2,82.67391304347827,37,9,15,37.7794935702933,0.597972972972973,47.03947368421052,1011.8421052631571,27.347083926031274,8
475,4,1,2,44,0.021739130434782608,0.043478260869565216,0.9565217391304348,46,1050,900,150,0.8571428571428571,12,9,3,366.34506529509355,0.46216787439613527,0.2783187903503028,0.19768930379132651,128116.77781865562,186.98986707446772,128303.7676857301,438,0,83.23913043478261,37,9,16,37.63030705079604,0.5993806306306306,46.902412280701746,1012.3903508771921,27.361901375059244,0
476,4,1,2,43,0.022222222222222223,0.044444444444444446,0.9555555555555556,45,1400,1100,300,0.7857142857142857,17,11,6,374.5362849093233,0.46052188552188555,0.286323075021629,0.20210571436583538,128116.02776763253,596.8202154857615,128712.84798311829,439,0,85.6,36,9,17,37.423757879124956,0.6012731481481481,46.903153153153156,1012.3873873873877,28.12187187187188,0
477,4,2,2,43,0.044444444444444446,0.044444444444444446,0.9555555555555556,45,2000,1600,400,0.8,24,16,8,373.77679012345686,0.4614688552188552,0.29843456790123457,0.2031395598497048,128401.20525931336,598.6780699618535,128999.88332927521,440,0,86.33333333333333,36,9,16,37.150925925925925,0.6041666666666667,46.62162162162162,1013.5135135135134,28.153153153153152,0
478,4,0,0,43,0.0,0.0,1.0,43,1100,600,500,0.5454545454545454,16,6,10,377.18497168094035,0.45946382428940563,0.28910752193932154,0.20442724811908794,128291.05748724703,1077.8917770490302,129368.94926429607,441,1,90.27906976744185,35,8,19,37.17737251989793,0.6050595238095238,46.73032407407407,1013.0787037037032,28.945105820105805,0
479,4,0,0,43,0.0,0.0,1.0,43,1400,1100,300,0.7857142857142857,17,11,6,377.9977941806485,0.45891011443337026,0.2851771403686729,0.20562140878472765,128437.66744898817,1109.8309970850278,129547.4984460732,442,2,91.27906976744185,35,8,16,37.00664154677627,0.6065476190476191,46.58564814814814,1013.657407407406,28.961640211640173,0
480,4,0,0,43,0.0,0.0,1.0,43,1100,800,300,0.7272727272727273,14,8,6,379.9177730680609,0.4581487633813215,0.28411741757760645,0.2074280028283746,128584.36113522346,1170.2968267746592,129754.65796199812,443,3,92.27906976744185,35,8,16,36.80781410475865,0.6080357142857142,46.44097222222221,1014.2361111111086,28.97817460317453,0
481,4,1,1,43,0.022727272727272728,0.022727272727272728,0.9772727272727273,44,1150,800,350,0.6956521739130435,15,8,7,373.3610671129128,0.45789288231148695,0.28891898257183235,0.2058819598651204,128978.53185595559,831.1124576792747,129809.64431363487,444,0,91.1590909090909,37,7,18,36.571225532527336,0.6081081081081081,46.05263157894736,1015.7894736842098,27.453769559032697,0
482,4,0,1,42,0.0,0.023255813953488372,0.9767441860465116,43,1250,900,350,0.72,16,9,7,381.38527450204253,0.4574335548172757,0.2883499972380268,0.21001132059678454,128922.8476550476,1233.8551285010628,130156.70278354867,445,1,94.16279069767442,37,6,18,36.42436838695744,0.607545045045045,46.10745614035087,1015.5701754385957,27.447842579421504,0
483,4,1,0,43,0.023255813953488372,0.0,1.0,43,1250,700,550,0.56,18,7,11,369.33119796083724,0.45969453672942046,0.2726481553958011,0.20540636576245613,129315.90374157968,952.3801021065156,130268.2838436862,446,0,88.25581395348837,36,7,19,36.32939363743728,0.6134259259259259,45.720720720720735,1017.1171171171193,28.253253253253312,0
484,4,0,0,43,0.0,0.0,1.0,43,1550,1400,150,0.9032258064516129,17,14,3,368.1263443175202,0.4588178294573643,0.2657241161015045,0.20548225902393058,129459.11864144578,931.4624168087332,130390.58105825451,447,1,89.25581395348837,36,7,16,36.21408284460182,0.6148726851851851,45.57995495495497,1017.6801801801824,28.268893893893956,0
485,4,0,0,43,0.0,0.0,1.0,43,2000,1500,500,0.75,25,15,10,370.7243437844021,0.45782576596530083,0.26505167263065843,0.20778014367687067,129619.76431450083,1010.6404133964515,130630.40472789729,448,2,90.25581395348837,37,6,17,35.98432845195792,0.6145833333333333,45.42214912280703,1018.3114035087737,27.52192982456145,0
486,4,0,0,43,0.0,0.0,1.0,43,1400,1100,300,0.7857142857142857,17,11,6,371.4553538012669,0.457202842377261,0.2688362079755666,0.20863483898511365,129703.52055440178,1035.813423361077,130739.33397776286,449,3,91.25581395348837,37,6,17,35.88042698241836,0.615427927927928,45.339912280701775,1018.6403508771964,27.53082029397828,0
487,4,0,0,43,0.0,0.0,1.0,43,1300,1100,200,0.8461538461538461,15,11,4,371.67396576450363,0.4570182724252492,0.2698995885432829,0.2090553565304948,129759.37307633145,1045.636157279195,130805.00923361065,450,4,92.25581395348837,37,6,17,35.81799756062565,0.615990990990991,45.28508771929826,1018.8596491228092,27.536747273589437,0
488,4,0,0,43,0.0,0.0,1.0,43,1250,600,650,0.48,19,6,13,371.7693129227476,0.45667220376522705,0.27049875676466195,0.20961461260537945,129853.92011834352,1055.140532544411,130909.06065088793,451,5,93.25581395348837,38,5,17,35.71933962264151,0.6151315789473684,45.19230769230771,1019.2307692307719,26.821862348178207,0
489,4,0,1,42,0.0,0.023255813953488372,0.9767441860465116,43,1350,1000,350,0.7407407407407407,17,10,7,368.9536564277006,0.4560262089331857,0.26037253158234464,0.20875297276837051,129990.07100820041,992.0623995544261,130982.13340775484,452,6,94.25581395348837,38,5,17,35.65261044176707,0.6165021929824561,45.0587606837607,1019.7649572649605,26.835919928025277,0
490,4,1,0,43,0.023255813953488372,0.0,1.0,43,1600,1000,600,0.625,22,10,12,367.8817595320881,0.4565337763012181,0.2560404474351383,0.20872863468638825,130099.04308431974,972.2129766601142,131071.25606097985,453,0,94.79069767441861,38,5,18,35.569169546549375,0.6175986842105263,44.95192307692309,1020.1923076923094,26.84716599190288,0
491,4,0,1,42,0.0,0.023255813953488372,0.9767441860465116,43,1150,800,350,0.6956521739130435,15,8,7,371.3211156283933,0.4562799926172019,0.2609121187332011,0.21112257717157226,130180.80210387908,1067.776134122296,131248.57823800138,454,1,95.79069767441861,38,5,18,35.39834589614742,0.618421052631579,44.871794871794876,1020.5128205128209,26.855600539811075,0
492,4,1,0,43,0.023255813953488372,0.0,1.0,43,1150,900,250,0.782608695652174,14,9,5,369.41291622005986,0.45632613510520487,0.2613412618710611,0.21095988089382436,130351.21588059409,1030.7616046072499,131381.97748520132,455,0,96.23255813953489,35,8,19,35.273928935736144,0.6258928571428571,44.70486111111111,1021.1805555555552,29.17658730158729,0
493,4,0,2,41,0.0,0.046511627906976744,0.9534883720930233,43,1200,900,300,0.75,15,9,6,367.74340082388176,0.4562799926172019,0.2575697379651869,0.21077295487524195,130492.60567577713,997.5589187160133,131490.16459449314,456,1,97.23255813953489,36,7,17,35.1730408905544,0.6252893518518519,44.56644144144144,1021.7342342342342,28.381506506506508,0
494,4,0,1,40,0.0,0.024390243902439025,0.975609756097561,41,1500,1000,500,0.6666666666666666,20,10,10,380.17966331006943,0.45536077235772354,0.2511996108175043,0.21727366250311195,130380.76560356638,1713.6231138545759,132094.38871742095,457,2,100.02439024390245,35,6,19,34.96902387428226,0.6261904761904762,44.67592592592592,1021.2962962962952,29.17989417989415,0
495,4,0,2,38,0.0,0.05,0.95,40,1600,1300,300,0.8125,19,13,6,378.2030606984536,0.45495459401709404,0.23517217942908974,0.2168036766133729,130498.9979852535,1871.0240912208183,132370.02207647433,458,3,100.35,35,5,17,34.899373206464276,0.6273809523809524,44.56018518518517,1021.7592592592571,29.19312169312163,0
496,4,0,1,37,0.0,0.02631578947368421,0.9736842105263158,38,1300,900,400,0.6923076923076923,17,9,8,384.189696703799,0.4529101469890944,0.22291512651134004,0.2202354962663072,130498.9979852535,2427.2740912208187,132926.27207647433,459,4,101.86842105263158,35,3,17,34.746450687207364,0.6273809523809524,44.56018518518517,1021.7592592592571,29.19312169312163,0
497,4,0,0,37,0.0,0.0,1.0,37,500,300,200,0.6,7,3,4,392.2563450535479,0.4515765765765766,0.23117873117873122,0.22437062937062938,130414.5408163265,2831.1862244897898,133245.72704081627,460,5,104.72972972972973,34,3,20,34.62631118881119,0.6286764705882353,44.64285714285714,1021.4285714285711,30.04201680672268,0
498,4,1,1,37,0.02631578947368421,0.02631578947368421,0.9736842105263158,38,1100,800,300,0.7272727272727273,14,8,6,379.6066165233834,0.4515913940256045,0.15458054153831302,0.21019579484920295,129142.5607103055,2204.6741040809598,131347.23481438647,461,0,102.94736842105263,35,3,18,36.245065664616995,0.6136904761904762,45.89120370370372,1016.4351851851875,29.04100529100536,8
499,4,0,0,37,0.0,0.0,1.0,37,1000,700,300,0.7,13,7,6,386.4629327744328,0.4499186686686687,0.15675549055731763,0.2139831725050656,129140.88010204096,2581.6326530612455,131722.51275510222,462,1,106.51351351351352,34,3,18,36.07255797610682,0.6158088235294117,45.89285714285715,1016.4285714285727,29.894957983193315,0
500,4,1,2,36,0.02631578947368421,0.05263157894736842,0.9473684210526316,38,1000,800,200,0.8,12,8,4,374.98732294255615,0.45172475106685633,0.1472004816375676,0.20943306772279296,129481.87183114684,2110.8404421817986,131592.71227332865,463,0,104.6842105263158,33,5,17,36.01633052378086,0.6215277777777778,45.5575980392157,1017.7696078431386,30.8415032679739,0
501,4,0,1,35,0.0,0.027777777777777776,0.9722222222222222,36,1050,700,350,0.6666666666666666,14,7,7,388.56883402376775,0.44970238095238096,0.18713559886723297,0.20734032983508244,127665.57621671261,2723.7194225699172,130389.29563928253,464,3,109.91666666666667,32,4,18,37.5312343828086,0.60546875,47.34848484848485,1010.6060606060609,31.5814393939394,8
502,4,1,0,36,0.027777777777777776,0.0,1.0,36,850,600,250,0.7058823529411765,11,6,5,380.3394065251301,0.4515873015873016,0.1803570948036921,0.20474855404723102,128020.4804041714,2538.246707996915,130558.72711216832,465,0,106.44444444444444,33,3,19,37.37486881407927,0.6066919191919191,46.99754901960784,1012.009803921568,30.66696375519903,0
503,4,1,1,36,0.02702702702702703,0.02702702702702703,0.972972972972973,37,800,600,200,0.75,10,6,4,368.6374886197879,0.45232732732732733,0.17318346281945307,0.20014861414294316,128361.76478097358,2063.8517937812303,130425.61657475481,466,0,104.54054054054055,33,4,21,37.32149695650421,0.6101641414141414,46.66053921568627,1013.3578431372542,30.707813428401643,0
504,4,1,1,36,0.02702702702702703,0.02702702702702703,0.972972972972973,37,950,700,250,0.7368421052631579,12,7,5,366.2712426294141,0.4531719219219219,0.18867541561744794,0.20034425736122363,128657.3200113378,2024.6952947845684,130682.01530612237,467,0,104.97297297297297,34,3,17,37.07927520926228,0.610906862745098,46.36904761904761,1014.523809523809,29.838935574229676,0
505,4,2,0,38,0.05263157894736842,0.0,1.0,38,1150,800,350,0.6956521739130435,15,8,7,356.50357052675747,0.45283605974395447,0.19930635907458583,0.19696317467932026,129054.34355977774,1601.6668542095056,130656.01041398724,468,0,103.13157894736842,35,3,20,36.92203459012033,0.612797619047619,45.978009259259245,1016.0879629629612,29.031084656084605,0
506,4,0,1,37,0.0,0.02631578947368421,0.9736842105263158,38,950,700,250,0.7368421052631579,12,7,5,354.2733405904374,0.45236190137505927,0.19940639322658504,0.19617614553185822,129144.1504849444,1550.4659220030853,130694.61640694749,469,1,104.13157894736842,36,2,20,36.88718701528917,0.6116898148148149,45.88963963963964,1016.4414414414415,28.234484484484486,0
507,4,0,0,37,0.0,0.0,1.0,37,1100,800,300,0.7272727272727273,14,8,6,359.19408223403224,0.45142017017017017,0.19485073409210596,0.19844964430035023,129054.34355977783,1871.1112986539642,130925.4548584318,470,2,106.94594594594595,35,2,20,36.853689676121036,0.612797619047619,45.97800925925925,1016.0879629629619,29.031084656084627,0
508,4,3,2,38,0.075,0.05,0.95,40,800,500,300,0.625,11,5,6,335.0557694272776,0.45526175213675213,0.19492597503038356,0.1889464030583357,129860.54202428772,702.2722142265432,130562.81423851426,471,0,99.85,36,4,17,36.648114388833655,0.6189236111111112,45.18581081081081,1019.2567567567561,28.31268768768767,0
509,4,0,0,38,0.0,0.0,1.0,38,900,500,400,0.5555555555555556,13,5,8,351.47960728446276,0.45298423423423423,0.2020272266259664,0.1967181676372202,129564.73922902491,1507.8727324263004,131072.6119614512,472,1,104.36842105263158,34,4,17,36.530197614593085,0.6200980392156863,45.476190476190474,1018.0952380952378,29.943977591036408,0
510,4,0,0,38,0.0,0.0,1.0,38,1050,600,450,0.5714285714285714,15,6,9,352.7520661157024,0.452539710763395,0.20688995215310935,0.19797309833024115,129672.49657064478,1548.4482167352608,131220.94478738005,473,2,105.36842105263158,35,3,17,36.38825757575758,0.6190476190476191,45.370370370370374,1018.518518518519,29.100529100529116,0
511,4,0,2,36,0.0,0.05263157894736842,0.9473684210526316,38,950,600,350,0.631578947368421,13,6,7,384.0219959032003,0.4517692034139402,0.13979778556585876,0.20429007117483736,127542.5612953515,2198.508974062876,129741.07026941437,474,3,106.36842105263158,34,4,15,37.772539776075405,0.5995710784313726,47.470238095238095,1010.1190476190478,29.709383753501406,8
512,4,3,0,39,0.07692307692307693,0.0,1.0,39,1450,1200,250,0.8275862068965517,17,12,5,377.18034765609985,0.4543972109761583,0.17012932211383314,0.20399335032918908,128206.57920030758,1874.2348900344437,130080.81409034201,475,0,104.33333333333333,33,6,18,37.264036786060004,0.6085858585858586,46.81372549019608,1012.7450980392157,30.68924539512775,0
513,4,1,3,37,0.025,0.075,0.925,40,1250,800,450,0.64,17,8,9,368.7994199449344,0.45587606837606837,0.18696532451237657,0.2019528116587907,128701.77636584787,1493.0280939214667,130194.80445976934,476,0,102.7,35,5,16,36.969720733051986,0.6092261904761904,46.32523148148148,1014.6990740740737,28.991402116402107,0
514,4,1,1,37,0.02631578947368421,0.02631578947368421,0.9736842105263158,38,1200,1000,200,0.8333333333333334,14,10,4,372.05764471685757,0.4567775011853959,0.13496464185101686,0.19738460623452586,127432.05925905886,1883.3822210214857,129315.44148008035,477,0,99.57894736842105,33,5,16,38.188165028118306,0.6006944444444444,47.57965686274509,1009.6813725490183,30.59640522875813,8
515,4,1,0,38,0.02631578947368421,0.0,1.0,38,850,400,450,0.47058823529411764,13,4,9,376.00720305998476,0.4560810810810811,0.16511467714365868,0.2014812623149994,127834.51677239512,2013.3398212225902,129847.8565936177,478,0,100.5,33,5,18,37.675210050088864,0.6047979797979798,47.1813725490196,1011.2745098039206,30.64468211527032,0
516,4,1,1,38,0.02564102564102564,0.02564102564102564,0.9743589743589743,39,1500,900,600,0.6,21,9,12,367.9897268460164,0.45726495726495725,0.1658153809993037,0.19931410475701794,128265.09530895679,1640.0474773242465,129905.14278628104,479,0,98.8974358974359,34,5,19,37.43683159008109,0.6069240196078431,46.75595238095237,1012.9761904761895,29.79341736694675,0
517,4,2,2,38,0.05,0.05,0.95,40,1300,800,500,0.6153846153846154,18,8,10,364.62276356897536,0.45866720085470086,0.1959725230874474,0.2002571233101741,128819.2451801482,1394.0858356910012,130213.3310158392,480,0,97.275,35,5,18,36.95571105537188,0.6104166666666666,46.20949074074073,1015.162037037036,29.0046296296296,0
518,4,1,0,39,0.02564102564102564,0.0,1.0,39,1300,1000,300,0.7692307692307693,16,10,6,366.78085353618536,0.4573493027440396,0.18456490778965606,0.20246492911240654,129019.90504535145,1664.4061791383183,130684.31122448976,481,0,97.64102564102564,34,5,20,36.69610772595888,0.6145833333333333,46.01190476190476,1015.9523809523807,29.880952380952376,0
519,4,0,0,39,0.0,0.0,1.0,39,1000,600,400,0.6,14,6,8,365.8271631882381,0.45740553306342785,0.17280100905698692,0.20256583525341149,129142.56071030522,1648.771326303154,130791.33203660836,482,1,98.64102564102564,35,4,21,36.59521369467851,0.6136904761904762,45.8912037037037,1016.4351851851852,29.04100529100529,0
520,4,1,0,40,0.025,0.0,1.0,40,1450,1000,450,0.6896551724137931,19,10,9,357.77547512735373,0.4577991452991453,0.17170491989546632,0.2009433284362375,129701.9692670826,1280.8501318158546,130982.81939889846,483,0,97.15,35,5,16,36.230376282998144,0.6193452380952381,45.34143518518519,1018.6342592592603,29.103835978836006,0
521,4,1,2,39,0.024390243902439025,0.04878048780487805,0.9512195121951219,41,850,700,150,0.8235294117647058,10,7,3,350.4812117007748,0.45912093495934964,0.17351167060057726,0.19826491902781038,129982.9033933517,911.3130963373245,130894.21648968903,484,0,95.7560975609756,37,4,18,36.13082437275986,0.6182432432432432,45.065789473684205,1019.7368421052624,27.56045519203412,0
522,4,0,1,38,0.0,0.02564102564102564,0.9743589743589743,39,1350,1000,350,0.7407407407407407,17,10,7,377.2080884101214,0.4568151147098516,0.1316920672137556,0.20758612865408613,128898.98667800453,1924.949219068974,130823.9358970735,485,1,101.15384615384616,34,5,20,36.554806565064474,0.6133578431372548,46.13095238095238,1015.4761904761904,29.86694677871148,8
523,4,2,1,39,0.05,0.025,0.975,40,850,600,250,0.7058823529411765,11,6,5,359.2148011353922,0.4561565170940171,0.16204678362573133,0.20073768298742498,129504.14540816324,1304.3154761904748,130808.46088435371,486,0,99.55,34,6,17,36.39498050682261,0.6194852941176471,45.535714285714285,1017.8571428571427,29.93697478991596,0
524,4,1,0,40,0.025,0.0,1.0,40,750,400,350,0.5333333333333333,11,4,7,360.06915065681864,0.4558894230769231,0.1708211572180014,0.20199289074551366,129655.65653344676,1337.0004251700775,130992.65695861683,487,0,100.525,34,6,18,36.2190726670563,0.6210171568627452,45.386904761904766,1018.4523809523813,29.954481792717097,0
525,4,0,0,40,0.0,0.0,1.0,40,1600,1400,200,0.875,18,14,4,357.6459157546918,0.45590277777777777,0.16629002952532357,0.20162803675645452,129849.382983968,1288.020297496601,131137.4032814646,488,1,101.525,35,5,19,36.083825422060734,0.6208333333333333,45.196759259259274,1019.2129629629649,29.120370370370424,0
526,4,0,0,40,0.0,0.0,1.0,40,1500,1300,200,0.8666666666666667,17,13,4,356.3688461543418,0.45538194444444446,0.16218501702610721,0.20151537449420753,129967.3742391119,1263.264639060374,131230.63887817226,489,2,102.525,35,5,20,35.996500189178974,0.6220238095238095,45.081018518518526,1019.6759259259268,29.133597883597908,0
527,4,0,0,40,0.0,0.0,1.0,40,800,600,200,0.75,10,6,4,354.72841154876164,0.4551282051282051,0.15655565641665747,0.20104318269962937,130055.90284475745,1226.9047657321812,131282.80761048963,490,3,103.525,35,5,20,35.94843318582399,0.6229166666666667,44.99421296296297,1020.0231481481487,29.143518518518533,0
528,4,1,0,41,0.024390243902439025,0.0,1.0,41,1500,1100,400,0.7333333333333333,19,11,8,344.9903907985058,0.45594512195121956,0.15763035469384445,0.19729273925236135,130406.32482144328,797.7857925493349,131204.1106139926,491,0,101.97560975609755,36,5,21,35.84160235207644,0.6244212962962963,44.650900900900915,1021.3963963963981,28.37212212212217,0
529,4,0,0,41,0.0,0.0,1.0,41,1150,800,350,0.6956521739130435,15,8,7,345.45871966473385,0.4560721544715447,0.15441150774342538,0.1980004398937544,130492.60567577725,815.9616964938061,131308.56737227106,492,1,102.97560975609755,36,5,17,35.74226643153681,0.6252893518518519,44.56644144144145,1021.7342342342351,28.381506506506533,0
530,4,0,0,41,0.0,0.0,1.0,41,1150,800,350,0.6956521739130435,15,8,7,347.946823772023,0.4557164634146342,0.15098466507414954,0.20001984289921798,130607.69120049104,888.9062626816094,131496.59746317266,493,2,103.97560975609755,36,5,17,35.562180970217796,0.6264467592592593,44.45382882882883,1022.1846846846847,28.39401901901902,0
531,4,0,0,41,0.0,0.0,1.0,41,1050,400,650,0.38095238095238093,17,4,13,367.694613271516,0.45510670731707314,0.10183957481420425,0.19972295495070627,128379.01341735218,1311.6810770354505,129690.69449438763,494,3,104.97560975609755,35,6,16,37.327737170701994,0.605952380952381,46.6435185185185,1013.425925925923,28.95502645502637,8
532,4,0,0,41,0.0,0.0,1.0,41,1350,1000,350,0.7407407407407407,17,10,7,365.6063791102042,0.4548780487804878,0.1027251396708595,0.19898359279020889,128458.27880245096,1193.0332359386298,129651.31203838959,495,4,105.97560975609755,36,5,16,37.299581574464945,0.6047453703703703,46.56531531531531,1013.7387387387377,28.159409409409378,0
533,4,0,3,38,0.0,0.07317073170731707,0.926829268292683,41,1300,1100,200,0.8461538461538461,15,11,4,363.5339851645669,0.4548018292682927,0.0725808736596183,0.19525259815787227,127928.27641034791,1103.3984182254053,129031.67482857332,496,5,106.97560975609755,38,3,17,37.89448903439293,0.5956688596491229,47.088675213675224,1011.6452991453007,26.622244714350018,8
534,4,0,2,36,0.0,0.05263157894736842,0.9473684210526316,38,950,600,350,0.631578947368421,13,6,7,377.14346093466946,0.4534732100521574,0.09412955465587025,0.2018826761473822,127793.20987654343,2039.2746913580522,129832.48456790148,497,6,114.07894736842105,35,3,17,37.688873626373635,0.6,47.222222222222236,1011.1111111111129,28.88888888888894,0
535,4,2,1,37,0.05263157894736842,0.02631578947368421,0.9736842105263158,38,850,500,350,0.5882352941176471,12,5,7,372.80811559325815,0.452524893314367,0.1423046898062803,0.20196080428120952,128272.40404359267,1965.6454060810345,130238.04944967371,498,0,114.28947368421052,32,6,20,37.307324774606336,0.6116536458333333,46.748737373737384,1013.0050505050519,31.656407828282873,0
536,4,2,2,37,0.05128205128205128,0.05128205128205128,0.9487179487179487,39,1000,700,300,0.7,13,7,6,366.0567885703937,0.4529352226720648,0.14839654569155836,0.20061656294847344,128734.59314025872,1624.8343485678806,130359.4274888266,499,0,112.12820512820512,33,6,17,37.00577124340862,0.6139520202020202,46.292892156862756,1014.8284313725503,30.7523767082591,0
537,4,0,0,37,0.0,0.0,1.0,37,950,800,150,0.8421052631578947,11,8,3,370.4261633995949,0.45182682682682684,0.1510634576836669,0.20277552105443772,128688.4310274463,2133.912355882072,130822.34338332838,500,1,117.70270270270271,32,5,17,36.94209391073504,0.6158854166666667,46.33838383838385,1014.6464646464656,31.70770202020205,0
538,4,2,1,38,0.05128205128205128,0.02564102564102564,0.9743589743589743,39,1050,900,150,0.8571428571428571,12,9,3,352.81775691050535,0.45360998650472334,0.15235710704625371,0.19580353877664905,129231.6485969389,1319.0440759637368,130550.69267290265,501,0,112.61538461538461,34,5,19,36.83507005424814,0.6167279411764706,45.80357142857144,1016.7857142857154,29.905462184873983,0
539,4,1,1,38,0.02564102564102564,0.02564102564102564,0.9743589743589743,39,1250,1000,250,0.8,15,10,5,344.9793621578988,0.4532726045883941,0.1419364993310659,0.19317526727581394,129584.09857521011,1140.7679344564565,130724.86650966656,502,0,107.92307692307692,35,4,18,36.6759738168315,0.6181547619047619,45.45717592592593,1018.1712962962968,29.09060846560848,0
540,4,0,0,38,0.0,0.0,1.0,38,1450,1000,450,0.6896551724137931,19,10,9,350.74433311818115,0.4527767899478426,0.09101764259399814,0.1928754620996111,128868.76594387763,1497.4697159277925,130366.23565980542,503,1,106.76315789473684,34,4,16,37.25744518700903,0.6130514705882353,46.16071428571429,1015.3571428571435,29.86344537815128,8
541,4,1,1,38,0.02564102564102564,0.02564102564102564,0.9743589743589743,39,1200,900,300,0.75,15,9,6,352.78362238272325,0.451698155645524,0.11648574531794775,0.19653773382547263,129383.00028344658,1329.269416099759,130712.26969954635,504,0,105.0,34,5,17,36.68187846165848,0.6182598039215687,45.6547619047619,1017.3809523809514,29.92296918767504,0
542,4,0,0,38,0.0,0.0,1.0,38,1250,600,650,0.48,19,6,13,359.0599183404183,0.4507616168800379,0.11679493844222688,0.20006143906457402,129388.34372597079,1691.6336264898096,131079.97735246058,505,1,108.71052631578948,33,5,18,36.51680317995663,0.6205808080808081,45.64950980392157,1017.4019607843138,30.83036244800951,0
543,4,1,0,39,0.02564102564102564,0.0,1.0,39,1500,1300,200,0.8666666666666667,17,13,4,356.3098676523139,0.4520355375618534,0.12403393251226968,0.20112599846451928,129898.25857426271,1456.806264172295,131355.064838435,506,0,106.8974358974359,34,5,15,36.06821012884891,0.623468137254902,45.148809523809504,1019.4047619047593,29.982492997198804,0
544,4,0,2,37,0.0,0.05128205128205128,0.9487179487179487,39,1200,700,500,0.5833333333333334,17,7,10,341.5756299840194,0.45136077372919475,0.040790278716982487,0.18594536625419678,128466.99948827589,1000.0629526180311,129467.06244089392,507,1,107.8974358974359,35,4,15,37.89970791947329,0.606845238095238,46.55671296296296,1013.7731481481482,28.96494708994709,8
545,4,0,0,37,0.0,0.0,1.0,37,700,400,300,0.5714285714285714,10,4,6,356.19604126968943,0.44926176176176175,0.05687904211978734,0.19294341265630763,128268.64216887743,1737.7565119185035,130006.39868079593,508,2,114.35135135135135,33,4,17,37.731873538188566,0.6092171717171717,46.75245098039216,1012.990196078432,30.696672608437332,0
546,4,1,0,38,0.02631578947368421,0.0,1.0,38,1700,1200,500,0.7058823529411765,22,12,10,348.06312536905335,0.4509838786154576,0.06581107942269426,0.1909643633781565,128778.12500000016,1364.5833333333478,130142.7083333335,509,0,112.3157894736842,34,4,17,37.41789819376025,0.6121323529411764,46.25000000000001,1015.0000000000013,29.852941176470626,0
547,4,0,0,38,0.0,0.0,1.0,38,1250,1100,150,0.88,14,11,3,349.8005667712676,0.44987256993835945,0.06288588575622778,0.19294429452225148,128989.6701388891,1424.1319444444687,130413.80208333356,510,1,113.3157894736842,34,4,17,37.158189773037996,0.6142769607843137,46.04166666666668,1015.8333333333351,29.877450980392208,0
548,4,1,0,39,0.02564102564102564,0.0,1.0,39,650,400,250,0.6153846153846154,9,4,5,340.7944609884714,0.451417004048583,0.06454475139734095,0.18912693239316,129230.80800165057,1008.2287112054413,130239.03671285602,511,0,111.38461538461539,35,4,18,37.14155283627396,0.6145833333333333,45.80439814814816,1016.782407407409,29.05092592592597,0
549,4,0,0,39,0.0,0.0,1.0,39,900,500,400,0.5555555555555556,13,5,8,340.44426842479226,0.4514451192082771,0.06024328345147478,0.18963910769669998,129377.95380015444,1009.1965663580371,130387.15036651248,512,1,112.38461538461539,35,4,19,37.000853242320815,0.6160714285714286,45.65972222222223,1017.3611111111121,29.067460317460345,0
550,4,0,1,38,0.0,0.02564102564102564,0.9743589743589743,39,850,600,250,0.7058823529411765,11,6,5,342.536216731236,0.45099527665317135,0.058465620034693355,0.19151977280045926,129525.1833231526,1073.413253386506,130598.5965765391,513,2,113.38461538461539,35,4,15,36.79801497062725,0.6175595238095238,45.515046296296305,1017.9398148148161,29.083994708994748,0
551,4,0,0,38,0.0,0.0,1.0,38,1250,1000,250,0.8,15,10,5,350.1576820694084,0.44902797534376476,0.06255654924939535,0.1958272295209622,129534.44054705226,1471.4958900226889,131005.93643707495,514,3,116.97368421052632,34,4,15,36.59464779947764,0.6197916666666667,45.50595238095239,1017.9761904761913,29.940476190476215,0
552,4,1,1,38,0.02564102564102564,0.02564102564102564,0.9743589743589743,39,1000,700,300,0.7,13,7,6,342.6460302580906,0.44939271255060725,0.06581924605774714,0.19302612261180366,129819.89354263125,1096.4542341821118,130916.34777681336,515,0,114.94871794871794,35,4,16,36.49595400340718,0.6205357142857143,45.22569444444445,1019.0972222222229,29.11706349206351,0
553,4,1,0,39,0.02564102564102564,0.0,1.0,39,800,400,400,0.5,12,4,8,343.09060766279697,0.4478182636077373,0.07135476246612615,0.19386049794108895,129937.87140185611,1116.092651534636,131053.96405339075,516,0,115.82051282051282,35,4,17,36.36491561660423,0.6217261904761905,45.1099537037037,1019.560185185185,29.130291005291,0
554,4,0,0,39,0.0,0.0,1.0,39,1200,900,300,0.75,15,9,6,345.47143350313337,0.4469748088169141,0.06980525619209699,0.1960934118692929,130114.93866008653,1190.1988758144648,131305.13753590098,517,1,116.82051282051282,35,4,17,36.12462185668367,0.6235119047619048,44.93634259259259,1020.2546296296291,29.15013227513226,0
555,4,1,1,39,0.025,0.025,0.975,40,1250,800,450,0.64,17,8,9,344.466913985347,0.4487313034188034,0.08572924923564762,0.19791719696841883,130587.70743580667,996.7126414609,131584.42007726757,518,0,114.875,35,5,15,35.67133299362096,0.6282738095238095,44.473379629629626,1022.1064814814808,29.20304232804231,0
556,4,1,0,40,0.025,0.0,1.0,40,1200,800,400,0.6666666666666666,16,8,8,343.4304033396164,0.4494123931623932,0.08775729472969984,0.19899158757070018,130913.23329260961,991.9169024348341,131905.15019504444,519,0,114.275,35,5,16,35.36860061826133,0.631547619047619,44.15509259259259,1023.3796296296287,29.239417989417962,0
557,4,0,2,38,0.0,0.05,0.95,40,800,400,400,0.5,12,4,8,346.4445431458653,0.4484909188034188,0.09358467103775703,0.20135666417006057,131031.70680084002,1079.0439600479876,132110.750760888,520,1,115.275,35,5,17,35.17173487075136,0.6327380952380952,44.03935185185184,1023.8425925925912,29.252645502645464,0
558,4,0,0,38,0.0,0.0,1.0,38,1650,1300,350,0.7878787878787878,20,13,7,353.2174822536137,0.4462274774774775,0.10610474902222355,0.20508555907486994,130992.77388038547,1653.7875566893354,132646.56143707482,521,2,120.13157894736842,34,4,18,35.03774663720586,0.6344975490196079,44.07738095238095,1023.6904761904761,30.108543417366946,0
559,4,1,1,38,0.02564102564102564,0.02564102564102564,0.9743589743589743,39,1050,800,250,0.7619047619047619,13,8,5,348.71985293013097,0.4458783175888439,0.11659589986714991,0.2047255915909891,131417.11576485317,1365.5514564043028,132782.66722125746,522,0,118.02564102564102,35,4,19,34.72422113105317,0.6366071428571429,43.663194444444436,1025.3472222222206,29.295634920634875,0
560,4,0,0,38,0.0,0.0,1.0,38,750,400,350,0.5333333333333333,11,4,7,377.8925138190542,0.44504208155523944,0.1697057604641523,0.20632224913373018,128584.36113522365,2155.1359953703536,130739.497130594,523,1,121.94736842105263,35,3,21,36.85916638137624,0.6080357142857142,46.440972222222214,1014.2361111111102,28.978174603174576,8
561,4,1,1,38,0.02564102564102564,0.02564102564102564,0.9743589743589743,39,900,600,300,0.6666666666666666,12,6,6,370.1358400401178,0.4457377417903734,0.1755926999829438,0.20407244970427033,128972.51136271408,1747.4697670643623,130719.98112977845,524,0,119.7948717948718,36,3,22,36.659275683665925,0.6099537037037037,46.05855855855856,1015.7657657657659,28.215715715715717,0
562,4,1,1,38,0.02564102564102564,0.02564102564102564,0.9743589743589743,39,1450,1000,450,0.6896551724137931,19,10,9,365.7926085148087,0.4471434997750787,0.16659370677126217,0.20315131848363524,129260.2304633916,1656.6902812941798,130916.92074468579,525,0,115.74358974358974,35,4,24,36.47611730783824,0.6148809523809524,45.77546296296296,1016.8981481481479,29.054232804232797,0
563,4,0,0,38,0.0,0.0,1.0,38,1050,800,250,0.7619047619047619,13,8,5,371.96135184404494,0.44596076339497387,0.170154487025431,0.2064276742105256,129231.6485969388,2013.835742630389,131245.4843395692,526,1,118.55263157894737,34,4,24,36.348446708035745,0.6167279411764706,45.80357142857143,1016.7857142857146,29.905462184873958,0
564,4,1,0,39,0.02564102564102564,0.0,1.0,39,1000,800,200,0.8,12,8,4,363.36124506550493,0.44731219073324335,0.16685906181131327,0.20331587223894304,129554.63927469148,1615.0270061728606,131169.66628086433,527,0,116.48717948717949,35,4,22,36.2380627557981,0.6178571428571429,45.48611111111112,1018.0555555555566,29.087301587301617,0
565,4,0,0,39,0.0,0.0,1.0,39,1150,800,350,0.6956521739130435,15,8,7,360.77349241597375,0.4471434997750787,0.16035038946733415,0.20232287825163522,129643.02722318692,1554.3535397376718,131197.3807629246,528,1,117.48717948717949,35,4,23,36.21398738493009,0.61875,45.399305555555564,1018.4027777777793,29.097222222222268,0
566,4,0,0,39,0.0,0.0,1.0,39,1500,1100,400,0.7333333333333333,19,11,8,357.76176481749314,0.44615946918578503,0.16595587848154603,0.19576402187204386,128672.41753472219,1406.8142361111068,130079.2317708333,529,2,118.48717948717949,37,2,17,37.27968856947297,0.6050112612612613,46.354166666666664,1014.583333333333,27.421171171171164,8
567,4,0,0,39,0.0,0.0,1.0,39,1150,900,250,0.782608695652174,14,9,5,357.1669758999462,0.44601889338731443,0.17039357603255212,0.19598664468914048,128783.68975309703,1399.4562028701034,130183.14595596713,530,3,119.48717948717949,37,2,18,37.181209715170496,0.6061373873873874,46.244517543859644,1015.0219298245607,27.433025130393535,0
568,4,0,1,38,0.0,0.02564102564102564,0.9743589743589743,39,950,500,450,0.5263157894736842,14,5,9,356.7101586516708,0.44610323886639675,0.17314061028963867,0.19614822263150056,128867.17547706972,1393.6461218836375,130260.82159895335,531,4,120.48717948717949,37,2,18,37.10763138948883,0.6069819819819819,46.162280701754376,1015.3508771929812,27.441915599810304,0
569,4,1,1,38,0.02564102564102564,0.02564102564102564,0.9743589743589743,39,1400,1100,300,0.7857142857142857,17,11,6,365.64771080731134,0.44495051731893837,0.20482465741429912,0.2029194655364644,129230.80800165044,1651.4554732860665,130882.26347493651,532,0,121.35897435897436,35,4,19,36.509794156706505,0.6145833333333333,45.80439814814815,1016.782407407408,29.05092592592594,0
570,4,0,0,38,0.0,0.0,1.0,38,1600,1000,600,0.625,22,10,12,375.90701424348305,0.44376778093883357,0.21138912855910275,0.20845752608047682,129201.38888888882,2113.5416666666574,131314.93055555547,533,1,125.28947368421052,34,4,19,36.279030054644814,0.616421568627451,45.83333333333333,1016.6666666666661,29.901960784313708,0
571,4,0,0,38,0.0,0.0,1.0,38,1250,800,450,0.64,17,8,9,371.2339038922577,0.4428194642010432,0.2099720398585978,0.20681648909147526,129383.00028344651,2006.2712585033735,131389.27154194989,534,2,126.28947368421052,34,4,20,36.212604337311795,0.6182598039215687,45.65476190476189,1017.3809523809508,29.922969187675022,0
572,4,0,1,37,0.0,0.02631578947368421,0.9736842105263158,38,1200,700,500,0.5833333333333334,17,7,10,366.85731565939403,0.441693338074917,0.1939270308355947,0.20548334124654832,129595.04145408137,1908.5778061224169,131503.6192602038,535,3,127.28947368421052,34,4,17,36.107944580848816,0.6204044117647058,45.446428571428555,1018.2142857142835,29.947478991596572,0
573,4,0,0,37,0.0,0.0,1.0,37,1100,800,300,0.7272727272727273,14,8,6,376.73197681278447,0.4412224724724725,0.1964631940558752,0.21090898001082303,129575.43372741253,2363.041858900415,131938.47558631294,536,4,127.94594594594595,33,4,18,35.876564756860844,0.6224747474747474,45.4656862745098,1018.1372549019608,30.852644087938206,0
574,4,0,0,37,0.0,0.0,1.0,37,900,600,300,0.6666666666666666,12,6,6,372.156244547363,0.4406281281281281,0.19188912744998698,0.2087063604698691,129643.02722318664,2249.4924286265327,131892.51965181317,537,5,128.94594594594594,35,2,18,35.92418172519604,0.61875,45.39930555555555,1018.402777777777,29.0972222222222,0
575,4,1,0,38,0.02631578947368421,0.0,1.0,38,1050,600,450,0.5714285714285714,15,6,9,359.19321241680643,0.4415599810336652,0.18615984405458064,0.19396433470507532,128144.53124999988,1636.1713927468982,129780.70264274678,538,0,126.52631578947368,34,4,18,37.78292181069958,0.6056985294117647,46.87499999999999,1012.4999999999991,29.779411764705856,8
576,4,2,1,39,0.05,0.025,0.975,40,1250,900,350,0.72,16,9,7,344.6995155286863,0.4467013888888889,0.18365800865800863,0.1885487513902814,128658.13607103724,869.6794345020652,129527.8155055393,539,0,121.15,36,4,14,37.62556887556888,0.6067708333333333,46.36824324324324,1014.5270270270269,28.1813063063063,0
577,4,0,0,39,0.0,0.0,1.0,39,1500,1000,500,0.6666666666666666,20,10,10,353.9269460391472,0.44461313540260905,0.18395526646125737,0.1932374970804389,128584.36113522365,1301.8940489968966,129886.25518422054,540,1,125.25641025641026,35,4,14,37.466834988017794,0.6080357142857142,46.440972222222214,1014.2361111111102,28.978174603174576,0
578,4,0,0,39,0.0,0.0,1.0,39,600,300,300,0.5,9,3,6,354.30431464483166,0.44447255960413856,0.1828041910177436,0.1938721362157671,128672.41753472203,1317.8385416666456,129990.25607638867,541,2,126.25641025641026,35,4,15,37.3673853524983,0.6089285714285715,46.35416666666666,1014.5833333333318,28.988095238095195,0
579,4,0,0,39,0.0,0.0,1.0,39,1100,900,200,0.8181818181818182,13,9,4,354.1238975149761,0.44447255960413856,0.17629520502297535,0.1946350143484565,128848.6207561726,1325.6751543209605,130174.29591049356,542,3,127.25641025641026,35,4,17,37.19220246238031,0.6107142857142858,46.18055555555554,1015.2777777777759,29.007936507936453,0
580,4,0,0,39,0.0,0.0,1.0,39,1250,800,450,0.64,17,8,9,392.7400081850835,0.44419140800719753,0.15554667973832492,0.20722782250064747,127212.08191609978,2271.8265778533687,129483.90849395315,543,4,128.25641025641025,34,5,15,37.89262253166551,0.5962009803921569,47.79761904761905,1008.8095238095239,29.67086834733894,8
581,4,0,0,39,0.0,0.0,1.0,39,1450,1100,350,0.7586206896551724,18,11,7,389.7582450061992,0.4437696806117859,0.16610094776283924,0.20697752207419853,127471.58893014808,2136.6205579132084,129608.20948806129,544,5,129.25641025641025,35,4,13,37.70069245463229,0.5967261904761905,47.540509259259245,1009.837962962961,28.85251322751317,0
582,4,3,2,40,0.07142857142857142,0.047619047619047616,0.9523809523809523,42,1350,1100,250,0.8148148148148148,16,11,5,374.793694433657,0.4480497483546264,0.1854319308333594,0.20351605898683034,128366.66690712504,1223.975076747829,129590.64198387286,545,0,120.95238095238095,37,5,16,37.16051720406838,0.6019144144144144,46.65570175438595,1013.3771929824542,27.388572783309574,0
583,4,1,1,40,0.024390243902439025,0.024390243902439025,0.975609756097561,41,950,700,250,0.7368421052631579,12,7,5,378.1139344809404,0.4500762195121952,0.17733662964466235,0.207045346135303,128700.23108071713,1532.6701485072315,130232.90122922436,546,0,118.8780487804878,37,4,14,36.735015488797636,0.6052927927927928,46.32675438596491,1014.6929824561403,27.424134660976765,0
584,4,0,1,39,0.0,0.025,0.975,40,1900,1700,200,0.8947368421052632,21,17,4,388.15310014543985,0.448303952991453,0.18339253996447624,0.21216523823483768,128629.57552146746,1985.5937018099207,130615.16922327738,547,1,122.825,36,4,14,36.552693901716985,0.6064814814814814,46.3963963963964,1014.4144144144148,28.178178178178186,0
585,4,0,1,38,0.0,0.02564102564102564,0.9743589743589743,39,750,500,250,0.6666666666666666,10,5,5,395.7591977684137,0.44615946918578503,0.1844561890213572,0.21591793840889395,128555.01570001699,2375.3659765088964,130930.38167652588,548,2,126.76923076923077,35,4,14,36.436220801947805,0.6077380952380953,46.4699074074074,1014.1203703703691,28.97486772486769,0
586,4,0,0,38,0.0,0.0,1.0,38,1050,600,450,0.5714285714285714,15,6,9,399.79903697586445,0.4449976292081555,0.21047829427583542,0.21908987226277366,128731.13854595326,2693.3170438957345,131424.455589849,549,3,130.31578947368422,35,3,14,36.15324665450121,0.6095238095238096,46.29629629629629,1014.8148148148141,28.994708994708976,0
587,4,0,0,38,0.0,0.0,1.0,38,1150,700,450,0.6086956521739131,16,7,9,397.9145184622383,0.44514580369843526,0.20681834545323619,0.21870339322999693,128848.62075617274,2654.147376543198,131502.76813271592,550,4,131.31578947368422,35,3,14,36.080711354309166,0.6107142857142858,46.18055555555555,1015.2777777777769,29.007936507936485,0
588,4,2,0,40,0.05,0.0,1.0,40,1050,600,450,0.5714285714285714,15,6,9,386.7845999349807,0.4469417735042735,0.22177836440038812,0.21585976380015337,129452.33298947733,2014.0337651969626,131466.3667546743,551,0,125.7,37,3,16,35.74630517544804,0.6128941441441442,45.586622807017534,1017.6535087719283,27.50414888572779,0
589,4,0,1,39,0.0,0.025,0.975,40,1300,1000,300,0.7692307692307693,16,10,6,398.88094277522833,0.44654113247863253,0.25246793084216423,0.21147058852631118,127404.47108848713,2168.8987504316638,129573.36983891879,552,1,126.7,36,4,13,37.53950548429075,0.5940393518518519,47.60698198198198,1009.572072072072,28.04366866866867,8
590,4,0,1,38,0.0,0.02564102564102564,0.9743589743589743,39,1150,700,450,0.6086956521739131,16,7,9,401.2224669315497,0.4466655420602789,0.24588694197773675,0.21275766437956878,127413.15593117707,2424.204148448209,129837.36007962527,553,2,125.41025641025641,35,4,13,37.47145955137759,0.5961309523809524,47.598379629629626,1009.606481481481,28.845899470899457,0
591,4,1,0,39,0.02564102564102564,0.0,1.0,39,1050,800,250,0.7619047619047619,13,8,5,399.0259836561798,0.4475933423301844,0.2477016509330019,0.21220595730453878,127530.03532503861,2377.559558256179,129907.59488329479,554,0,126.33333333333333,35,4,14,37.40654004812651,0.5973214285714286,47.48263888888889,1010.0694444444447,28.85912698412699,0
592,4,3,0,42,0.07142857142857142,0.0,1.0,42,1050,700,350,0.6666666666666666,14,7,7,377.3501668253959,0.4518002322880372,0.24472443195350824,0.2046425226599208,128315.61872260773,1286.937826410305,129602.55654901803,555,0,118.23809523809524,36,6,18,37.14803082508984,0.6032986111111112,46.70608108108108,1013.1756756756756,28.143768768768766,0
593,4,0,2,40,0.0,0.047619047619047616,0.9523809523809523,42,1250,1000,250,0.8,15,10,5,373.60230110862335,0.4514856755710414,0.2405717898920554,0.20339140764312852,128469.2559377055,1199.281928007895,129668.5378657134,556,1,119.23809523809524,38,4,14,37.08570449994731,0.6011513157894737,46.55448717948718,1013.7820512820516,26.6784750337382,0
594,4,1,2,39,0.024390243902439025,0.04878048780487805,0.9512195121951219,41,1100,500,600,0.45454545454545453,17,5,12,381.4929269062459,0.4506605691056911,0.23581896608582098,0.20758693992043797,128450.01737313397,1600.5546177669978,130050.57199090098,557,0,115.92682926829268,37,4,15,36.90542184964846,0.602759009009009,46.5734649122807,1013.7061403508767,27.397463252726396,0
595,4,0,0,39,0.0,0.0,1.0,39,1100,700,400,0.6363636363636364,15,7,8,397.7733224489797,0.4486054880791723,0.23988278388278417,0.2151122726470069,128203.13169795948,2399.1571287722845,130602.28882673178,558,3,121.56410256410257,35,4,19,36.74619047619047,0.6041666666666667,46.817129629629626,1012.7314814814811,28.935185185185173,0
596,4,1,0,40,0.025,0.0,1.0,40,1150,700,450,0.6086956521739131,16,7,9,390.0212797656697,0.4497462606837607,0.2432544970019992,0.21288070579209822,128572.46393352808,2029.1993851960046,130601.66331872408,559,0,119.5,36,4,17,36.56381856540085,0.6059027777777778,46.4527027027027,1014.1891891891889,28.171921921921914,0
597,4,1,0,41,0.024390243902439025,0.0,1.0,41,950,600,350,0.631578947368421,13,6,7,382.2494026268635,0.45132113821138214,0.24284875098453984,0.2100443453366249,128839.34389667971,1649.7524478685673,130489.09634454828,560,0,117.5609756097561,37,4,18,36.48780915865644,0.6067004504504505,46.18969298245614,1015.2412280701751,27.43895211000473,0
598,4,2,1,42,0.046511627906976744,0.023255813953488372,0.9767441860465116,43,1300,1000,300,0.7692307692307693,16,10,6,370.5315091148248,0.4521040974529347,0.24813786789512293,0.20624454931033537,129348.51794249394,987.5721861920194,130336.09012868596,561,0,113.04651162790698,35,8,20,36.26562085182236,0.6157738095238094,45.688657407407405,1017.2453703703699,29.064153439153426,0
599,4,0,1,41,0.0,0.023809523809523808,0.9761904761904762,42,1150,700,450,0.6086956521739131,16,7,9,377.1380588335212,0.45083236546651184,0.25063962141101315,0.20962201929829352,129292.17864229018,1352.2002551020303,130644.3788973922,562,1,116.57142857142857,34,8,21,36.15508798626555,0.6173406862745099,45.74404761904761,1017.023809523809,29.91246498599438,0
600,4,0,0,41,0.0,0.0,1.0,41,1450,1300,150,0.896551724137931,16,13,3,376.60125851321317,0.44895833333333335,0.23654483912028446,0.2098066724415853,129383.00028344661,1545.160147392277,130928.16043083889,563,2,113.51219512195122,34,7,22,36.07608822841094,0.6182598039215687,45.6547619047619,1017.3809523809516,29.922969187675047,0
601,4,0,0,41,0.0,0.0,1.0,41,1000,800,200,0.8,12,8,4,375.97645527045836,0.448755081300813,0.23536628160760498,0.2099426986353459,129473.85381235805,1535.824121315163,131009.67793367321,564,3,114.51219512195122,34,7,13,35.999337154443005,0.6191789215686274,45.565476190476176,1017.7380952380934,29.933473389355687,0
602,4,0,0,41,0.0,0.0,1.0,41,800,600,200,0.75,10,6,4,376.61612625944804,0.4479166666666667,0.2673077534075379,0.20031107131074163,127534.65008464179,1469.51916327477,129004.16924791656,565,4,115.51219512195122,37,4,17,37.967687074829946,0.5934684684684685,47.47807017543862,1010.0877192982487,27.299668089141857,8
603,4,0,0,41,0.0,0.0,1.0,41,1400,900,500,0.6428571428571429,19,9,10,376.2618920190172,0.4474593495934959,0.26356917361079835,0.20081099355757326,127673.13169677241,1407.7068184441764,129080.83851521659,566,5,116.51219512195122,37,4,17,37.83441376442082,0.5948761261261262,47.34100877192984,1010.6359649122834,27.314485538169823,0
604,4,0,1,40,0.0,0.024390243902439025,0.975609756097561,41,1450,1100,350,0.7586206896551724,18,11,7,377.58166554258287,0.4463922764227642,0.260724755291337,0.20290891251959345,127950.32035097366,1462.3390129655588,129412.65936393922,567,6,117.51219512195122,37,4,18,37.51659531808822,0.5976914414414414,47.066885964912295,1011.7324561403532,27.34412043622576,0
605,4,2,3,39,0.047619047619047616,0.07142857142857142,0.9285714285714286,42,1550,1100,450,0.7096774193548387,20,11,9,363.5844262359812,0.44726335656213706,0.24715290118210542,0.19784214364635963,128450.01737313428,940.6324542167051,129390.64982735098,568,0,113.5,37,5,16,37.35927077699657,0.602759009009009,46.57346491228071,1013.7061403508791,27.39746325272646,0
606,4,1,1,39,0.025,0.025,0.975,40,1300,1000,300,0.7692307692307693,16,10,6,368.37077951742134,0.44545940170940174,0.23498172681589713,0.20009023234829698,128379.01341735282,1458.2154492455727,129837.2288665984,569,0,116.45,35,5,16,37.31060606060605,0.605952380952381,46.64351851851853,1013.4259259259283,28.955026455026523,0
607,4,1,1,39,0.025,0.025,0.975,40,950,700,250,0.7368421052631579,12,7,5,373.5044521128739,0.445178952991453,0.2536888052036974,0.2039264494620011,128584.36113522398,1605.366271219164,130189.72740644314,570,0,117.425,35,5,17,36.97042964738105,0.6080357142857142,46.440972222222236,1014.2361111111128,28.97817460317465,0
608,4,1,0,40,0.025,0.0,1.0,40,1550,1100,450,0.7096774193548387,20,11,9,361.9657576364109,0.44603365384615384,0.24999445799157627,0.19985649115028778,129029.71172185714,1340.8674722019528,130370.57919405909,571,0,117.125,36,4,18,36.808403532106695,0.6105324074074074,46.00225225225226,1015.9909909909923,28.221971971972007,0
609,4,0,1,39,0.0,0.025,0.975,40,800,700,100,0.875,9,7,2,360.07495338433534,0.44564636752136755,0.24507756232686972,0.19924441779850588,129115.53603857254,1298.254124056509,130413.79016262904,572,1,118.125,36,4,18,36.76892890120037,0.611400462962963,45.9177927927928,1016.3288288288303,28.231356356356397,0
610,4,1,1,39,0.025,0.025,0.975,40,1450,1100,350,0.7586206896551724,18,11,7,350.1815721546551,0.4461004273504274,0.2304418758986837,0.19603663119815723,129573.7476285408,1074.8962645077645,130648.64389304857,573,0,117.25,36,4,15,36.55407772001624,0.6160300925925926,45.46734234234235,1018.1306306306315,28.28140640640643,0
611,4,1,0,40,0.025,0.0,1.0,40,750,600,150,0.8,9,6,3,350.0389900363946,0.4477163461538462,0.23494617868676015,0.19660593817642724,129703.52055440134,1080.2578678054772,130783.77842220681,574,0,118.225,37,3,16,36.42581628991747,0.615427927927928,45.33991228070175,1018.6403508771929,27.530820293978184,0
612,4,1,2,39,0.024390243902439025,0.04878048780487805,0.9512195121951219,41,650,400,250,0.6153846153846154,9,4,5,352.95444990052306,0.4473069105691057,0.2601591967128969,0.2005394378941044,130153.54624379062,987.6546634158797,131141.2009072065,575,0,116.3170731707317,38,3,17,35.89458346420969,0.6181469298245614,44.89850427350427,1020.4059829059828,26.852789023841652,0
613,4,1,0,40,0.025,0.0,1.0,40,1500,1300,200,0.8666666666666667,17,13,4,363.73789817407663,0.44543269230769234,0.2653373079815231,0.2070970088136075,130234.60493853888,1474.252293975078,131708.85723251395,576,0,119.35,37,3,18,35.53718175958749,0.620777027027027,44.819078947368425,1020.7236842105272,27.587126600284517,0
614,4,2,1,41,0.047619047619047616,0.023809523809523808,0.9761904761904762,42,1050,600,450,0.5714285714285714,15,6,9,346.4608223341769,0.4455332946186605,0.25804659160009225,0.20020675000532207,130809.2129291454,664.0625132612327,131473.27544240662,577,0,114.61904761904762,36,6,16,35.3962553207104,0.6284722222222222,44.25675675675676,1022.9729729729734,28.415915915915928,0
615,4,0,0,41,0.0,0.0,1.0,41,1050,600,450,0.5714285714285714,15,6,9,354.54642411384725,0.4442327235772358,0.26621392190152804,0.20433252818302933,130706.03358892744,1068.2713638117236,131774.30495273916,578,1,118.41463414634147,35,6,16,35.29393039049234,0.6294642857142857,44.357638888888886,1022.5694444444442,29.216269841269835,0
616,4,0,2,39,0.0,0.04878048780487805,0.9512195121951219,41,1800,1300,500,0.7222222222222222,23,13,10,349.5293259026362,0.44341971544715447,0.25840938792268386,0.20273593127817854,130953.2521330451,954.4003885642321,131907.65252160933,579,2,119.41463414634147,36,5,17,35.17209447317271,0.6299189814814814,44.11599099099099,1023.5360360360352,28.431556556556533,0
617,4,0,0,39,0.0,0.0,1.0,39,1250,900,350,0.72,16,9,7,360.25581173275,0.44478182636077374,0.2501044015701992,0.20867647962632896,130901.38888888904,1631.5972222222329,132532.98611111127,580,3,121.6923076923077,34,5,17,34.95012214983711,0.633578431372549,44.16666666666667,1023.3333333333345,30.09803921568631,0
618,4,0,1,38,0.0,0.02564102564102564,0.9743589743589743,39,1300,1000,300,0.7692307692307693,16,10,6,359.14982881471786,0.4440227170490328,0.2481569063847544,0.20906300561530405,131090.9636488339,1616.2594307270085,132707.2230795609,581,4,122.6923076923077,35,4,18,34.786580771549126,0.6333333333333333,43.981481481481474,1024.074074074073,29.259259259259228,0
619,4,0,0,38,0.0,0.0,1.0,38,1500,1000,500,0.6666666666666666,20,10,10,370.8790911906522,0.4415747984826932,0.2659962318627813,0.21619537266967276,131145.15306122438,2127.799036281169,133272.95209750556,582,5,126.73684210526316,34,4,19,34.43141755772509,0.6360294117647058,43.92857142857142,1024.2857142857135,30.126050420168045,0
620,4,0,1,37,0.0,0.02631578947368421,0.9736842105263158,38,1050,700,350,0.6666666666666666,14,7,7,369.0836392221963,0.4403449502133712,0.2603853983896902,0.21600550986158298,131297.62081916086,2091.960742630371,133389.58156179124,583,6,127.73684210526316,34,4,20,34.3230921129051,0.6375612745098039,43.7797619047619,1024.8809523809514,30.14355742296916,0
621,4,0,0,37,0.0,0.0,1.0,37,1400,1100,300,0.7857142857142857,17,11,6,368.0392739245702,0.4388763763763764,0.24750930880695532,0.21645261303406388,131485.18786344197,2278.342614619384,133763.53047806135,584,7,129.0810810810811,33,4,20,34.160169474648505,0.641729797979798,43.5968137254902,1025.6127450980396,31.07917409387999,0
622,4,0,0,37,0.0,0.0,1.0,37,650,500,150,0.7692307692307693,8,5,3,368.65104262063323,0.4387825325325325,0.24562513313408907,0.21770689921757289,131642.34459102273,2306.01751730104,133948.36210832378,585,8,130.0810810810811,33,4,16,33.98565002786403,0.6433080808080809,43.443627450980394,1026.2254901960787,31.0977421271539,0
623,4,0,0,37,0.0,0.0,1.0,37,1200,900,300,0.75,15,9,6,366.5222395546406,0.43809434434434436,0.24232062093126783,0.2171657229836478,131768.13755526723,2259.1905757400973,134027.32813100732,586,9,131.0810810810811,33,4,16,33.9132251133922,0.6445707070707071,43.32107843137255,1026.7156862745098,31.112596553773024,0
624,4,0,0,37,0.0,0.0,1.0,37,1000,600,400,0.6,14,6,8,367.36528435701166,0.4377815315315315,0.24418188327962742,0.21784527371743828,131799.5951827423,2283.7191524894392,134083.31433523176,587,10,132.0810810810811,33,4,16,33.85982316903369,0.6448863636363636,43.290441176470594,1026.8382352941185,31.116310160427833,0
625,4,1,1,37,0.02631578947368421,0.02631578947368421,0.9736842105263158,38,1150,500,650,0.43478260869565216,18,5,13,360.4754787364246,0.4386409435751541,0.24073645206113925,0.21558630431909714,132122.47732426302,1925.3826530612196,134047.85997732423,588,0,129.57894736842104,34,4,18,33.711112397715,0.6458333333333333,42.976190476190474,1028.0952380952378,30.23809523809523,0
626,4,0,0,37,0.0,0.0,1.0,37,1300,900,400,0.6923076923076923,17,9,8,366.5999682995145,0.43681181181181183,0.24272770624701923,0.21901998106099207,132082.88278546726,2284.316128412165,134367.19891387943,589,1,132.9189189189189,33,4,18,33.59362581465587,0.6477272727272727,43.01470588235295,1027.9411764705892,31.149732620320886,0
627,4,0,2,35,0.0,0.05405405405405406,0.9459459459459459,37,1300,1000,300,0.7692307692307693,16,10,6,364.0373112960973,0.4363738738738739,0.240658811161242,0.21806895249484667,132183.68055555562,2223.958333333342,134407.63888888896,590,2,133.9189189189189,34,3,18,33.557874122096166,0.6464460784313726,42.91666666666667,1028.333333333334,30.245098039215705,0
628,4,0,0,35,0.0,0.0,1.0,35,1150,800,350,0.6956521739130435,15,8,7,371.4357823443422,0.4341736694677871,0.22517842238839014,0.22172469085565827,132051.39136690216,2809.722372404847,134861.113739307,591,3,136.34285714285716,33,2,19,33.501127737371334,0.6474116161616161,43.0453431372549,1027.8186274509806,31.146019013666077,0
629,4,0,0,35,0.0,0.0,1.0,35,1450,1100,350,0.7586206896551724,18,11,7,369.5477708334643,0.43340336134453783,0.2215587819781788,0.22170224736277822,132240.39619677534,2773.8287257304983,135014.22492250585,592,4,137.34285714285716,33,2,19,33.359024385400524,0.6493055555555556,42.86151960784314,1028.553921568628,31.16830065359479,0
630,4,0,0,35,0.0,0.0,1.0,35,750,400,350,0.5333333333333333,11,4,7,370.91776955354675,0.4330532212885154,0.22482770356504722,0.22289582501088231,132303.42784325744,2814.738471981938,135118.16631523936,593,5,138.34285714285716,33,2,19,33.260249156243795,0.6499368686868687,42.80024509803922,1028.7990196078435,31.17572786690435,0
631,4,0,0,35,0.0,0.0,1.0,35,800,500,300,0.625,11,5,6,367.97849497615096,0.4325980392156863,0.21769809138230167,0.2216846055100229,132398.00347222236,2743.9574022010956,135141.96087442347,594,6,139.34285714285716,32,3,19,33.24055330634279,0.6533203125,42.70833333333334,1029.1666666666679,32.16145833333337,0
632,4,0,1,34,0.0,0.02857142857142857,0.9714285714285714,35,1050,700,350,0.6666666666666666,14,7,7,376.9259359846898,0.4314075630252101,0.17073120705568612,0.21968946812831494,131139.77346453283,2955.4408160322873,134095.21428056512,595,7,140.34285714285716,33,2,17,34.28202520539203,0.6382575757575757,43.93382352941176,1024.2647058823527,31.038324420677355,8
633,4,0,1,33,0.0,0.029411764705882353,0.9705882352941176,34,1150,1000,150,0.8695652173913043,13,10,3,384.2998248774637,0.4308340760546643,0.16548241384560702,0.22414266565282995,131166.40082963475,3281.444973727173,134447.8458033619,596,8,140.02941176470588,32,2,17,34.066210608488426,0.6409505208333333,43.907828282828284,1024.368686868687,32.01152146464647,0
634,4,0,1,32,0.0,0.030303030303030304,0.9696969696969697,33,1200,800,400,0.6666666666666666,16,8,8,390.6523104357493,0.4292929292929293,0.17725751220094632,0.22781777065960293,131161.34855482323,3647.6967705620746,134809.0453253853,597,20,145.03030303030303,31,2,18,33.90865323503241,0.643481182795699,43.91276041666667,1024.3489583333342,33.04351478494626,0
635,4,0,1,31,0.0,0.03125,0.96875,32,550,300,250,0.5454545454545454,8,3,5,399.3725194307646,0.42830141129032256,0.17957775370880902,0.23203817547705072,131018.32807622274,4065.0239550815163,135083.35203130424,598,21,149.125,30,2,18,33.83057634239201,0.6447916666666667,44.05241935483871,1023.7903225806456,34.12634408602152,0
636,4,0,0,31,0.0,0.0,1.0,31,1150,1000,150,0.8695652173913043,13,10,3,397.9342672011009,0.42786738351254483,0.15506479041816634,0.2124323096296386,127683.52084689666,3961.9296603732605,131645.4505072699,599,22,151.03225806451613,31,0,16,37.27615305333677,0.6081989247311828,47.330729166666664,1010.6770833333329,32.60248655913977,8
637,4,1,0,32,0.03125,0.0,1.0,32,1100,800,300,0.7272727272727273,14,8,6,388.366945139214,0.4311575940860215,0.15048172861062659,0.20955088601118554,128112.57301550866,3550.937723191522,131663.5107387002,600,0,147.28125,32,0,18,37.077253263490505,0.6100260416666667,46.90656565656566,1012.3737373737376,31.6366792929293,0
638,4,2,2,32,0.058823529411764705,0.058823529411764705,0.9411764705882353,34,1000,600,400,0.6,14,6,8,363.1800042007983,0.4371843434343434,0.13694231315714744,0.1988842880147229,128703.50346020765,2548.5117710298346,131252.01523123748,601,0,139.55882352941177,33,1,17,37.11050724637683,0.6136363636363636,46.32352941176471,1014.7058823529414,30.748663101604286,0
639,4,2,0,34,0.058823529411764705,0.0,1.0,34,900,700,200,0.7777777777777778,11,7,4,359.6129130443588,0.4382241532976827,0.1445333560341655,0.19879401833092142,129076.82742214526,2483.5387831603184,131560.3662053056,602,0,139.2941176470588,33,1,20,36.82012783405693,0.6174242424242424,45.955882352941174,1016.1764705882347,30.793226381461658,0
640,4,0,0,34,0.0,0.0,1.0,34,750,500,250,0.6666666666666666,10,5,5,363.45140630626025,0.43783422459893045,0.14413714853029846,0.20139141050837853,129170.2428903546,2589.421286284113,131759.6641766387,603,1,140.2941176470588,33,1,20,36.62736085995581,0.6183712121212122,45.86397058823529,1016.5441176470582,30.804367201426007,0
641,4,1,0,35,0.02857142857142857,0.0,1.0,35,750,500,250,0.6666666666666666,10,5,5,355.5187616518859,0.4390406162464986,0.1435020131312965,0.1988254369447532,129534.44054705215,2210.3847789115625,131744.8253259637,604,0,137.25714285714287,34,1,16,36.45821151522239,0.6197916666666667,45.50595238095238,1017.9761904761904,29.940476190476186,0
642,4,0,1,34,0.0,0.02857142857142857,0.9714285714285714,35,1250,800,450,0.64,17,8,9,357.1055472368286,0.4392156862745098,0.14369885433715268,0.2001756783134882,129625.34722222216,2257.9861111111077,131883.33333333326,605,1,138.25714285714287,34,1,16,36.325354609929086,0.6207107843137255,45.416666666666664,1018.3333333333328,29.950980392156847,0
643,4,1,1,34,0.02857142857142857,0.02857142857142857,0.9714285714285714,35,950,800,150,0.8421052631578947,11,8,3,356.5552315960983,0.43788515406162465,0.14727251489312043,0.2009525567935612,129837.58680555546,2258.854166666659,132096.44097222213,606,0,139.0857142857143,34,1,17,36.12360316162441,0.6228553921568627,45.20833333333333,1019.1666666666658,29.975490196078407,0
644,4,1,0,35,0.02857142857142857,0.0,1.0,35,750,500,250,0.6666666666666666,10,5,5,353.5232175658935,0.43539915966386555,0.14383753501400598,0.20032982328733978,130050.0000000001,2195.138888888905,132245.138888889,607,0,139.94285714285715,34,1,19,35.985157952069734,0.625,45.00000000000001,1020.0000000000008,30.000000000000025,0
645,4,1,1,35,0.027777777777777776,0.027777777777777776,0.9722222222222222,36,1200,800,400,0.6666666666666666,16,8,8,344.33763211325004,0.4368716931216931,0.14241422725841968,0.19693970209976894,130410.31867551882,1781.0360671725114,132191.35474269133,608,0,137.02777777777777,35,1,21,35.85422568460812,0.6264880952380952,44.64699074074075,1021.4120370370382,29.183201058201092,0
646,4,0,0,35,0.0,0.0,1.0,35,850,500,350,0.5882352941176471,12,5,7,354.09826668314224,0.4332282913165266,0.1475479744136463,0.20191135206613212,130292.9705215419,2227.3030045351425,132520.27352607704,609,1,141.74285714285713,34,1,21,35.723968050373145,0.6274509803921569,44.76190476190476,1020.9523809523805,30.02801120448178,0
647,4,0,0,35,0.0,0.0,1.0,35,850,700,150,0.8235294117647058,10,7,3,365.15901197482856,0.43291316526610646,0.144071991001125,0.19612151228706629,127927.48169273835,2381.096559334513,130308.57825207287,610,2,142.74285714285713,33,2,19,37.85420452251161,0.6057449494949495,47.08946078431372,1011.642156862745,30.655822935234696,8
648,4,2,1,36,0.05405405405405406,0.02702702702702703,0.972972972972973,37,1000,600,400,0.6,14,6,8,350.18274696640066,0.4393455955955956,0.1602599667115805,0.19198121658447356,128747.91843820858,1617.2439226916274,130365.16236090021,611,0,135.97297297297297,34,3,20,37.39491691104595,0.6118259803921569,46.279761904761905,1014.8809523809521,29.849439775910355,0
649,4,0,0,36,0.0,0.0,1.0,36,950,600,350,0.631578947368421,13,6,7,355.26801101644077,0.43743386243386245,0.17388197882703382,0.19470379875758753,128734.59314025863,1947.0565707900896,130681.64971104873,612,1,140.66666666666666,33,3,20,37.27949019844624,0.6139520202020202,46.29289215686275,1014.8284313725496,30.752376708259078,0
650,4,0,0,36,0.0,0.0,1.0,36,1350,1100,250,0.8148148148148148,16,11,5,356.7615697774863,0.43716931216931215,0.17777241268308352,0.19598228408731413,128827.88470780473,1992.1676758938918,130820.05238369861,613,2,141.66666666666666,33,3,20,37.14640672782873,0.6148989898989898,46.200980392156865,1015.1960784313728,30.763517528223417,0
651,4,0,2,34,0.0,0.05555555555555555,0.9444444444444444,36,750,600,150,0.8,9,6,3,356.68657001902295,0.43659060846560843,0.17900899451749974,0.19671157544162896,128983.44574502605,2001.3325704056263,130984.77831543169,614,3,142.66666666666666,33,3,20,36.98965999115293,0.6164772727272727,46.047794117647065,1015.8088235294126,30.782085561497354,0
652,4,2,1,35,0.05555555555555555,0.027777777777777776,0.9722222222222222,36,1000,600,400,0.6,14,6,8,357.75164704467153,0.43579695767195764,0.17470117388801887,0.19917481033654041,129357.17520004323,2055.5484969723198,131412.72369701555,615,0,137.83333333333334,33,3,22,36.58181243223709,0.6202651515151515,45.68014705882353,1017.2794117647057,30.826648841354718,0
653,4,1,2,34,0.027777777777777776,0.05555555555555555,0.9444444444444444,36,1100,900,200,0.8181818181818182,13,9,4,356.62602606896013,0.43614417989417986,0.17586799288760568,0.20012956803910373,129669.02941476826,2048.6701328815734,131717.69954764983,616,0,136.27777777777777,33,3,17,36.293140616853165,0.6234217171717171,45.373774509803916,1018.5049019607835,30.86378490790253,0
654,4,0,0,34,0.0,0.0,1.0,34,1150,700,450,0.6086956521739131,16,7,9,375.3463920336279,0.43174390968508614,0.18892401490346633,0.20937416514937918,129433.15505981447,2916.453552246095,132349.60861206058,617,1,145.23529411764707,31,3,18,36.05686180422264,0.626008064516129,45.60546875,1017.5781250000001,32.825100806451616,0
655,4,0,0,34,0.0,0.0,1.0,34,900,600,300,0.6666666666666666,12,6,6,374.07133819209037,0.43133541295306,0.19052759868495284,0.2093674869952723,129565.68611992728,2893.361918131507,132459.0480380588,618,2,146.23529411764707,31,3,19,35.95421942277358,0.6273521505376345,45.475260416666664,1018.0989583333331,32.841901881720425,0
656,4,1,1,34,0.02857142857142857,0.02857142857142857,0.9714285714285714,35,1250,900,350,0.72,16,9,7,366.54433388883433,0.4337885154061625,0.20182461103253213,0.2079830209144511,130101.52025303549,2537.595015814726,132639.1152688502,619,0,143.02857142857144,32,3,22,35.60076320132014,0.6302083333333333,44.949494949494955,1020.2020202020209,31.881313131313153,0
657,4,0,0,34,0.0,0.0,1.0,34,850,400,450,0.47058823529411764,13,4,9,373.23495882832344,0.4325237670825906,0.20446265596009838,0.21103270487975462,129963.68620130756,2901.3982137044377,132865.084415012,620,1,147.85294117647058,31,3,22,35.57030285616993,0.6313844086021505,45.08463541666667,1019.6614583333338,32.892305107526894,0
658,4,0,0,34,0.0,0.0,1.0,34,800,500,300,0.625,11,5,6,374.84832138858803,0.4325794711824124,0.2082256804662619,0.21212514834649016,129996.8804253473,2945.822482638894,132942.7029079862,621,2,148.85294117647058,31,3,22,35.49540347293155,0.6317204301075269,45.052083333333336,1019.7916666666673,32.89650537634411,0
659,4,1,0,35,0.02857142857142857,0.0,1.0,35,1050,700,350,0.6666666666666666,14,7,7,365.70195562824836,0.4339635854341737,0.20857652931103576,0.20872159650922306,130329.05578613283,2532.589382595487,132861.6451687283,622,0,145.57142857142858,31,4,23,35.391162968630454,0.6350806451612903,44.7265625,1021.0937500000001,32.938508064516135,0
660,4,1,0,36,0.027777777777777776,0.0,1.0,36,1550,1200,350,0.7741935483870968,19,12,7,357.89574759945134,0.43429232804232804,0.21002057613168734,0.20647831592276042,130746.3842975207,2158.7149908172696,132905.09928833795,623,0,142.5,32,4,20,35.16743827160495,0.63671875,44.31818181818182,1022.727272727273,31.96022727272728,0
661,4,0,0,36,0.0,0.0,1.0,36,700,400,300,0.5714285714285714,10,4,6,357.43785373856804,0.43412698412698414,0.20871389780301142,0.20655930748857906,130810.95838434856,2151.3576420773406,132962.3160264259,624,1,143.5,32,4,20,35.11375791985517,0.6373697916666667,44.255050505050505,1022.9797979797983,31.968118686868696,0
662,4,0,1,35,0.0,0.027777777777777776,0.9722222222222222,36,900,300,600,0.3333333333333333,15,3,12,359.9236577990563,0.4333498677248677,0.21034879894702208,0.20834438020025386,130875.54841342731,2221.041220283656,133096.58963371097,625,2,144.5,32,4,20,34.98478117801909,0.6380208333333333,44.1919191919192,1023.2323232323241,31.97601010101013,0
663,4,0,1,34,0.0,0.02857142857142857,0.9714285714285714,35,1100,700,400,0.6363636363636364,15,7,8,368.30921773409625,0.43291316526610646,0.20448371788577946,0.21293638879593776,130828.11355590823,2637.0400322808173,133465.15358818904,492,3,131.77142857142857,31,4,20,34.81834139408597,0.6401209677419355,44.23828125,1023.0468750000002,33.0015120967742,0
664,4,1,0,35,0.02857142857142857,0.0,1.0,35,1200,700,500,0.5833333333333334,17,7,10,368.5289638531267,0.43256302521008405,0.20531307918741204,0.21398631564352136,130994.67807345909,2655.066596137144,133649.74466959623,493,0,132.2,31,4,21,34.64396252013908,0.6418010752688172,44.07552083333333,1023.6979166666657,33.02251344086019,0
665,4,0,0,35,0.0,0.0,1.0,35,1050,500,550,0.47619047619047616,16,5,11,370.895308520438,0.4319327731092437,0.21183393265773165,0.21610833309790836,131128.0059814452,2726.952446831583,133854.9584282768,494,1,133.2,31,4,21,34.44836426815833,0.6431451612903225,43.94531249999999,1024.218749999999,33.039314516129004,0
666,4,0,1,34,0.0,0.02857142857142857,0.9714285714285714,35,950,700,250,0.7368421052631579,12,7,5,368.6478837923955,0.4308823529411765,0.20522351489191792,0.21573438612118545,131294.76123385952,2680.307176378029,133975.06841023755,495,2,134.2,31,4,21,34.337150086816585,0.6448252688172043,43.78255208333333,1024.869791666666,33.060315860215034,0
667,4,0,0,34,0.0,0.0,1.0,34,950,700,250,0.7368421052631579,12,7,5,380.71028523009414,0.4316325014854427,0.17729769072983514,0.20266553507158913,127569.89282024799,2913.4340564738327,130483.32687672183,496,3,129.14705882352942,32,2,19,37.8280839895013,0.6044921875,47.44318181818182,1010.2272727272731,31.569602272727284,8
668,4,0,1,33,0.0,0.029411764705882353,0.9705882352941176,34,650,600,50,0.9230769230769231,7,6,1,384.37432145626866,0.4315210932857992,0.17999500187429684,0.20493988638337904,127633.67776566168,3011.821657228854,130645.49942289053,497,4,130.14705882352942,32,2,19,37.66998833770668,0.6051432291666667,47.380050505050505,1010.4797979797981,31.577493686868692,0
669,4,2,0,35,0.05714285714285714,0.0,1.0,35,850,500,350,0.5882352941176471,12,5,7,374.3017941615675,0.4338235294117647,0.1906768373895149,0.20165417599350216,128051.48748378038,2585.980302047308,130637.46778582768,498,0,127.11428571428571,33,2,21,37.49583787383461,0.6070075757575757,46.96691176470589,1012.1323529411773,30.670677361853855,0
670,4,1,1,35,0.027777777777777776,0.027777777777777776,0.9722222222222222,36,950,800,150,0.8421052631578947,11,8,3,360.0849479240736,0.43763227513227515,0.1768595762973708,0.19580950718474802,128423.86529519911,2048.733960495982,130472.5992556951,499,0,124.55555555555556,33,3,15,37.474685648651906,0.6107954545454546,46.59926470588236,1013.6029411764719,30.71524064171127,0
671,4,2,1,36,0.05405405405405406,0.02702702702702703,0.972972972972973,37,1050,800,250,0.7619047619047619,13,8,5,353.30101744206,0.4372184684684685,0.1918507018155311,0.19442952766327581,128898.98667800477,1708.028628117941,130607.01530612272,500,0,122.13513513513513,34,3,18,37.16173309886675,0.6133578431372548,46.130952380952394,1015.4761904761924,29.86694677871154,0
672,4,0,0,36,0.0,0.0,1.0,36,1100,700,400,0.6363636363636364,15,7,8,360.06224260388444,0.43559854497354494,0.19672405932362524,0.19810595897847194,128890.09785899652,2081.691536908884,130971.7893959054,501,1,126.47222222222223,33,3,19,36.99915520154479,0.615530303030303,46.13970588235294,1015.4411764705881,30.770944741532972,0
673,4,0,0,36,0.0,0.0,1.0,36,900,600,300,0.6666666666666666,12,6,6,361.0610547279097,0.4349867724867725,0.1974068712215653,0.19912409066132022,128983.44574502594,2114.1797926278346,131097.62553765377,502,2,127.47222222222223,33,3,19,36.8785689870109,0.6164772727272727,46.04779411764706,1015.8088235294117,30.782085561497325,0
674,4,0,2,34,0.0,0.05555555555555555,0.9444444444444444,36,1200,800,400,0.6666666666666666,16,8,8,366.2528641291339,0.43472222222222223,0.06877842755035779,0.2046707181898101,129504.14540816323,2286.2528344671173,131790.39824263036,503,3,128.47222222222223,34,2,15,36.215886939571156,0.6194852941176471,45.535714285714285,1017.8571428571425,29.936974789915958,8
675,4,0,2,32,0.0,0.058823529411764705,0.9411764705882353,34,950,700,250,0.7368421052631579,12,7,5,379.9551353041127,0.42936720142602497,0.09339768678076998,0.21138940400621037,129329.78777675726,3027.903402713978,132357.69117947124,504,4,136.7941176470588,32,2,20,36.0450802714333,0.6223958333333333,45.70707070707069,1017.1717171717155,31.78661616161611,0
676,4,1,0,33,0.030303030303030304,0.0,1.0,33,650,300,350,0.46153846153846156,10,3,7,385.51997896344693,0.4278330176767677,0.1293384200241927,0.21523029682702136,129466.28146701376,3382.3676215277587,132848.6490885415,505,0,141.12121212121212,31,2,16,35.764244285226866,0.6263440860215054,45.57291666666666,1017.7083333333322,32.82930107526878,0
677,4,0,0,33,0.0,0.0,1.0,33,850,600,250,0.7058823529411765,11,6,5,382.0104264185574,0.4277935606060606,0.12824010914051898,0.21375087218687186,129554.63927469116,3298.2445987654105,132852.88387345657,506,1,142.12121212121212,32,1,16,35.76341518872216,0.6246744791666667,45.4861111111111,1018.0555555555538,31.814236111111057,0
678,4,0,0,33,0.0,0.0,1.0,33,1300,800,500,0.6153846153846154,18,8,10,376.87942875959425,0.426925505050505,0.12475066770343868,0.21157177117631484,129683.2135273185,3174.987086776844,132858.20061409535,507,2,143.12121212121212,32,1,16,35.762985000619814,0.6259765625,45.35984848484848,1018.5606060606049,31.830018939393902,0
679,4,0,1,32,0.0,0.030303030303030304,0.9696969696969697,33,1100,900,200,0.8181818181818182,13,9,4,375.67676344023704,0.42566287878787884,0.12708352103793152,0.21176416441966425,129844.02101826332,3155.8763136414473,132999.89733190477,508,3,144.12121212121212,32,1,19,35.62985216385861,0.6276041666666667,45.20202020202019,1019.1919191919183,31.849747474747446,0
680,4,1,0,33,0.030303030303030304,0.0,1.0,33,600,300,300,0.5,9,3,6,377.50347458520685,0.42759627525252525,0.11951590205460261,0.21331984305637094,129940.55333958255,3210.602075043347,133151.1554146259,509,0,135.36363636363637,32,1,20,35.485036119711054,0.6285807291666667,45.107323232323225,1019.5707070707058,31.861584595959556,0
681,4,0,0,33,0.0,0.0,1.0,33,1200,800,400,0.6666666666666666,16,8,8,378.2205788648173,0.426925505050505,0.12630513051305137,0.21460830598509287,130101.52025303536,3241.4144602591537,133342.9347132945,510,1,136.36363636363637,32,1,21,35.30295998349836,0.6302083333333333,44.94949494949495,1020.2020202020199,31.88131313131312,0
682,4,0,0,33,0.0,0.0,1.0,33,850,400,450,0.47058823529411764,13,4,9,380.6747188671387,0.42625473484848486,0.12937538651824365,0.2168960607498814,130262.58680555562,3317.534722222231,133580.12152777784,511,2,137.36363636363637,32,1,21,35.0765306122449,0.6318359375,44.79166666666667,1020.8333333333339,31.901041666666686,0
683,4,0,1,32,0.0,0.030303030303030304,0.9696969696969697,33,1250,700,550,0.56,18,7,11,379.92053114734944,0.42578125,0.1298171621903461,0.2175807655023436,130462.04460991772,3313.041856553843,133775.08646647158,512,3,138.36363636363637,31,2,21,34.8930452884697,0.6364247311827957,44.59635416666668,1021.6145833333348,32.955309139784994,0
684,4,0,0,32,0.0,0.0,1.0,32,350,100,250,0.2857142857142857,6,1,5,387.84300814723775,0.4225470430107527,0.1437286099776236,0.22137064860214614,130331.2002290727,3709.6089504567026,134040.8091795294,513,4,142.59375,30,2,21,34.82377912333817,0.6378472222222222,44.7244623655914,1021.1021505376342,34.03673835125447,0
685,4,0,0,32,0.0,0.0,1.0,32,500,200,300,0.4,8,2,6,387.719118450146,0.42210601478494625,0.14317606236021563,0.22208387485603323,130468.48127312411,3717.024908949018,134185.50618207312,514,5,143.59375,30,2,21,34.68732184361707,0.6392361111111111,44.590053763440864,1021.639784946237,34.0546594982079,0
686,4,0,0,32,0.0,0.0,1.0,32,1300,1000,300,0.7692307692307693,16,10,6,387.693177482581,0.420866935483871,0.14418943446694676,0.2229874825212999,130628.37600708009,3728.746032714845,134357.12203979495,515,6,144.59375,31,1,18,34.52545854031333,0.6381048387096775,44.43359375,1022.2656250000001,32.97631048387097,0
687,4,0,0,32,0.0,0.0,1.0,32,1300,1000,300,0.7692307692307693,16,10,6,392.1955210297911,0.42116095430107525,0.14898736795214473,0.22674615222450825,130828.11355590819,3862.0400322808164,134690.15358818902,516,7,145.59375,31,1,19,34.207421195536895,0.6401209677419355,44.23828125,1023.0468749999999,33.00151209677419,0
688,4,0,0,32,0.0,0.0,1.0,32,600,400,200,0.6666666666666666,8,4,4,394.7546449350108,0.42116095430107525,0.15252114870881606,0.2290159604305623,130961.3566928439,3939.5207722981722,134900.87746514205,517,8,146.59375,31,1,19,34.006620234915,0.6414650537634409,44.108072916666664,1023.5677083333327,33.01831317204299,0
689,4,0,1,31,0.0,0.03125,0.96875,32,950,800,150,0.8421052631578947,11,8,3,396.2272156673624,0.4207199260752688,0.15224440488301094,0.2304682562136197,131061.33355034729,3986.0134548611204,135047.3470052084,518,9,147.59375,31,1,20,33.867412682265176,0.6424731182795699,44.01041666666667,1023.9583333333339,33.030913978494645,0
690,4,0,0,31,0.0,0.0,1.0,31,950,700,250,0.7368421052631579,12,7,5,410.2565650181569,0.41765232974910393,0.1670302670874546,0.237936309414567,130949.53399598223,4544.581201584007,135494.11519756625,519,14,153.06451612903226,30,1,20,33.62196323046619,0.6440972222222222,44.11962365591398,1023.5215053763444,34.11738351254481,0
691,4,1,0,32,0.03125,0.0,1.0,32,1100,900,200,0.8181818181818182,13,9,4,406.2059019684859,0.4191448252688172,0.16306572933858043,0.23896070872335806,131495.00740898986,4282.809617784294,135777.81702677414,520,0,149.25,31,1,22,33.17160192120519,0.6468413978494624,43.587239583333336,1025.651041666667,33.08551747311829,0
692,4,0,1,31,0.0,0.03125,0.96875,32,1250,800,450,0.64,17,8,9,417.4997904718576,0.4192708333333333,0.10697408048186596,0.2305556167764969,129035.96878051748,4377.587890624985,133413.55667114246,521,1,150.25,31,1,19,35.39143598615916,0.6219758064516129,45.99609374999999,1016.0156249999992,32.77469758064514,8
693,4,1,1,31,0.03125,0.03125,0.96875,32,650,400,250,0.6153846153846154,9,4,5,417.57882881036676,0.4200688844086022,0.12462387964148558,0.23195523847858912,129267.58660210499,4395.881483289926,133663.4680853949,522,0,151.1875,31,1,20,35.15204865556979,0.6243279569892473,45.768229166666664,1016.9270833333329,32.80409946236558,0
694,4,0,0,31,0.0,0.0,1.0,31,1100,800,300,0.7272727272727273,14,8,6,428.4801276135119,0.4206541218637993,0.10678075997043046,0.23821055350812415,129300.69181654195,4880.555386013461,134181.24720255542,502,1,140.2258064516129,31,0,20,34.84095613024367,0.6246639784946236,45.735677083333336,1017.0572916666672,32.808299731182814,0
695,4,0,0,31,0.0,0.0,1.0,31,850,700,150,0.8235294117647058,10,7,3,406.61192006575357,0.4196236559139785,0.09718834844231772,0.2083311970516298,126011.15120781808,4047.527228461397,130058.67843627949,503,2,141.2258064516129,31,0,20,38.78455561319327,0.5910618279569892,48.99088541666668,1004.0364583333346,32.38827284946241,8
696,4,3,0,34,0.08823529411764706,0.0,1.0,34,1100,800,300,0.7272727272727273,14,8,6,374.2527087670373,0.4259321152703506,0.08060706271406648,0.19645366925793606,127002.00007086188,2706.1685090703213,129708.1685799322,504,0,129.6764705882353,34,0,21,38.575006889492535,0.5940563725490196,48.005952380952394,1007.9761904761922,29.646358543417417,0
697,4,2,2,34,0.05555555555555555,0.05555555555555555,0.9444444444444444,36,1150,1000,150,0.8695652173913043,13,10,3,357.1649298811984,0.4318287037037037,0.07078606623123629,0.18994383565345663,127530.03532503879,1909.883112677964,129439.91843771675,505,0,123.41666666666667,35,1,15,38.463604331385355,0.5973214285714286,47.4826388888889,1010.0694444444462,28.859126984127034,0
698,4,0,0,34,0.0,0.0,1.0,34,750,500,250,0.6666666666666666,10,5,5,375.38730439095946,0.4256350267379679,0.07493550208322941,0.19793804628071673,127184.70848051234,2748.7049752499092,129933.41345576226,506,2,131.6764705882353,33,1,21,38.35841635281255,0.5981691919191919,47.82475490196079,1008.7009803921571,30.566696375519914,0
699,4,0,0,34,0.0,0.0,1.0,34,650,300,350,0.46153846153846156,10,3,7,376.0727531329064,0.42572786690433745,0.0722860572800541,0.19845069896090303,127215.61418685128,2768.4652537485617,129984.07944059985,507,3,132.6764705882353,33,1,21,38.30934159378036,0.5984848484848485,47.794117647058826,1008.8235294117653,30.570409982174706,0
700,4,2,3,33,0.05555555555555555,0.08333333333333333,0.9166666666666666,36,1100,900,200,0.8181818181818182,13,9,4,356.5161241589472,0.4330191798941799,0.08575431773990605,0.1918166445244107,127998.08873724694,1926.6764992712433,129924.76523651819,508,0,126.25,35,1,17,38.00051946318959,0.6020833333333333,47.01967592592592,1011.9212962962952,28.912037037037006,0
701,4,1,0,34,0.029411764705882353,0.0,1.0,34,900,500,400,0.5555555555555556,13,5,8,372.134867255176,0.43012849079025545,0.08969679254564511,0.1992527443038584,127803.53597474529,2712.0303789407903,130515.56635368608,509,0,134.2941176470588,33,1,18,37.80488728638954,0.6044823232323233,47.21200980392157,1011.1519607843137,30.64096850861557,0
702,4,1,0,35,0.02857142857142857,0.0,1.0,35,1450,1200,250,0.8275862068965517,17,12,5,365.95942650562057,0.4331932773109244,0.08779275724862745,0.19821443412707346,128265.09530895679,2387.964143990911,130653.05945294771,510,0,131.42857142857142,34,1,19,37.488247737689505,0.6069240196078431,46.75595238095237,1012.9761904761895,29.79341736694675,0
703,4,1,0,36,0.027777777777777776,0.0,1.0,36,600,500,100,0.8333333333333334,7,5,2,356.55353862317565,0.4351686507936508,0.08495034813377522,0.19438491299798613,128525.67361379007,1965.2567461848175,130490.9303599749,511,0,128.75,35,1,16,37.46016912072443,0.6074404761904761,46.49884259259258,1014.0046296296279,28.971560846560795,0
704,4,0,1,35,0.0,0.027777777777777776,0.9722222222222222,36,1500,1100,400,0.7333333333333333,19,11,8,346.57018584329313,0.4347387566137566,0.12138054855221925,0.1841760926716549,127500.81045310339,1649.2537133487406,129150.06416645212,512,1,129.75,35,1,16,38.761078004431184,0.5970238095238095,47.51157407407406,1009.9537037037023,28.855820105820065,8
705,4,0,0,35,0.0,0.0,1.0,35,900,700,200,0.7777777777777778,11,7,4,394.59524526482085,0.43256302521008405,0.1146986265418597,0.19802521066916162,125153.23320657907,2980.5246049566435,128133.75781153572,513,2,134.37142857142857,33,2,19,39.975887936313505,0.5773358585858586,49.846813725490186,1000.6127450980382,30.321598336304188,8
706,4,4,2,37,0.10256410256410256,0.05128205128205128,0.9487179487179487,39,900,600,300,0.6666666666666666,12,6,6,361.1882824575299,0.4448099415204678,0.10762793210674926,0.18584324429562157,126185.2287253469,1318.4827965927038,127503.71152193961,514,0,121.48717948717949,36,3,20,39.7451524321901,0.5815972222222222,48.817567567567565,1004.7297297297291,27.90915915915914,0
707,4,0,0,37,0.0,0.0,1.0,37,900,600,300,0.6666666666666666,12,6,6,376.6602568728798,0.4448511011011011,0.10970358694398508,0.19327894932965983,126073.72448979561,2097.3922902493937,128171.116780045,515,1,119.13513513513513,34,3,20,39.471708550655904,0.5845588235294117,48.92857142857141,1004.2857142857118,29.537815126050347,0
708,4,3,3,37,0.075,0.075,0.925,40,850,400,450,0.47058823529411764,13,4,9,354.31364301023604,0.4498130341880342,0.12851421188630496,0.18579861767609898,126960.754394531,996.7854817708037,127957.5398763018,516,0,111.125,39,1,19,39.119832041343656,0.5841346153846154,48.046874999999986,1007.8124999999981,25.841346153846104,0
709,4,2,0,39,0.05128205128205128,0.0,1.0,39,750,500,250,0.6666666666666666,10,5,5,359.2272697571502,0.4488585245164192,0.144160721305443,0.18911352031805986,127119.65610812925,1333.037216078487,128452.69332420774,517,0,114.76923076923077,37,2,21,38.832748903628,0.5892454954954955,47.889254385964904,1008.4429824561389,27.255215742057807,0
710,4,0,0,39,0.0,0.0,1.0,39,1650,1200,450,0.7272727272727273,21,12,9,361.8760773115278,0.4488304093567252,0.14199383144292388,0.19128923259609348,127285.57254395568,1412.3207381117063,128697.8932820674,518,1,115.76923076923077,37,2,21,38.59554402549892,0.5909346846846847,47.724780701754376,1009.1008771929812,27.272996680891385,0
711,4,1,0,40,0.025,0.0,1.0,40,1100,700,400,0.6363636363636364,15,7,8,357.9777319882538,0.4496260683760684,0.16323467230444022,0.191110008160772,127685.20801373365,1141.692234640953,128826.9002483746,519,0,113.85,38,2,20,38.28400281888654,0.5932017543859649,47.32905982905983,1010.6837606837605,26.596941070625277,0
712,4,1,0,41,0.024390243902439025,0.0,1.0,41,500,300,200,0.6,7,3,4,364.26824228910624,0.45198170731707316,0.21838155583210628,0.1902469096985818,126795.9347491598,1047.3199284096572,127843.25467756946,520,0,112.04878048780488,38,3,17,39.03857713659346,0.5841557017543859,48.21047008547008,1007.1581196581188,26.504161043634706,8
713,4,1,0,42,0.023809523809523808,0.0,1.0,42,1650,1000,650,0.6060606060606061,23,10,13,356.5330237005671,0.45362708091366627,0.22274695001967748,0.1875673733381243,127092.01388888883,664.2264089780068,127756.24029786684,521,0,110.35714285714286,34,8,18,38.92906336088154,0.5949754901960784,47.916666666666664,1008.3333333333328,29.656862745098024,0
714,4,5,4,43,0.10638297872340426,0.0851063829787234,0.9148936170212766,47,1750,1200,550,0.6857142857142857,23,12,11,317.5451220567866,0.4609350909651557,0.20632698768197089,0.17238163768797007,128355.55555555577,-1248.2638888888644,127107.2916666669,522,0,99.51063829787235,39,8,19,38.622190241228076,0.5982905982905983,46.66666666666668,1013.3333333333351,25.98290598290603,0
715,4,0,0,43,0.0,0.0,1.0,43,1500,1000,500,0.6666666666666666,20,10,10,343.4286409041907,0.45551864156515315,0.22700760350947125,0.1844004471752749,127916.59216226383,186.04427907639842,128102.63644134022,523,1,109.37209302325581,36,7,20,38.41492263163755,0.5992476851851851,47.10022522522524,1011.5990990991008,28.099974974975023,0
716,4,1,0,44,0.022727272727272728,0.0,1.0,44,850,600,250,0.7058823529411765,11,6,5,333.3010673931648,0.45700096899224807,0.2251739545503757,0.18035746687232942,128227.80957842803,-252.3068396044884,127975.50273882355,524,0,107.86363636363636,37,7,21,38.35333892677998,0.6005067567567568,46.79276315789474,1012.8289473684215,27.37375533428166,0
717,4,0,0,44,0.0,0.0,1.0,44,1250,1000,250,0.8,15,10,5,331.1767768316418,0.456791754756871,0.22619562865180698,0.1798317139528811,128366.66690712541,-297.58820021543505,128069.07870690998,525,1,108.86363636363636,37,7,21,38.265526942220305,0.6019144144144144,46.65570175438597,1013.3771929824574,27.38857278330966,0
718,4,1,2,43,0.022222222222222223,0.044444444444444446,0.9555555555555556,45,1600,1400,200,0.875,18,14,4,329.8773121426073,0.4573863636363636,0.17501439263097263,0.17023080546396632,126305.4741753476,-664.2327747479608,125641.24140059964,526,0,107.42222222222222,39,6,11,40.4080310880829,0.5774572649572649,48.697916666666686,1005.2083333333364,25.77457264957273,8
719,4,3,1,45,0.06521739130434782,0.021739130434782608,0.9782608695652174,46,1100,700,400,0.6363636363636364,15,7,8,323.4116092103791,0.45889694041867957,0.20318881523822907,0.16896850073189612,126810.36962332288,-997.6108591116285,125812.75876421125,527,0,105.82608695652173,40,6,15,40.052508996737636,0.5809895833333334,48.19613821138212,1007.2154471544725,25.180386178861813,0
720,4,4,2,47,0.08163265306122448,0.04081632653061224,0.9591836734693877,49,1750,1200,550,0.6857142857142857,23,12,11,305.8018560290408,0.46269132653061223,0.21823249295882174,0.16293285400177865,127605.49175417643,-1995.2883390376587,125610.20341513878,528,0,100.20408163265306,42,7,14,39.68363383523543,0.5860615079365079,47.40794573643411,1010.3682170542635,24.056386120339607,0
721,4,0,0,47,0.0,0.0,1.0,47,1500,900,600,0.6,21,9,12,318.6975025638466,0.46027983348751156,0.22085256293567745,0.169047500692569,127425.26898877985,-1277.9770019498978,126147.29198682995,529,1,105.2127659574468,40,7,14,39.54202315047809,0.5872395833333333,47.58638211382114,1009.6544715447156,25.24136178861789,0
722,4,1,3,45,0.020833333333333332,0.0625,0.9375,48,1200,600,600,0.5,18,6,12,312.79297876308544,0.4612514775413712,0.2295182151149482,0.1675406638219722,127818.28826727447,-1603.8673744960993,126214.42089277838,530,0,104.0,41,7,15,39.28993345106117,0.5896849593495934,47.19742063492063,1011.2103174603172,24.663666279519934,0
723,4,1,1,45,0.021739130434782608,0.021739130434782608,0.9782608695652174,46,1500,1000,500,0.6666666666666666,20,10,10,323.4295195142797,0.45737721417069244,0.22843898570141907,0.17271527946323936,127696.681043837,-939.8247612847,126756.8562825523,531,0,109.08695652173913,39,7,17,39.14521711498162,0.5916132478632479,47.31770833333334,1010.7291666666682,25.91613247863252,0
724,4,0,1,44,0.0,0.022222222222222223,0.9777777777777777,45,1200,800,400,0.6666666666666666,16,8,8,330.6980983792418,0.45627104377104377,0.22918781725888349,0.17607439292083987,127577.2518080213,-562.0890861275145,127015.1627218938,532,1,112.2,38,7,17,39.083650592216586,0.5921052631578947,47.43589743589745,1010.2564102564124,26.585695006747695,0
725,4,0,1,43,0.0,0.022727272727272728,0.9772727272727273,44,850,600,250,0.7058823529411765,11,6,5,329.2539208882491,0.45608703312191684,0.21456265434174715,0.17589335660777725,127712.20419908369,-390.0512044341615,127322.15299464953,533,2,111.04545454545455,38,6,17,38.982181235246465,0.5934758771929824,47.302350427350454,1010.7905982906022,26.599752586594796,0
726,4,2,1,44,0.044444444444444446,0.022222222222222223,0.9777777777777777,45,1300,900,400,0.6923076923076923,17,9,8,317.6726914836016,0.4591540404040404,0.21385631671580985,0.1717694052616009,128197.27105034763,-854.3150593656002,127342.95599098202,534,0,107.93333333333334,39,6,19,38.780172118219845,0.5966880341880342,46.822916666666686,1012.7083333333366,25.966880341880426,0
727,4,0,0,44,0.0,0.0,1.0,44,1100,800,300,0.7272727272727273,14,8,6,320.58121221358516,0.4583333333333333,0.20809951365506918,0.17311385459533626,128144.53125000026,-583.8541666666356,127560.67708333362,535,1,110.97727272727273,41,3,19,38.76028806584366,0.5929878048780488,46.875000000000014,1012.500000000002,24.695121951219562,0
728,4,2,1,45,0.043478260869565216,0.021739130434782608,0.9782608695652174,46,1400,900,500,0.6428571428571429,19,9,10,310.9297897773044,0.4581924315619968,0.21518582221157723,0.17030356285937434,128711.08596280363,-1195.9778199153568,127515.10814288828,536,0,107.1086956521739,40,6,17,38.42826740110164,0.6002604166666667,46.316056910569124,1014.7357723577269,25.368394308943174,0
729,4,0,1,44,0.0,0.022222222222222223,0.9777777777777777,45,1400,800,600,0.5714285714285714,20,8,12,316.25791081085106,0.45795454545454545,0.21248103662640205,0.17316853902240054,128698.84033203148,-859.59472656247,127839.24560546901,537,1,110.4888888888889,39,6,17,38.3055512781029,0.6017628205128205,46.328125000000014,1014.6875000000018,26.01762820512825,0
730,4,0,0,44,0.0,0.0,1.0,44,1200,1000,200,0.8333333333333334,14,10,4,348.40663208917084,0.4556686046511628,0.27655247427014906,0.18610377888071442,127707.59489226027,134.864336626925,127842.4592288872,538,2,113.93181818181819,40,4,18,38.502915745023145,0.5901041666666667,47.30691056910571,1010.7723577235802,25.269308943089506,8
731,4,1,0,45,0.022222222222222223,0.0,1.0,45,1500,1200,300,0.8,18,12,6,340.7197231833902,0.45679713804713806,0.27568627450980276,0.18329858525688758,127993.90589569199,-277.99036281175967,127715.91553288023,539,0,112.37777777777778,41,4,20,38.40441176470586,0.5914634146341464,47.02380952380954,1011.904761904765,24.680603948896707,0
732,4,1,2,44,0.021739130434782608,0.043478260869565216,0.9565217391304348,46,1500,1200,300,0.8,18,12,6,335.50702876317763,0.4567632850241546,0.2780585917611924,0.1814187749940771,128198.6234955991,-597.3378395023966,127601.2856560967,540,0,110.91304347826087,38,8,21,38.32726729261175,0.5984100877192983,46.82158119658122,1012.7136752136788,26.65035987404418,0
733,4,0,0,44,0.0,0.0,1.0,44,1200,700,500,0.5833333333333334,17,7,10,343.72943737858,0.45416005990133895,0.2869142765496775,0.18526526410848693,128069.20750070884,4.23132794787017,128073.43882865671,541,1,116.5909090909091,41,3,21,38.25131088895425,0.5922256097560976,46.94940476190477,1012.2023809523827,24.687862950058115,0
734,4,3,2,45,0.06382978723404255,0.0425531914893617,0.9574468085106383,47,1450,1000,450,0.6896551724137931,19,10,9,326.50700223910064,0.4567337341967314,0.29528303493858865,0.1796507690734087,128891.61544054498,-983.108428653007,127908.50701189197,542,0,110.08510638297872,40,7,17,37.84944622364557,0.6020833333333333,46.13821138211384,1015.4471544715474,25.386178861788686,0
735,4,1,1,45,0.021739130434782608,0.021739130434782608,0.9782608695652174,46,1150,600,550,0.5217391304347826,17,6,11,357.17491744246763,0.454669887278583,0.276272730692233,0.1875664142430084,127018.7444132716,-126.41809010874874,126892.32632316285,543,0,113.41304347826087,42,4,17,38.98815245602231,0.580109126984127,47.98934108527133,1008.0426356589161,24.001015134736097,8
736,4,1,0,46,0.021739130434782608,0.0,1.0,46,1300,900,400,0.6923076923076923,17,9,8,359.1741308194491,0.453804347826087,0.2873357943090702,0.18996410076822604,127307.56104353865,-54.79897795069411,127252.76206558796,544,0,114.30434782608695,38,8,18,38.64113557766956,0.5893640350877193,47.702991452991455,1009.1880341880345,26.55757984705354,0
737,4,0,1,45,0.0,0.021739130434782608,0.9782608695652174,46,2000,1400,600,0.7,26,14,12,332.6354785209358,0.45340177133655396,0.19534067977951608,0.1695930277202297,125808.595106337,-796.4163049054927,125012.17880143151,545,1,115.30434782608695,39,7,17,40.84996798532516,0.5723824786324787,49.19270833333334,1003.2291666666682,25.723824786324826,8
738,4,2,1,46,0.0425531914893617,0.02127659574468085,0.9787234042553191,47,1250,800,450,0.64,17,8,9,326.097344895165,0.4558086648165279,0.20906184544151696,0.1682801806544569,126305.47417534729,-1162.2043185763798,125143.26985677092,546,0,112.87234042553192,39,8,13,40.50302245250433,0.5774572649572649,48.69791666666667,1005.2083333333339,25.774572649572665,0
739,4,2,0,48,0.041666666666666664,0.0,1.0,48,1400,1100,300,0.7857142857142857,17,11,6,320.4236520241615,0.45835180260047287,0.20946059627162006,0.16688310709523355,126682.45278108263,-1481.589166501427,125200.8636145812,547,0,111.47916666666667,40,8,17,40.258849855306565,0.5796875,48.323170731707314,1006.7073170731702,25.167682926829254,0
740,4,2,0,50,0.04,0.0,1.0,50,1000,700,300,0.7,13,7,6,311.8589029961837,0.4601105442176871,0.22769954855441377,0.16455970801283654,127214.17662888327,-2065.425286190755,125148.75134269251,548,0,107.98,42,8,19,39.93032209521979,0.582093253968254,47.795542635658904,1008.8178294573627,24.019472129937206,0
741,4,1,2,49,0.0196078431372549,0.0392156862745098,0.9607843137254902,51,1100,700,400,0.6363636363636364,15,7,8,306.44288979221574,0.46156862745098043,0.22729211714693398,0.16274437135180214,127474.24529384756,-2387.2847796143224,125086.96051423324,549,0,106.84313725490196,43,8,15,39.80135658914729,0.5833333333333333,47.53787878787879,1009.8484848484848,23.484848484848484,0
742,4,2,2,49,0.0392156862745098,0.0392156862745098,0.9607843137254902,51,1850,1100,750,0.5945945945945946,26,11,15,312.02503921658075,0.46249999999999997,0.25552795783606985,0.1673902282206076,127880.99500868046,-2219.5855034722267,125661.40950520823,550,0,107.41176470588235,43,8,19,39.24540851355991,0.5874515503875969,47.135416666666664,1011.4583333333326,23.522286821705407,0
743,4,1,3,47,0.02,0.06,0.94,50,1450,1100,350,0.7586206896551724,18,11,7,328.1787613768363,0.46215136054421774,0.15445608380338394,0.173306316114321,127245.7697137949,-1627.7831288935813,125617.98658490131,551,0,109.92,40,10,17,39.486385307547664,0.5854166666666667,47.76422764227643,1008.943089430896,25.2235772357724,8
744,4,2,3,46,0.04081632653061224,0.061224489795918366,0.9387755102040817,49,1750,1200,550,0.6857142857142857,23,12,11,328.96347222161444,0.45921910430839,0.20105744117291025,0.1758301804507468,127733.27637525613,-1396.0835770705276,126337.1927981856,552,0,112.9795918367347,40,9,16,38.96798867330183,0.5903645833333333,47.28150406504065,1010.8739837398374,25.271849593495936,0
745,4,1,1,46,0.02127659574468085,0.02127659574468085,0.9787234042553191,47,750,400,350,0.5333333333333333,11,4,7,333.03684875915764,0.4573889916743756,0.20623280388481469,0.1780783811133678,127749.32861328125,-890.9532335069439,126858.37537977431,553,0,117.93617021276596,39,8,17,38.84863901768849,0.5921474358974359,47.265625,1010.9375,25.921474358974358,0
746,4,0,1,45,0.0,0.021739130434782608,0.9782608695652174,46,1150,900,250,0.782608695652174,14,9,5,331.3237912336204,0.4555152979066022,0.2091926253226648,0.17759405480280024,127847.22792935939,-728.2343487471642,127118.99358061222,554,1,121.02173913043478,38,8,18,38.791904359461924,0.5948464912280702,47.16880341880342,1011.3247863247867,26.613810166441755,0
747,4,1,0,46,0.021739130434782608,0.0,1.0,46,950,600,350,0.631578947368421,13,6,7,335.7643012788831,0.4565318035426731,0.21314443042331122,0.18106811352404167,128090.45041867535,-598.3598829352252,127492.09053574012,555,0,121.78260869565217,38,8,20,38.43117854001761,0.5973135964912281,46.92841880341879,1012.2863247863229,26.639113810166393,0
748,4,0,1,45,0.0,0.021739130434782608,0.9782608695652174,46,1450,1100,350,0.7586206896551724,18,11,7,336.5095675783035,0.4563607085346216,0.20933629272274534,0.18220715078297506,128252.72715547148,-568.3460488348353,127684.38110663665,556,1,122.78260869565217,38,8,21,38.2466687761488,0.5989583333333333,46.76816239316239,1012.9273504273499,26.655982905982892,0
749,4,0,0,45,0.0,0.0,1.0,45,1400,1000,400,0.7142857142857143,18,10,8,337.2149298491488,0.45688131313131314,0.20222967853663842,0.1827289581745622,128283.34349270923,-348.18826465836275,127935.15522805086,557,2,122.66666666666667,37,8,21,38.19756376952772,0.6010698198198199,46.737938596491226,1013.0482456140346,27.37968231389283,0
750,4,0,0,45,0.0,0.0,1.0,45,1350,1000,350,0.7407407407407407,17,10,7,335.572280155876,0.45692340067340065,0.19466685902522274,0.1822185084136665,128366.66690712518,-384.7409779932424,127981.92592913193,558,3,123.66666666666667,37,8,21,38.154169371708846,0.6019144144144144,46.65570175438596,1013.3771929824554,27.388572783309606,0
751,4,1,0,46,0.021739130434782608,0.0,1.0,46,1350,1000,350,0.7407407407407407,17,10,7,325.35480793347307,0.4563103864734299,0.20429839296585017,0.17833498676053428,128740.17373666802,-822.7531001168909,127917.42063655112,559,0,121.95652173913044,38,8,15,38.03273151559814,0.6038925438596492,46.28739316239316,1014.8504273504265,26.706590193432277,0
752,4,0,1,45,0.0,0.021739130434782608,0.9782608695652174,46,1550,1100,450,0.7096774193548387,20,11,9,324.83327111813855,0.4555152979066022,0.18892344990051013,0.17878055830792733,128902.86138733636,-825.612375812718,128077.24901152364,560,1,122.95652173913044,38,8,17,37.88050149044362,0.6055372807017544,46.12713675213674,1015.4914529914515,26.723459289248723,0
753,4,1,0,46,0.021739130434782608,0.0,1.0,46,1550,1200,350,0.7741935483870968,19,12,7,325.7290512060018,0.4544585346215781,0.20297930303141132,0.18013574041113287,129092.79348381894,-790.1453721966757,128302.64811162226,561,0,123.82608695652173,38,8,19,37.66470423324924,0.6074561403508771,45.94017094017093,1016.2393162393147,26.743139901034596,0
754,4,1,2,45,0.02127659574468085,0.0425531914893617,0.9574468085106383,47,1650,1200,450,0.7272727272727273,21,12,9,318.73539484792957,0.4546330558125193,0.21234778707287294,0.17782558950710567,129439.78000216992,-1148.5921223958587,128291.18787977406,562,0,122.17021276595744,39,8,14,37.49029668679839,0.6092414529914529,45.59895833333332,1017.6041666666649,26.092414529914485,0
755,4,0,0,45,0.0,0.0,1.0,45,1450,900,550,0.6206896551724138,20,9,11,332.98026716193726,0.4508417508417508,0.2162004075272692,0.18439229848214753,129145.65659625997,-399.4089527547382,128746.24764350524,563,2,128.4,37,8,19,37.42673498741459,0.6097972972972974,45.88815789473682,1016.4473684210493,27.471550497866197,0
756,4,2,0,47,0.0425531914893617,0.0,1.0,47,1250,1100,150,0.88,14,11,3,318.35098900038236,0.4512604070305273,0.22988990813713972,0.17905641307721312,129757.97661675327,-1138.2839626736354,128619.69265407963,564,0,123.8936170212766,39,8,16,37.17762754319599,0.6124465811965811,45.28645833333332,1018.8541666666649,26.124465811965766,0
757,4,0,0,47,0.0,0.0,1.0,47,1650,1300,350,0.7878787878787878,20,13,7,323.8668941533245,0.450431699044095,0.23025845336602324,0.18315037705759019,129970.32470703099,-981.3829210069745,128988.941786024,565,1,124.8936170212766,39,8,17,36.82204940920079,0.6145833333333333,45.078124999999986,1019.687499999998,26.145833333333282,0
758,4,0,2,45,0.0,0.0425531914893617,0.9574468085106383,47,1250,800,450,0.64,17,8,9,324.3947038157424,0.4502967930928153,0.22586726670894808,0.18432543611247157,130156.2717013888,-955.5989583333442,129200.67274305546,566,2,125.8936170212766,39,8,18,36.62038927453381,0.6164529914529915,44.89583333333333,1020.416666666666,26.164529914529897,0
759,4,1,1,45,0.021739130434782608,0.021739130434782608,0.9782608695652174,46,1600,1200,400,0.75,20,12,8,320.93816491688517,0.4509661835748792,0.2252417861900724,0.18371699508795716,130444.20070725087,-827.0955201930154,129617.10518705785,567,0,124.04347826086956,40,6,19,36.41750397930759,0.6177083333333333,44.61382113821138,1021.5447154471537,25.538617886178844,0
760,4,0,0,45,0.0,0.0,1.0,45,1200,800,400,0.6666666666666666,16,8,8,361.1424689396017,0.4501262626262626,0.19734779987944573,0.19389493720737827,127913.11905115997,241.95667261550278,128155.07572377547,568,1,126.62222222222222,40,5,16,37.97049762239636,0.5921875,47.103658536585364,1011.5853658536581,25.289634146341452,8
761,4,0,0,45,0.0,0.0,1.0,45,1600,1100,500,0.6875,21,11,10,363.53345107336986,0.4492213804713805,0.2053369031682286,0.1959303664875954,128067.37061273055,311.354641747641,128378.7252544782,569,2,127.62222222222222,40,5,18,37.75204986613121,0.59375,46.951219512195124,1012.1951219512197,25.30487804878049,0
762,4,1,0,46,0.021739130434782608,0.0,1.0,46,1450,1100,350,0.7586206896551724,18,11,7,360.51351987350995,0.4486916264090177,0.2116586626585526,0.19613258466512992,128442.17985243637,61.09818473413222,128503.2780371705,570,0,125.82608695652173,38,8,14,37.44510609893199,0.6008771929824561,46.581196581196586,1013.6752136752145,26.675663517768804,0
763,4,0,0,46,0.0,0.0,1.0,46,1600,900,700,0.5625,23,9,14,363.0966187811353,0.4478059581320451,0.21073428165769248,0.1984194654147417,128619.5800781251,140.26692708334738,128759.84700520844,571,1,126.82608695652173,39,7,14,37.19834668309715,0.6009615384615384,46.40625000000001,1014.3750000000008,26.009615384615405,0
764,4,2,0,48,0.041666666666666664,0.0,1.0,48,1000,600,400,0.6,14,6,8,353.06369255576425,0.451065676713948,0.23446038251366108,0.1957898658718331,129201.38888888907,-474.110243055537,128727.27864583353,572,0,122.5,39,9,16,36.85963114754099,0.6068376068376069,45.83333333333334,1016.6666666666681,26.068376068376104,0
765,4,1,3,46,0.02040816326530612,0.061224489795918366,0.9387755102040817,49,1900,1500,400,0.7894736842105263,23,15,8,346.49881162651735,0.4516191893424036,0.23197928557507574,0.19388063276506673,129554.63927469142,-821.8942901234511,128732.74498456797,573,0,120.9795918367347,41,8,13,36.667235106866755,0.6072154471544715,45.486111111111114,1018.0555555555561,24.830623306233075,0
766,4,0,2,44,0.0,0.043478260869565216,0.9565217391304348,46,1350,1000,350,0.7407407407407407,17,10,7,358.543354122418,0.44952697262479874,0.23382575826744345,0.19992780472259403,129418.7166703191,80.44415223900882,129499.16082255811,574,2,128.7173913043478,38,8,18,36.4990200195996,0.6107456140350878,45.61965811965811,1017.5213675213664,26.776878092667538,0
767,4,0,0,44,0.0,0.0,1.0,44,1600,1200,400,0.75,20,12,8,371.2039774254231,0.44924903100775193,0.22615499254843519,0.20584947839046205,129201.38888888895,792.0138888888941,129993.40277777784,575,3,134.63636363636363,36,8,18,36.398565573770504,0.6122685185185186,45.833333333333336,1016.6666666666672,28.240740740740755,0
768,4,0,2,42,0.0,0.045454545454545456,0.9545454545454546,44,1550,1200,350,0.7741935483870968,19,12,7,380.03793298842356,0.44932610993657507,0.2720711047482707,0.19793142819050077,126682.45278108276,941.6747223874788,127624.12750347024,576,4,135.63636363636363,40,4,12,38.7584965340871,0.5796875,48.32317073170732,1006.7073170731712,25.16768292682928,8
769,4,2,0,44,0.045454545454545456,0.0,1.0,44,1050,800,250,0.7619047619047619,13,8,5,376.4423424327922,0.4519467935165609,0.2819483400245646,0.19754260064806548,126989.56164485439,760.8496100204998,127750.41125487488,577,0,129.04545454545453,40,4,15,38.53263426766149,0.5828125,48.018292682926834,1007.9268292682938,25.198170731707343,0
770,4,1,0,45,0.022222222222222223,0.0,1.0,45,1700,1100,600,0.6470588235294118,23,11,12,368.0214330717897,0.45281986531986534,0.2865963625248358,0.1952931254329863,127442.37075617294,380.42871811679777,127822.79947428974,578,0,127.15555555555555,38,7,15,38.27945896377807,0.590734649122807,47.56944444444445,1009.7222222222231,26.571637426900608,0
771,4,2,2,45,0.0425531914893617,0.0425531914893617,0.9574468085106383,47,950,600,350,0.631578947368421,13,6,7,366.386542290558,0.45561594202898553,0.3166263320567235,0.19759482121040872,128093.08824319196,-13.683261451510049,128079.40498174044,579,0,122.70212765957447,40,7,17,37.65351537663554,0.5940104166666667,46.925813008130085,1012.2967479674803,25.307418699187007,0
772,4,1,0,46,0.021739130434782608,0.0,1.0,46,1200,800,400,0.6666666666666666,16,8,8,373.48144281941813,0.4551127214170692,0.3228577306861429,0.20181284633949798,128170.89979383699,373.89051649307464,128544.79031033006,580,0,124.1304347826087,39,7,18,37.3942367040428,0.5964209401709402,46.84895833333334,1012.6041666666681,25.96420940170944,0
773,4,2,2,46,0.041666666666666664,0.041666666666666664,0.9583333333333334,48,1300,1200,100,0.9230769230769231,14,12,2,366.35573224574387,0.4588320035460993,0.3273611654282367,0.200593491938408,128697.58204207588,-170.18061854373647,128527.40142353215,581,0,119.91666666666667,41,7,15,37.03599595880588,0.5985772357723578,46.32936507936507,1014.6825396825379,24.748354626403366,0
774,4,0,1,45,0.0,0.021739130434782608,0.9782608695652174,46,1450,800,650,0.5517241379310345,21,8,13,380.39522980013356,0.45544484702093396,0.337033811586946,0.20835141906496601,128711.08596280315,592.216624529043,129303.30258733219,582,1,124.93478260869566,40,6,16,36.6660407277583,0.6002604166666667,46.3160569105691,1014.7357723577229,25.368394308943074,0
775,4,0,0,45,0.0,0.0,1.0,45,1400,1100,300,0.7857142857142857,17,11,6,387.0789322731933,0.45309343434343435,0.3452257924694022,0.21194692969495088,128698.84033203125,963.3219401041677,129662.16227213542,583,2,128.64444444444445,39,6,16,36.5090211477261,0.6017628205128205,46.328125,1014.6875,26.017628205128204,0
776,4,1,0,46,0.021739130434782608,0.0,1.0,46,1800,1400,400,0.7777777777777778,22,14,8,385.8248000000003,0.45416666666666666,0.3627173913043482,0.2133986725663717,129098.08976138532,761.8489325137075,129859.93869389902,584,0,126.82608695652173,40,6,17,36.13249999999999,0.6041666666666667,45.93495934959349,1016.2601626016252,25.40650406504063,0
777,4,0,0,46,0.0,0.0,1.0,46,700,300,400,0.42857142857142855,11,3,8,382.9615694705726,0.45410628019323673,0.3567355666429082,0.2123695976154992,129201.3888888888,695.8746447220472,129897.26353361085,585,1,127.82608695652173,39,7,17,36.09972677595628,0.6068376068376069,45.83333333333333,1016.666666666666,26.06837606837605,0
778,4,0,0,46,0.0,0.0,1.0,46,1400,900,500,0.6428571428571429,19,9,10,325.7836576575875,0.45426731078904997,0.17796504239495015,0.17442547294288982,127801.37466385722,-799.0954194459594,127002.27924441126,586,2,128.82608695652175,42,4,18,38.97879731672257,0.5880456349206349,47.2141472868217,1011.1434108527121,24.074843115540766,8
779,4,0,3,43,0.0,0.06521739130434782,0.9347826086956522,46,1800,1400,400,0.7777777777777778,22,14,8,324.2775608866133,0.45408615136876,0.17224945136855996,0.17425537896125184,127948.38543544535,-901.841930322715,127046.54350512264,587,3,129.82608695652175,42,4,18,38.86680713852442,0.5895337301587302,47.068798449612395,1011.7248062015485,24.08868586194163,0
780,4,1,1,43,0.022727272727272728,0.022727272727272728,0.9772727272727273,44,950,700,250,0.7368421052631579,12,7,5,330.4304968034863,0.4539948907681466,0.17728431258967503,0.17787448537690573,128019.00397022233,-339.7233835663886,127679.28058665594,588,0,127.95454545454545,41,3,19,38.63908358657649,0.5917174796747968,46.99900793650794,1012.0039682539682,24.683023615950443,0
781,4,0,0,43,0.0,0.0,1.0,43,1200,800,400,0.6666666666666666,16,8,8,335.76066678281353,0.45328073089700993,0.18259480515840942,0.1807299848553113,128015.94309769328,-3.456317337552818,128012.48678035573,589,1,127.55813953488372,40,3,20,38.50735589475799,0.5932291666666667,47.00203252032521,1011.9918699187,25.2997967479675,0
782,4,1,1,43,0.022727272727272728,0.022727272727272728,0.9772727272727273,44,900,400,500,0.4444444444444444,14,4,10,330.04561064823366,0.45461152219873147,0.18139994579287277,0.1790492835903718,128329.16802300338,-328.9751770838603,128000.19284591952,590,0,125.63636363636364,39,5,21,38.3324123573558,0.5980235042735043,46.69270833333333,1013.2291666666658,25.98023504273502,0
783,4,1,5,39,0.022727272727272728,0.11363636363636363,0.8863636363636364,44,1200,800,400,0.6666666666666666,16,8,8,327.1159117243719,0.45464455602536996,0.19026039058587885,0.17916908275193913,128711.08596280316,-379.31115324873485,128331.77480955442,591,0,125.06818181818181,40,4,19,38.01765147721582,0.6002604166666667,46.3160569105691,1014.735772357723,25.368394308943074,0
784,4,0,0,39,0.0,0.0,1.0,39,1150,900,250,0.782608695652174,14,9,5,359.9369159790828,0.44891475483580745,0.19697373683508856,0.19409682291582292,128089.02739304386,1420.7938981224806,129509.82129116634,592,1,137.94871794871796,37,2,22,37.82089471403812,0.5990990990990991,46.9298245614035,1012.2807017543847,27.358937885253642,0
785,4,3,2,40,0.07142857142857142,0.047619047619047616,0.9523809523809523,42,1450,1000,450,0.6896551724137931,19,10,9,341.5721214439317,0.45014276035617495,0.2171990208887089,0.1890270850085003,129119.93805473362,420.77827827313934,129540.71633300676,593,0,129.02380952380952,38,4,21,37.234573741196265,0.6077302631578947,45.91346153846153,1016.346153846153,26.745951417004026,0
786,4,0,0,40,0.0,0.0,1.0,40,1400,1000,400,0.7142857142857143,18,10,8,354.3190544785914,0.4483974358974359,0.2246175166297113,0.19535194812939466,128972.51136271423,1139.4836559532669,130111.9950186675,594,1,136.475,36,4,22,37.06092941611235,0.6099537037037037,46.058558558558566,1015.765765765767,28.21571571571575,0
787,4,0,0,40,0.0,0.0,1.0,40,1200,700,500,0.5833333333333334,17,7,10,357.234619145891,0.4481436965811966,0.2283023958558168,0.19726674499438773,129034.2280797938,1219.098664973832,130253.32674476763,595,2,137.475,37,3,22,36.923969350312944,0.6086711711711712,45.997807017543856,1016.0087719298247,27.45969653864391,0
788,4,2,0,42,0.047619047619047616,0.0,1.0,42,700,400,300,0.5714285714285714,10,4,6,342.68274772575137,0.44895712349980643,0.2319005655136579,0.19214423243069792,129636.22708013743,484.92790649538705,130121.15498663281,596,0,131.88095238095238,38,4,19,36.681485172751444,0.6129385964912281,45.40598290598291,1018.376068376069,26.79937022042287,0
789,4,1,2,41,0.023255813953488372,0.046511627906976744,0.9534883720930233,43,1350,1100,250,0.8148148148148148,16,11,5,337.57462478429227,0.44945090439276486,0.23708716593677814,0.19064298054032724,129917.22140842033,171.35145399307646,130088.5728624134,597,0,129.7906976744186,39,4,21,36.52645090426076,0.6140491452991452,45.13020833333334,1019.4791666666682,26.140491452991494,0
790,4,0,1,40,0.0,0.024390243902439025,0.975609756097561,41,1700,1300,400,0.7647058823529411,21,13,8,336.06099910309035,0.44763719512195127,0.22351549586512887,0.1904079737944928,130044.55133912269,540.5803701877428,130585.13170931043,598,1,133.0487804878049,38,3,21,36.43596592297754,0.6170504385964912,45.00534188034188,1019.9786324786328,26.84154295996402,0
791,4,0,1,39,0.0,0.025,0.975,40,1500,1100,400,0.7333333333333333,19,11,8,343.40866658701964,0.4465010683760684,0.22009614351702655,0.19552240227881149,130234.60493853885,944.7384050861888,131179.34334362505,599,2,132.8,37,3,21,36.05594496365524,0.620777027027027,44.819078947368425,1020.7236842105269,27.587126600284513,0
792,4,0,0,39,0.0,0.0,1.0,39,1100,900,200,0.8181818181818182,13,9,4,347.81175151687734,0.4463562753036437,0.21778897399142205,0.19875896499726287,130377.57087746535,1269.3732628139442,131646.9441402793,600,3,133.74358974358975,36,3,21,35.79869151321352,0.6241319444444444,44.679054054054056,1021.2837837837842,28.368993993994007,0
793,4,0,0,39,0.0,0.0,1.0,39,600,400,200,0.6666666666666666,8,4,4,348.9843177345383,0.4463562753036437,0.22121392022163833,0.19957678195789794,130406.32482144304,1301.9524592159719,131708.277280659,601,4,134.74358974358975,36,3,21,35.7396177875781,0.6244212962962963,44.6509009009009,1021.3963963963961,28.372122122122114,0
794,4,0,0,39,0.0,0.0,1.0,39,750,300,450,0.4,12,3,9,353.2444934309133,0.4460470085470085,0.22905116336899423,0.20261318163034814,130521.3723013554,1421.1912080999869,131942.5635094554,602,5,135.74358974358975,36,3,18,35.514243993828515,0.6255787037037037,44.538288288288285,1021.8468468468468,28.384634634634633,0
795,4,0,0,39,0.0,0.0,1.0,39,1450,900,550,0.6206896551724138,20,9,11,349.4029015857028,0.44509109311740885,0.21929386258352457,0.20175629720934143,130780.41459956585,1339.01126633391,132119.42586589977,603,6,136.74358974358975,36,3,19,35.350150464237224,0.6281828703703703,44.28490990990991,1022.8603603603609,28.412787787787803,0
796,4,0,1,38,0.0,0.02564102564102564,0.9743589743589743,39,750,600,150,0.8,9,6,3,349.86281437524804,0.44478182636077374,0.21675808053448908,0.2027776311889192,130924.43795146495,1361.11846643941,132285.55641790436,604,7,137.74358974358975,36,3,19,35.19269916373239,0.6296296296296297,44.14414414414414,1023.4234234234232,28.428428428428422,0
797,4,0,0,38,0.0,0.0,1.0,38,1100,600,500,0.5454545454545454,16,6,10,354.6397585462125,0.4434121621621621,0.21658225060559388,0.20564454982453462,130942.84664619752,1687.5079035922313,132630.35454978974,605,8,142.1578947368421,35,3,21,35.05185363187456,0.6318452380952381,44.1261574074074,1023.4953703703688,29.242724867724824,0
798,4,0,1,37,0.0,0.02631578947368421,0.9736842105263158,38,1250,600,650,0.48,19,6,13,357.04311412527557,0.4425972024656235,0.22052149811753896,0.20799700572051102,131120.5970963005,1763.1412626457357,132883.73835894626,606,9,143.1578947368421,35,3,21,34.81054827287452,0.6336309523809525,43.95254629629629,1024.1898148148143,29.262566137566125,0
799,4,0,1,36,0.0,0.02702702702702703,0.972972972972973,37,850,600,250,0.7058823529411765,11,6,5,361.9103601510523,0.4414727227227227,0.2253443677655278,0.2105076236854934,131061.33355034697,2086.490885416634,133147.8244357636,607,11,147.78378378378378,35,2,21,34.745888436758214,0.6330357142857144,44.01041666666665,1023.9583333333313,29.255952380952323,0
800,4,0,0,36,0.0,0.0,1.0,36,1150,800,350,0.6956521739130435,15,8,7,362.87043952887166,0.4409556878306878,0.22065913370998214,0.21155490051584366,131150.23389274656,2318.108603395024,133468.3424961416,608,12,147.13888888888889,35,1,22,34.631355932203405,0.6339285714285714,43.92361111111109,1024.3055555555527,29.265873015872934,0
801,4,0,1,35,0.0,0.027777777777777776,0.9722222222222222,36,1150,1000,150,0.8695652173913043,13,10,3,364.2675298402263,0.4399801587301588,0.22812229835223707,0.21352673243391326,131358.63272392275,2370.0574963781655,133728.69022030092,609,13,148.13888888888889,34,2,23,34.38479851352921,0.6381740196078431,43.72023809523809,1025.1190476190463,30.1505602240896,0
802,4,1,0,36,0.027777777777777776,0.0,1.0,36,1250,900,350,0.72,16,9,7,353.9914441752058,0.4406580687830688,0.21022350008143276,0.20944296987257466,131713.96933138257,2125.123644332952,133839.09297571552,610,0,143.47222222222223,35,1,21,34.28949618521441,0.6395833333333334,43.373842592592574,1026.504629629627,29.32870370370363,0
803,4,0,0,36,0.0,0.0,1.0,36,1050,700,350,0.6666666666666666,14,7,7,353.63239511374275,0.4399801587301588,0.21010818120351615,0.2100491214350301,131862.52170138873,2126.1718749999795,133988.6935763887,611,1,144.47222222222223,35,1,21,34.14891818796484,0.6410714285714285,43.22916666666666,1027.083333333332,29.345238095238056,0
804,4,0,0,36,0.0,0.0,1.0,36,1100,800,300,0.7272727272727273,14,8,6,351.3953619611981,0.4396660052910053,0.20616373215201933,0.20953924908351065,132011.1577958889,2077.6217153206294,134088.77951120952,612,2,145.47222222222223,35,1,21,34.056598903780454,0.6425595238095239,43.08449074074073,1027.6620370370358,29.361772486772452,0
805,4,0,0,36,0.0,0.0,1.0,36,750,500,250,0.6666666666666666,10,5,5,354.83990352438803,0.43895502645502643,0.21192871173166195,0.21192556712845256,132070.63567654742,2172.786324374135,134243.42200092156,613,3,146.47222222222223,35,1,21,33.90817944675901,0.643154761904762,43.02662037037037,1027.893518518518,29.36838624338623,0
806,4,0,0,36,0.0,0.0,1.0,36,750,400,350,0.5333333333333333,11,4,7,355.2310814316476,0.4378141534391535,0.21046215019881487,0.21299483060739682,132219.38898533946,2193.687307098762,134413.07629243823,614,4,147.47222222222223,35,1,21,33.748311951384196,0.6446428571428571,42.88194444444444,1028.472222222222,29.384920634920626,0
807,4,0,0,36,0.0,0.0,1.0,36,1150,800,350,0.6956521739130435,15,8,7,355.24350232373934,0.4374503968253968,0.21567929008873898,0.21367488062638987,132338.45191400888,2202.4750300068554,134540.92694401572,615,5,148.47222222222223,35,1,22,33.62814023247094,0.6458333333333333,42.7662037037037,1028.935185185185,29.39814814814814,0
808,4,0,0,36,0.0,0.0,1.0,36,1000,500,500,0.5,15,5,10,355.99419927586183,0.43733465608465605,0.21870824339603323,0.21498867565207072,132489.90929705222,2233.141230386204,134723.05052743843,616,6,149.47222222222223,34,2,22,33.45643501387606,0.6495098039215687,42.61904761904763,1029.52380952381,30.280112044817944,0
809,4,0,0,36,0.0,0.0,1.0,36,850,600,250,0.7058823529411765,11,6,5,358.26855777557154,0.4370039682539682,0.21910459498932688,0.2173788979386751,132666.15125868065,2306.022135416676,134972.17339409734,617,7,150.47222222222223,35,1,18,33.22063532187396,0.6491071428571429,42.44791666666667,1030.2083333333342,29.434523809523835,0
810,4,0,0,36,0.0,0.0,1.0,36,1350,800,550,0.5925925925925926,19,8,11,359.35208535035565,0.43644179894179896,0.22341069311872208,0.21873071223820362,132785.41512613607,2343.3431659379394,135128.758292074,618,8,151.47222222222223,35,1,19,33.07282893505522,0.6502976190476191,42.33217592592593,1030.671296296297,29.447751322751344,0
811,4,0,0,36,0.0,0.0,1.0,36,800,600,200,0.75,10,6,4,362.86093255790223,0.43526785714285715,0.2333894500561169,0.2217483476742736,132934.5703125,2447.352430555556,135381.92274305556,619,9,152.47222222222223,35,1,20,32.83249158249158,0.6517857142857143,42.1875,1031.25,29.464285714285715,0
812,4,0,0,36,0.0,0.0,1.0,36,950,800,150,0.8421052631578947,11,8,3,365.0454957147324,0.43530092592592595,0.23419110313185754,0.22343993528912728,132994.25582990394,2509.7908093278393,135504.0466392318,620,10,153.47222222222223,35,1,20,32.71618791143029,0.6523809523809524,42.129629629629626,1031.481481481481,29.470899470899457,0
813,4,0,0,36,0.0,0.0,1.0,36,900,500,400,0.5555555555555556,13,5,8,364.9073798648053,0.4347387566137566,0.23028070700271708,0.22371281871491577,133053.95474322708,2510.474001200276,135564.42874442737,621,11,154.47222222222223,35,1,20,32.659767407075,0.6529761904761905,42.07175925925926,1031.7129629629633,29.477513227513235,0
814,4,0,0,36,0.0,0.0,1.0,36,1050,700,350,0.6666666666666666,14,7,7,362.44971008008326,0.4345403439153439,0.22861522356811714,0.22256209470206786,133113.6670524692,2449.402006172848,135563.06905864202,622,12,155.47222222222223,35,1,20,32.66318977119785,0.6535714285714286,42.01388888888889,1031.944444444445,29.484126984127002,0
815,4,1,0,37,0.02702702702702703,0.0,1.0,37,850,400,450,0.47058823529411764,13,4,9,352.11936463906784,0.4344657157157157,0.22817553147171354,0.2186873874348969,133535.54672481745,2005.5371331539238,135541.0838579714,623,0,152.24324324324326,33,4,21,32.506817642874076,0.6622474747474747,41.60539215686275,1033.5784313725496,31.320558526440898,0
816,4,0,0,37,0.0,0.0,1.0,37,950,600,350,0.631578947368421,13,6,7,351.0758967678174,0.4338713713713714,0.22809017548354027,0.2191627639586079,133725.6103421761,1989.5677143406401,135715.17805651674,624,1,153.24324324324326,33,4,20,32.343503159557656,0.6641414141414141,41.42156862745098,1034.3137254901962,31.342840166369584,0
817,4,0,1,36,0.0,0.02702702702702703,0.972972972972973,37,800,600,200,0.75,10,6,4,354.31459760486524,0.4331519019019019,0.22859173279639955,0.22175523703320044,133820.69283749026,2082.924986783914,135903.61782427417,625,2,154.24324324324326,33,4,20,32.164589008646224,0.6650883838383839,41.32965686274509,1034.6813725490185,31.353980986333895,0
818,4,0,0,36,0.0,0.0,1.0,36,1150,900,250,0.782608695652174,14,9,5,396.33265121219904,0.43214285714285716,0.24579215513677166,0.22599913191299317,130293.86421388404,3127.9425281141803,133421.8067419982,626,3,158.27777777777777,33,3,16,34.64507562117392,0.6297348484848485,44.7610294117647,1020.9558823529408,30.938057040998206,8
819,4,1,0,37,0.02702702702702703,0.0,1.0,37,1500,1100,400,0.7333333333333333,19,11,8,389.2958554009163,0.43236986986986986,0.25036886496553556,0.22460985183003843,130749.15143140589,2780.0205498866194,133529.17198129251,627,0,154.97297297297297,34,3,17,34.36178364955573,0.632046568627451,44.31547619047619,1022.7380952380952,30.080532212885153,0
820,4,0,1,36,0.0,0.02702702702702703,0.972972972972973,37,650,400,250,0.6153846153846154,9,4,5,378.53513272392036,0.4312124624624625,0.2149606819533474,0.20543179277743265,128344.14439777608,2326.885179443089,130671.02957721917,628,1,155.97297297297297,36,1,19,37.0887975105579,0.603587962962963,46.677927927927925,1013.2882882882877,28.14689689689688,8
821,4,0,0,36,0.0,0.0,1.0,36,1050,700,350,0.6666666666666666,14,7,7,385.61301878803033,0.4312003968253968,0.2129206639256891,0.20945580598684846,128379.01341735265,2700.9237825788914,131079.93719993153,629,2,152.63888888888889,35,1,14,36.873762753159745,0.605952380952381,46.643518518518526,1013.4259259259269,28.955026455026484,0
822,4,1,0,37,0.02702702702702703,0.0,1.0,37,1450,1000,450,0.6896551724137931,19,10,9,378.6384591643841,0.43337087087087084,0.21374613300079148,0.20815880169671266,128858.1486892298,2358.1301740930185,131216.2788633228,630,0,149.48648648648648,36,1,16,36.560235507246375,0.6087962962962963,46.171171171171174,1015.3153153153156,28.203203203203213,0
823,4,2,0,39,0.05128205128205128,0.0,1.0,39,1000,600,400,0.6,14,6,8,368.8927363134145,0.43707827260458837,0.23763829898799238,0.20734315868650535,129731.4453125,1771.854107063144,131503.29941956315,631,0,142.76923076923077,37,2,15,35.917263122017715,0.6157094594594594,45.3125,1018.75,27.533783783783782,0
824,4,0,0,39,0.0,0.0,1.0,39,1500,1200,300,0.8,18,12,6,377.0735033856789,0.43679712100764734,0.24836244390939433,0.21285078087289983,129899.05698147518,1996.2985005001642,131895.35548197533,632,1,143.76923076923077,37,2,15,35.538233659603435,0.6173986486486487,45.14802631578948,1019.407894736843,27.55156472261738,0
825,4,0,0,39,0.0,0.0,1.0,39,1200,900,300,0.75,15,9,6,374.4910990860432,0.4363753936122357,0.24886050609246624,0.21169560671131424,129954.95158366051,1933.394530047723,131888.34611370825,633,2,144.76923076923077,37,2,15,35.54716905043553,0.6179617117117118,45.09320175438597,1019.6271929824574,27.557491702228578,0
826,4,0,0,39,0.0,0.0,1.0,39,1250,1000,250,0.8,15,10,5,374.21249719561035,0.43575686009896536,0.24218575621047367,0.21244949886547654,130122.70752779728,1938.708665166234,132061.41619296352,634,3,145.76923076923077,37,2,16,35.383642307003406,0.6196509009009009,44.92872807017545,1020.2850877193003,27.57527264106217,0
827,4,1,1,39,0.025,0.025,0.975,40,1450,1300,150,0.896551724137931,16,13,3,367.99927145231425,0.4381009615384615,0.24857575757575767,0.21123297839530378,130550.14209733385,1608.621722589649,132158.7638199235,635,0,143.1,36,4,16,35.10812672176309,0.6258680555555556,44.51013513513514,1021.9594594594597,28.38776276276277,0
828,4,0,1,38,0.0,0.02564102564102564,0.9743589743589743,39,1200,900,300,0.75,15,9,6,368.39958770926563,0.4376124606387764,0.23529644346914957,0.2120925717699699,130665.25298524888,1827.4050655385247,132492.6580507874,636,1,137.97435897435898,36,3,16,34.98113779050555,0.627025462962963,44.39752252252253,1022.4099099099109,28.400275275275302,0
829,4,0,0,38,0.0,0.0,1.0,38,1100,700,400,0.6363636363636364,15,7,8,377.7776858640675,0.43699620673304884,0.2456745859216336,0.21805495819600018,130765.21675936629,2280.0361957733066,133045.2529551396,637,2,141.42105263157896,35,3,16,34.63998434612049,0.6300595238095238,44.29976851851851,1022.8009259259248,29.222883597883566,0
830,4,0,1,37,0.0,0.02631578947368421,0.9736842105263158,38,1150,900,250,0.782608695652174,14,9,5,378.83659601331505,0.4367443100995732,0.24241892189480896,0.2196755421997207,130942.84664619753,2321.1884591477856,133264.0351053453,638,3,142.42105263157896,35,3,16,34.432719853744956,0.6318452380952381,44.1261574074074,1023.495370370369,29.242724867724828,0
831,4,0,1,36,0.0,0.02702702702702703,0.972972972972973,37,1250,1100,150,0.88,14,11,3,383.6978098157567,0.43678053053053056,0.24493066488183324,0.22313623138778366,131053.71492346923,2657.0046768707252,133710.71960033994,639,4,144.83783783783784,34,3,16,34.19587838623414,0.6351102941176471,44.01785714285713,1023.9285714285702,30.11554621848736,0
832,4,0,0,36,0.0,0.0,1.0,36,450,100,350,0.2222222222222222,8,1,7,389.98849473730587,0.4358796296296296,0.25546775223499374,0.2261933269476372,130951.55709342548,3013.920126874263,133965.47722029974,391,5,132.11111111111111,33,3,16,34.13852969348658,0.6363636363636364,44.11764705882352,1023.529411764705,31.016042780748634,0
833,4,1,0,37,0.02702702702702703,0.0,1.0,37,950,600,350,0.631578947368421,13,6,7,381.9757870217725,0.4374061561561562,0.25912542813460493,0.223550615259717,131297.62081916086,2630.5024092970384,133928.1232284579,392,0,129.51351351351352,34,3,18,33.99276919502846,0.6375612745098039,43.7797619047619,1024.8809523809514,30.14355742296916,0
834,4,1,1,37,0.02631578947368421,0.02631578947368421,0.9736842105263158,38,650,400,250,0.6153846153846154,9,4,5,375.6595747019474,0.4388039355144618,0.2533451268595581,0.22174419369557039,131624.87809713656,2289.2291452332047,133914.10724236976,393,0,127.07894736842105,35,3,17,33.82350176705015,0.6386904761904761,43.46064814814815,1026.157407407408,29.318783068783087,0
835,4,0,0,37,0.0,0.0,1.0,37,1000,600,400,0.6,14,6,8,381.9447138574862,0.4362174674674675,0.25847574594092726,0.22478385618825822,131511.2244897959,2646.0034013605405,134157.22789115642,394,2,131.51351351351352,34,3,18,33.777274837511605,0.6397058823529411,43.57142857142857,1025.7142857142853,30.168067226890745,0
836,4,0,0,37,0.0,0.0,1.0,37,1300,800,500,0.6153846153846154,18,8,10,379.593940601095,0.43531031031031026,0.25669404903743676,0.22411642246448207,131633.36167800447,2593.445294784574,134226.80697278905,395,3,132.51351351351352,34,3,17,33.71398878576954,0.6409313725490196,43.45238095238095,1026.1904761904757,30.182072829131638,0
837,4,0,0,37,0.0,0.0,1.0,37,1200,900,300,0.75,15,9,6,377.8143157506223,0.43512262262262263,0.25190330072621636,0.22360280334369365,131725.00177154198,2553.5182823129308,134278.5200538549,396,4,133.51351351351352,34,3,17,33.66698558119758,0.6418504901960784,43.36309523809524,1026.5476190476193,30.19257703081233,0
838,4,0,0,37,0.0,0.0,1.0,37,1350,1100,250,0.8148148148148148,16,11,5,376.38238519123666,0.4346221221221221,0.24681615922491829,0.2241929859617366,131969.53125,2534.201388888889,134503.73263888888,397,5,134.51351351351352,34,3,18,33.45667748040012,0.6443014705882353,43.125,1027.5,30.220588235294116,0
839,4,0,0,37,0.0,0.0,1.0,37,1150,900,250,0.782608695652174,14,9,5,376.34649964873825,0.4344344344344344,0.24921932117200996,0.2253390090683693,132166.3106307322,2548.0656754727856,134714.37630620497,398,6,135.51351351351352,36,1,18,33.25895301719419,0.6420717592592593,42.933558558558566,1028.2657657657667,28.562937937937964,0
840,4,0,0,37,0.0,0.0,1.0,37,1150,900,250,0.782608695652174,14,9,5,375.0206789898765,0.4339652152152152,0.2439858577789613,0.22523431312113903,132282.13168827622,2521.7069687931275,134803.83865706934,399,7,136.51351351351352,36,1,18,33.176199598613394,0.6432291666666667,42.82094594594595,1028.716216216217,28.57545045045047,0
841,4,0,0,37,0.0,0.0,1.0,37,850,500,350,0.5882352941176471,12,5,7,376.88104218487837,0.4338088088088088,0.24738486297155293,0.22652534219743764,132311.0948786626,2573.1086660985507,134884.20354476117,400,8,137.51351351351352,36,1,18,33.09914076182137,0.6435185185185186,42.7927927927928,1028.8288288288302,28.578578578578615,0
842,4,0,0,37,0.0,0.0,1.0,37,1100,800,300,0.7272727272727273,14,8,6,375.3327751649974,0.43349599599599603,0.24318564088385042,0.2257771001377139,132341.58587257622,2534.426939058172,134876.0128116344,401,9,138.51351351351352,37,0,18,33.108216112531956,0.6418918918918919,42.76315789473684,1028.947368421053,27.809388335704135,0
843,4,0,0,37,0.0,0.0,1.0,37,800,400,400,0.5,12,4,8,376.9263133860527,0.4328703703703704,0.24979761767086894,0.2274446498150172,132459.27047902482,2585.5129678833573,135044.78344690817,402,10,139.51351351351352,34,3,18,32.9485659766393,0.649203431372549,42.64880952380952,1029.404761904761,30.276610644257676,0
844,4,0,1,36,0.0,0.02702702702702703,0.972972972972973,37,700,400,300,0.5714285714285714,10,4,6,375.6497842217907,0.4328703703703704,0.2492999474960622,0.22685889203561777,132489.9092970522,2553.961167800456,135043.87046485263,403,11,140.51351351351352,34,3,18,32.95053769657725,0.6495098039215687,42.61904761904762,1029.5238095238096,30.28011204481793,0
845,4,0,1,35,0.0,0.027777777777777776,0.9722222222222222,36,1250,800,450,0.64,17,8,9,379.36786055236485,0.43263888888888885,0.24049055006679132,0.22912073303381858,132492.61289227701,2852.6878183871595,135345.3007106642,404,12,138.58333333333334,33,3,18,32.8521158195453,0.6518308080808081,42.61642156862745,1029.5343137254902,31.198009506833035,0
846,4,0,0,35,0.0,0.0,1.0,35,1150,800,350,0.6956521739130435,15,8,7,385.9137742076215,0.4325980392156863,0.24308846207766743,0.2326900212529978,132430.49178655236,3221.350181103965,135651.84196765634,405,13,141.68571428571428,32,3,18,32.74630969905135,0.6536458333333333,42.676767676767675,1029.292929292929,32.165404040404034,0
847,4,0,0,35,0.0,0.0,1.0,35,1200,900,300,0.75,15,9,6,387.2507916652072,0.4317577030812325,0.24441759050071,0.23450665980795052,132592.99314164364,3269.3483126721712,135862.3414543158,406,14,142.68571428571428,32,3,18,32.54796493808998,0.6552734375,42.51893939393939,1029.9242424242418,32.18513257575756,0
848,4,0,0,35,0.0,0.0,1.0,35,850,500,350,0.5882352941176471,12,5,7,387.0213090576209,0.43074229691876753,0.23950712360415838,0.23538509124652018,132755.59413580244,3275.848765432091,136031.44290123452,407,15,143.68571428571428,32,3,17,32.38993710691824,0.6569010416666667,42.36111111111111,1030.5555555555552,32.2048611111111,0
849,4,1,0,36,0.027777777777777776,0.0,1.0,36,950,700,250,0.7368421052631579,12,7,5,377.5138411738932,0.43068783068783073,0.23730686511235177,0.231877757587553,133124.20590938564,2851.2460652152804,135975.4519746009,408,0,140.66666666666666,33,3,18,32.26395816015517,0.6581439393939394,42.003676470588225,1031.9852941176457,31.272281639928657,0
850,4,0,0,36,0.0,0.0,1.0,36,850,500,350,0.5882352941176471,12,5,7,376.90440237913595,0.43034060846560845,0.23737883431760998,0.23180920416669878,133173.3927576302,2838.7276020233066,136012.12035965352,409,1,141.66666666666666,35,1,18,32.230227255737454,0.6541666666666667,41.95601851851851,1032.1759259259252,29.49074074074072,0
851,4,0,0,36,0.0,0.0,1.0,36,950,800,150,0.8421052631578947,11,8,3,374.87409081279577,0.4298611111111111,0.23676003734827278,0.23186079421373537,133382.53821855708,2800.3315489969123,136182.869767554,410,2,142.66666666666666,35,1,18,32.07247899159664,0.65625,41.75347222222222,1032.986111111111,29.51388888888889,0
852,4,0,0,36,0.0,0.0,1.0,36,1150,1000,150,0.8695652173913043,13,10,3,373.95941727367324,0.42934854497354497,0.23767921146953408,0.2318548387096775,133472.22222222228,2782.6388888888982,136254.86111111118,411,3,143.66666666666666,35,1,18,32.00604838709678,0.6571428571428571,41.66666666666667,1033.333333333334,29.52380952380954,0
853,4,0,0,36,0.0,0.0,1.0,36,1200,800,400,0.6666666666666666,16,8,8,375.0269253309737,0.42939814814814814,0.23683049530507172,0.23351307520423775,133630.56163795156,2823.011732266411,136453.57337021796,412,4,144.66666666666666,33,3,18,31.81953992335347,0.6631944444444444,41.51348039215685,1033.946078431371,31.33169934640518,0
854,4,0,0,36,0.0,0.0,1.0,36,950,800,150,0.8421052631578947,11,8,3,374.33922726781327,0.42820767195767195,0.2294389816899003,0.23388581919819462,133757.30075271518,2814.1209210399684,136571.42167375516,413,5,145.66666666666666,33,3,17,31.710179481104138,0.6644570707070707,41.39093137254901,1034.4362745098028,31.34655377302433,0
855,4,0,0,36,0.0,0.0,1.0,36,1050,900,150,0.8571428571428571,12,9,3,376.73743769544956,0.4278769841269841,0.2287645549634898,0.2361950750807771,133884.09994052752,2887.8305519511528,136771.93049247868,414,6,146.66666666666666,33,3,17,31.520993684626006,0.665719696969697,41.26838235294117,1034.926470588234,31.361408199643453,0
856,4,0,0,36,0.0,0.0,1.0,36,950,700,250,0.7368421052631579,12,7,5,376.3830467715752,0.4271494708994709,0.22876145763469702,0.23678781550059844,134010.95920138882,2887.89062499999,136898.84982638882,415,7,147.66666666666666,33,3,17,31.40300134138162,0.6669823232323233,41.14583333333333,1035.416666666666,31.37626262626261,0
857,4,0,0,36,0.0,0.0,1.0,36,1100,1000,100,0.9090909090909091,12,10,2,378.78452736811323,0.4264219576719577,0.23278060386187716,0.2391236452459043,134137.8785352988,2961.8705846308967,137099.7491199297,416,8,148.66666666666666,33,3,17,31.213647028668323,0.6682449494949495,41.02328431372548,1035.906862745097,31.391117052881725,0
858,4,0,1,35,0.0,0.027777777777777776,0.9722222222222222,36,900,700,200,0.7777777777777778,11,7,4,379.3110434206938,0.42546296296296293,0.13632893200395202,0.23113682793664952,132827.170138889,2901.1962045847836,135728.36634347378,417,9,149.66666666666666,34,2,17,32.51650498517918,0.6528799019607843,42.29166666666667,1030.8333333333342,30.318627450980415,8
859,4,0,1,34,0.0,0.02857142857142857,0.9714285714285714,35,950,600,350,0.631578947368421,13,6,7,385.5736965081992,0.42359943977591036,0.14281976793571527,0.23443884410249083,132745.0698799741,3236.6014573721704,135981.67133734626,418,26,154.68571428571428,33,2,17,32.437839418083804,0.6543560606060606,42.37132352941177,1030.5147058823534,31.227718360071314,0
860,4,0,0,34,0.0,0.0,1.0,34,800,500,300,0.625,11,5,6,385.15839858327956,0.4223856209150327,0.13484937484266202,0.23477916296250362,132839.80320069217,3432.8731737793337,136272.6763744715,419,27,156.14705882352942,33,1,18,32.353086860041216,0.6553030303030303,42.27941176470589,1030.8823529411775,31.238859180035682,0
861,4,0,0,34,0.0,0.0,1.0,34,1400,1100,300,0.7857142857142857,17,11,6,381.20287809567884,0.4216800356506239,0.12427309326772584,0.23315431846317103,132966.16685890048,3337.4170991926308,136303.5839580931,420,28,157.14705882352942,33,1,18,32.32780814321927,0.6565656565656566,42.156862745098046,1031.3725490196084,31.2537136066548,0
862,4,0,0,34,0.0,0.0,1.0,34,900,600,300,0.6666666666666666,12,6,6,384.06257145858524,0.4217543077837196,0.12908613195812912,0.23530121736087117,133029.37121539787,3418.320477700881,136447.69169309875,421,29,158.14705882352942,33,1,18,32.19044507800744,0.6571969696969697,42.095588235294116,1031.6176470588232,31.26114081996434,0
863,4,0,0,34,0.0,0.0,1.0,34,950,800,150,0.8421052631578947,11,8,3,376.14400641547775,0.421420083184789,0.06719834320386586,0.21610260695055303,130585.0188277981,3032.404950976853,133617.42377877497,422,30,159.14705882352942,32,2,16,34.86462837142268,0.6350911458333333,44.4760101010101,1022.095959595959,31.94049873737372,8
864,4,0,0,34,0.0,0.0,1.0,34,1200,900,300,0.75,15,9,6,377.34571695454645,0.42054738562091504,0.058852570897526935,0.21806383728714238,130810.95838434855,3072.1909754106723,133883.1493597592,423,31,160.14705882352942,32,2,16,34.60462437258289,0.6373697916666667,44.255050505050505,1022.9797979797981,31.968118686868692,0
865,4,0,0,34,0.0,0.0,1.0,34,1100,900,200,0.8181818181818182,13,9,4,377.83189221268594,0.4201388888888889,0.05825010162011468,0.21871068960654333,130875.54841342721,3089.7912202836424,133965.33963371086,424,32,161.14705882352942,32,2,16,34.5266740704179,0.6380208333333333,44.19191919191919,1023.2323232323233,31.976010101010104,0
866,4,1,0,35,0.02857142857142857,0.0,1.0,35,1200,900,300,0.75,15,9,6,370.1500429638446,0.42170868347338936,0.055981416957026964,0.21680216802168017,131328.12499999985,2722.222222222208,134050.34722222207,425,0,157.5142857142857,33,2,18,34.26490514905149,0.6401515151515151,43.74999999999999,1024.9999999999989,31.060606060606027,0
867,4,0,1,34,0.0,0.02857142857142857,0.9714285714285714,35,750,600,150,0.8,9,6,3,371.11896455542865,0.4211484593837535,0.051446330384891326,0.21772659589556198,131390.93888168,2752.333837946927,134143.27271962693,426,1,158.5142857142857,33,2,19,34.17652801020001,0.6407828282828283,43.68872549019607,1025.2450980392146,31.068033273915592,0
868,4,0,0,34,0.0,0.0,1.0,34,1350,900,450,0.6666666666666666,18,9,9,374.6017253512583,0.41980466428995844,0.06754563894523358,0.21978078105868618,131392.84256708494,3043.9971048872535,134436.83967197218,427,2,163.1764705882353,32,2,19,34.08533456486043,0.6432291666666667,43.686868686868685,1025.252525252525,32.039141414141405,0
869,4,0,0,34,0.0,0.0,1.0,34,1100,600,500,0.5454545454545454,16,6,10,375.80879876864327,0.4185049019607843,0.058331282303716536,0.22161264867880942,131587.09092184468,3090.3173145597393,134677.40823640442,428,3,164.1764705882353,32,2,17,33.85788415784725,0.6451822916666667,43.49747474747475,1026.010101010101,32.062815656565654,0
870,4,0,0,34,0.0,0.0,1.0,34,700,400,300,0.5714285714285714,10,4,6,373.63514678981403,0.4180964052287582,0.0571917535620472,0.22089309878213795,131684.2689043209,3040.374228395049,134724.64313271595,429,4,165.1764705882353,32,2,18,33.815403698691924,0.6461588541666667,43.40277777777777,1026.3888888888882,32.07465277777776,0
871,4,0,0,34,0.0,0.0,1.0,34,950,700,250,0.7368421052631579,12,7,5,373.3481785657166,0.418133541295306,0.06130464974971783,0.22128771050265353,131781.4827568615,3040.0753111927243,134821.5580680542,430,5,166.1764705882353,32,2,18,33.72453475979667,0.6471354166666667,43.3080808080808,1026.7676767676764,32.08648989898989,0
872,4,0,0,34,0.0,0.0,1.0,34,950,600,350,0.631578947368421,13,6,7,374.94372204754666,0.41744652406417115,0.06565313279583429,0.22280256967544113,131878.73247946624,3089.4205629527373,134968.15304241897,431,6,167.1764705882353,32,2,18,33.58533087482071,0.6481119791666667,43.21338383838383,1027.1464646464635,32.098327020201985,0
873,4,0,0,34,0.0,0.0,1.0,34,1050,500,550,0.47619047619047616,16,5,11,373.19232564895503,0.41646241830065356,0.06229260935143288,0.22240352882491027,131988.41979346878,3051.413068291033,135039.83286175982,432,7,168.1764705882353,33,1,18,33.51955376664679,0.646780303030303,43.10661764705882,1027.5735294117642,31.13859180035649,0
874,4,0,0,34,0.0,0.0,1.0,34,850,700,150,0.8235294117647058,10,7,3,375.22599719296466,0.4154226084373143,0.0654603717753639,0.22436000644702658,132114.3779585978,3114.5498426086274,135228.92780120642,433,8,169.1764705882353,33,1,18,33.34016271307665,0.6480429292929293,42.98406862745099,1028.0637254901972,31.15344622697567,0
875,4,0,0,34,0.0,0.0,1.0,34,850,700,150,0.8235294117647058,10,7,3,375.2983644471471,0.41510695187165775,0.06929117296501475,0.22459010540025406,132145.8768862937,3118.826292772009,135264.70317906572,434,9,170.1764705882353,33,1,18,33.306515693285675,0.6483585858585859,42.95343137254902,1028.1862745098035,31.15715983363041,0
876,4,0,0,34,0.0,0.0,1.0,34,950,800,150,0.8421052631578947,11,8,3,406.3946844059151,0.41412284610814026,0.03082911157790713,0.23309370523721276,130520.50053884815,3964.2768675580123,134484.77740640615,435,10,171.1764705882353,32,2,16,34.157347913835004,0.6344401041666667,44.53914141414142,1021.843434343435,31.932607323232343,8
877,4,0,0,34,0.0,0.0,1.0,34,950,500,450,0.5263157894736842,14,5,9,403.172138548154,0.41360294117647056,0.03289603611228675,0.23157407957931186,130575.52984429077,3728.8831218762125,134304.41296616697,436,11,172.1764705882353,33,1,16,34.18365307753797,0.6325757575757576,44.485294117647065,1022.0588235294126,30.97147950089129,0
878,4,0,0,34,0.0,0.0,1.0,34,900,600,300,0.6666666666666666,12,6,6,412.85051538969526,0.41286021984551396,0.08634178562254591,0.2222294748722909,128016.72222541082,3829.96143255104,131846.68365796187,437,12,173.1764705882353,32,2,18,36.55619671449366,0.6090494791666667,47.00126262626264,1011.9949494949508,31.624842171717212,8
879,4,3,1,36,0.08108108108108109,0.02702702702702703,0.972972972972973,37,800,300,500,0.375,13,3,10,386.1247358995132,0.4216716716716717,0.0911746219543752,0.2122234450695823,128848.62075617303,2550.327932098784,131398.9486882718,438,0,160.05405405405406,35,2,16,36.3799589603283,0.6107142857142858,46.180555555555564,1015.2777777777793,29.007936507936552,0
880,4,2,0,38,0.05263157894736842,0.0,1.0,38,950,600,350,0.631578947368421,13,6,7,380.94598226283216,0.4237494073020389,0.09318377911993059,0.21125186289120723,129201.3888888891,2243.7500000000205,131445.1388888891,439,0,156.78947368421052,36,2,20,36.150956284153,0.6122685185185186,45.83333333333334,1016.6666666666683,28.240740740740787,0
881,4,0,0,38,0.0,0.0,1.0,38,1100,900,200,0.8181818181818182,13,9,4,384.44341422848885,0.4238086770981508,0.08397981949092381,0.2145442279404147,129450.69204152247,2353.293204536714,131803.9852460592,440,1,157.78947368421052,33,5,13,35.80754254977519,0.6212121212121212,45.588235294117645,1017.6470588235293,30.837789661319068,0
882,4,0,0,38,0.0,0.0,1.0,38,800,500,300,0.625,11,5,6,382.2986061827453,0.4232604314841157,0.08268302890059598,0.21396712565934797,129564.7392290249,2306.4838435374136,131871.2230725623,441,2,158.78947368421052,34,4,13,35.745780714063,0.6200980392156863,45.476190476190474,1018.0952380952377,29.943977591036404,0
883,4,0,2,36,0.0,0.05263157894736842,0.9473684210526316,38,750,500,250,0.6666666666666666,10,5,5,367.98119063209504,0.4223121147463253,0.012103015317427301,0.1888294212417044,126074.60359296907,1805.2711679034405,127879.87476087251,442,3,159.78947368421052,33,5,19,39.68870754525118,0.5868055555555556,48.927696078431374,1004.2892156862747,30.43300653594772,8
884,4,2,1,37,0.05263157894736842,0.02631578947368421,0.9736842105263158,38,900,700,200,0.7777777777777778,11,7,4,366.09047468818534,0.42586830251303937,0.05007247585207231,0.1894160425782628,126413.28605584387,1655.7399798154468,128069.02603565932,443,0,160.55263157894737,33,5,16,39.386830774230226,0.5902777777777778,48.5906862745098,1005.6372549019605,30.47385620915032,0
885,4,0,0,37,0.0,0.0,1.0,37,1200,1000,200,0.8333333333333334,14,10,4,374.7078763707612,0.4214527027027027,0.04371569861962876,0.19362743799742857,126361.0078850374,2069.6929841342862,128430.70086917168,444,1,165.8918918918919,32,5,18,39.22411988781445,0.5921223958333333,48.642676767676775,1005.4292929292942,31.419665404040444,0
886,4,0,0,37,0.0,0.0,1.0,37,900,700,200,0.7777777777777778,11,7,4,382.2676187699135,0.42148398398398396,0.04626058108766351,0.19868238514800804,126598.21342752776,2278.8795174932548,128877.09294502102,445,2,166.8918918918919,33,4,18,38.789271797369686,0.5921717171717171,48.40686274509803,1006.3725490196069,30.496137849079,0
887,4,4,1,40,0.0975609756097561,0.024390243902439025,0.975609756097561,41,1000,800,200,0.8,12,8,4,347.5313613178926,0.4349085365853658,0.076187941480796,0.18633905408931295,127859.63909433069,688.0080551946683,128547.64714952536,446,0,151.5121951219512,36,5,16,38.3694280518131,0.5986689814814814,47.15653153153153,1011.3738738738729,28.09371871871869,0
888,4,0,0,40,0.0,0.0,1.0,40,1350,1100,250,0.8148148148148148,16,11,5,355.7465885762595,0.4310096153846154,0.07630494505494578,0.19042905623787965,127793.20987654287,1092.3996913579913,128885.60956790086,447,1,156.3,35,5,16,38.22973901098903,0.6,47.22222222222221,1011.1111111111084,28.88888888888881,0
889,4,1,0,41,0.024390243902439025,0.0,1.0,41,1200,1000,200,0.8333333333333334,14,10,4,350.37675102040816,0.43302845528455286,0.08528501742160244,0.18948062864206244,128203.1316979595,784.3616040809245,128987.49330204043,448,0,153.46341463414635,35,6,18,37.94619047619047,0.6041666666666667,46.817129629629626,1012.7314814814812,28.935185185185176,0
890,4,0,1,40,0.0,0.024390243902439025,0.975609756097561,41,1550,1000,550,0.6451612903225806,21,10,11,349.3462161490681,0.43226626016260167,0.07452125896986783,0.1901754821162015,128466.99948827564,775.8920342506552,129242.8915225263,449,1,154.46341463414635,35,6,16,37.70276762948585,0.606845238095238,46.55671296296295,1013.7731481481461,28.96494708994703,0
891,4,1,0,41,0.024390243902439025,0.0,1.0,41,1350,1000,350,0.7407407407407407,17,10,7,350.23676008311605,0.43224085365853654,0.09061776749154382,0.1919297445255471,128731.13854595301,817.2753772290398,129548.41392318206,450,0,155.29268292682926,35,6,17,37.4106599756691,0.6095238095238096,46.296296296296276,1014.814814814812,28.994708994708915,0
892,4,0,1,40,0.0,0.024390243902439025,0.975609756097561,41,850,700,150,0.8235294117647058,10,7,3,348.7342826291591,0.4321138211382114,0.09455807280371031,0.19167275233226685,128848.62075617262,786.7862654320721,129635.4070216047,451,1,156.29268292682926,35,6,17,37.329001367989065,0.6107142857142858,46.18055555555554,1015.277777777776,29.007936507936456,0
893,4,0,1,39,0.0,0.025,0.975,40,1350,1200,150,0.8888888888888888,15,12,3,357.8664425621927,0.4313969017094017,0.08400832258820778,0.1970922286312502,128929.21095521539,1227.8876133786812,130157.09856859407,452,2,153.125,34,6,17,37.01500410268433,0.6136642156862745,46.101190476190474,1015.5952380952378,29.8704481792717,0
894,4,0,1,38,0.0,0.02564102564102564,0.9743589743589743,39,950,700,250,0.7368421052631579,12,7,5,368.5106569438594,0.425691632928475,0.08575475187413728,0.20233679148488667,128808.33510487532,1693.4488378684805,130501.7839427438,453,3,157.89743589743588,34,5,17,36.86818341738007,0.6124387254901961,46.220238095238095,1015.1190476190479,29.856442577030823,0
895,4,1,0,39,0.02564102564102564,0.0,1.0,39,1150,800,350,0.6956521739130435,15,8,7,369.61764319290376,0.42448268106162845,0.08264611779550246,0.20418683395802173,129050.14349489805,1739.8419784580578,130789.98547335611,454,0,158.51282051282053,34,5,18,36.59319468853738,0.6148897058823529,45.98214285714286,1016.0714285714292,29.884453781512626,0
896,4,0,0,39,0.0,0.0,1.0,39,1100,700,400,0.6363636363636364,15,7,8,366.74025466065933,0.4238922627080522,0.08046339420036586,0.2032183669401279,129171.13272392296,1674.45082199547,130845.58354591843,455,1,159.51282051282053,34,5,18,36.54287192098998,0.6161151960784313,45.86309523809524,1016.5476190476195,29.898459383753515,0
897,4,0,0,39,0.0,0.0,1.0,39,1350,1000,350,0.7407407407407407,17,10,7,335.38378590334287,0.4238079172289699,-0.008504696623508279,0.178282959874935,127512.50000000009,823.5650510204223,128336.06505102052,456,2,160.51282051282053,34,5,19,39.03155940594062,0.5992647058823529,47.50000000000001,1010.0000000000007,29.705882352941195,8
898,4,1,1,39,0.025,0.025,0.975,40,1300,1000,300,0.7692307692307693,16,10,6,325.12363529942803,0.4267761752136752,0.0003285077951002968,0.17420108860315436,127831.16731596482,312.18676446719485,128143.35408043202,457,0,157.475,36,4,21,38.965061247216035,0.5983796296296297,47.1846846846847,1011.2612612612629,28.090590590590637,0
899,4,1,2,38,0.025,0.05,0.95,40,1050,700,350,0.6666666666666666,14,7,7,322.51409121275043,0.4280715811965812,0.02037366548042674,0.17428165313612104,128173.03790276773,267.9057858534292,128440.94368862116,458,0,156.475,36,4,22,38.68230093416371,0.6018518518518519,46.84684684684685,1012.6126126126134,28.12812812812815,0
900,4,2,2,38,0.05,0.05,0.95,40,1200,900,300,0.75,15,9,6,320.90357514876484,0.4297676282051282,0.03718641868512118,0.1749832702226286,128533.39489073586,249.3651892890399,128782.76008002489,459,0,156.875,37,3,15,38.35604094579009,0.6036036036036037,46.49122807017545,1014.0350877193002,27.40635372214325,0
901,4,0,0,38,0.0,0.0,1.0,38,1250,900,350,0.72,16,9,7,332.84962774819536,0.4241642958748222,0.04447590742084229,0.18038043682064883,128287.0962178397,940.0624442009903,129227.15866204069,460,1,165.89473684210526,36,2,23,38.30429264858458,0.6030092592592593,46.73423423423425,1013.063063063065,28.140640640640694,0
902,4,0,0,38,0.0,0.0,1.0,38,650,500,150,0.7692307692307693,8,5,3,337.60814814814836,0.4235715979137032,0.046959064327485756,0.1834826892109502,128401.20525931344,1069.8586255174225,129471.06388483086,461,2,166.89473684210526,36,2,16,38.06736111111114,0.6041666666666667,46.62162162162163,1013.5135135135141,28.15315315315317,0
903,4,0,1,37,0.0,0.02631578947368421,0.9736842105263158,38,900,700,200,0.7777777777777778,11,7,4,337.6949559644854,0.4231122569938359,0.041357559176181224,0.18392424008156466,128486.82032962024,1077.8702266455775,129564.69055626582,462,3,167.89473684210526,36,2,17,37.977849975933964,0.6050347222222222,46.53716216216217,1013.851351351352,28.162537537537556,0
904,4,2,1,38,0.05128205128205128,0.02564102564102564,0.9743589743589743,39,1300,900,400,0.6923076923076923,17,9,8,339.29051330287524,0.4279970760233918,0.07881462799495553,0.18815201192250375,129201.38888888908,969.3426111922928,130170.73150008137,463,0,161.94871794871796,36,3,20,37.20969945355191,0.6122685185185186,45.83333333333334,1016.6666666666682,28.240740740740783,0
905,4,1,0,39,0.02564102564102564,0.0,1.0,39,800,200,600,0.25,14,2,12,339.60358540588294,0.4261695906432748,0.07966604244694109,0.1889044943820226,129322.448979592,983.6734693877723,130306.12244897976,464,0,162.76923076923077,34,5,22,37.07865168539325,0.6176470588235294,45.71428571428572,1017.1428571428584,29.915966386554658,0
906,4,0,0,39,0.0,0.0,1.0,39,1250,900,350,0.72,16,9,7,337.0353336567038,0.42574786324786323,0.07873395795606641,0.18816201199005714,129466.28146701398,926.9422743055654,130393.22374131954,465,1,163.76923076923077,35,4,17,36.997824974411465,0.6169642857142856,45.57291666666667,1017.708333333334,29.077380952380974,0
907,4,0,1,38,0.0,0.02564102564102564,0.9743589743589743,39,900,400,500,0.4444444444444444,14,4,10,340.1905767819264,0.4253823661718399,0.0773633037419279,0.19020827226936066,129525.18332315247,1012.6493644976017,130537.83268765007,466,2,164.76923076923077,35,4,17,36.8577079780178,0.6175595238095238,45.5150462962963,1017.9398148148151,29.08399470899472,0
908,4,0,0,38,0.0,0.0,1.0,38,950,600,350,0.631578947368421,13,6,7,352.8470298553401,0.4241346609767662,0.07740843336411185,0.19717922256621948,129504.14540816325,1539.0306122448958,131043.17602040815,467,4,170.05263157894737,34,4,17,36.557017543859644,0.6194852941176471,45.535714285714285,1017.8571428571428,29.936974789915965,0
909,4,0,0,38,0.0,0.0,1.0,38,800,400,400,0.5,12,4,8,355.4703487825218,0.4239420341394025,0.07910120794796494,0.19910529752042644,129595.04145408173,1613.4389172335702,131208.4803713153,468,5,171.05263157894737,34,4,19,36.39780388947348,0.6204044117647058,45.44642857142858,1018.2142857142866,29.947478991596665,0
910,4,1,0,39,0.02564102564102564,0.0,1.0,39,1150,700,450,0.6086956521739131,16,7,9,347.5042505327089,0.42546671165092215,0.07748200936211891,0.19620624607000636,129908.37191358027,1228.7422839506253,131137.1141975309,469,0,167.64102564102564,35,4,20,36.28235694822888,0.6214285714285714,45.13888888888889,1019.4444444444446,29.12698412698413,0
911,4,0,0,39,0.0,0.0,1.0,39,1050,700,350,0.6666666666666666,14,7,7,349.5989841836897,0.42535425101214575,0.07543018778973787,0.1978366505871863,129996.8804253473,1289.3554687500045,131286.2358940973,470,1,168.64102564102564,35,4,20,36.13913006469186,0.6223214285714286,45.052083333333336,1019.7916666666673,29.13690476190478,0
912,4,0,2,37,0.0,0.05128205128205128,0.9487179487179487,39,1300,900,400,0.6923076923076923,17,9,8,350.35401915868374,0.4240609536662168,0.08288854003139678,0.19962031324157573,130262.58680555565,1327.6041666666756,131590.19097222234,471,2,169.64102564102564,35,4,20,35.85034013605443,0.625,44.79166666666667,1020.8333333333342,29.16666666666669,0
913,4,1,0,38,0.02631578947368421,0.0,1.0,38,1350,1000,350,0.7407407407407407,17,10,7,347.0627748454176,0.42431247036510195,0.09333766615980732,0.19914350663590027,130536.1678004537,1460.8489229025124,131997.0167233562,472,0,168.42105263157896,34,4,19,35.65718196644921,0.6299019607843137,44.52380952380953,1021.9047619047633,30.056022408963628,0
914,4,0,0,38,0.0,0.0,1.0,38,1050,900,150,0.8571428571428571,12,9,3,348.672447724005,0.42417911332385017,0.1018461198997258,0.2005392035235119,130627.42524092975,1509.236819727893,132136.66206065763,473,1,169.42105263157896,34,4,19,35.52365979581537,0.6308210784313726,44.43452380952381,1022.261904761905,30.066526610644267,0
915,4,0,1,37,0.0,0.02631578947368421,0.9736842105263158,38,900,600,300,0.6666666666666666,12,6,6,350.5810914303212,0.4239568515884305,0.09700596233860947,0.20195445971126963,130688.28125000012,1563.3680555555711,132251.64930555568,474,2,170.42105263157896,34,4,19,35.41327085031242,0.6314338235294117,44.37500000000001,1022.5000000000009,30.07352941176473,0
916,4,0,0,37,0.0,0.0,1.0,37,950,500,450,0.5263157894736842,14,5,9,356.53500623707873,0.4236736736736737,0.09776890984944675,0.20545083508578665,130700.81218762042,1919.8829777009216,132620.69516532135,475,3,167.8918918918919,33,4,19,35.248382070949205,0.6338383838383839,44.362745098039234,1022.5490196078454,30.986333927510465,0
917,4,0,0,37,0.0,0.0,1.0,37,700,500,200,0.7142857142857143,9,5,4,354.44518647259633,0.4236111111111111,0.09203500853195368,0.20474421948005303,130794.81336805581,1871.9184027778122,132666.73177083363,476,4,168.8918918918919,33,4,19,35.20663611676851,0.6347853535353536,44.27083333333335,1022.9166666666687,30.997474747474808,0
918,4,1,1,37,0.02631578947368421,0.02631578947368421,0.9736842105263158,38,1250,1000,250,0.8,15,10,5,346.1867129261834,0.4245940018966335,0.09702131563656358,0.2019618077782923,131175.63952664414,1482.2526927437823,132657.89221938793,477,0,165.42105263157896,34,4,21,35.03292659306604,0.6363357843137255,43.89880952380953,1024.404761904763,30.129551820728324,0
919,4,0,0,37,0.0,0.0,1.0,37,1350,1000,350,0.7407407407407407,17,10,7,355.0821943214632,0.4222034534534535,0.09186214211339827,0.2069579484057733,131139.77346453292,1913.0797049211913,133052.85316945412,478,1,170.67567567567568,33,4,21,34.84136954614342,0.6382575757575757,43.93382352941177,1024.2647058823534,31.038324420677377,0
920,4,0,0,37,0.0,0.0,1.0,37,900,700,200,0.7777777777777778,11,7,4,355.1118696535426,0.42173423423423423,0.09639053551692967,0.20766324551478907,131267.12018140592,1922.9024943310676,133190.02267573698,479,2,171.67567567567568,34,3,21,34.71189591078066,0.6372549019607843,43.80952380952381,1024.7619047619048,30.140056022408967,0
921,4,0,0,37,0.0,0.0,1.0,37,1050,700,350,0.6666666666666666,14,7,7,356.3079141839162,0.42073323323323325,0.10102199688610347,0.20975691991522696,131522.32552800723,1972.5174401716504,133494.84296817888,480,3,172.67567567567568,32,5,23,34.42346750369276,0.64453125,43.560606060606055,1025.7575757575748,32.054924242424214,0
922,4,0,0,37,0.0,0.0,1.0,37,900,600,300,0.6666666666666666,12,6,6,355.5240335700171,0.4199824824824825,0.10039505863171727,0.20990528557353086,131633.36167800476,1959.7647392290473,133593.1264172338,481,4,173.67567567567568,34,3,16,34.331496519721576,0.6409313725490196,43.45238095238096,1026.190476190478,30.182072829131705,0
923,4,1,1,37,0.02631578947368421,0.02631578947368421,0.9736842105263158,38,800,600,200,0.75,10,6,4,347.31409961048564,0.4223713845424372,0.10796598533492485,0.2066892714120332,131934.82069485064,1564.564691380612,133499.38538623124,482,0,170.07894736842104,36,2,17,34.23832620848405,0.6397569444444444,43.158783783783804,1027.364864864868,28.537912912913,0
924,4,0,0,37,0.0,0.0,1.0,37,950,500,450,0.5263157894736842,14,5,9,349.3202777226736,0.42085835835835833,0.1035827940616667,0.2076501985792855,131892.24222232957,1814.5269365140753,133706.76915884364,483,1,171.24324324324326,35,2,17,34.22969483568073,0.6413690476190477,43.20023148148149,1027.1990740740755,29.348544973545014,0
925,4,1,1,37,0.02631578947368421,0.02631578947368421,0.9736842105263158,38,1350,1000,350,0.7407407407407407,17,10,7,345.91148531829487,0.4223269321953533,0.10500962280893789,0.2075923460510715,132253.17166829004,1549.5782099667395,133802.7498782568,484,0,167.71052631578948,36,2,18,33.95395409094226,0.6429398148148149,42.84909909909911,1028.6036036036048,28.572322322322357,0
926,4,0,0,37,0.0,0.0,1.0,37,1350,1000,350,0.7407407407407407,17,10,7,352.7868356621257,0.4203578578578579,0.11658085451266453,0.21169592225046002,132249.14969403725,1931.1518079132386,134180.30150195048,485,1,173.05405405405406,35,2,19,33.78120194291286,0.6449404761904762,42.85300925925926,1028.5879629629633,29.388227513227523,0
927,4,0,0,37,0.0,0.0,1.0,37,700,400,300,0.5714285714285714,10,4,6,350.99054459901413,0.4203265765765766,0.11742525603911691,0.21078405137811082,132278.91375171478,1885.7295953360817,134164.64334705085,486,2,174.05405405405406,35,2,19,33.79744224422441,0.6452380952380952,42.824074074074076,1028.7037037037044,29.39153439153441,0
928,4,0,0,37,0.0,0.0,1.0,37,800,400,400,0.5,12,4,8,352.7639719027533,0.419481981981982,0.11557998218666321,0.2123510138244672,132368.2260186257,1938.9482328103581,134307.17425143605,487,3,175.05405405405406,35,2,19,33.661966220522615,0.6461309523809524,42.73726851851852,1029.050925925926,29.401455026455032,0
929,4,0,0,37,0.0,0.0,1.0,37,1300,1100,200,0.8461538461538461,15,11,4,351.3785194865692,0.4194507007007007,0.1138926696480651,0.21235484438536115,132517.14677640583,1912.735768175559,134429.8825445814,488,4,176.05405405405406,35,2,20,33.5478492206235,0.6476190476190475,42.59259259259258,1029.6296296296282,29.41798941798938,0
930,4,0,0,37,0.0,0.0,1.0,37,1100,600,500,0.5454545454545454,16,6,10,351.46667285861156,0.419700950950951,0.11517395781754614,0.21257640981801917,132546.94097490123,1917.1664684070442,134464.10744330828,489,5,177.05405405405406,35,2,20,33.5156279270166,0.6479166666666667,42.5636574074074,1029.7453703703688,29.42129629629625,0
931,4,1,0,38,0.02631578947368421,0.0,1.0,38,900,600,300,0.6666666666666666,12,6,6,344.5712912892782,0.4230085348506401,0.11914126515896428,0.2098377264917342,132803.95418645005,1552.0859964694505,134356.0401829195,490,0,173.3684210526316,36,2,17,33.4350759313886,0.6484375,42.31418918918919,1030.7432432432438,28.631756756756772,0
932,4,0,0,38,0.0,0.0,1.0,38,1250,900,350,0.72,16,9,7,344.483807980378,0.4213489805595069,0.12360289850075579,0.2107633398324837,132978.12328798385,1561.7620576657662,134539.8853456496,491,1,174.3684210526316,36,2,17,33.26259234996544,0.6501736111111112,42.14527027027027,1031.4189189189183,28.65052552552551,0
933,4,0,0,38,0.0,0.0,1.0,38,900,600,300,0.6666666666666666,12,6,6,342.8500195920425,0.4206229255571361,0.12636289479428764,0.21025380719560177,133065.2506391526,1524.2847577306952,134589.5353968833,492,2,175.3684210526316,36,2,17,33.21736520410391,0.6510416666666667,42.06081081081081,1031.7567567567562,28.659909909909896,0
934,4,0,1,37,0.0,0.02631578947368421,0.9736842105263158,38,1000,600,400,0.6,14,6,8,344.13570970439724,0.4208155523944998,0.12303198791478342,0.21120666497129206,133094.2994303424,1560.5002384140766,134654.79966875646,493,3,176.3684210526316,36,2,17,33.15508021390375,0.6513310185185186,42.03265765765765,1031.8693693693683,28.66303803803801,0
935,4,0,2,35,0.0,0.05405405405405406,0.9459459459459459,37,1000,600,400,0.6,14,6,8,352.16407055287436,0.4186686686686687,0.12370239819881346,0.19572838000936776,129289.65627411254,1706.7701243966244,130996.42639850917,494,4,181.83783783783784,35,2,19,36.79263400477978,0.6151785714285714,45.74652777777777,1017.013888888888,29.05753968253966,8
936,4,0,0,35,0.0,0.0,1.0,35,1050,900,150,0.8571428571428571,12,9,3,361.7979037893035,0.4166666666666667,0.12833723653395768,0.2006333830104321,129201.38888888898,2348.958333333338,131550.3472222223,495,5,186.62857142857143,34,1,19,36.63763661202183,0.616421568627451,45.833333333333336,1016.6666666666674,29.901960784313747,0
937,4,1,0,36,0.027777777777777776,0.0,1.0,36,1000,600,400,0.6,14,6,8,345.5132933553947,0.4204530423280423,0.11125057051574627,0.18878294906276066,128613.70991941022,1691.8895747599488,130305.59949417016,496,0,182.41666666666666,35,1,18,37.650235813175115,0.6083333333333334,46.41203703703704,1014.3518518518524,28.9814814814815,8
938,4,2,0,38,0.05263157894736842,0.0,1.0,38,1000,700,300,0.7,13,7,6,340.0028826848718,0.4262683736367947,0.12891450302831098,0.18063660260177314,127489.75326678027,1079.8791252463661,128569.63239202664,497,0,173.76315789473685,36,2,16,38.9382155069878,0.5949074074074074,47.52252252252252,1009.9099099099099,28.053053053053052,7
939,4,1,1,38,0.02564102564102564,0.02564102564102564,0.9743589743589743,39,1150,900,250,0.782608695652174,14,9,5,340.2372459964204,0.42825011246063877,0.14169543152851216,0.18271413454964913,127922.58795975671,904.8058056324865,128827.39376538919,498,0,170.28205128205127,37,2,18,38.489504299443595,0.5974099099099099,47.09429824561403,1011.6228070175428,27.341156946420075,0
940,4,0,0,38,0.0,0.0,1.0,38,1000,600,400,0.6,14,6,8,348.44904742926224,0.424890350877193,0.15974870398031804,0.18736174094266414,127973.55791179682,1318.4528700998162,129292.01078189664,499,1,175.55263157894737,36,2,18,38.22968836950474,0.5998263888888888,47.04391891891891,1011.8243243243234,28.106231231231206,0
941,4,2,0,40,0.05,0.0,1.0,40,850,700,150,0.8235294117647058,10,7,3,337.93695119958016,0.4287793803418803,0.16865714887788497,0.18422513520018446,128523.41666894934,686.5623173715951,129209.97898632094,500,0,167.725,38,2,18,37.93440276753414,0.6016995614035088,46.50106837606837,1013.9957264957251,26.684098065676977,0
942,4,0,0,40,0.0,0.0,1.0,40,1400,1200,200,0.8571428571428571,16,12,4,335.953984793136,0.4281517094017094,0.1629054338668916,0.18376837785689026,128658.86843450926,644.6919059098295,129303.56034041909,501,1,168.725,38,2,18,37.84663718056724,0.6030701754385965,46.367521367521356,1014.529914529913,26.698155645524025,0
943,4,0,0,40,0.0,0.0,1.0,40,900,500,400,0.5555555555555556,13,5,8,334.9524653739615,0.4277377136752137,0.16274210526315813,0.18372104047647966,128767.28121119122,626.1836602381204,129393.46487142934,502,2,169.725,38,2,19,37.761622807017524,0.6041666666666667,46.26068376068375,1014.957264957263,26.709401709401657,0
944,4,0,1,39,0.0,0.025,0.975,40,1800,1500,300,0.8333333333333334,21,15,6,334.821143888379,0.42731036324786326,0.15416666666666745,0.18415162913860822,128875.73964497025,630.0645134779597,129505.80415844821,503,3,170.725,38,2,19,37.654540193602685,0.6052631578947368,46.153846153846146,1015.384615384614,26.720647773279314,0
945,4,0,0,39,0.0,0.0,1.0,39,950,800,150,0.8421052631578947,11,8,3,337.1756177432372,0.42695681511470984,0.14926067453065328,0.18540654514859706,128867.17547706972,890.1738996614145,129757.34937673113,504,4,171.48717948717947,37,2,19,37.60349172066233,0.6069819819819819,46.162280701754376,1015.3508771929812,27.441915599810304,0
946,4,0,0,39,0.0,0.0,1.0,39,1450,1200,250,0.8275862068965517,17,12,5,337.7126516152537,0.42633828160143955,0.14307498581648614,0.18635543282997763,129006.37846500841,913.417229339788,129919.7956943482,505,5,172.48717948717947,37,2,20,37.4481696348264,0.6083896396396397,46.02521929824561,1015.8991228070172,27.456733048838302,0
947,4,1,1,39,0.025,0.025,0.975,40,1500,900,600,0.6,21,9,12,334.10321236756454,0.42761752136752135,0.16475777015816795,0.187035736409607,129573.74762854083,658.4956260281714,130232.24325456901,506,0,169.15,36,4,18,36.96332448475464,0.6160300925925926,45.46734234234235,1018.1306306306317,28.281406406406436,0
948,4,0,0,39,0.0,0.0,1.0,39,1300,700,600,0.5384615384615384,19,7,12,335.30596545686734,0.425944669365722,0.17513475503080733,0.18798337542631444,129631.08114448912,893.2149632740875,130524.2961077632,507,1,172.94871794871796,36,3,18,36.87451620037598,0.6166087962962963,45.41103603603604,1018.355855855856,28.28766266266267,0
949,4,0,0,39,0.0,0.0,1.0,39,1300,800,500,0.6153846153846154,18,8,10,336.5771297632131,0.4251855600539811,0.182477161392824,0.1898556430994435,129871.11418898118,942.3293705755573,130813.44355955675,508,2,173.94871794871796,37,2,19,36.59862664945496,0.6171171171171171,45.175438596491226,1019.2982456140348,27.54860123281175,0
950,4,1,1,39,0.025,0.025,0.975,40,850,500,350,0.5882352941176471,12,5,7,338.00101866044946,0.42698985042735044,0.20606394707828013,0.19329566451767177,130406.32482144296,816.6723730355955,131222.99719447855,509,0,170.575,36,4,20,36.02007533994853,0.6244212962962963,44.65090090090089,1021.3963963963955,28.372122122122096,0
951,4,0,0,39,0.0,0.0,1.0,39,900,700,200,0.7777777777777778,11,7,4,345.6430747701554,0.42425775978407554,0.20720924960326514,0.19723565366250362,130321.66950660126,1208.9565114883144,131530.62601808956,510,1,175.71794871794873,35,4,20,35.910696742991014,0.6255952380952381,44.73379629629628,1021.0648148148128,29.173280423280367,0
952,4,0,1,38,0.0,0.02564102564102564,0.9743589743589743,39,1350,700,650,0.5185185185185185,20,7,13,345.7693980287832,0.4241734143049933,0.20697589290383345,0.19790925466939294,130439.87509645053,1220.4234182098662,131660.2985146604,511,2,176.71794871794873,35,4,20,35.78772943575798,0.6267857142857143,44.61805555555555,1021.527777777777,29.186507936507915,0
953,4,0,0,38,0.0,0.0,1.0,38,1550,900,650,0.5806451612903226,22,9,13,351.9950867255571,0.4233197012802276,0.2101309813487957,0.20245022168200655,130627.42524092969,1596.04237528345,132223.46761621314,512,3,177.21052631578948,34,4,18,35.43874461395133,0.6308210784313726,44.43452380952381,1022.2619047619046,30.066526610644253,0
954,4,0,0,38,0.0,0.0,1.0,38,900,600,300,0.6666666666666666,12,6,6,351.9950867255571,0.4233197012802276,0.2101309813487957,0.20245022168200655,130627.42524092969,1596.04237528345,132223.46761621314,513,4,178.21052631578948,34,4,18,35.43874461395133,0.6308210784313726,44.43452380952381,1022.2619047619046,30.066526610644253,0
955,4,0,1,37,0.0,0.02631578947368421,0.9736842105263158,38,1050,800,250,0.7619047619047619,13,8,5,354.2342923982201,0.4227862731152205,0.21419379745206513,0.20405890928291842,130688.28125000003,1658.8541666666683,132347.1354166667,514,5,179.21052631578948,34,4,18,35.319885900570505,0.6314338235294117,44.375,1022.5000000000002,30.073529411764714,0
956,4,0,0,37,0.0,0.0,1.0,37,1300,1100,200,0.8461538461538461,15,11,4,355.4407025024783,0.4219532032032032,0.19408818186822252,0.20531927638672576,130794.81336805562,1897.9600694444507,132692.77343750006,515,6,176.56756756756758,33,4,18,35.18117786829598,0.6347853535353536,44.270833333333336,1022.9166666666672,30.997474747474765,0
957,4,0,0,37,0.0,0.0,1.0,37,600,500,100,0.8333333333333334,7,5,2,355.4407025024783,0.4219532032032032,0.19408818186822252,0.20531927638672576,130794.81336805562,1897.9600694444507,132692.77343750006,516,7,177.56756756756758,33,4,18,35.18117786829598,0.6347853535353536,44.270833333333336,1022.9166666666672,30.997474747474765,0
958,4,0,0,37,0.0,0.0,1.0,37,1200,900,300,0.75,15,9,6,355.96791285244876,0.42057682682682684,0.20278844629377346,0.2066296022276934,130982.91710219638,1925.1431240388447,132908.06022623522,517,8,178.56756756756758,33,4,18,34.977328504728824,0.6366792929292929,44.087009803921575,1023.6519607843146,31.019756387403472,0
959,4,0,0,37,0.0,0.0,1.0,37,900,500,400,0.5555555555555556,13,5,8,357.87107148722663,0.42067067067067065,0.20110745837333588,0.20909573925259986,131233.93233672154,1992.965596164955,133226.8979328865,518,9,179.56756756756758,33,4,19,34.674754814017476,0.6392045454545454,43.84191176470589,1024.6323529411773,31.049465240641734,0
960,4,0,1,36,0.0,0.02702702702702703,0.972972972972973,37,950,600,350,0.631578947368421,13,6,7,359.57082155352987,0.42057682682682684,0.20806772103843252,0.21077855096673292,131359.53006355738,2046.6108287677955,133406.14089232517,519,10,180.56756756756758,33,4,19,34.504258816497305,0.6404671717171717,43.719362745098046,1025.1225490196086,31.064319667260868,0
961,4,0,0,36,0.0,0.0,1.0,36,1450,1200,250,0.8275862068965517,17,12,5,362.50116783450113,0.41827050264550264,0.023026359693026466,0.20571385291221697,130106.25608239618,2232.733954488658,132338.99003688485,520,11,182.55555555555554,33,3,19,35.699074074074076,0.6278409090909092,44.94485294117647,1020.220588235294,30.915775401069517,8
962,4,2,2,36,0.05263157894736842,0.05263157894736842,0.9473684210526316,38,900,600,300,0.6666666666666666,12,6,6,344.2710170312228,0.42407539118065435,0.029275511517178998,0.19831950136023954,130688.2812499999,1398.5313641387775,132086.81261413867,521,0,173.89473684210526,34,4,17,35.57457212713936,0.6314338235294117,44.37499999999999,1022.4999999999992,30.07352941176468,0
963,4,0,0,36,0.0,0.0,1.0,36,1250,900,350,0.72,16,9,7,363.0070711205316,0.41770833333333335,0.03552492410818586,0.2075169044730728,130391.51178770022,2266.608158606265,132658.11994630648,522,13,184.55555555555554,32,4,19,35.396577656900334,0.6331380208333333,44.66540404040404,1021.3383838383837,31.91682449494949,0
964,4,0,1,35,0.0,0.027777777777777776,0.9722222222222222,36,1150,900,250,0.782608695652174,14,9,5,360.6850419359038,0.416848544973545,0.0359113746808335,0.20704856237086572,130552.7576905418,2217.6853764921943,132770.44306703398,523,14,185.55555555555554,32,4,18,35.292346182357306,0.634765625,44.50757575757576,1021.969696969697,31.93655303030303,0
965,4,1,0,36,0.027777777777777776,0.0,1.0,36,800,600,200,0.75,10,6,4,362.54320987654336,0.419510582010582,0.04864197530864223,0.20915954415954405,130746.38429752056,2280.2427685950306,133026.6270661156,524,0,185.80555555555554,32,4,19,35.04861111111112,0.63671875,44.31818181818181,1022.727272727272,31.96022727272725,0
966,4,0,0,36,0.0,0.0,1.0,36,1050,600,450,0.5714285714285714,15,6,9,360.9185597109247,0.41888227513227516,0.05161374355599402,0.208920286278381,130875.5484134272,2247.082886950307,133122.6313003775,525,1,186.80555555555554,32,4,19,34.95933078315236,0.6380208333333333,44.19191919191919,1023.2323232323232,31.9760101010101,0
967,4,1,1,36,0.02702702702702703,0.02702702702702703,0.972972972972973,37,1100,900,200,0.8181818181818182,13,9,4,351.31051913071025,0.42042042042042044,0.06240286909742965,0.20593640452196144,131359.5300635572,1829.5969398788761,133189.1270034361,526,0,182.72972972972974,33,4,21,34.71595437338112,0.6404671717171717,43.71936274509803,1025.122549019607,31.06431966726082,0
968,4,0,0,36,0.0,0.0,1.0,36,1400,1300,100,0.9285714285714286,15,13,2,362.8240762233094,0.41727843915343915,0.05672437284603671,0.20474699226767204,129887.55076172623,2225.266123606302,132112.81688533255,527,1,188.0,33,3,18,35.913080067323875,0.6256313131313131,45.15931372549019,1019.362745098039,30.88978015448603,8
969,4,0,0,36,0.0,0.0,1.0,36,1100,600,500,0.5454545454545454,16,6,10,364.287736103357,0.4170469576719577,0.055538860172830606,0.20573724892354564,129918.78311526815,2265.5638756728135,132184.34699094095,528,2,189.0,33,3,18,35.844026725968654,0.6259469696969697,45.12867647058823,1019.4852941176468,30.893493761140814,0
970,4,0,0,36,0.0,0.0,1.0,36,1150,900,250,0.782608695652174,14,9,5,364.84517455982666,0.4171957671957672,0.05611972385797692,0.20638182851885242,129981.25908604868,2284.6070321511024,132265.86611819977,529,3,190.0,33,3,18,35.76630913752355,0.6265782828282829,45.067401960784316,1019.7303921568631,30.900920974450397,0
971,4,0,0,36,0.0,0.0,1.0,36,700,200,500,0.2857142857142857,12,2,10,366.05031816923173,0.4165839947089947,0.059637757285708526,0.20726722245577034,130019.6446286847,2318.7464569160866,132338.3910856008,530,4,191.0,34,2,18,35.696568226917236,0.6246936274509804,45.0297619047619,1019.8809523809516,29.996498599439754,0
972,4,0,0,36,0.0,0.0,1.0,36,1550,1200,350,0.7741935483870968,19,12,7,363.3921683180368,0.4165674603174603,0.06486882355991086,0.206564832017388,130171.45691609976,2260.6575963718806,132432.11451247166,531,5,192.0,34,2,19,35.610125991600555,0.6262254901960784,44.88095238095238,1020.4761904761904,30.014005602240893,0
973,4,2,2,36,0.05263157894736842,0.05263157894736842,0.9473684210526316,38,1150,900,250,0.782608695652174,14,9,5,351.06227764406253,0.4215712422949265,0.05753084130561947,0.2027144734800393,130780.41459956564,1582.4140441116576,132362.8286436773,532,0,182.8421052631579,36,2,18,35.307717714411524,0.6281828703703703,44.2849099099099,1022.8603603603593,28.41278778778776,0
974,4,0,0,36,0.0,0.0,1.0,36,1100,900,200,0.8181818181818182,13,9,4,369.9373373339355,0.4165509259259259,0.06535395882665007,0.2127697197378769,130627.4252409296,2464.792375283435,133092.21761621305,533,7,194.0,34,2,19,34.980202631885405,0.6308210784313726,44.4345238095238,1022.2619047619039,30.06652661064423,0
975,4,0,1,35,0.0,0.027777777777777776,0.9722222222222222,36,1400,1200,200,0.8571428571428571,16,12,4,369.2976165087095,0.4173611111111111,0.06943797848127509,0.2132395914679322,130779.59183673467,2459.318310657596,133238.91014739228,534,8,195.0,34,2,19,34.84224666356301,0.6323529411764706,44.285714285714285,1022.8571428571427,30.08403361344537,0
976,4,0,0,35,0.0,0.0,1.0,35,700,200,500,0.2857142857142857,12,2,10,378.168730652643,0.41673669467787117,0.08665890889177952,0.21862552378727568,130826.15460399835,2894.872164552086,133721.02676855045,535,9,200.6,33,2,20,34.568160038332536,0.6351010101010102,44.24019607843137,1023.0392156862737,31.001188354129507,0
977,4,0,0,35,0.0,0.0,1.0,35,1350,1100,250,0.8148148148148148,16,11,5,371.21115593584506,0.4160014005602241,0.10397688363314472,0.20792200502418343,129595.04145408158,2621.4250283446686,132216.46648242624,536,10,201.6,34,1,18,35.997116021668816,0.6204044117647058,45.44642857142857,1018.2142857142852,29.947478991596626,8
978,4,0,0,35,0.0,0.0,1.0,35,1050,800,250,0.7619047619047619,13,8,5,369.2271276413598,0.41603641456582635,0.10244716722865865,0.2076114164490643,129746.60572562361,2581.1933106576043,132327.7990362812,537,11,202.6,34,1,19,35.89331619537276,0.6219362745098039,45.29761904761905,1018.809523809524,29.964985994397765,0
979,4,0,0,35,0.0,0.0,1.0,35,1150,900,250,0.782608695652174,14,9,5,369.137305415775,0.41526610644257705,0.10029031935128652,0.20820511258036017,129867.92091836738,2587.8188775510257,132455.7397959184,538,12,203.6,34,1,19,35.77216187806586,0.6231617647058824,45.17857142857143,1019.2857142857147,29.978991596638668,0
980,4,0,0,35,0.0,0.0,1.0,35,1300,900,400,0.6923076923076923,17,9,8,369.20895809304113,0.41449579831932776,0.10686274509803906,0.20921840958605661,130050.00000000001,2603.125000000001,132653.12500000003,539,13,204.6,34,1,19,35.58517156862745,0.625,45.0,1020.0000000000001,30.000000000000004,0
981,4,0,0,35,0.0,0.0,1.0,35,650,400,250,0.6153846153846154,9,4,5,370.6130353770051,0.41439075630252103,0.10734536726836374,0.21050525687318158,130141.08737244896,2646.3966836734676,132787.48405612243,540,14,205.6,34,1,19,35.45677283864193,0.6259191176470589,44.910714285714285,1020.3571428571427,30.010504201680668,0
982,4,0,0,35,0.0,0.0,1.0,35,800,700,100,0.875,9,7,2,356.6682105361533,0.4144257703081233,0.0979065483168653,0.19628257005634772,128898.98667800463,2194.8341836734826,131093.8208616781,541,15,206.6,34,1,20,37.07625048847207,0.6133578431372548,46.13095238095239,1015.4761904761912,29.866946778711505,8
983,4,2,1,36,0.05405405405405406,0.02702702702702703,0.972972972972973,37,950,600,350,0.631578947368421,13,6,7,342.11529780018105,0.4176051051051051,0.10207950814279632,0.19110247598998983,129487.77113261909,1459.9494765035297,130947.72060912263,542,0,196.3783783783784,36,1,16,36.84673969167221,0.615162037037037,45.5518018018018,1017.7927927927926,28.272022022022018,0
984,4,0,0,36,0.0,0.0,1.0,36,1250,1100,150,0.88,14,11,3,353.04656975776635,0.4168650793650794,0.1093923769083005,0.19695339094608383,129436.83556241421,1939.446159122077,131376.2817215363,543,1,202.83333333333334,35,1,16,36.62041249620869,0.6166666666666667,45.60185185185185,1017.5925925925922,29.074074074074062,0
985,4,1,1,36,0.02702702702702703,0.02702702702702703,0.972972972972973,37,850,400,450,0.47058823529411764,13,4,9,346.09881323120993,0.4207019519519519,0.08368460203322647,0.18312995457379513,127325.53155006829,1416.0686728394733,128741.60022290777,544,0,198.32432432432432,35,2,13,38.952599388379205,0.5952380952380952,47.68518518518517,1009.2592592592569,28.835978835978768,8
986,4,2,0,38,0.05263157894736842,0.0,1.0,38,1500,1200,300,0.8,18,12,6,337.00725690844826,0.42601647700331907,0.09555737897081262,0.18056832738889386,127831.16731596443,1016.0062089115968,128847.17352487602,545,0,194.0,36,2,15,38.664625092798815,0.5983796296296297,47.184684684684676,1011.2612612612597,28.090590590590548,0
987,4,2,0,40,0.05,0.0,1.0,40,750,500,250,0.6666666666666666,10,5,5,321.1356970819304,0.43225160256410255,0.10565685531868851,0.17425807262091128,128338.88942992075,243.22336237539236,128582.11279229613,546,0,185.25,37,3,17,38.548204559391124,0.6016328828828829,46.68311403508772,1013.2675438596492,27.385609293504032,0
988,4,0,0,40,0.0,0.0,1.0,40,850,700,150,0.8235294117647058,10,7,3,323.28812237521794,0.43233173076923076,0.10838742832413684,0.1756703183488619,128394.44739006237,301.6799640273972,128696.12735408977,547,1,186.25,37,3,15,38.43708301777923,0.6021959459459459,46.62828947368421,1013.4868421052636,27.391536273115232,0
989,4,0,2,38,0.0,0.05,0.95,40,950,700,250,0.7368421052631579,12,7,5,325.40215122202176,0.43243856837606837,0.11276095186587298,0.17706550253370165,128450.01737313403,359.5823955447771,128809.5997686788,548,2,187.25,37,3,15,38.32691094285198,0.602759009009009,46.5734649122807,1013.7061403508771,27.39746325272641,0
990,4,1,1,38,0.02564102564102564,0.02564102564102564,0.9743589743589743,39,1200,800,400,0.6666666666666666,16,8,8,326.4767800608248,0.4316801619433199,0.10541402951393164,0.1781465332615086,128561.19340806793,594.4488929285953,129155.64230099654,549,0,182.56410256410257,37,2,16,38.18644808447757,0.6038851351351351,46.463815789473685,1014.1447368421059,27.409317211948807,0
991,4,0,1,37,0.0,0.02631578947368421,0.9736842105263158,38,1500,1100,400,0.7333333333333333,19,11,8,335.9670579782391,0.4319138217164533,0.05758621298744071,0.17491028137842043,126666.55411746204,914.3379712370311,127580.89208869908,550,1,181.73684210526315,36,2,17,39.8839821754857,0.5865162037037037,48.33896396396396,1006.6441441441441,27.962337337337335,8
992,4,2,0,39,0.05128205128205128,0.0,1.0,39,950,700,250,0.7368421052631579,12,7,5,333.00557451826705,0.43378879892037786,0.07787687622362394,0.17495161440691132,127036.73846760546,660.7884156663648,127697.52688327183,551,0,177.89743589743588,37,2,19,39.57880139221231,0.5884009009009009,47.97149122807018,1008.1140350877198,27.246325272641077,0
993,4,1,1,39,0.025,0.025,0.975,40,1600,1300,300,0.8125,19,13,6,323.85277297371834,0.4346020299145299,0.08083061889250809,0.17201176696008907,127479.27847991689,256.9155894121207,127736.19406932901,552,0,174.425,37,3,18,39.356677524429955,0.5929054054054055,47.5328947368421,1009.8684210526316,27.293741109530583,0
994,4,1,1,39,0.025,0.025,0.975,40,1000,700,300,0.7,13,7,6,322.96737166542636,0.43402777777777773,0.0866494845360819,0.17213096182168341,127617.7300347223,243.2725694444487,127861.00260416676,553,0,175.4,37,3,19,39.23754295532645,0.5943130630630631,47.395833333333336,1010.4166666666674,27.30855855855858,0
995,4,0,0,39,0.0,0.0,1.0,39,1300,800,500,0.6153846153846154,18,8,10,333.3093370344731,0.4303587494376968,0.08640016466975964,0.1772051833943209,127518.18700034515,700.6004737846179,128218.78747412977,554,1,180.84615384615384,36,3,19,39.07812093507266,0.5951967592592593,47.49436936936938,1010.0225225225242,28.05618118118123,0
996,4,2,1,40,0.04878048780487805,0.024390243902439025,0.975609756097561,41,1450,1200,250,0.8275862068965517,17,12,5,317.49520506043115,0.4346290650406504,0.08606177453220099,0.17156630887847163,128172.28768707682,-59.648173882544114,128112.63951319428,555,0,172.97560975609755,37,4,21,38.810120014437814,0.5999436936936937,46.84758771929825,1012.6096491228072,27.367828354670465,0
997,4,0,0,40,0.0,0.0,1.0,40,1350,1100,250,0.8148148148148148,16,11,5,318.1760104939859,0.4340544871794872,0.06482664740526722,0.17279818457666757,128372.67324334476,169.02100580310406,128541.69424914787,556,1,170.9,36,4,16,38.58877838278327,0.6038773148148149,46.64977477477478,1013.4009009009014,28.15002502502504,0
998,4,1,1,40,0.024390243902439025,0.024390243902439025,0.975609756097561,41,1150,900,250,0.782608695652174,14,9,5,311.99382810589105,0.43368902439024387,0.08457782957118143,0.17136215922902764,128821.50472094388,-161.69711995031724,128659.80760099356,557,0,167.70731707317074,38,3,18,38.28908826212026,0.6047149122807017,46.20726495726496,1015.1709401709406,26.715024741340542,0
999,4,0,0,40,0.0,0.0,1.0,40,700,500,200,0.7142857142857143,9,5,4,318.7598150303079,0.4325854700854701,0.07949535336070879,0.17454457563848913,128700.23108071701,204.89237072943848,128905.12345144646,558,1,172.8,37,3,19,38.24067070095814,0.6052927927927928,46.326754385964904,1014.6929824561392,27.424134660976737,0
1000,4,0,0,40,0.0,0.0,1.0,40,1050,800,250,0.7619047619047619,13,8,5,319.4206501002211,0.43305288461538466,0.07788970508804138,0.17527427136797533,128783.68975309693,227.23398064786687,129010.9237337448,559,2,173.8,37,3,21,38.13904342659608,0.6061373873873874,46.24451754385964,1015.02192982456,27.433025130393514,0
1001,4,1,0,41,0.024390243902439025,0.0,1.0,41,1200,800,400,0.6666666666666666,16,8,8,313.84131596493165,0.43572154471544716,0.08794337154728016,0.17332351421756653,129038.51290269535,-100.47666009207146,128938.03624260328,560,0,170.53658536585365,38,3,22,38.02181913774973,0.606907894736842,45.99358974358973,1016.0256410256391,26.737516869095764,0
1002,4,0,0,41,0.0,0.0,1.0,41,1050,800,250,0.7619047619047619,13,8,5,316.09144396559475,0.43569613821138214,0.08759468361893274,0.17516657480096856,129174.23575726844,-33.82585926658339,129140.40989800186,561,1,171.53658536585365,38,3,22,37.82689612891924,0.6082785087719298,45.860042735042725,1016.5598290598277,26.751574448942836,0
1003,4,1,2,40,0.023809523809523808,0.047619047619047616,0.9523809523809523,42,1600,1300,300,0.8125,19,13,6,309.97126171053657,0.43666521486643434,0.03983191033946887,0.17022006229942555,128814.23017259904,-374.5250208143055,128439.70515178473,562,0,168.42857142857142,40,2,15,38.34780758834719,0.6013020833333333,46.21443089430895,1015.1422764227647,25.378556910569117,8
1004,4,1,0,41,0.024390243902439025,0.0,1.0,41,1750,1200,550,0.6857142857142857,23,12,11,313.3011997422235,0.4333841463414634,0.06900776337337966,0.1731588217272178,129069.04432508702,-112.50271267358647,128956.54161241344,563,0,173.14634146341464,39,2,17,38.004548949256815,0.6055021367521367,45.96354166666668,1016.1458333333351,26.055021367521412,0
1005,4,0,0,41,0.0,0.0,1.0,41,1550,900,650,0.5806451612903226,22,9,13,313.9383618513715,0.43328252032520326,0.07206594714030712,0.17385984874833632,129148.44292534734,-91.06987847221293,129057.37304687512,564,1,174.14634146341464,39,2,17,37.90778506524562,0.6063034188034189,45.88541666666667,1016.4583333333343,26.063034188034212,0
1006,4,2,1,42,0.046511627906976744,0.023255813953488372,0.9767441860465116,43,1600,1100,500,0.6875,21,11,10,313.37819489853126,0.4359772978959025,0.15778240904451302,0.17390520654063898,129229.25954380176,-374.56212488460085,128854.69741891716,565,0,167.0,37,6,21,37.840032891189466,0.6106418918918919,45.80592105263157,1016.7763157894722,27.48044096728303,8
1007,4,0,1,41,0.0,0.023809523809523808,0.9761904761904762,42,1400,1000,400,0.7142857142857143,18,10,8,311.90824150302444,0.43613288811459544,0.14435309634145743,0.17382561999438798,129396.54659366324,-328.0301390812797,129068.51645458196,566,1,167.61904761904762,37,5,21,37.70779448216401,0.6123310810810811,45.64144736842104,1017.4342105263142,27.4982219061166,0
1008,4,1,0,42,0.023809523809523808,0.0,1.0,42,1150,700,450,0.6086956521739131,16,7,9,311.9631641016523,0.4350803329461866,0.15013384203562974,0.17472195065427865,129591.8515793319,-314.4231879039959,129277.4283914279,567,0,168.33333333333334,37,5,15,37.508525378706295,0.6143018018018018,45.44956140350876,1018.2017543859632,27.518966334755763,0
1009,4,0,2,40,0.0,0.047619047619047616,0.9523809523809523,42,800,500,300,0.625,11,5,6,335.10031748375553,0.4356005613627565,0.08580339394651526,0.1816714430238021,128302.78320312515,198.86067708334707,128501.64388020849,568,1,169.33333333333334,39,3,20,38.23128727123175,0.5977564102564102,46.71875000000001,1013.1250000000011,25.97756410256413,8
1010,4,2,0,42,0.047619047619047616,0.0,1.0,42,1100,800,300,0.7272727272727273,14,8,6,336.51502630510345,0.43733062330623307,0.12890202810096008,0.18377155418579882,128593.16541883687,254.70648871528653,128847.87190755215,569,0,170.1904761904762,39,3,17,37.89935726267503,0.6006944444444444,46.43229166666667,1014.2708333333339,26.00694444444446,0
1011,4,0,1,41,0.0,0.023809523809523808,0.9761904761904762,42,1450,900,550,0.6206896551724138,20,9,11,337.0552957749054,0.43693137824235384,0.12691732410475964,0.1846790040179488,128725.26584201395,277.50651041667015,129002.77235243062,570,1,171.1904761904762,39,3,17,37.751060699377256,0.6020299145299146,46.302083333333336,1014.7916666666672,26.02029914529916,0
1012,4,0,1,40,0.0,0.024390243902439025,0.975609756097561,41,1750,1500,250,0.8571428571428571,20,15,5,346.09274393239315,0.43495934959349597,0.1348936104648477,0.18957259987715483,128713.06911571305,709.3318540433586,129422.4009697564,571,2,176.1951219512195,38,3,17,37.534217730048425,0.6036184210526316,46.31410256410255,1014.7435897435873,26.703778677462825,0
1013,4,2,0,42,0.047619047619047616,0.0,1.0,42,1150,800,350,0.6956521739130435,15,8,7,339.05806779174617,0.43955671699574134,0.17439751094236167,0.18829608561866362,129258.63997443409,368.0106116631816,129626.65058609727,572,0,172.73809523809524,36,6,19,37.157392026578066,0.6128472222222222,45.77702702702704,1016.8918918918935,28.24699699699704,0
1014,4,0,1,41,0.0,0.023809523809523808,0.9761904761904762,42,900,600,300,0.6666666666666666,12,6,6,345.31623083295955,0.43902439024390244,0.11241160326141353,0.19044470549650708,128984.24373584642,524.5059310136517,129508.74966686008,573,1,173.73809523809524,38,4,17,37.27759956527836,0.606359649122807,46.04700854700855,1015.8119658119667,26.73189383715702,8
1015,4,0,0,41,0.0,0.0,1.0,41,750,600,150,0.8,9,6,3,349.1618257315537,0.4358993902439024,0.13086395055619016,0.19280890805891407,129034.22807979386,810.7653316405115,129844.99341143436,574,2,178.9512195121951,37,4,17,37.129020073386584,0.6086711711711712,45.99780701754386,1016.0087719298251,27.45969653864392,0
1016,4,2,3,40,0.046511627906976744,0.06976744186046512,0.9302325581395349,43,1200,900,300,0.75,15,9,6,333.3668657356009,0.4368770764119601,0.15462408711051245,0.18718019422398255,129690.63321827773,47.02018861973926,129737.65340689747,575,0,171.58139534883722,38,5,18,36.86346234529055,0.6134868421052632,45.352564102564116,1018.5897435897458,26.804993252361733,0
1017,4,0,0,40,0.0,0.0,1.0,40,1050,600,450,0.5714285714285714,15,6,9,350.94410019367956,0.43102297008547014,0.17054658173131632,0.19563408908070026,129407.39300679477,1082.952219435916,130490.34522623068,576,1,184.475,35,5,19,36.70384958101091,0.6163690476190475,45.63078703703706,1017.4768518518548,29.07076719576728,0
1018,4,0,0,40,0.0,0.0,1.0,40,1100,700,400,0.6363636363636364,15,7,8,348.94762980900117,0.4305021367521367,0.16929140391636177,0.19506107766503225,129516.4267941933,1038.8900302329878,130555.31682442629,577,2,185.475,36,4,19,36.64375668399896,0.6154513888888888,45.523648648648674,1017.9054054054092,28.275150150150253,0
1019,4,0,0,40,0.0,0.0,1.0,40,1000,700,300,0.7,13,7,6,368.3434582615895,0.42946047008547006,0.17177868031601196,0.19834048288777156,128030.53634293095,1433.9852944160575,129464.521637347,578,3,186.475,36,4,17,37.66806683728349,0.6004050925925926,46.98761261261262,1012.049549549551,28.112487487487527,7
1020,4,1,0,41,0.024390243902439025,0.0,1.0,41,600,500,100,0.8333333333333334,7,5,2,360.9820427415568,0.4310213414634146,0.17112773855601704,0.19547198774012328,128255.57503270246,1059.5918936595958,129315.16692636206,579,0,182.90243902439025,37,4,18,37.62403478386375,0.6007882882882882,46.765350877192986,1012.9385964912287,27.376718824087263,0
1021,4,0,0,41,0.0,0.0,1.0,41,1000,500,500,0.5,15,5,10,356.41628569290566,0.4313770325203252,0.16192082076614334,0.19367170656434596,128394.44739006223,952.3744084718279,129346.82179853406,580,1,183.90243902439025,37,4,16,37.59770907713945,0.6021959459459459,46.628289473684205,1013.4868421052624,27.3915362731152,0
1022,4,0,2,39,0.0,0.04878048780487805,0.9512195121951219,41,1700,1200,500,0.7058823529411765,22,12,10,357.0157487216947,0.4310467479674797,0.16459854976928145,0.1949466160375252,128588.99493113266,981.6592605417094,129570.65419167437,581,2,184.90243902439025,37,4,17,37.38378378378379,0.6041666666666667,46.43640350877193,1014.2543859649124,27.41228070175439,0
1023,4,0,1,38,0.0,0.02564102564102564,0.9743589743589743,39,800,400,400,0.5,12,4,8,375.94641940243747,0.4276034637876743,0.1758492820864308,0.203905511490021,128320.37278163586,1848.3169367284047,130168.68971836426,582,7,195.17948717948718,35,4,19,37.17871830020562,0.6053571428571429,46.70138888888889,1013.1944444444449,28.94841269841271,0
1024,4,0,0,38,0.0,0.0,1.0,38,1050,700,350,0.6666666666666666,14,7,7,379.24971667811263,0.4273500474158369,0.11273628719977813,0.20154281533088986,127500.8104531036,2070.929248113858,129571.73970121745,583,8,198.07894736842104,35,3,17,37.93595767438307,0.5970238095238095,47.511574074074076,1009.9537037037039,28.85582010582011,8
1025,4,1,0,39,0.02564102564102564,0.0,1.0,39,1100,700,400,0.6363636363636364,15,7,8,371.27720395391356,0.4294590643274854,0.12173064076871665,0.19921217717527176,127888.11404309704,1696.3882801720501,129584.50232326909,584,0,193.97435897435898,36,3,18,37.73983151488161,0.5989583333333333,47.12837837837837,1011.4864864864857,28.096846846846823,0
1026,4,1,1,39,0.025,0.025,0.975,40,700,500,200,0.7142857142857143,9,5,4,359.2675172782682,0.42995459401709407,0.09668027743595453,0.1870409048893677,126666.55411746229,1101.6924864053503,127768.24660386764,585,0,190.1,36,4,17,39.297600402729614,0.5865162037037037,48.33896396396398,1006.644144144146,27.962337337337388,8
1027,4,2,0,41,0.04878048780487805,0.0,1.0,41,1400,900,500,0.6428571428571429,19,9,10,348.4599661393287,0.43379065040650405,0.11487505491092542,0.183980952443157,127237.93730977771,668.8921453790516,127906.82945515677,586,0,184.2439024390244,35,6,19,38.982854384153576,0.5943452380952381,47.771990740740726,1008.9120370370351,28.826058201058146,0
1028,4,1,1,41,0.023809523809523808,0.023809523809523808,0.9761904761904762,42,950,800,150,0.8421052631578947,11,8,3,341.4643841025274,0.43539488966318235,0.12899925595238138,0.18211433818801415,127645.42936288055,317.27358417971067,127962.70294706026,587,0,180.83333333333334,37,5,17,38.74195240162036,0.5945945945945945,47.36842105263156,1010.5263157894709,27.31152204836408,0
1029,4,1,0,42,0.023809523809523808,0.0,1.0,42,1050,400,650,0.38095238095238093,17,4,13,347.2764965484666,0.4362538714672861,0.1365382232684924,0.1862371165211076,127867.13219452121,481.0499384425778,128348.18213296379,588,0,181.78571428571428,37,5,18,38.368206128939,0.5968468468468469,47.149122807017534,1011.4035087719284,27.335229966808875,0
1030,4,1,0,43,0.023255813953488372,0.0,1.0,43,850,600,250,0.7058823529411765,11,6,5,347.53999890619235,0.43860741971207085,0.16139198779683772,0.18820724203258274,128258.57688347131,315.5982804648957,128574.1751639362,589,0,178.53488372093022,36,7,19,37.961367426347955,0.6027199074074074,46.762387387387385,1012.9504504504504,28.13751251251251,0
1031,4,1,0,44,0.022727272727272728,0.0,1.0,44,1350,1000,350,0.7407407407407407,17,10,7,341.0176098242953,0.4389094432699084,0.16090830500815412,0.18673236457479453,128700.2310807171,-22.190962603878916,128678.04011811322,590,0,175.45454545454547,37,7,19,37.676049996397964,0.6052927927927928,46.32675438596491,1014.6929824561399,27.424134660976755,0
1032,4,0,0,44,0.0,0.0,1.0,44,1000,700,300,0.7,13,7,6,341.6640206607735,0.4390966349541931,0.16104029383169505,0.18747977707509061,128783.68975309715,0.15064731456413938,128783.84040041172,591,1,176.45454545454547,37,7,19,37.57460570379174,0.6061373873873874,46.24451754385965,1015.0219298245617,27.43302513039356,0
1033,4,0,0,44,0.0,0.0,1.0,44,1350,800,550,0.5925925925925926,19,8,11,339.2543542921801,0.4392067477096547,0.15319619911456628,0.186680604581098,128895.01006319253,-54.361317905510816,128840.64874528702,592,2,177.45454545454547,37,7,19,37.52238329194111,0.6072635135135135,46.13486842105263,1015.4605263157896,27.444879089615934,0
1034,4,1,0,45,0.022222222222222223,0.0,1.0,45,1200,700,500,0.5833333333333334,17,7,10,329.5485084654659,0.44057239057239056,0.1546448087431691,0.1827496274217585,129201.388888889,-484.37499999999363,128717.013888889,593,0,174.48888888888888,38,7,20,37.457308743169385,0.6085526315789473,45.833333333333336,1016.6666666666677,26.754385964912306,0
1035,4,1,1,45,0.021739130434782608,0.021739130434782608,0.9782608695652174,46,700,400,300,0.5714285714285714,10,4,6,322.7455635187617,0.4424718196457327,0.16325486182190385,0.1801842374616173,129466.28146701396,-843.0664062499891,128623.21506076398,594,0,171.67391304347825,39,7,15,37.361395428181524,0.6095085470085471,45.57291666666667,1017.7083333333339,26.095085470085486,0
1036,4,0,0,45,0.0,0.0,1.0,45,1500,1000,500,0.6666666666666666,20,10,10,326.73560923259316,0.4412457912457912,0.16795719231979866,0.1830756667604848,129609.02829142023,-530.4230358316759,129078.60525558855,595,1,175.93333333333334,38,7,15,37.115071870737594,0.6126644736842105,45.432692307692314,1018.2692307692316,26.796558704453464,0
1037,4,1,1,45,0.021739130434782608,0.021739130434782608,0.9782608695652174,46,1600,1300,300,0.8125,19,13,6,311.8154933144339,0.44238123993558776,0.13694106686518537,0.17101050695943157,128762.65290377739,-1156.9925037674177,127605.66040000998,596,0,173.08695652173913,40,6,13,38.35340108808118,0.60078125,46.26524390243902,1014.9390243902428,25.37347560975607,8
1038,4,0,0,45,0.0,0.0,1.0,45,1250,1000,250,0.8,15,10,5,319.6173435684221,0.440993265993266,0.14898741105637625,0.1753576236334858,128778.12500000015,-768.0555555555414,128010.0694444446,597,1,177.86666666666667,39,6,13,38.13970990695128,0.6025641025641026,46.25000000000001,1015.0000000000011,26.025641025641054,0
1039,4,0,1,44,0.0,0.022222222222222223,0.9777777777777777,45,1100,500,600,0.45454545454545453,17,5,12,318.86188021356736,0.4401725589225589,0.1506661651907315,0.17552707341626628,128910.32036675385,-779.0825737846837,128131.23779296916,598,2,178.86666666666667,39,6,14,38.02451960884877,0.6038995726495726,46.119791666666686,1015.5208333333363,26.038995726495802,0
1040,4,0,1,43,0.0,0.022727272727272728,0.9772727272727273,44,1600,1200,400,0.75,20,12,8,322.6830982227937,0.4373788759689923,0.15410105255496998,0.1776623801950623,128917.41569378367,-480.10577781080514,128437.30991597286,599,3,183.8409090909091,40,4,14,37.92029420594416,0.60234375,46.11280487804879,1015.5487804878065,25.388719512195163,0
1041,4,0,0,43,0.0,0.0,1.0,43,1150,700,450,0.6086956521739131,16,7,9,328.59626082122514,0.4362310815799188,0.15100657535422712,0.18112731143401758,128963.21750217043,-124.63378906246521,128838.58371310796,600,4,187.37209302325581,39,4,15,37.7235881789902,0.6044337606837606,46.06770833333335,1015.729166666669,26.04433760683767,0
1042,4,0,1,42,0.0,0.023255813953488372,0.9767441860465116,43,1600,1200,400,0.75,20,12,8,327.53090958543794,0.4361618678479144,0.1512629079779162,0.18114464591357957,129095.50781250045,-143.4461805555112,128952.06163194493,601,5,188.37209302325581,39,4,16,37.61616782834495,0.6057692307692308,45.93750000000002,1016.2500000000036,26.057692307692403,0
1043,4,0,1,41,0.0,0.023809523809523808,0.9761904761904762,42,1750,1200,550,0.6857142857142857,23,12,11,330.4486249480214,0.43566105303910185,0.1487671626770175,0.1835078172316139,129257.13320444767,142.61178920438078,129399.74499365206,602,6,190.35714285714286,37,5,18,37.377794551074665,0.6109234234234234,45.77850877192983,1016.8859649122819,27.4834044570887,0
1044,4,2,2,41,0.046511627906976744,0.046511627906976744,0.9534883720930233,43,1650,1200,450,0.7272727272727273,21,12,9,320.73644648579346,0.4387689184200812,0.14179457721134825,0.17991051275339104,129651.8676757814,-283.1841362847068,129368.68353949669,603,0,184.46511627906978,39,4,14,37.22437438205313,0.6113782051282051,45.39062500000001,1018.4375000000011,26.11378205128208,0
1045,4,0,0,41,0.0,0.0,1.0,41,900,700,200,0.7777777777777778,11,7,4,330.13588271752684,0.434984756097561,0.13834970107735067,0.18383355995533898,129364.36760355055,341.56393819857703,129705.93154174913,604,8,194.46341463414635,38,3,19,37.27683259819365,0.6101973684210527,45.673076923076934,1017.3076923076943,26.771255060728798,0
1046,4,1,0,42,0.023809523809523808,0.0,1.0,42,1350,900,450,0.6666666666666666,18,9,9,322.4102664837557,0.4359877080913666,0.14087240705835402,0.18084940765414137,129651.8676757814,-39.78135850692911,129612.08631727447,605,0,190.8095238095238,39,3,15,37.181757355698764,0.6113782051282051,45.39062500000001,1018.4375000000011,26.11378205128208,0
1047,4,0,0,42,0.0,0.0,1.0,42,1600,1300,300,0.8125,19,13,6,323.70262969463545,0.4353464963221061,0.14599573735073434,0.1826847712913323,129890.67382812501,9.190538194444457,129899.86436631945,606,1,191.8095238095238,39,3,17,36.90689079637578,0.6137820512820513,45.15625,1019.3750000000001,26.137820512820515,0
1048,4,0,0,42,0.0,0.0,1.0,42,1200,600,600,0.5,18,6,12,324.15602734887716,0.43454800619434764,0.15203709918243713,0.1835634276329008,130023.4388563367,29.57628038193991,130053.01513671863,607,2,192.8095238095238,39,3,17,36.760907125591544,0.6151175213675213,45.026041666666664,1019.8958333333325,26.15117521367519,0
1049,4,0,0,42,0.0,0.0,1.0,42,1050,500,550,0.47619047619047616,16,5,11,325.4836058587263,0.43354384436701515,0.15570121076908938,0.185070393882643,130182.84640842007,74.47645399305148,130257.32286241312,608,3,193.8095238095238,39,3,17,36.56572164948455,0.6167200854700854,44.869791666666664,1020.5208333333327,26.167200854700837,0
1050,4,1,0,43,0.023255813953488372,0.0,1.0,43,1450,1100,350,0.7586206896551724,18,11,7,325.1191706985744,0.4351005906238465,0.17207216602356845,0.18677220742941542,130581.79253472235,-109.0467664930448,130472.7457682293,609,0,190.27906976744185,39,4,14,36.17169452371245,0.6207264957264957,44.47916666666667,1022.0833333333344,26.207264957264986,0
1051,4,0,1,42,0.0,0.023255813953488372,0.9767441860465116,43,900,700,200,0.7777777777777778,11,7,4,314.88999759529827,0.43468530823181983,0.07991118861460889,0.17485529900598984,129254.34570312501,-366.63411458333275,128887.71158854169,610,1,191.27906976744185,39,4,19,37.776155842382025,0.6073717948717949,45.78125,1016.8750000000001,26.073717948717952,8
1052,4,0,0,42,0.0,0.0,1.0,42,1350,1000,350,0.7407407407407407,17,10,7,320.817717327963,0.4332050909794812,0.08185883871355037,0.17827576481289414,129282.86540516099,-104.75324621959965,129178.1121589414,611,2,196.71428571428572,38,4,20,37.59651749133314,0.609375,45.753205128205124,1016.9871794871789,26.762820512820497,0
1053,4,0,1,41,0.0,0.023809523809523808,0.9761904761904762,42,1100,700,400,0.6363636363636364,15,7,8,326.2863165726337,0.4326485675571041,0.0826171728533942,0.18206661777119687,129445.8954840563,47.284886587751885,129493.18037064404,612,3,197.71428571428572,38,4,17,37.2919947506562,0.6110197368421053,45.59294871794871,1017.6282051282031,26.779689608636925,0
1054,4,0,0,41,0.0,0.0,1.0,41,1450,1100,350,0.7586206896551724,18,11,7,330.7084538617771,0.43307926829268295,0.08084194155168634,0.18495766781040568,129536.03512619252,367.7323791935832,129903.7675053861,613,4,192.8048780487805,37,4,19,37.08800086169754,0.6137387387387387,45.504385964912274,1017.9824561403497,27.513039355144585,0
1055,4,0,1,40,0.0,0.024390243902439025,0.975609756097561,41,1350,1000,350,0.7407407407407407,17,10,7,328.1987859967533,0.4328760162601626,0.07781661751149649,0.18394581324996054,129619.76431450053,308.20985784086537,129927.97417234139,614,5,193.8048780487805,37,4,19,37.0669349628513,0.6145833333333333,45.422149122807014,1018.3114035087713,27.521929824561386,0
1056,4,0,0,40,0.0,0.0,1.0,40,1250,1100,150,0.88,14,11,3,327.2924898235983,0.43194444444444446,0.07774938125470787,0.18422344687648087,129787.30384589481,495.68196464295556,130282.98581053776,615,6,198.075,37,3,19,36.92015047168119,0.6162725225225225,45.257675438596486,1018.9692982456135,27.539710763394957,0
1057,4,0,0,40,0.0,0.0,1.0,40,1350,700,650,0.5185185185185185,20,7,13,327.55376065363,0.43165064102564105,0.08141135972461289,0.18476576207743578,129871.11418898107,507.9543705755417,130379.0685595566,616,7,199.075,37,3,20,36.8285642570281,0.6171171171171171,45.17543859649122,1019.2982456140339,27.548601232811727,0
1058,4,0,0,40,0.0,0.0,1.0,40,1100,700,400,0.6363636363636364,15,7,8,329.81102075619026,0.4317708333333334,0.09302494355445634,0.18670555715479778,130010.85820877586,575.8027710449429,130586.6609798208,617,8,200.075,37,3,21,36.62946188581872,0.6185247747747749,45.03837719298246,1019.8464912280708,27.563418681839753,0
1059,4,0,0,40,0.0,0.0,1.0,40,950,500,450,0.5263157894736842,14,5,9,331.1882794888836,0.4313568376068376,0.09198194325021491,0.18788876538808383,130094.74068944289,617.1706678978123,130711.9113573407,618,9,201.075,37,3,21,36.50938664373745,0.6193693693693694,44.95614035087719,1020.1754385964912,27.57230915125652,0
1060,4,0,0,40,0.0,0.0,1.0,40,1650,1200,450,0.7272727272727273,21,12,9,337.5338595759292,0.4300614316239317,0.08985616144267894,0.19314898254357254,130430.54112803962,804.9447907048535,131235.48591874447,619,10,202.075,37,3,22,36.007496064119074,0.6227477477477478,44.62719298245615,1021.4912280701773,27.60787102892371,0
1061,4,0,0,40,0.0,0.0,1.0,40,1150,800,350,0.6956521739130435,15,8,7,333.7194521235706,0.4303819444444445,0.08511368511368533,0.19207408466667733,130654.64854570644,720.3995460141673,131375.04809172062,620,11,203.075,37,3,17,35.87828900328901,0.625,44.40789473684211,1022.3684210526321,27.631578947368435,0
1062,4,0,0,40,0.0,0.0,1.0,40,1600,1100,500,0.6875,21,11,10,332.158717595995,0.429821047008547,0.08345864661654145,0.1920743888707276,130835.7988165681,691.6502301117742,131527.4490466799,621,12,204.075,38,2,17,35.735171261487054,0.625,44.23076923076923,1023.0769230769234,26.923076923076934,0
1063,4,0,0,40,0.0,0.0,1.0,40,1250,1000,250,0.8,15,10,5,331.5789540794935,0.4304220085470085,0.08082524271844682,0.19214729589397864,130917.78897518072,681.9167077580466,131599.70568293877,622,13,205.075,38,2,17,35.667214740578366,0.6258223684210527,44.15064102564102,1023.3974358974352,26.93151147098514,0
1064,4,0,0,40,0.0,0.0,1.0,40,1350,1200,150,0.8888888888888888,15,12,3,329.3600034732278,0.43004807692307695,0.08376030470625073,0.19140430038107573,131027.14913662421,631.0204589451278,131658.16959556934,623,14,206.075,38,2,18,35.61363003930571,0.6269188596491229,44.043803418803414,1023.8247863247856,26.94275753486278,0
1065,4,0,0,40,0.0,0.0,1.0,40,900,500,400,0.5555555555555556,13,5,8,329.59299040358496,0.4293803418803419,0.08519716252868803,0.19194887035290178,131109.19922017664,642.5346080794711,131751.7338282561,624,15,207.075,38,2,18,35.5248974198484,0.6277412280701755,43.96367521367521,1024.1452991452982,26.951192082771005,0
1066,4,0,0,40,0.0,0.0,1.0,40,1650,1400,250,0.8484848484848485,19,14,5,328.50873999269527,0.4299278846153846,0.07208120504534588,0.19227482262049536,131300.74929003188,626.6887418730113,131927.4380319049,625,16,208.075,38,2,19,35.35955036658676,0.6296600877192983,43.77670940170939,1024.8931623931603,26.97087269455685,0
1067,4,0,2,38,0.0,0.05,0.95,40,1550,1300,250,0.8387096774193549,18,13,5,345.38714769525626,0.42885950854700855,0.03979094624331947,0.19514680582923805,129935.60209155166,975.6173980933625,130911.21948964502,626,17,209.075,38,2,18,36.30868175626113,0.615953947368421,45.11217948717949,1019.5512820512824,26.83029689608638,8
1068,4,0,1,37,0.0,0.02631578947368421,0.9736842105263158,38,1300,1100,200,0.8461538461538461,15,11,4,335.7521429866467,0.4281205547652916,0.0162649951367122,0.1837205546455019,128672.41753472209,1040.8188999835445,129713.23643470563,627,18,205.1578947368421,35,3,19,37.83795345653662,0.6089285714285715,46.35416666666666,1014.5833333333322,28.988095238095205,8
1069,4,0,0,37,0.0,0.0,1.0,37,1150,900,250,0.782608695652174,14,9,5,339.24213007098285,0.4273335835835836,0.01973499773568199,0.18659380608857254,128877.99968117705,1344.169426225987,130222.16910740304,628,19,208.51351351351352,35,2,19,37.54001386830806,0.6110119047619047,46.15162037037037,1015.393518518518,29.011243386243372,0
1070,4,1,0,38,0.02631578947368421,0.0,1.0,38,750,500,250,0.6666666666666666,10,5,5,331.6708547489664,0.4288021574205785,0.03024421518913556,0.1841935927664925,129258.63997443399,974.2647208018927,130232.90469523588,629,0,204.0,36,2,21,37.34519195275008,0.6128472222222222,45.77702702702703,1016.8918918918927,28.24699699699702,0
1071,4,0,0,38,0.0,0.0,1.0,38,1250,900,350,0.72,16,9,7,333.78515591285304,0.42883179231863444,0.025808932337485047,0.18590721939067298,129373.18019032553,1036.5694241538874,130409.74961447941,630,1,205.0,36,2,21,37.175070105527254,0.6140046296296297,45.664414414414416,1017.3423423423428,28.259509509509524,0
1072,4,0,1,37,0.0,0.02631578947368421,0.9736842105263158,38,650,400,250,0.6153846153846154,9,4,5,345.5820782834577,0.42908368895210997,0.021743863277635667,0.18063668632438012,126829.56271701369,1238.9588516937308,128068.52156870742,631,2,206.0,35,3,19,39.47453464322647,0.5901785714285714,48.17708333333332,1007.291666666665,28.77976190476186,8
1073,4,4,0,41,0.0975609756097561,0.0,1.0,41,1200,700,500,0.5833333333333334,17,7,10,326.8502073107707,0.4398373983739838,0.08419504597760374,0.17624814118275456,128087.52745566513,173.62951528386043,128261.15697094898,632,0,190.7560975609756,36,5,18,38.659750806541304,0.6009837962962963,46.931306306306304,1012.2747747747749,28.118743743743746,0
1074,4,1,1,41,0.023809523809523808,0.023809523809523808,0.9761904761904762,42,1100,800,300,0.7272727272727273,14,8,6,318.3585804059642,0.44323461091753774,0.08618754087554792,0.17347447218703305,128505.59937913588,-217.8279614881523,128287.77141764773,633,0,187.1904761904762,37,5,16,38.44884376915034,0.603322072072072,46.51864035087719,1013.9254385964912,27.4033902323376,0
1075,4,0,1,40,0.0,0.024390243902439025,0.975609756097561,41,1400,900,500,0.6428571428571429,19,9,10,327.89877179301516,0.4390752032520325,0.09303132018324511,0.1785887865972484,128486.82032962015,226.13411553445212,128712.95444515461,634,2,192.7560975609756,36,5,16,38.226146839942245,0.6050347222222222,46.53716216216216,1013.8513513513512,28.162537537537535,0
1076,4,0,0,40,0.0,0.0,1.0,40,1750,1500,250,0.8571428571428571,20,15,5,337.92456370801267,0.43723290598290593,0.09020547945205482,0.18409323246779802,128496.33487654325,684.413580246915,129180.74845679016,635,3,198.45,35,5,16,37.962328767123296,0.6071428571428572,46.52777777777778,1013.8888888888891,28.968253968253975,0
1077,4,1,0,41,0.024390243902439025,0.0,1.0,41,1250,1000,250,0.8,15,10,5,328.37185956904733,0.4374237804878049,0.10346589664765937,0.1811769140778212,129001.10995708554,272.0668726158687,129273.1768297014,636,0,194.58536585365854,36,5,17,37.690758600303,0.6102430555555556,46.03040540540541,1015.878378378379,28.21884384384386,0
1078,4,1,0,42,0.023809523809523808,0.0,1.0,42,1000,700,300,0.7,13,7,6,323.92756018722247,0.43978658536585363,0.1022608267110201,0.18014101008972905,129312.88954293646,-22.398237919347196,129290.49130501712,637,0,190.92857142857142,37,5,18,37.486973551818295,0.6114864864864865,45.72368421052632,1017.1052631578962,27.489331436699896,0
1079,4,0,0,42,0.0,0.0,1.0,42,1450,900,550,0.6206896551724138,20,9,11,324.08577920375785,0.4399075687185443,0.0970909165563183,0.1804842652732574,129368.6579043554,-14.691539704507164,129353.96636465089,638,1,191.92857142857142,37,5,18,37.42634906948337,0.6120495495495495,45.668859649122815,1017.3245614035104,27.495258416311092,0
1080,4,1,3,40,0.023255813953488372,0.06976744186046512,0.9302325581395349,43,1150,1000,150,0.8695652173913043,13,10,3,320.1665049335252,0.441952750092285,0.10094511042548238,0.17989320121043992,129717.84056770042,-293.738471583014,129424.1020961174,639,0,188.4418604651163,38,5,17,37.17204160111871,0.6137609649122807,45.325854700854705,1018.6965811965819,26.807804768331103,0
1081,4,0,0,40,0.0,0.0,1.0,40,1450,1000,450,0.6896551724137931,19,10,9,337.31487153377,0.4366853632478633,0.1021370120535221,0.18910963318536192,129631.08114448936,745.2982966074499,130376.37944109681,640,1,200.15,36,4,17,36.823371668694016,0.6166087962962963,45.41103603603605,1018.3558558558581,28.287662662662726,0
1082,4,1,0,41,0.024390243902439025,0.0,1.0,41,1450,1200,250,0.8275862068965517,17,12,5,331.40725914687084,0.4381097560975609,0.10497325964764115,0.18734079652320695,129954.95158366051,413.60286338105607,130368.55444704156,641,0,196.2439024390244,37,4,18,36.64540541993763,0.6179617117117118,45.09320175438597,1019.6271929824574,27.557491702228578,0
1083,4,0,1,40,0.0,0.024390243902439025,0.975609756097561,41,1000,600,400,0.6,14,6,8,332.1715538953557,0.4372967479674797,0.10356811498482466,0.18871724545483431,130150.67737188394,446.47054863037965,130597.14792051433,642,1,197.2439024390244,37,4,18,36.42766315638656,0.6199324324324325,44.9013157894737,1020.3947368421076,27.578236130867772,0
1084,4,0,0,40,0.0,0.0,1.0,40,1450,1300,150,0.896551724137931,16,13,3,339.3309744114666,0.4381276709401709,0.08853156032416432,0.18499556109638193,128525.67361379018,741.7851010632576,129267.45871485343,643,2,201.25,35,5,17,37.89676311684361,0.6074404761904761,46.49884259259259,1014.0046296296287,28.97156084656082,8
1085,4,2,1,41,0.047619047619047616,0.023809523809523808,0.9761904761904762,42,1050,600,450,0.5714285714285714,15,6,9,323.55358202986497,0.4406818621757646,0.12454093756750884,0.1776666110576802,128811.51532202198,-64.51456217299881,128747.00075984898,644,0,192.61904761904762,37,5,17,38.005868798156534,0.6064189189189189,46.21710526315788,1015.131578947367,27.435988620199108,8
1086,4,0,0,41,0.0,0.0,1.0,41,2100,1400,700,0.6666666666666666,28,14,14,330.130995002184,0.43864329268292684,0.12123179116022675,0.18175343790779594,128915.32368517175,311.788815842881,129227.11250101464,645,1,198.02439024390245,36,5,17,37.73332963702225,0.609375,46.11486486486487,1015.5405405405413,28.20945945945948,0
1087,4,2,1,42,0.046511627906976744,0.023255813953488372,0.9767441860465116,43,1450,1200,250,0.8275862068965517,17,12,5,310.7191640396353,0.44199889258028796,0.12536707179838924,0.17362002790648703,129500.26167223671,-552.3573900577245,128947.90428217899,646,0,189.7674418604651,38,5,14,37.632955459920915,0.6115679824561404,45.53952991452991,1017.8418803418793,26.78531264057577,0
1088,4,0,1,41,0.0,0.023809523809523808,0.9761904761904762,42,1300,900,400,0.6923076923076923,17,9,8,318.92975312877223,0.43933894696089815,0.12981089871846163,0.17811708595314463,129480.23069598334,-140.9803978147167,129339.25029816863,647,1,195.28571428571428,37,5,16,37.44433670904261,0.6131756756756757,45.55921052631579,1017.7631578947364,27.507112375533417,0
1089,4,1,0,42,0.023809523809523808,0.0,1.0,42,950,700,250,0.7368421052631579,12,7,5,322.05452469670183,0.43768147502903604,0.1437822572791898,0.18101685353642188,129731.44531249987,-43.88020833334872,129687.56510416653,648,0,195.9047619047619,37,5,17,37.110173824130854,0.6157094594594594,45.31249999999999,1018.749999999999,27.533783783783758,0
1090,4,0,0,42,0.0,0.0,1.0,42,1700,1300,400,0.7647058823529411,21,13,8,319.71784520988655,0.43777826171118855,0.13994080264647057,0.18073290228612332,129954.95158366006,-90.21658106343219,129864.73500259663,649,1,196.9047619047619,37,5,18,36.94337652794208,0.6179617117117118,45.09320175438595,1019.6271929824537,27.55749170222848,0
1091,4,1,0,43,0.023255813953488372,0.0,1.0,43,1300,800,500,0.6153846153846154,18,8,10,314.5849908570167,0.43844592100406055,0.1509621208251546,0.17999683408641132,130426.23325525953,-393.97292077582256,130032.26033448371,650,0,193.30232558139534,38,5,19,36.59789770944462,0.6208881578947368,44.63141025641025,1021.4743589743576,26.880904183535726,0
1092,4,0,0,43,0.0,0.0,1.0,43,950,600,350,0.631578947368421,13,6,7,314.14330885876126,0.43807678110003695,0.15337699320783327,0.17999715174453748,130480.80490037614,-402.0656412082804,130078.73925916787,651,1,194.30232558139534,38,5,19,36.55407996096062,0.6214364035087719,44.57799145299145,1021.6880341880336,26.88652721547457,0
1093,4,0,1,42,0.0,0.023255813953488372,0.9767441860465116,43,1300,1000,300,0.7692307692307693,16,10,6,317.37358223062375,0.43763842746400883,0.1583670374115269,0.18248980978260876,130617.28395061738,-309.1049382715933,130308.17901234579,652,2,195.30232558139534,38,5,17,36.333786231884076,0.6228070175438596,44.44444444444445,1022.222222222223,26.900584795321656,0
1094,4,0,0,42,0.0,0.0,1.0,42,500,200,300,0.4,8,2,6,326.38748181031144,0.43809281842818426,0.15748007357449434,0.1873110425167553,130542.57079101275,121.49218990460162,130664.06298091736,653,3,195.85714285714286,37,5,17,36.17891630901288,0.6238738738738738,44.51754385964913,1021.9298245614045,27.619724988146068,0
1095,4,0,0,42,0.0,0.0,1.0,42,950,800,150,0.8421052631578947,11,8,3,329.4009214215133,0.4380081300813008,0.1606810892525179,0.18958853032927114,130654.64854570646,207.55232379194547,130862.2008694984,654,4,196.85714285714286,37,5,17,35.98866723866725,0.625,44.40789473684211,1022.3684210526322,27.63157894736844,0
1096,4,1,0,43,0.023255813953488372,0.0,1.0,43,1250,900,350,0.72,16,9,7,323.39749871640515,0.437938353636028,0.1695735422951008,0.18793924986047977,131027.14913662436,-125.22954105485775,130901.9195955695,655,0,193.25581395348837,38,5,19,35.766244043271065,0.6269188596491229,44.04380341880342,1023.8247863247867,26.942757534862807,0
1097,4,1,0,44,0.022727272727272728,0.0,1.0,44,1500,1200,300,0.8,18,12,6,315.115215925909,0.4377862931642001,0.16625579376950528,0.1853419603349164,131488.330078125,-513.2052951388885,130975.12478298611,656,0,189.8409090909091,39,5,20,35.51399891664975,0.6298076923076923,43.59375,1025.625,26.298076923076923,0
1098,4,0,2,42,0.0,0.045454545454545456,0.9545454545454546,44,1200,900,300,0.75,15,9,6,339.60729759649774,0.437224718111346,0.11092992464806573,0.19746282347173674,131047.29940943346,154.16819959023795,131201.4676090237,657,1,190.8409090909091,37,7,18,35.33099521667739,0.6289414414414414,44.024122807017534,1023.9035087719282,27.673067804646706,8
1099,4,1,1,42,0.023255813953488372,0.023255813953488372,0.9767441860465116,43,1450,1000,450,0.6896551724137931,19,10,9,339.4738359911301,0.43556201550387597,0.13328987537351833,0.19868891327545968,131300.02891514686,314.58489631423237,131614.61381146108,658,0,195.65116279069767,37,6,19,35.07932580863733,0.6314752252252251,43.777412280701746,1024.890350877192,27.699739212897082,0
1100,4,1,2,41,0.023255813953488372,0.046511627906976744,0.9534883720930233,43,750,400,350,0.5333333333333333,11,4,7,333.3143356956782,0.4349160206718346,0.14958662286579205,0.19655837621510194,131587.9662390432,172.0341162349403,131760.00035527814,659,0,195.1860465116279,36,7,16,34.94699630483299,0.6362847222222222,43.49662162162163,1026.0135135135142,28.500375375375395,0
1101,4,0,1,40,0.0,0.024390243902439025,0.975609756097561,41,1350,1000,350,0.7407407407407407,17,10,7,339.4668946991599,0.4329776422764227,0.1437011122479286,0.2006928281461435,131684.26890432113,740.489969135818,132424.75887345694,660,1,196.3170731707317,35,6,16,34.69215155615697,0.6392857142857142,43.402777777777786,1026.38888888889,29.325396825396858,0
1102,4,0,0,40,0.0,0.0,1.0,40,900,800,100,0.8888888888888888,10,8,2,333.9544396154782,0.43273237179487184,0.038049252905368425,0.18613685144514758,129401.82317029852,701.2152918684299,130103.03846216695,661,2,200.325,36,4,19,37.14167127836192,0.6142939814814814,45.636261261261254,1017.4549549549538,28.262637637637607,8
1103,4,0,0,40,0.0,0.0,1.0,40,750,500,250,0.6666666666666666,10,5,5,338.223979355798,0.4327590811965812,0.04187133532470422,0.18906657695714635,129516.4267941928,761.1122524551525,130277.53904664794,662,3,201.325,36,4,13,36.91664822804882,0.6154513888888888,45.523648648648646,1017.9054054054051,28.27515015015014,0
1104,4,0,1,39,0.0,0.025,0.975,40,1350,1100,250,0.8148148148148148,16,11,5,341.08151978405795,0.4326655982905983,0.04541685095090653,0.19136112065304126,129659.75265806362,844.9090982874895,130504.66175635111,663,4,202.325,36,4,14,36.69836355594868,0.6168981481481481,45.38288288288289,1018.4684684684696,28.290790790790822,0
1105,4,0,0,39,0.0,0.0,1.0,39,1250,1100,150,0.88,14,11,3,346.43741805015964,0.4315958164642375,0.04644529876728032,0.1943660055115163,129659.75265806346,1183.7979871763641,130843.55064523983,664,5,208.07692307692307,36,3,15,36.56199321833998,0.6168981481481481,45.38288288288288,1018.4684684684684,28.290790790790787,0
1106,4,1,3,37,0.025,0.075,0.925,40,1100,900,200,0.8181818181818182,13,9,4,337.47344983203936,0.433840811965812,0.05529652137468588,0.19080844817517673,129962.83512309151,771.8012637884428,130734.63638687995,665,0,203.85,38,2,16,36.48278150321319,0.6162280701754386,45.085470085470085,1019.6581196581195,26.833108412055775,0
1107,4,0,1,36,0.0,0.02702702702702703,0.972972972972973,37,1150,900,250,0.782608695652174,14,9,5,356.0991735537189,0.4306493993993994,0.06533169533169514,0.19985157699443415,129672.49657064478,1835.253772290816,131507.7503429356,666,1,215.43243243243242,35,2,19,36.303030303030305,0.6190476190476191,45.370370370370374,1018.518518518519,29.100529100529116,0
1108,4,0,0,36,0.0,0.0,1.0,36,1300,900,400,0.6923076923076923,17,9,8,357.76479626423736,0.4279761904761905,0.07878970803962004,0.20132208357827822,129776.92920918387,2085.923327664419,131862.85253684828,667,2,220.27777777777777,34,2,19,36.1544378237333,0.6222426470588236,45.26785714285715,1018.928571428573,29.968487394958032,0
1109,4,0,1,35,0.0,0.027777777777777776,0.9722222222222222,36,1150,1000,150,0.8695652173913043,13,10,3,354.76640125987063,0.42810846560846566,0.08128941836019665,0.2000994682204885,129867.92091836745,2014.5549886621498,131882.4759070296,668,3,221.27777777777777,34,2,19,36.13836331075295,0.6231617647058824,45.17857142857144,1019.2857142857152,29.978991596638682,0
1110,4,0,1,34,0.0,0.02857142857142857,0.9714285714285714,35,1300,1000,300,0.7692307692307693,16,10,6,364.0528224029124,0.42566526610644256,0.08566274375053706,0.2049491684685319,129793.87622849383,2450.36539431949,132244.2416228133,669,4,227.77142857142857,33,2,19,35.97702445379835,0.6246843434343434,45.25122549019608,1018.9950980392155,30.87863933452168,0
1111,4,0,0,34,0.0,0.0,1.0,34,1300,1000,300,0.7692307692307693,16,10,6,371.33127177503565,0.4232211824123589,0.08284993878621827,0.2093146666039167,129844.02101826339,2843.0290914192406,132687.05010968263,670,5,233.7058823529412,32,2,20,35.740574413610844,0.6276041666666667,45.2020202020202,1019.1919191919188,31.849747474747463,0
1112,4,0,0,34,0.0,0.0,1.0,34,950,700,250,0.7368421052631579,12,7,5,401.6048763550789,0.422979797979798,0.04828888076969928,0.20857543578441187,126567.3828124999,3449.8120807187884,130017.1948932187,671,6,234.7058823529412,33,1,18,38.33462732919253,0.5918560606060606,48.43749999999999,1006.2499999999992,30.492424242424217,8
1113,4,2,1,35,0.05555555555555555,0.027777777777777776,0.9722222222222222,36,1550,1100,450,0.7096774193548387,20,11,9,382.54609548520875,0.4278769841269841,0.049121421919916086,0.20202065453045032,127246.52364775557,2537.7022959919154,129784.22594374749,672,0,222.61111111111111,33,3,21,38.114270820681,0.598800505050505,47.76348039215686,1008.9460784313717,30.574123588829444,0
1114,4,0,0,35,0.0,0.0,1.0,35,850,500,350,0.5882352941176471,12,5,7,389.34696677915446,0.4267156862745098,0.05159096429438903,0.20576912223745558,127277.4368632257,2911.0167964244542,130188.45365965016,673,1,229.6,33,2,21,37.91089790300381,0.5991161616161615,47.7328431372549,1009.0686274509806,30.57783719548426,0
1115,4,2,1,36,0.05405405405405406,0.02702702702702703,0.972972972972973,37,1000,800,200,0.8,12,8,4,372.5230447127355,0.4313688688688689,0.06012191388092525,0.1998452355889867,127880.99500868047,2127.7235243055497,130008.71853298602,674,0,218.13513513513513,35,2,18,37.715628218331624,0.6008928571428571,47.135416666666664,1011.4583333333327,28.898809523809504,0
1116,4,3,2,37,0.07692307692307693,0.05128205128205128,0.9487179487179487,39,800,400,400,0.5,12,4,8,357.4056922428082,0.43592555105713,0.08409937463691364,0.19479908310861035,128515.36502718927,1386.6958676370555,129902.06089482633,675,0,207.82051282051282,36,3,17,37.44909669776396,0.6053240740740741,46.509009009009006,1013.9639639639632,28.165665665665646,0
1117,4,0,1,36,0.0,0.02702702702702703,0.972972972972973,37,1100,1000,100,0.9090909090909091,12,10,2,367.40005771537295,0.43609234234234234,0.08848713578443301,0.19419717336384013,127283.05785123976,1956.4128610965354,129239.4707123363,676,1,212.02702702702703,32,5,21,38.458771271271274,0.6015625,47.727272727272734,1009.0909090909099,31.534090909090935,7
1118,4,1,0,37,0.02702702702702703,0.0,1.0,37,1150,600,550,0.5217391304347826,17,6,11,363.3841216025237,0.4359046546546546,0.09674182245753693,0.19313684974741452,127506.12381708506,1866.7401604428196,129372.86397752787,677,0,212.8918918918919,32,5,21,38.33109347001709,0.6038411458333333,47.506313131313135,1009.974747474748,31.561710858585876,0
1119,4,0,1,36,0.0,0.02702702702702703,0.972972972972973,37,1050,600,450,0.5714285714285714,15,6,9,362.27058986330053,0.4356544044044044,0.10240754311727684,0.1931546656013323,127633.67776566179,1847.585546117758,129481.26331177955,678,1,213.8918918918919,32,5,21,38.228372693573235,0.6051432291666667,47.38005050505051,1010.4797979797991,31.57749368686872,0
1120,4,0,0,36,0.0,0.0,1.0,36,1100,900,200,0.8181818181818182,13,9,4,372.31387400046845,0.4336640211640212,0.1076420214517908,0.19826927579750417,127584.84098646382,2300.3212822808255,129885.16226874465,679,2,220.47222222222223,31,5,21,38.02479378785927,0.6071908602150538,47.42838541666667,1010.2864583333339,32.58988575268819,0
1121,4,4,1,39,0.1,0.025,0.975,40,750,600,150,0.8,9,6,3,335.0390531027791,0.4421741452991453,0.11504951092863203,0.1836173658996766,128734.59314025848,628.6731208117758,129363.26626107025,680,0,199.325,33,7,19,37.792713239141804,0.6139520202020202,46.29289215686274,1014.8284313725484,30.752376708259042,0
1122,4,1,0,40,0.025,0.0,1.0,40,900,700,200,0.7777777777777778,11,7,4,336.21035564826724,0.44145299145299144,0.1144978271366488,0.18469274444232378,128827.88470780452,662.6537870049735,129490.5384948095,681,0,200.3,33,7,20,37.6679945276034,0.6148989898989898,46.20098039215685,1015.1960784313711,30.763517528223367,0
1123,4,0,0,40,0.0,0.0,1.0,40,1300,1000,300,0.7692307692307693,16,10,6,337.3507110886489,0.44097222222222227,0.11425348646431477,0.1860771569307979,128989.67013888899,702.9513888888998,129692.6215277779,682,1,201.3,34,6,20,37.47436423297784,0.6142769607843137,46.04166666666667,1015.8333333333342,29.877450980392183,0
1124,4,0,1,39,0.0,0.025,0.975,40,1100,900,200,0.8181818181818182,13,9,4,353.45023359317594,0.4404113247863248,0.17065466636092674,0.18728997189548482,127383.94445516118,1004.9505958504836,128388.89505101167,683,2,202.3,35,5,17,38.70719636169075,0.5958333333333333,47.62731481481482,1009.4907407407408,28.84259259259259,8
1125,4,1,0,40,0.025,0.0,1.0,40,1450,1100,350,0.7586206896551724,18,11,7,354.4982435366438,0.4395566239316239,0.18557967693893862,0.1887989730220479,127588.49511584795,1045.9794828103566,128634.47459865831,684,0,203.075,35,5,19,38.47102092641386,0.5979166666666667,47.42476851851852,1010.3009259259263,28.86574074074075,0
1126,4,1,0,41,0.024390243902439025,0.0,1.0,41,1550,1300,250,0.8387096774193549,18,13,5,353.4273118736134,0.44004065040650403,0.20203166090857505,0.1903086430082785,128030.53634293098,849.8976594838291,128880.43400241481,685,0,199.09756097560975,36,5,20,38.04546381810764,0.6004050925925926,46.98761261261262,1012.0495495495512,28.112487487487535,0
1127,4,2,2,41,0.046511627906976744,0.046511627906976744,0.9534883720930233,43,1250,900,350,0.72,16,9,7,337.3596668029294,0.441422111480251,0.2038589260906165,0.18413703995316277,128572.46393352833,75.13417133352317,128647.59810486186,686,0,190.7906976744186,36,7,16,37.89903952920277,0.6059027777777778,46.452702702702716,1014.1891891891909,28.171921921921967,0
1128,4,0,0,41,0.0,0.0,1.0,41,850,500,350,0.5882352941176471,12,5,7,352.82331838812684,0.439989837398374,0.20472328107534876,0.19124372226006128,128295.24518140602,853.1108276644121,129148.35600907043,687,2,201.09756097560975,34,7,22,37.79009988249118,0.6072303921568627,46.72619047619048,1013.0952380952391,29.796918767507034,0
1129,4,0,2,39,0.0,0.04878048780487805,0.9512195121951219,41,1550,1100,450,0.7096774193548387,20,11,9,368.82540086962,0.4404217479674797,0.170827517809099,0.19161425542145377,126580.8213369313,1137.2444343999034,127718.06577133121,688,3,202.09756097560975,38,3,13,39.145388753229305,0.5819627192982456,48.42414529914531,1006.3034188034204,26.481668915879485,8
1130,4,0,1,38,0.0,0.02564102564102564,0.9743589743589743,39,1000,700,300,0.7,13,7,6,381.32921801675354,0.43778115159694103,0.19281711665817625,0.19855417903630973,126672.22222222236,1897.2125200891414,128569.43474231151,689,4,213.0,34,5,19,38.73654801324504,0.5906862745098039,48.33333333333334,1006.6666666666679,29.60784313725494,8
1131,4,2,2,38,0.05,0.05,0.95,40,1350,1100,250,0.8148148148148148,16,11,5,388.5852274326307,0.4427350427350427,0.21555509527754801,0.20129715429664585,126462.58680555549,1929.340277777775,128391.92708333327,690,0,199.65,34,6,16,38.770367301850335,0.5885416666666667,48.541666666666664,1005.8333333333328,29.583333333333318,6
1132,4,1,0,39,0.02564102564102564,0.0,1.0,39,1050,800,250,0.7619047619047619,13,8,5,385.89634999370327,0.4457658569500675,0.21307920103100852,0.20132763859671496,126752.42282115057,1982.65946390812,128735.08228505868,691,0,200.2051282051282,33,6,19,38.538877733154855,0.59375,48.25367647058824,1006.9852941176474,30.514705882352953,0
1133,4,0,0,39,0.0,0.0,1.0,39,1200,1100,100,0.9166666666666666,13,11,2,386.7590662823343,0.44531601439496177,0.21406092589646986,0.2023899607833907,126875.85791822856,2014.0776684448326,128889.9355866734,692,1,201.2051282051282,33,6,19,38.38987045371611,0.5950126262626263,48.131127450980394,1007.4754901960783,30.52956030897207,0
1134,4,2,1,40,0.04878048780487805,0.024390243902439025,0.975609756097561,41,1300,900,400,0.6923076923076923,17,9,8,378.35400949941265,0.4479674796747968,0.2200705361476707,0.1963600838554265,126538.2684568973,1387.8750945408838,127926.14355143819,693,0,192.34146341463415,35,6,15,38.94956190804861,0.587202380952381,48.46643518518518,1006.1342592592594,28.746693121693124,7
1135,4,5,2,43,0.1111111111111111,0.044444444444444446,0.9555555555555556,45,1200,600,600,0.5,18,6,12,354.1616350682283,0.45496632996632996,0.24413919413919394,0.1895806399482871,127793.20987654333,53.09941379459531,127846.30929033793,694,0,176.06666666666666,38,7,17,38.26980311355312,0.5942982456140351,47.22222222222223,1011.1111111111121,26.608187134502952,0
1136,4,2,1,44,0.044444444444444446,0.022222222222222223,0.9777777777777777,45,1050,700,350,0.6666666666666666,14,7,7,364.2737387593353,0.4538089225589226,0.26703246456332885,0.1967078189300412,128144.53125000015,335.9375000000156,128480.46875000016,695,0,177.0222222222222,38,7,19,37.65432098765433,0.5978618421052632,46.87500000000001,1012.5000000000011,26.644736842105292,0
1137,4,2,0,46,0.043478260869565216,0.0,1.0,46,1350,700,650,0.5185185185185185,20,7,13,364.05814265056677,0.4532105475040258,0.2938128354550449,0.20004832894964983,128839.34389667981,181.00244786858246,129020.3463445484,696,0,174.04347826086956,37,9,17,36.94952208661844,0.6067004504504505,46.189692982456144,1015.2412280701759,27.438952110004756,0
1138,4,1,2,45,0.02127659574468085,0.0425531914893617,0.9574468085106383,47,1600,1100,500,0.6875,21,11,10,360.1182477828537,0.45390070921985815,0.29996512033484457,0.1997019374068555,129201.3888888891,-93.42850684824089,129107.96038204085,697,0,171.31914893617022,36,11,18,36.68032786885245,0.6122685185185186,45.83333333333334,1016.6666666666683,28.240740740740787,0
1139,4,0,0,45,0.0,0.0,1.0,45,1550,1300,250,0.8387096774193549,18,13,5,373.02674923987047,0.45031565656565653,0.30377403730878116,0.2062775603791835,129089.93632656184,630.799861495829,129720.73618805768,698,1,179.77777777777777,37,8,20,36.46597611854409,0.6092342342342343,45.94298245614034,1016.2280701754371,27.465623518255057,0
1140,4,2,2,45,0.0425531914893617,0.0425531914893617,0.9574468085106383,47,1500,1000,500,0.6666666666666666,20,10,10,358.2239896885573,0.4537850755473327,0.3043552920974324,0.20112575957374307,129688.42734203795,-108.35455305852943,129580.07278897942,699,0,173.08510638297872,36,11,15,36.23272526257601,0.6171875,45.354729729729726,1018.5810810810808,28.293918918918912,0
1141,4,0,0,45,0.0,0.0,1.0,45,1650,1300,350,0.7878787878787878,20,13,7,371.8381767969123,0.45155723905723905,0.3097654118930715,0.20843406057148,129625.34722222206,639.9305555555368,130265.27777777759,700,1,181.37777777777777,34,11,16,35.95028641571195,0.6207107843137255,45.41666666666666,1018.333333333332,29.950980392156822,0
1142,4,0,1,44,0.0,0.022222222222222223,0.9777777777777777,45,1900,1500,400,0.7894736842105263,23,15,8,419.50236271517116,0.45180976430976433,0.37074521860761456,0.22725641161808335,128272.40404359235,1888.1569801550638,130160.56102374742,701,2,182.37777777777777,32,13,17,36.12478707050561,0.6116536458333333,46.74873737373736,1013.0050505050493,31.65640782828279,8
1143,4,1,1,44,0.022222222222222223,0.022222222222222223,0.9777777777777777,45,1600,1300,300,0.8125,19,13,6,420.7736865373905,0.4500631313131313,0.38145244908962717,0.23052202581465625,128720.46100206608,1832.436581726349,130552.89758379242,702,0,183.11111111111111,32,13,17,35.6320766455145,0.6162109375,46.30681818181818,1014.772727272727,31.71164772727272,0
1144,4,1,1,44,0.022222222222222223,0.022222222222222223,0.9777777777777777,45,700,400,300,0.5714285714285714,10,4,6,422.81714845748456,0.4494318181818182,0.39686287505350526,0.23352159187627872,129040.97995421392,1912.147835680038,130953.12778989396,703,0,183.9111111111111,32,13,18,35.25123234331635,0.6194661458333333,45.99116161616162,1016.035353535354,31.751104797979814,0
1145,4,0,0,44,0.0,0.0,1.0,44,1050,800,250,0.7619047619047619,13,8,5,432.6303124999996,0.44932610993657507,0.38675568181818165,0.23012250664893624,127538.00632588532,2310.266171819228,129848.27249770454,704,1,188.5681818181818,32,12,16,36.549739583333334,0.6041666666666667,47.47474747474749,1010.1010101010118,31.565656565656617,8
1146,4,2,0,46,0.043478260869565216,0.0,1.0,46,1250,800,450,0.64,17,8,9,413.0653581847439,0.45228462157809984,0.3771728608106404,0.22340131675646074,128206.57920030743,1392.9780999369998,129599.55730024443,705,0,181.32608695652175,33,13,18,36.35547757341078,0.6085858585858586,46.81372549019607,1012.7450980392146,30.689245395127713,0
1147,4,2,2,46,0.041666666666666664,0.041666666666666664,0.9583333333333334,48,1000,400,600,0.4,16,4,12,395.71841011319316,0.4555352393617021,0.3724697799064891,0.217014054926991,128760.50407503838,590.5803915894842,129351.08446662786,706,0,174.72916666666666,35,13,17,36.22669346561751,0.6098214285714285,46.2673611111111,1014.9305555555538,28.998015873015824,0
1148,4,1,1,46,0.02127659574468085,0.02127659574468085,0.9787234042553191,47,1300,800,500,0.6153846153846154,18,8,10,402.09836516713847,0.45432469935245146,0.3849004804392593,0.2204429944083505,128747.9184382084,953.8655045351195,129701.78394274352,707,0,179.31914893617022,34,13,19,36.07771260997066,0.6118259803921569,46.27976190476189,1014.8809523809507,29.849439775910316,0
1149,4,0,1,45,0.0,0.021739130434782608,0.9782608695652174,46,1100,900,200,0.8181818181818182,13,9,4,412.4037249850289,0.45344202898550723,0.39103661161450165,0.2261938841275502,128765.686574875,1420.6897587466276,130186.37633362162,708,1,183.7391304347826,33,13,19,35.798015777187466,0.6142676767676767,46.26225490196078,1014.9509803921565,30.75609031491383,0
1150,4,0,0,45,0.0,0.0,1.0,45,1100,600,500,0.5454545454545454,16,6,10,418.8347449639096,0.45317760942760943,0.39320450084321723,0.2296448622114535,128752.49496224885,1785.203678196119,130537.69864044497,709,2,188.0888888888889,32,13,19,35.64837853529071,0.6165364583333333,46.27525252525253,1014.8989898989907,31.71559343434346,0
1151,4,0,2,43,0.0,0.044444444444444446,0.9555555555555556,45,1850,1600,250,0.8648648648648649,21,16,5,425.86252348098736,0.4529250841750842,0.3987184621545863,0.22199973301294892,126719.58327913634,1828.1171814955335,128547.70046063187,710,3,189.0888888888889,30,15,20,37.56674676278201,0.6010416666666667,48.28629032258065,1006.8548387096776,33.561827956989255,8
1152,4,4,2,45,0.0851063829787234,0.0425531914893617,0.9574468085106383,47,1750,1400,350,0.8,21,14,7,391.470470043519,0.45925840271353685,0.3804472304261346,0.20966618416261865,127815.15333387593,608.26460403547,128423.4179379114,711,0,175.82978723404256,31,16,19,37.30416773972014,0.6095430107526882,47.200520833333336,1011.1979166666672,32.61928763440862,0
1153,4,1,0,46,0.021739130434782608,0.0,1.0,46,1600,1300,300,0.8125,19,13,6,400.8523500555303,0.45916867954911433,0.39421726258765344,0.2152192057761861,127913.9222039116,1054.9192640516403,128968.84146796324,712,0,180.6304347826087,31,15,21,36.96542347792509,0.6105510752688172,47.10286458333333,1011.588541666666,32.631888440860195,0
1154,4,1,1,46,0.02127659574468085,0.02127659574468085,0.9787234042553191,47,1650,1400,250,0.8484848484848485,19,14,5,392.4188403077501,0.4591042244835029,0.39148936170212756,0.21378041300347575,128496.33487654313,685.4996104299162,129181.83448697305,713,0,177.7659574468085,29,18,20,36.5810502283105,0.6221264367816092,46.52777777777777,1013.8888888888882,34.96168582375476,0
1155,4,1,1,46,0.02127659574468085,0.02127659574468085,0.9787234042553191,47,1050,600,450,0.5714285714285714,15,6,9,389.2719139027482,0.45844896700585874,0.39604064225956037,0.21281751939713137,128637.19135802475,614.969135802477,129252.16049382722,714,0,178.59574468085106,29,18,21,36.516520627966415,0.6235632183908046,46.38888888888889,1014.4444444444449,34.98084291187741,0
1156,4,1,1,46,0.02127659574468085,0.02127659574468085,0.9787234042553191,47,1250,900,350,0.72,16,9,7,375.1967843448604,0.4590464076472402,0.3782336225844982,0.2070215920409194,129002.8974745008,280.29446072047745,129283.19193522129,715,0,178.08510638297872,31,16,22,36.499722293429045,0.6216397849462365,46.02864583333333,1015.8854166666661,32.77049731182794,0
1157,4,1,1,46,0.02127659574468085,0.02127659574468085,0.9787234042553191,47,1450,900,550,0.6206896551724138,20,9,11,367.87530896754544,0.4601449275362319,0.3698495344338981,0.2047117895784108,129338.07376575345,116.20935745938266,129454.28312321284,716,0,177.29787234042553,30,17,24,36.34381606765327,0.6277777777777778,45.69892473118281,1017.2043010752703,33.90681003584235,0
1158,4,1,1,46,0.02127659574468085,0.02127659574468085,0.9787234042553191,47,1800,1200,600,0.6666666666666666,24,12,12,367.7500898604712,0.46008711069996916,0.3750747840741524,0.2058911256979357,129577.4461823622,130.42349549081916,129707.86967785301,717,0,178.17021276595744,30,17,18,36.103135313531354,0.6302083333333333,45.46370967741936,1018.1451612903231,33.93817204301077,0
1159,4,0,1,45,0.0,0.021739130434782608,0.9782608695652174,46,1950,1500,450,0.7692307692307693,24,15,9,378.78433256380026,0.45888687600644124,0.38679155713531266,0.21137492800418636,129448.61352237663,606.621334876561,130055.23485725319,718,2,183.04347826086956,29,17,18,35.95363609480915,0.6318247126436782,45.590277777777786,1017.6388888888896,35.0909961685824,0
1160,4,0,0,45,0.0,0.0,1.0,45,1400,1100,300,0.7857142857142857,17,11,6,378.5486023350562,0.45839646464646466,0.37841443080187953,0.211813836268394,129554.6392746914,808.545524691365,130363.18479938277,719,3,186.4,29,16,20,35.85152341973623,0.6329022988505747,45.486111111111114,1018.055555555556,35.10536398467435,0
1161,4,0,0,45,0.0,0.0,1.0,45,1700,1300,400,0.7647058823529411,21,13,8,379.42033617052266,0.4587962962962963,0.3744162805487412,0.21383920328873246,129837.58680555563,852.6041666666722,130690.1909722223,720,4,187.4,29,16,20,35.54101935132187,0.6357758620689655,45.208333333333336,1019.1666666666673,35.14367816091956,0
1162,4,0,0,45,0.0,0.0,1.0,45,1050,700,350,0.6666666666666666,14,7,7,379.4633355480344,0.4581018518518518,0.37701311067164767,0.21431343262336866,129919.79067305473,859.9594244999519,130779.75009755467,721,5,188.4,30,15,20,35.45621841353549,0.6336805555555556,45.127688172043015,1019.4892473118282,33.982974910394276,0
1163,4,0,1,44,0.0,0.022222222222222223,0.9777777777777777,45,1750,1100,650,0.6285714285714286,24,11,13,380.7407170297312,0.45768097643097644,0.3735896672479555,0.21637889770572888,130162.91512383347,911.6643269856728,131074.57945081915,722,6,189.4,31,14,21,35.176220705201835,0.6334005376344086,44.889322916666664,1020.4427083333327,32.91750672043009,0
1164,4,1,0,45,0.022222222222222223,0.0,1.0,45,1600,1200,400,0.75,20,12,8,380.8456791273363,0.4550505050505051,0.3837592894689139,0.2181854217804272,130475.34722222216,938.2707383897475,131413.6179606119,723,0,190.15555555555557,29,16,23,34.85589994562262,0.6422413793103448,44.58333333333333,1021.6666666666661,35.22988505747124,0
1165,4,0,0,45,0.0,0.0,1.0,45,2000,1500,500,0.75,25,15,10,380.49452258784413,0.45441919191919194,0.3791808101380405,0.219791541871331,130794.81336805546,953.3420138888791,131748.15538194435,724,1,191.15555555555557,29,16,21,34.54047861507129,0.6454741379310345,44.27083333333333,1022.9166666666658,35.2729885057471,0
1166,4,0,2,43,0.0,0.044444444444444446,0.9555555555555556,45,1300,900,400,0.6923076923076923,17,9,8,384.1714088985196,0.45408249158249153,0.38166742047339075,0.22294041603008566,130972.46334876533,1063.1751543209707,132035.63850308632,725,2,192.15555555555557,29,16,21,34.26616915422884,0.6472701149425287,44.097222222222214,1023.6111111111104,35.29693486590036,0
1167,4,0,0,43,0.0,0.0,1.0,43,1750,1200,550,0.6857142857142857,23,12,11,385.5673656995114,0.4544342930970838,0.35456050453291255,0.2247872981844978,131150.2338927469,1513.4500385802378,132663.68393132713,726,3,176.2093023255814,29,14,21,34.05014124293785,0.649066091954023,43.92361111111111,1024.3055555555554,35.320881226053636,0
1168,4,0,2,41,0.0,0.046511627906976744,0.9534883720930233,43,1250,900,350,0.72,16,9,7,369.93550582479685,0.4543189368770764,0.2566410203393157,0.2064104898035483,129443.56575963704,977.154195011323,130420.71995464836,727,4,177.2093023255814,34,9,15,36.183902667290596,0.6188725490196079,45.59523809523809,1017.6190476190463,29.92997198879548,8
1169,4,2,1,42,0.046511627906976744,0.023255813953488372,0.9767441860465116,43,900,600,300,0.6666666666666666,12,6,6,357.3707001511286,0.4541112956810631,0.2608452340099783,0.20208189142050312,129967.37423911158,689.306305726995,130656.68054483857,728,0,171.53488372093022,35,8,17,35.97096102913356,0.6220238095238095,45.081018518518505,1019.6759259259242,29.133597883597833,0
1170,4,1,1,42,0.023255813953488372,0.023255813953488372,0.9767441860465116,43,1250,800,450,0.64,17,8,9,353.8560692108486,0.452796234772979,0.2742904167688738,0.20115725094984202,130173.98787133476,612.5711323302309,130786.55900366498,729,0,172.2093023255814,35,8,18,35.850842123171155,0.6241071428571429,44.878472222222214,1020.4861111111102,29.156746031746007,0
1171,4,0,0,42,0.0,0.0,1.0,42,1000,600,400,0.6,14,6,8,364.8177068795795,0.45159456058846303,0.28065788742568265,0.2070521687389398,130110.72137188182,1093.3390022675421,131204.06037414935,730,1,176.5,34,8,18,35.635453131077405,0.6256127450980392,44.940476190476176,1020.2380952380931,30.007002801120386,0
1172,4,0,0,42,0.0,0.0,1.0,42,1250,900,350,0.72,16,9,7,361.83181339574105,0.4507839721254356,0.28273983103097744,0.2058383633869732,130201.83000283435,1022.2328514739052,131224.06285430826,731,2,177.5,34,8,18,35.61909483261401,0.626531862745098,44.85119047619047,1020.5952380952372,30.017507002801093,0
1173,4,0,0,42,0.0,0.0,1.0,42,1600,1300,300,0.8125,19,13,6,362.89884357926803,0.44935636856368566,0.28742802303263026,0.2077695576975807,130450.30757400986,1068.0673249691897,131518.37489897903,732,3,178.5,33,9,19,35.339691298784395,0.6313131313131313,44.607843137254896,1021.5686274509793,30.9566250742721,0
1174,4,1,0,43,0.023255813953488372,0.0,1.0,43,1150,900,250,0.782608695652174,14,9,5,353.6123255407133,0.4502583979328165,0.28112660656727084,0.20434369289652637,130810.03578514725,651.2081916099586,131461.24397675722,733,0,175.32558139534885,34,9,18,35.21252763877573,0.6326593137254901,44.25595238095237,1022.9761904761893,30.087535014005567,0
1175,4,0,1,42,0.0,0.023255813953488372,0.9767441860465116,43,1600,1200,400,0.75,20,12,8,354.8566279649453,0.449312476928756,0.27566370844134935,0.20669137240233074,131114.67013888893,705.3819444444484,131820.05208333337,734,1,176.32558139534885,34,9,19,34.87252508814755,0.6357230392156863,43.958333333333336,1024.166666666667,30.122549019607852,0
1176,4,1,0,43,0.023255813953488372,0.0,1.0,43,1100,700,400,0.6363636363636364,15,7,8,355.1118696535425,0.44924326319675156,0.27898871790438307,0.20766324551478912,131267.12018140606,722.9024943310817,131990.02267573716,735,0,176.62790697674419,34,9,20,34.71189591078066,0.6372549019607843,43.80952380952382,1024.761904761906,30.140056022409,0
1177,4,0,0,43,0.0,0.0,1.0,43,1400,1000,400,0.7142857142857143,18,10,8,355.346342281408,0.44903562200073827,0.27939385264385996,0.20829730111539868,131358.63272392302,735.5619331065891,132094.1946570296,736,1,177.62790697674419,34,9,20,34.61343049587737,0.6381740196078431,43.7202380952381,1025.1190476190484,30.15056022408966,0
1178,4,1,1,43,0.022727272727272728,0.022727272727272728,0.9772727272727273,44,1650,1500,150,0.9090909090909091,18,15,3,342.18371369078335,0.45006386539816773,0.20754578682981206,0.19384853256709297,130038.81602993222,116.30162106393232,130155.11765099615,737,0,174.5681818181818,37,7,16,36.28565541460618,0.6188063063063063,45.0109649122807,1019.9561403508767,27.566382171645316,8
1179,4,1,0,44,0.022727272727272728,0.0,1.0,44,1500,1200,300,0.8,18,12,6,339.0254060807997,0.4506804968287526,0.2073283858998145,0.19316563834836278,130262.58680555562,32.46527777778823,130295.0520833334,738,0,175.5,37,7,19,36.13945578231292,0.6210585585585586,44.79166666666667,1020.8333333333339,27.590090090090108,0
1180,4,0,2,42,0.0,0.045454545454545456,0.9545454545454546,44,1250,1000,250,0.8,15,10,5,342.3944199760889,0.4504492600422833,0.20907431627852535,0.19564795261701173,130374.54433094797,127.90329716836337,130502.44762811634,739,1,176.5,37,7,21,35.940072292606125,0.6221846846846847,44.68201754385965,1021.2719298245613,27.60194404931247,0
1181,4,0,0,42,0.0,0.0,1.0,42,950,700,250,0.7368421052631579,12,7,5,356.83042500902894,0.4478077816492451,0.23675914079496385,0.20346484673591783,130292.12648158881,898.438973551111,131190.56545513993,740,2,185.52380952380952,35,7,23,35.655089181120815,0.625297619047619,44.76273148148149,1020.9490740740754,29.169973544973583,0
1182,4,0,0,42,0.0,0.0,1.0,42,900,500,400,0.5555555555555556,13,5,8,357.54297395465596,0.4476505032907472,0.23537538315416828,0.20433673589222048,130380.76560356662,923.345336076827,131304.11093964343,741,3,186.52380952380952,35,7,23,35.5469930492596,0.6261904761904762,44.67592592592593,1021.296296296297,29.179894179894198,0
1183,4,0,0,42,0.0,0.0,1.0,42,1350,900,450,0.6666666666666666,18,9,9,357.8092620156199,0.4467915214866434,0.2402253982245166,0.20553651025656766,130578.91506371248,944.4690467494648,131523.38411046195,742,4,187.52380952380952,36,6,18,35.33931063610988,0.6261574074074074,44.48198198198199,1022.0720720720731,28.39089089089092,0
1184,4,0,0,42,0.0,0.0,1.0,42,1050,700,350,0.6666666666666666,14,7,7,356.1889906654505,0.4466221447928765,0.238299769246906,0.20521548446968849,130694.03863322789,910.3555413521701,131604.39417458005,743,5,188.52380952380952,36,6,18,35.264087738619686,0.6273148148148149,44.36936936936937,1022.522522522523,28.403403403403416,0
1185,4,0,2,40,0.0,0.047619047619047616,0.9523809523809523,42,1000,600,400,0.6,14,6,8,355.65653724045296,0.4463680797522261,0.23568859386961138,0.2052142739020199,130751.6194403863,900.5336417498555,131652.15308213615,744,6,189.52380952380952,36,6,18,35.219390002202154,0.6278935185185186,44.31306306306306,1022.7477477477476,28.409659659659653,0
1186,4,0,1,39,0.0,0.025,0.975,40,1300,1100,200,0.8461538461538461,15,11,4,364.81514511720155,0.4444978632478633,0.2286659877800412,0.21073439559123025,130794.81336805536,1543.1857638888637,132337.99913194423,745,7,184.875,35,5,18,34.94144602851322,0.6303571428571428,44.27083333333332,1022.916666666665,29.22619047619043,0
1187,4,1,0,40,0.025,0.0,1.0,40,1100,600,500,0.5454545454545454,16,6,10,362.7727129148559,0.44421741452991453,0.2375247524752473,0.2105749655425311,130982.06948502547,1503.3441380569618,132485.41362308242,746,0,185.675,36,4,20,34.80404290429043,0.6302083333333333,44.08783783783783,1023.6486486486478,28.43468468468466,0
1188,4,0,0,40,0.0,0.0,1.0,40,1100,800,300,0.7272727272727273,14,8,6,366.3603262461122,0.4443108974358974,0.23736801583809952,0.21297622034716457,131039.71370018672,1601.5504524795128,132641.26415266623,747,1,186.675,36,4,20,34.65386236984895,0.630787037037037,44.031531531531535,1023.8738738738742,28.44094094094095,0
1189,4,0,1,39,0.0,0.025,0.975,40,1250,800,450,0.64,17,8,9,353.3159161977638,0.4449919871794872,0.19340869054609544,0.19223546494721774,128446.04768990923,1084.0440982212158,129530.09178813045,748,2,187.675,34,6,19,37.623556468976325,0.6087622549019608,46.57738095238095,1013.6904761904757,29.81442577030811,8
1190,4,3,0,42,0.07142857142857142,0.0,1.0,42,750,300,450,0.4,12,3,9,336.4283495338105,0.44825542005420055,0.22541399029731446,0.18670391981393078,129230.80800165031,297.595916420832,129528.40391807114,749,0,179.61904761904762,35,7,22,37.25253746917093,0.6145833333333333,45.804398148148145,1016.7824074074069,29.050925925925913,0
1191,4,2,0,44,0.045454545454545456,0.0,1.0,44,1350,1000,350,0.7407407407407407,17,10,7,321.38776148659844,0.4488306025369979,0.23339019835954966,0.18167688717713537,129954.95158366024,-446.8138032856388,129508.1377803746,750,0,172.4090909090909,37,7,18,36.900809226798586,0.6179617117117118,45.09320175438596,1019.6271929824552,27.557491702228518,0
1192,4,0,0,44,0.0,0.0,1.0,44,1600,1100,500,0.6875,21,11,10,320.50506339365336,0.44775149753347426,0.23038755826566226,0.18169766025296505,130066.77685682141,-462.5878876192565,129604.18896920215,751,1,173.4090909090909,37,7,18,36.810146368554946,0.6190878378378378,44.98355263157895,1020.0657894736848,27.569345661450942,0
1193,4,0,0,44,0.0,0.0,1.0,44,1600,900,700,0.5625,23,9,14,319.67117090941946,0.44717891120507397,0.22292140498463087,0.18188318616424592,130208.06081753618,-475.24734732264886,129732.81347021354,752,2,174.4090909090909,38,6,18,36.688518440978385,0.6186951754385965,44.84508547008548,1020.6196581196598,26.85841205578052,0
1194,4,0,0,44,0.0,0.0,1.0,44,1450,900,550,0.6206896551724138,20,9,11,322.1701331374134,0.4466283474277661,0.22159395956775985,0.18395894849225813,130346.55044100108,-401.2354838097894,129945.31495719128,753,3,175.4090909090909,37,7,19,36.48473012634668,0.6219031531531531,44.709429824561404,1021.1622807017543,27.598980559506874,0
1195,4,0,2,42,0.0,0.045454545454545456,0.9545454545454546,44,1200,600,600,0.5,18,6,12,323.11466945748725,0.44625396405919665,0.22342101925122226,0.18503130764200415,130458.54403518388,-369.3861332333074,130089.15790195057,754,4,176.4090909090909,37,7,20,36.34742495796214,0.6230292792792793,44.59978070175438,1021.6008771929822,27.61083451872925,0
1196,4,0,0,42,0.0,0.0,1.0,42,1400,1100,300,0.7857142857142857,17,11,6,329.8491362272329,0.4460172280294232,0.229635520838255,0.18877359714304315,130435.08193582114,204.77982205180527,130639.86175787295,755,5,181.6904761904762,36,6,20,36.1991511409988,0.6247106481481481,44.62274774774776,1021.5090090090105,28.37525025025029,0
1197,4,0,0,42,0.0,0.0,1.0,42,950,400,550,0.42105263157894735,15,4,11,329.49357495370253,0.4463801780874952,0.22898657975258874,0.1888499813995545,130492.60567577736,199.29502982715277,130691.90070560451,756,6,182.6904761904762,36,6,16,36.15006980418092,0.6252893518518519,44.566441441441455,1021.734234234236,28.381506506506557,0
1198,4,0,0,42,0.0,0.0,1.0,42,950,700,250,0.7368421052631579,12,7,5,330.53246884159523,0.44573896631823456,0.22413051573752107,0.1902919647820447,130665.25298524887,237.82173220519041,130903.07471745406,757,7,183.6904761904762,36,6,17,35.94903073025663,0.627025462962963,44.39752252252253,1022.4099099099108,28.4002752752753,0
1199,4,0,0,42,0.0,0.0,1.0,42,900,600,300,0.6666666666666666,12,6,6,332.1453905787607,0.445448606271777,0.22710400905930972,0.19179126399408045,130780.41459956586,287.6223774450206,131068.03697701088,758,8,184.6904761904762,36,6,17,35.79145106242431,0.6281828703703703,44.28490990990991,1022.860360360361,28.412787787787806,0
1200,4,0,0,42,0.0,0.0,1.0,42,1050,800,250,0.7619047619047619,13,8,5,328.3027526641121,0.44506145954316684,0.22658481242172246,0.19013939537659574,130895.6269402849,194.67892723805093,131090.30586752295,759,9,185.6904761904762,36,6,17,35.77340339679397,0.6293402777777778,44.1722972972973,1023.310810810811,28.425300300300304,0
1201,4,0,1,41,0.0,0.023809523809523808,0.9761904761904762,42,1400,1000,400,0.7142857142857143,18,10,8,335.0913529263672,0.4446501161440186,0.23310296081049264,0.1952374026178931,131126.20380092936,387.8514071503995,131514.05520807975,760,10,186.6904761904762,36,6,19,35.366959868059375,0.6316550925925926,43.947072072072075,1024.211711711712,28.450325325325334,0
1202,4,0,0,41,0.0,0.0,1.0,41,1150,700,450,0.6086956521739131,16,7,9,342.2642891478014,0.4438770325203252,0.24317470118643336,0.19923384410393075,131090.963648834,773.5510973936883,131864.51474622768,761,11,191.97560975609755,35,6,19,35.21888185654007,0.6333333333333333,43.98148148148148,1024.074074074074,29.259259259259256,0
1203,4,0,0,41,0.0,0.0,1.0,41,1300,900,400,0.6923076923076923,17,9,8,341.7406366561313,0.4429623983739837,0.24383631093428004,0.19954407095514992,131209.51753257882,767.9248113854594,131977.44234396427,762,12,192.97560975609755,35,6,19,35.11259225787017,0.6345238095238095,43.86574074074074,1024.5370370370367,29.272486772486765,0
1204,4,0,0,41,0.0,0.0,1.0,41,1250,800,450,0.64,17,8,9,343.90528080603366,0.44247967479674793,0.1696679103327059,0.18760626008108455,128550.50131492436,641.8392504930895,129192.34056541746,763,13,193.97560975609755,38,3,12,37.75547829751369,0.6019736842105263,46.47435897435897,1014.1025641025639,26.686909581646418,8
1205,4,1,0,42,0.023809523809523808,0.0,1.0,42,1200,800,400,0.6666666666666666,16,8,8,336.85953613744806,0.44311362756484707,0.16970576451389152,0.1850638691767513,128830.99500868049,279.5898437499955,129110.58485243049,764,0,190.33333333333334,39,3,13,37.648351460428216,0.6030982905982907,46.197916666666664,1015.2083333333328,26.030982905982892,0
1206,4,0,2,40,0.0,0.047619047619047616,0.9523809523809523,42,1300,1200,100,0.9230769230769231,14,12,2,355.6520788047996,0.44310152922957796,0.1436130802194724,0.19668387055763115,129092.79348381916,790.3342284977982,129883.12771231696,765,1,191.33333333333334,38,4,16,36.90448030557892,0.6074561403508771,45.940170940170944,1016.2393162393166,26.74313990103465,8
1207,4,1,1,40,0.024390243902439025,0.024390243902439025,0.975609756097561,41,950,600,350,0.631578947368421,13,6,7,390.78008292532877,0.4436991869918699,0.1838598861806775,0.20544063901529472,127063.62771132622,1749.9743897537114,128813.60210107993,766,0,194.8780487804878,36,5,18,38.09500539856287,0.5905671296296297,47.94481981981982,1008.2207207207209,28.006131131131138,8
1208,4,1,0,41,0.024390243902439025,0.0,1.0,41,1500,1100,400,0.7333333333333333,19,11,8,389.46207006399374,0.4426067073170732,0.20813604423002796,0.20696991616190083,127500.8104531037,1731.349085180669,129232.15953828437,767,0,194.58536585365854,35,6,16,37.678107571243046,0.5970238095238095,47.51157407407408,1009.9537037037047,28.855820105820136,0
1209,4,0,0,41,0.0,0.0,1.0,41,1450,800,650,0.5517241379310345,21,8,13,391.9263196281839,0.44159044715447154,0.21647122766492255,0.20925274947429828,127688.85598013572,1808.9246763655756,129497.7806565013,768,1,195.58536585365854,36,5,16,37.42246982358403,0.5969328703703703,47.32545045045046,1010.6981981981996,28.07494994994999,0
1210,4,2,1,42,0.046511627906976744,0.023255813953488372,0.9767441860465116,43,700,300,400,0.42857142857142855,11,3,8,375.7895984690679,0.44603636028054633,0.21112068140491913,0.20292638317329678,128144.53125000012,1031.076388888903,129175.60763888902,769,0,187.4418604651163,38,5,18,37.362825788751735,0.5978618421052632,46.87500000000001,1012.5000000000009,26.64473684210529,0
1211,4,0,1,41,0.0,0.023809523809523808,0.9761904761904762,42,1150,900,250,0.782608695652174,14,9,5,372.72084897959206,0.44658584978706933,0.19627210884353774,0.2015641179586791,128203.13169795946,1156.7960176611723,129359.92771562062,770,1,188.52380952380952,35,7,18,37.38047619047619,0.6041666666666667,46.817129629629626,1012.7314814814808,28.935185185185166,0
1212,4,1,0,42,0.023809523809523808,0.0,1.0,42,1300,1000,300,0.7692307692307693,16,10,6,369.51670110299597,0.44675522648083626,0.2034740175630596,0.20183365232472328,128601.01814229775,1104.0447964856821,129705.06293878343,771,0,188.71428571428572,36,6,15,37.054513156433906,0.6061921296296297,46.42454954954955,1014.3018018018022,28.17505005005006,0
1213,4,1,2,41,0.023255813953488372,0.046511627906976744,0.9534883720930233,43,1600,1200,400,0.75,20,12,8,380.50586781686536,0.44864341085271314,0.19351127984734773,0.19794289236348347,126634.58256857678,1092.2813990392206,127726.863967616,772,0,185.30232558139534,38,5,16,38.79608498743941,0.5825109649122807,48.37072649572649,1006.5170940170926,26.48729194781823,8
1214,4,4,5,40,0.08888888888888889,0.1111111111111111,0.8888888888888888,45,1900,1500,400,0.7894736842105263,23,15,8,364.9666168072923,0.4543560606060606,0.1925681406597437,0.19375609985377296,127459.90125868065,305.37115082137575,127765.27240950202,773,0,175.84444444444443,39,6,13,38.338577126745044,0.5892094017094017,47.552083333333336,1009.7916666666674,25.892094017094035,0
1215,4,1,0,41,0.024390243902439025,0.0,1.0,41,1850,1600,250,0.8648648648648649,21,16,5,387.00788229761366,0.4459095528455284,0.21184032099269978,0.2029086963033295,126953.84787867419,1626.4279634118184,128580.275842086,774,0,193.8780487804878,37,4,18,38.30320875494142,0.5875563063063063,48.05372807017544,1007.7850877192982,27.237434803224275,0
1216,4,3,3,41,0.06818181818181818,0.06818181818181818,0.9318181818181819,44,1000,800,200,0.8,12,8,4,362.29462768909724,0.44986566243833687,0.20494837053278614,0.19334337061824095,127670.36132812499,450.93234817443783,128121.29367629942,775,0,181.5909090909091,39,5,15,38.19014979729266,0.5913461538461539,47.34375,1010.6249999999999,25.913461538461537,0
1217,4,2,1,42,0.046511627906976744,0.023255813953488372,0.9767441860465116,43,1300,1100,200,0.8461538461538461,15,11,4,363.5127931876623,0.45157345884090067,0.22806604120947926,0.19589989776222475,128063.41428336618,710.5378862590375,128773.95216962522,776,0,182.51162790697674,38,5,17,37.75662339033144,0.5970394736842105,46.955128205128204,1012.179487179487,26.636302294197026,0
1218,4,1,0,43,0.023255813953488372,0.0,1.0,43,1500,900,600,0.6,21,9,12,363.8776373523682,0.45332687338501293,0.23193656780842797,0.19750457005703595,128349.69142500455,740.7935404783399,129090.48496548289,777,0,183.4418604651163,35,8,21,37.45443080144678,0.6056547619047619,46.67245370370372,1013.3101851851874,28.95171957671964,0
1219,4,1,0,44,0.022727272727272728,0.0,1.0,44,1200,900,300,0.75,15,9,6,355.8320541337522,0.4539948907681466,0.23135702681157166,0.1946381891737084,128658.1360710375,356.1377678354302,129014.27383887293,778,0,180.25,36,8,15,37.34321234321234,0.6067708333333333,46.368243243243256,1014.527027027029,28.18130630630636,0
1220,4,0,3,41,0.0,0.06818181818181818,0.9318181818181819,44,1500,1000,500,0.6666666666666666,20,10,10,356.37335622221497,0.4537856765327695,0.2263891615943452,0.19596302129558865,128867.17547706993,384.96556632811087,129252.14104339805,779,1,181.25,37,7,16,37.116180705543556,0.6069819819819819,46.16228070175439,1015.3508771929829,27.44191559981035,0
1221,4,1,2,40,0.023809523809523808,0.047619047619047616,0.9523809523809523,42,1350,900,450,0.6666666666666666,18,9,9,372.16855299468665,0.45011856368563685,0.2503012146276338,0.20485614077637299,128907.38195516137,1195.0547625171719,130102.43671767855,780,0,189.35714285714286,35,7,17,36.67416989590456,0.6113095238095239,46.1226851851852,1015.5092592592608,29.01455026455031,0
1222,4,1,0,41,0.024390243902439025,0.0,1.0,41,1400,1200,200,0.8571428571428571,16,12,4,377.01459839053626,0.44964430894308943,0.2570684236564498,0.20732156735479587,128868.76594387759,1517.081207483006,130385.84715136059,781,0,194.70731707317074,34,7,18,36.59060264978311,0.6130514705882353,46.16071428571429,1015.3571428571431,29.86344537815127,0
1223,4,1,0,42,0.023809523809523808,0.0,1.0,42,1500,1300,200,0.8666666666666667,17,13,4,369.87467600512383,0.4512921022067364,0.25495445858227583,0.20527425998759274,129232.53864198856,1160.8260982088805,130393.36474019744,782,0,191.04761904761904,33,9,19,36.40058153549475,0.6190025252525253,45.80269607843137,1016.7892156862738,30.81179441473557,0
1224,4,1,0,43,0.023255813953488372,0.0,1.0,43,1100,900,200,0.8181818181818182,13,9,4,360.5447737604586,0.4514811738648948,0.25078530186867876,0.20163625640455737,129534.44054705223,740.5931122449099,130275.03365929714,783,0,187.58139534883722,34,9,15,36.330302498733104,0.6197916666666667,45.50595238095239,1017.976190476191,29.940476190476208,0
1225,4,1,0,44,0.022727272727272728,0.0,1.0,44,1650,1400,250,0.8484848484848485,19,14,5,354.1135038455201,0.45110993657505283,0.2524200456145065,0.20008889386627224,129937.87140185609,402.5509848679671,130340.42238672405,784,0,184.29545454545453,35,9,17,36.08395296477089,0.6217261904761905,45.1099537037037,1019.5601851851848,29.130291005290992,0
1226,4,0,2,42,0.0,0.045454545454545456,0.9545454545454546,44,950,700,250,0.7368421052631579,12,7,5,353.7272395105437,0.4508676885130374,0.2525014699359416,0.20047576603256734,130055.90284475738,400.8630990654991,130456.76594382287,785,1,185.29545454545453,35,9,17,35.973963652180494,0.6229166666666667,44.99421296296296,1020.0231481481482,29.14351851851852,0
1227,4,0,0,42,0.0,0.0,1.0,42,750,500,250,0.6666666666666666,10,5,5,371.5687645785676,0.44818283004258613,0.27054607774402184,0.20892808720521552,129746.60572562349,1241.9571995464773,130988.56292516997,786,2,194.85714285714286,34,8,17,35.83367414504947,0.6219362745098039,45.297619047619044,1018.8095238095231,29.964985994397736,0
1228,4,2,0,44,0.045454545454545456,0.0,1.0,44,1850,1400,450,0.7567567567567568,23,14,9,359.6027573164786,0.45046027131782945,0.2724597060475371,0.2055317824795513,130384.14292800435,579.347363945556,130963.49029194991,787,0,186.95454545454547,34,10,19,35.490976026731936,0.6283700980392157,44.67261904761904,1021.3095238095224,30.03851540616242,0
1229,4,0,0,44,0.0,0.0,1.0,44,700,400,300,0.5714285714285714,10,4,6,358.9757173673256,0.4504382487667371,0.26912481457935966,0.20533411033411011,130414.5408163264,563.1306689342182,130977.67148526061,788,1,187.95454545454547,34,10,19,35.476155788655774,0.6286764705882353,44.64285714285713,1021.4285714285703,30.042016806722657,0
1230,4,0,1,43,0.0,0.022727272727272728,0.9772727272727273,44,1050,500,550,0.47619047619047616,16,5,11,359.7059853351792,0.4494472339675828,0.26670956450118455,0.20651520484457894,130558.13426997562,592.5084662208103,131150.64273619643,789,2,188.95454545454547,35,9,17,35.31191015477539,0.6279761904761905,44.502314814814795,1021.9907407407377,29.199735449735364,0
1231,4,0,1,42,0.0,0.023255813953488372,0.9767441860465116,43,1300,1000,300,0.7692307692307693,16,10,6,364.8994251310197,0.44963547434477663,0.26634071295349937,0.20917741071796336,130498.99798525347,923.8018689985954,131422.79985425208,790,3,192.41860465116278,35,8,17,35.23920102703519,0.6273809523809524,44.56018518518517,1021.7592592592569,29.193121693121626,0
1232,4,2,1,43,0.045454545454545456,0.022727272727272728,0.9772727272727273,44,1550,1100,450,0.7096774193548387,20,11,9,346.5924462031558,0.4504162262156448,0.2499708000778662,0.20181879348737342,131103.4404816864,287.8924284394899,131391.3329101259,791,0,183.45454545454547,37,7,19,35.09546752319771,0.6295045045045045,43.96929824561402,1024.1228070175418,27.67899478425789,0
1233,4,0,0,43,0.0,0.0,1.0,43,1450,1000,450,0.6896551724137931,19,10,9,358.0798636763677,0.44841269841269843,0.2552358833219084,0.20816253967682433,131039.71370018649,784.5365635905948,131824.2502637771,792,1,188.62790697674419,36,7,19,34.86581610206774,0.630787037037037,44.03153153153152,1023.8738738738724,28.4409409409409,0
1234,4,0,2,41,0.0,0.046511627906976744,0.9534883720930233,43,1000,700,300,0.7,13,7,6,362.48135492629876,0.4482511997046881,0.25690690952365536,0.21122509896235514,131131.51552641173,906.5458843105283,132038.06141072226,793,2,189.62790697674419,37,6,19,34.66025675338114,0.6297860360360361,43.94188596491227,1024.232456140349,27.68195827406349,0
1235,4,0,0,41,0.0,0.0,1.0,41,1300,800,500,0.6153846153846154,18,8,10,371.73121131163583,0.44578252032520327,0.2639483085608436,0.21638669458456258,131090.9636488339,1546.12054183812,132637.084190672,794,3,197.1219512195122,35,6,20,34.464474080771545,0.6333333333333333,43.981481481481474,1024.074074074073,29.259259259259228,0
1236,4,0,0,41,0.0,0.0,1.0,41,1400,1200,200,0.8571428571428571,16,12,4,370.3399995105961,0.4457317073170732,0.2662231909857229,0.21607642291814674,131179.87403817297,1516.2308974194061,132696.1049355924,795,4,198.1219512195122,35,6,21,34.41007136670055,0.6342261904761906,43.894675925925924,1024.421296296296,29.26917989417989,0
1237,4,0,0,41,0.0,0.0,1.0,41,1050,700,350,0.6666666666666666,14,7,7,366.7205954342252,0.4451473577235772,0.26046565447016756,0.21429554002502924,131239.1643759644,1425.6209008487544,132664.78527681317,796,5,199.1219512195122,35,6,21,34.44277363605556,0.6348214285714286,43.83680555555555,1024.652777777777,29.275793650793627,0
1238,4,0,0,41,0.0,0.0,1.0,41,1400,900,500,0.6428571428571429,19,9,10,367.57167338052875,0.4448170731707317,0.2591580253277852,0.21546355884817797,131358.63272392296,1456.7726294800332,132815.40535340298,797,6,200.1219512195122,34,7,21,34.3001200015484,0.6381740196078431,43.720238095238095,1025.119047619048,30.150560224089645,0
1239,4,0,0,41,0.0,0.0,1.0,41,900,800,100,0.8888888888888888,10,8,2,366.9668091855538,0.44494410569105686,0.2567659420207762,0.21528052865844632,131389.14399092985,1443.0909863945715,132832.23497732444,798,7,201.1219512195122,34,7,21,34.284767378851214,0.6384803921568627,43.6904761904762,1025.2380952380963,30.15406162464989,0
1240,4,0,0,41,0.0,0.0,1.0,41,750,300,450,0.4,12,3,9,363.86864442324645,0.44377540650406505,0.2548012616212827,0.2141171266187789,131506.13667052472,1370.1919367284042,132876.32860725312,799,8,202.1219512195122,35,6,21,34.24593771157753,0.6375,43.57638888888889,1025.6944444444448,29.305555555555564,0
1241,4,0,1,40,0.0,0.024390243902439025,0.975609756097561,41,1500,900,600,0.6,21,9,12,359.5723292090949,0.4434451219512195,0.2452886233869107,0.21257916102841684,131684.26890432095,1270.0038580246942,132954.27276234564,800,9,203.1219512195122,35,6,18,34.176251691474974,0.6392857142857142,43.40277777777778,1026.3888888888887,29.32539682539682,0
1242,4,0,2,38,0.0,0.05,0.95,40,1400,900,500,0.6428571428571429,19,9,10,360.92271047791684,0.4424011752136752,0.23678128523111663,0.21371057689847275,131743.6731074245,1509.8567172496514,133253.52982467413,801,10,200.775,35,5,18,34.081642239759496,0.6398809523809523,43.344907407407405,1026.6203703703698,29.332010582010565,0
1243,4,0,0,38,0.0,0.0,1.0,38,950,600,350,0.631578947368421,13,6,7,375.57478996169584,0.44198968705547653,0.23851394667705805,0.22179571869811288,131642.34459102261,2288.3091839676945,133930.65377499032,802,11,206.76315789473685,33,5,18,33.80801687763714,0.6433080808080809,43.44362745098039,1026.2254901960778,31.09774212715387,0
1244,4,0,1,37,0.0,0.02631578947368421,0.9736842105263158,38,950,600,350,0.631578947368421,13,6,7,374.89385867546713,0.44114509246088196,0.23405879507171878,0.22194246318900251,131736.68368235766,2277.4547349576947,134014.13841731535,803,12,207.76315789473685,33,5,19,33.73012912339341,0.6442550505050505,43.3517156862745,1026.5931372549012,31.108882947118218,0
1245,4,0,0,37,0.0,0.0,1.0,37,900,700,200,0.7777777777777778,11,7,4,376.7442803415354,0.4395958458458458,0.220243851376275,0.22349097243017527,131813.89534550032,2532.0262281909822,134345.9215736913,775,13,192.67567567567568,32,5,19,33.60460469691381,0.6474609375,43.27651515151514,1026.8939393939381,32.090435606060566,0
1246,4,0,0,37,0.0,0.0,1.0,37,1000,700,300,0.7,13,7,6,375.3448020814301,0.4390953453453454,0.21504026150043898,0.2232313822905345,131911.15702479324,2502.4334251606797,134413.59044995392,776,14,193.67567567567568,32,5,19,33.542281219272375,0.6484375,43.18181818181817,1027.2727272727261,32.10227272727269,0
1247,4,0,0,37,0.0,0.0,1.0,37,950,600,350,0.631578947368421,13,6,7,376.1155337085558,0.43865740740740744,0.2120847807748767,0.2240723435812755,131976.01807213537,2527.646094786224,134503.6641669216,777,15,194.67567567567568,32,5,19,33.456981649873015,0.6490885416666667,43.11868686868686,1027.5252525252513,32.1101641414141,0
1248,4,1,1,37,0.02631578947368421,0.02631578947368421,0.9736842105263158,38,1000,1000,0,1.0,10,10,0,362.50603273807843,0.43951517306780463,0.19881484549141915,0.2178565462393929,132306.1295351472,1992.354024943289,134298.48356009048,778,0,190.52631578947367,34,4,20,33.47387757463551,0.647671568627451,42.79761904761904,1028.8095238095223,30.259103641456537,0
1249,4,0,0,37,0.0,0.0,1.0,37,1100,700,400,0.6363636363636364,15,7,8,366.78486648761043,0.4387825325325325,0.1748154725567459,0.20070138199940019,128672.41753472213,2039.0509849773198,130711.46851969945,779,1,196.24324324324326,35,2,19,37.05082135523615,0.6089285714285715,46.354166666666664,1014.5833333333326,28.988095238095216,8
1250,4,1,0,38,0.02631578947368421,0.0,1.0,38,1200,800,400,0.6666666666666666,16,8,8,356.5618863613629,0.44015232337600757,0.1687152805389256,0.19689525858309828,129034.22807979376,1601.7375538627196,130635.96563365648,780,0,192.05263157894737,37,1,20,36.94105691056909,0.6086711711711712,45.997807017543856,1016.0087719298243,27.4596965386439,0
1251,4,0,0,38,0.0,0.0,1.0,38,1250,700,550,0.56,18,7,11,357.5871973525524,0.43987079184447603,0.16460773447563115,0.19844621154404127,129230.80800165034,1642.4729017255718,130873.28090337591,781,1,193.05263157894737,35,3,20,36.71468886359323,0.6145833333333333,45.804398148148145,1016.7824074074072,29.05092592592592,0
1252,4,1,0,39,0.02564102564102564,0.0,1.0,39,1100,800,300,0.7272727272727273,14,8,6,349.9469481577309,0.44275753486279806,0.16532534780709973,0.19604834604970267,129602.41280131479,1270.7937667397052,130873.20656805449,782,0,189.07692307692307,36,3,19,36.53091130280913,0.6163194444444444,45.439189189189186,1018.2432432432429,28.284534534534526,0
1253,4,0,1,38,0.0,0.02564102564102564,0.9743589743589743,39,800,400,400,0.5,12,4,8,348.4458798999477,0.4424201529464687,0.1643248392474399,0.1954928373334444,129659.75265806334,1235.881320509682,130895.63397857302,783,1,190.07692307692307,36,3,19,36.51085434173669,0.6168981481481481,45.382882882882875,1018.4684684684674,28.290790790790762,0
1254,4,0,0,38,0.0,0.0,1.0,38,950,600,350,0.631578947368421,13,6,7,353.4193985471789,0.44283428165007116,0.17473899472607912,0.19864607573513862,129731.44531250013,1569.9218750000155,131301.36718750015,784,2,194.89473684210526,35,3,20,36.311349693251536,0.6196428571428572,45.31250000000001,1018.750000000001,29.107142857142886,0
1255,4,1,0,39,0.02564102564102564,0.0,1.0,39,1100,800,300,0.7272727272727273,14,8,6,343.36215023286604,0.44441632928475033,0.16713101386246287,0.1943429770318022,130004.05811216628,1127.694586478382,131131.75269864468,785,0,190.87179487179486,36,3,21,36.290856890459374,0.6203703703703703,45.04504504504505,1019.8198198198203,28.32832832832834,0
1256,4,0,0,39,0.0,0.0,1.0,39,1150,700,450,0.6086956521739131,16,7,9,348.23785331239384,0.4432917228969861,0.1709628045278484,0.19812176174326626,130205.11379200181,1268.46986344456,131473.58365544636,786,1,191.87179487179486,36,3,21,35.96261355695318,0.6223958333333333,44.84797297297299,1020.608108108111,28.350225225225305,0
1257,4,0,0,39,0.0,0.0,1.0,39,1150,800,350,0.6956521739130435,15,8,7,350.55223165371933,0.4427856500224921,0.17558174675128413,0.20034150855650393,130380.76560356663,1341.0663510106806,131721.8319545773,787,2,192.87179487179486,35,4,21,35.7254835297673,0.6261904761904762,44.67592592592593,1021.2962962962971,29.1798941798942,0
1258,4,0,0,39,0.0,0.0,1.0,39,1000,800,200,0.8,12,8,4,353.17900143371185,0.4428418803418803,0.17069422779176935,0.20230441568172441,130469.43486636227,1415.8129447445062,131885.24781110676,788,3,193.87179487179486,35,4,21,35.5685444280805,0.6270833333333333,44.58912037037037,1021.6435185185182,29.189814814814806,0
1259,4,2,2,39,0.04878048780487805,0.04878048780487805,0.9512195121951219,41,1000,700,300,0.7,13,7,6,351.8825330404073,0.44519817073170737,0.2041920985687693,0.19165144857609143,128486.82032962042,870.7524390084163,129357.57276862883,789,0,185.3658536585366,36,5,11,37.618247621163306,0.6050347222222222,46.537162162162176,1013.8513513513535,28.1625375375376,8
1260,4,1,0,40,0.025,0.0,1.0,40,1300,900,400,0.6923076923076923,17,9,8,353.58322851231526,0.4407986111111111,0.21263256927813856,0.1939068999890243,128760.50407503887,1105.5109471450958,129866.01502218397,790,0,187.925,35,5,12,37.29580054738284,0.6098214285714285,46.26736111111113,1014.9305555555579,28.99801587301594,0
1261,4,1,2,39,0.024390243902439025,0.04878048780487805,0.9512195121951219,41,1500,900,600,0.6,21,9,12,345.42618308336574,0.44214939024390243,0.2068805194313721,0.19086224433320345,129058.31665702887,716.0243436003864,129774.34100062925,791,0,184.3170731707317,36,5,13,37.19937936384796,0.6108217592592593,45.974099099099114,1016.1036036036054,28.22510010010015,0
1262,4,1,0,40,0.025,0.0,1.0,40,500,300,200,0.6,7,3,4,355.74463635764334,0.44106570512820514,0.22838191755864212,0.19698293798819846,129142.56071030545,1188.354659636514,130330.91536994197,792,0,189.475,35,5,15,36.851419570333256,0.6136904761904762,45.89120370370372,1016.4351851851872,29.041005291005348,0
1263,4,2,2,40,0.047619047619047616,0.047619047619047616,0.9523809523809523,42,1150,800,350,0.6956521739130435,15,8,7,336.66884084362107,0.4450251645373597,0.21428571428571463,0.1888049159071397,129643.02722318674,329.3803315757931,129972.40755476254,793,0,181.4047619047619,35,7,13,36.82769348789635,0.61875,45.39930555555556,1018.4027777777778,29.097222222222225,0
1264,4,0,0,40,0.0,0.0,1.0,40,1550,1000,550,0.6451612903225806,21,10,11,356.0740138669733,0.4404246794871795,0.22362667148536342,0.1982408040985744,129357.17520004313,1212.1457191945249,130569.32091923765,794,2,191.475,33,7,17,36.62447797454123,0.6202651515151515,45.68014705882352,1017.279411764705,30.826648841354697,0
1265,4,0,0,40,0.0,0.0,1.0,40,1000,700,300,0.7,13,7,6,356.71179766976576,0.4401175213675214,0.2258913514815708,0.19875311035264404,129388.34372597079,1230.8697376009202,130619.21346357171,795,3,192.475,33,7,17,36.57652774431864,0.6205808080808081,45.64950980392157,1017.4019607843138,30.83036244800951,0
1266,4,1,0,41,0.024390243902439025,0.0,1.0,41,1000,500,500,0.5,15,5,10,346.8906015164875,0.44159044715447154,0.22529550760039618,0.19490104249353768,129716.28578514719,799.4720804988449,130515.75786564604,796,0,188.7560975609756,34,7,16,36.493027151260186,0.6216299019607843,45.32738095238094,1018.6904761904746,29.961484593837486,0
1267,4,0,2,39,0.0,0.04878048780487805,0.9512195121951219,41,1100,900,200,0.8181818181818182,13,9,4,345.9636212769674,0.44146341463414634,0.22640756781399585,0.1948321446138711,129807.2562358276,781.717687074822,130588.97392290243,797,1,189.7560975609756,34,7,16,36.42426012461059,0.6225490196078431,45.238095238095234,1019.0476190476186,29.971988795518193,0
1268,4,1,0,40,0.025,0.0,1.0,40,900,600,300,0.6666666666666666,12,6,6,351.4104096810219,0.43874198717948715,0.241187638742844,0.19774633112819628,129776.92920918363,1120.9927721088363,130897.92198129246,798,0,194.35,34,6,17,36.31630447482181,0.6222426470588236,45.26785714285714,1018.928571428571,29.96848739495797,0
1269,4,0,0,40,0.0,0.0,1.0,40,850,600,250,0.7058823529411765,11,6,5,350.96082002602947,0.4380876068376069,0.23705995911878208,0.19785921774322765,129849.3829839678,1114.40918638546,130963.79217035325,799,1,195.35,35,5,17,36.25416382769323,0.6208333333333333,45.19675925925926,1019.2129629629633,29.12037037037038,0
1270,4,1,0,41,0.024390243902439025,0.0,1.0,41,950,500,450,0.5263157894736842,14,5,9,343.1560019297396,0.43897357723577235,0.2337694502772838,0.19479908380222077,130118.92804967139,730.2182249817437,130849.14627465313,800,0,191.5609756097561,36,5,18,36.179635761589395,0.6215277777777778,44.932432432432435,1020.2702702702711,28.340840840840865,0
1271,4,0,0,41,0.0,0.0,1.0,41,1250,1000,250,0.8,15,10,5,343.1054121881266,0.43866869918699186,0.223505187477248,0.19564308609876152,130292.97052154191,741.0031912083025,131033.97371275022,801,1,192.5609756097561,34,7,18,36.00454757462686,0.6274509803921569,44.76190476190476,1020.9523809523806,30.028011204481782,0
1272,4,0,0,41,0.0,0.0,1.0,41,1200,600,600,0.5,18,6,12,342.89570437174154,0.4390752032520325,0.22234261327200744,0.1959657833792904,130380.76560356638,741.4008916323539,131122.16649519873,802,2,193.5609756097561,35,6,19,35.920973103656685,0.6261904761904762,44.67592592592592,1021.2962962962952,29.17989417989415,0
1273,4,1,0,42,0.023809523809523808,0.0,1.0,42,1200,900,300,0.75,15,9,6,332.6858188210086,0.44045199380565236,0.2238871322122069,0.19181713782308424,130722.8274516069,297.92617786704574,131020.75362947395,803,0,189.92857142857142,36,6,15,35.835811034027095,0.6276041666666667,44.34121621621621,1022.6351351351342,28.406531531531506,0
1274,4,0,0,42,0.0,0.0,1.0,42,1250,600,650,0.48,19,6,13,332.8954904892912,0.4401374370886566,0.22865791335796803,0.1925114914764615,130838.01442912497,311.0769976056973,131149.09142673068,804,1,190.92857142857142,36,6,15,35.71408915795267,0.6287615740740741,44.228603603603595,1023.0855855855848,28.41904404404402,0
1275,4,0,1,41,0.0,0.023809523809523808,0.9761904761904762,42,1650,1300,350,0.7878787878787878,20,13,7,336.8818794978215,0.4398833720480062,0.23210357614229205,0.19583951716075412,131039.71370018672,428.98100803506895,131468.6947082218,805,2,191.92857142857142,36,6,16,35.40841765654789,0.630787037037037,44.031531531531535,1023.8738738738742,28.44094094094095,0
1276,4,0,1,40,0.0,0.024390243902439025,0.975609756097561,41,1050,800,250,0.7619047619047619,13,8,5,369.8751544028624,0.43841463414634146,0.22932368487734167,0.20223424888684916,128641.33536380249,1385.0349276729378,130026.37029147542,806,3,197.4878048780488,33,8,16,37.00420794072642,0.6130050505050505,46.38480392156863,1014.4607843137262,30.741235888294735,8
1277,4,1,1,40,0.024390243902439025,0.024390243902439025,0.975609756097561,41,1500,1100,400,0.7333333333333333,19,11,8,370.8338635893571,0.43765243902439027,0.2533132082375673,0.204389827141111,128959.43877551032,1364.5053854875387,130323.94416099787,807,0,198.21951219512195,34,7,17,36.65489724957024,0.6139705882352942,46.07142857142858,1015.7142857142867,29.87394957983196,0
1278,4,0,2,38,0.0,0.05,0.95,40,850,400,450,0.47058823529411764,13,4,9,373.26003541697867,0.4360977564102564,0.26079010856453544,0.2060136946475869,129014.56921616697,1631.1965349865552,130645.76575115352,808,1,204.075,33,7,18,36.536992360273416,0.6167929292929293,46.017156862745104,1015.9313725490206,30.78579916815214,0
1279,4,1,0,39,0.02564102564102564,0.0,1.0,39,1350,1000,350,0.7407407407407407,17,10,7,383.4999179911677,0.43839968511021143,0.28326259154578226,0.21320411810882633,129300.69181654182,2117.496105928863,131418.18792247068,809,0,203.30769230769232,31,8,20,35.98464238467119,0.6246639784946236,45.73567708333333,1017.0572916666661,32.80829973118278,0
1280,4,1,0,40,0.025,0.0,1.0,40,1350,800,550,0.5925925925925926,19,8,11,374.7567858033731,0.440625,0.28332197298302186,0.2107256100799592,129747.52456700832,1724.753054535232,131472.27762154356,810,0,199.2,32,8,18,35.7515388110877,0.6266276041666667,45.29671717171716,1018.81313131313,31.837910353535314,0
1281,4,1,1,40,0.024390243902439025,0.024390243902439025,0.975609756097561,41,1050,800,250,0.7619047619047619,13,8,5,369.1931058444742,0.44108231707317075,0.2937626482731994,0.21070322138068195,130327.04132550256,1424.1893365472984,131751.23066204987,811,0,195.3170731707317,32,9,19,35.30408886690572,0.6324869791666667,44.72853535353536,1021.0858585858591,31.908933080808097,0
1282,4,0,0,40,0.0,0.0,1.0,40,900,400,500,0.4444444444444444,14,4,10,372.42248181111177,0.4393028846153846,0.2775027808676309,0.2132533828969359,130455.99819214873,1716.9493227731864,132172.94751492192,736,1,180.925,32,8,19,35.09068718329008,0.6337890625,44.60227272727273,1021.5909090909089,31.924715909090903,0
1283,4,0,1,39,0.0,0.025,0.975,40,1300,600,700,0.46153846153846156,20,6,14,371.92972161654444,0.4390224358974359,0.27087552482094335,0.21421670594955744,130681.82615294354,1720.8910442811905,132402.71719722473,737,2,181.925,32,8,18,34.8740944266074,0.6360677083333333,44.38131313131313,1022.4747474747472,31.95233585858585,0
1284,4,0,0,39,0.0,0.0,1.0,39,1400,800,600,0.5714285714285714,20,8,12,371.94275499811414,0.43839968511021143,0.2641522572395303,0.2147618145573574,130778.66934815334,1928.4357144679223,132707.10506262127,738,3,184.28205128205127,32,7,18,34.77554211414228,0.6370442708333333,44.286616161616166,1022.8535353535361,31.964172979798004,0
1285,4,1,0,40,0.025,0.0,1.0,40,1500,1200,300,0.8,18,12,6,363.0253731080911,0.43755341880341886,0.2643993778415892,0.21158759194124313,131139.77346453292,1521.4130382545259,132661.18650278743,739,0,180.65,33,7,20,34.63797160405201,0.6382575757575757,43.93382352941177,1024.2647058823534,31.038324420677377,0
1286,4,0,0,40,0.0,0.0,1.0,40,1550,1300,250,0.8387096774193549,18,13,5,362.7997146340291,0.4372195512820513,0.2709169848503512,0.2126765980587496,131360.4817907611,1531.6442259352027,132892.1260166963,740,1,181.65,32,8,21,34.4205464548179,0.6429036458333333,43.71843434343434,1025.1262626262624,32.0351957070707,0
1287,4,0,0,40,0.0,0.0,1.0,40,850,500,350,0.5882352941176471,12,5,7,357.5192209966768,0.43664529914529915,0.2643164435946468,0.21009275570928324,131453.7677816225,1399.449730872751,132853.21751249526,741,2,182.65,33,7,21,34.461639579349914,0.6414141414141414,43.62745098039216,1025.4901960784318,31.075460487225207,0
1288,4,0,0,40,0.0,0.0,1.0,40,850,500,350,0.5882352941176471,12,5,7,357.61710194083116,0.43672542735042735,0.26196846631629267,0.21084298432736895,131579.47063629376,1411.0137927720164,132990.48442906578,742,3,183.65,33,7,18,34.33219859850295,0.6426767676767677,43.504901960784316,1025.980392156863,31.090314913844335,0
1289,4,0,0,40,0.0,0.0,1.0,40,1550,900,650,0.5806451612903226,22,9,13,358.287551984671,0.43653846153846154,0.26200167104320893,0.21228664148002627,131768.13755526708,1442.1766868511945,133210.31424211827,743,4,184.65,33,7,18,34.12459218588367,0.6445707070707071,43.32107843137254,1026.7156862745087,31.112596553772992,0
1290,4,0,1,39,0.0,0.025,0.975,40,1450,1300,150,0.896551724137931,16,13,3,358.78991936912047,0.4367654914529915,0.25993379458427834,0.21346599674033603,131925.46323829767,1466.7052636005303,133392.1685018982,744,5,185.65,33,7,18,33.95301503041871,0.6461489898989898,43.16789215686274,1027.3284313725483,31.131164587046918,0
1291,4,0,0,39,0.0,0.0,1.0,39,1050,800,250,0.7619047619047619,13,8,5,368.03238527476367,0.43592555105713,0.26284651631916534,0.2186956504171076,131878.73247946642,1907.128896286097,133785.86137575252,745,6,189.71794871794873,32,7,19,33.762804753124364,0.6481119791666667,43.21338383838384,1027.146464646465,32.09832702020203,0
1292,4,0,0,39,0.0,0.0,1.0,39,850,600,250,0.7058823529411765,11,6,5,367.8938169126198,0.43595366621682413,0.2646400867093919,0.2191742226965519,131976.01807213548,1910.6322058973633,133886.65027803284,746,7,190.71794871794873,32,7,19,33.668182190546425,0.6490885416666667,43.11868686868687,1027.5252525252524,32.11016414141414,0
1293,4,0,0,39,0.0,0.0,1.0,39,1050,700,350,0.6666666666666666,14,7,7,370.9492748953422,0.4357849752586595,0.2674717085723102,0.2215625859811433,132073.33953486898,1998.501906693202,134071.8414415622,747,8,191.71794871794873,32,7,19,33.491483437743106,0.6500651041666667,43.0239898989899,1027.904040404041,32.122001262626284,0
1294,4,1,0,40,0.025,0.0,1.0,40,1050,500,550,0.47619047619047616,16,5,11,360.7702604052165,0.43764690170940174,0.2540758604263429,0.21716042126326915,132366.4745080018,1550.7774954344545,133917.25200343624,748,0,187.9,33,7,22,33.45775773093566,0.6505681818181819,42.7389705882353,1029.0441176470592,31.183155080213915,0
1295,4,0,0,40,0.0,0.0,1.0,40,1350,800,550,0.5925925925925926,19,8,11,360.86258872217195,0.437366452991453,0.2531770585435511,0.21849345789777647,132587.25610342194,1569.156093810101,134156.41219723204,749,1,188.9,33,7,24,33.23318261145487,0.6527777777777778,42.52450980392158,1029.9019607843152,31.20915032679743,0
1296,4,0,0,40,0.0,0.0,1.0,40,1100,800,300,0.7272727272727273,14,8,6,358.2209775294428,0.4375267094017094,0.25306850618458654,0.21762442045285824,132713.49961553264,1508.1519127258975,134221.65152825855,750,2,189.9,33,7,17,33.17425864256265,0.654040404040404,42.40196078431374,1030.3921568627463,31.224004753416555,0
1297,4,0,1,39,0.0,0.025,0.975,40,1150,700,450,0.6086956521739131,16,7,9,354.91353506494113,0.4372996794871795,0.2543009154678395,0.21616058967641003,132808.221672554,1427.087087898904,134235.3087604529,751,3,190.9,33,7,17,33.1642838742916,0.6549873737373737,42.31004901960785,1030.75980392157,31.23514557338091,0
1298,4,0,1,38,0.0,0.02564102564102564,0.9743589743589743,39,1100,700,400,0.6363636363636364,15,7,8,359.6591771602883,0.4365721997300945,0.24901286926001753,0.2199775897515253,132966.16685890048,1764.5004325259515,134730.66729142645,752,4,184.64102564102564,33,6,17,32.88329768694548,0.6565656565656566,42.15686274509804,1031.3725490196082,31.253713606654795,0
1299,4,0,0,38,0.0,0.0,1.0,38,900,500,400,0.5555555555555556,13,5,8,368.49444561714733,0.4342549786628734,0.2626358327854905,0.2248972827286716,132885.746671258,2193.5319100091833,135079.2785812672,753,14,190.39473684210526,32,6,17,32.7363458241489,0.658203125,42.234848484848484,1031.060606060606,32.22064393939394,0
1300,4,0,0,38,0.0,0.0,1.0,38,800,700,100,0.875,9,7,2,367.92460029431226,0.4342253437648174,0.2613180127986183,0.2247449671356507,132918.2947690287,2180.782094939297,135099.076863968,754,15,191.39473684210526,32,6,17,32.718307416023826,0.6585286458333333,42.20328282828283,1031.186868686869,32.22458964646466,0
1301,4,0,0,38,0.0,0.0,1.0,38,1350,900,450,0.6666666666666666,18,9,9,369.0922247407821,0.43385490753911804,0.26161824389615407,0.2260482365916184,133015.96297571674,2219.031540148957,135234.9945158657,755,16,192.39473684210526,32,6,18,32.59001427988575,0.6595052083333333,42.108585858585855,1031.5656565656564,32.23642676767676,0
1302,4,0,1,37,0.0,0.02631578947368421,0.9736842105263158,38,950,700,250,0.7368421052631579,12,7,5,368.5141700142961,0.43382527264106213,0.2621725017389287,0.22608842322498715,133081.09504132232,2208.453856749315,135289.54889807163,756,17,193.39473684210526,32,6,18,32.53946402349487,0.66015625,42.04545454545455,1031.818181818182,32.24431818181819,0
1303,4,0,0,37,0.0,0.0,1.0,37,1000,700,300,0.7,13,7,6,372.8355481182211,0.4321196196196196,0.26507420754929223,0.2292837385518337,133169.65950859908,2530.076599121074,135699.73610772015,757,18,197.72972972972974,31,6,21,32.338973340061386,0.6636424731182795,41.95963541666666,1032.1614583333326,33.29553091397847,0
1304,4,0,0,37,0.0,0.0,1.0,37,1450,1100,350,0.7586206896551724,18,11,7,371.6753051792215,0.43177552552552556,0.2671752342580944,0.22898317752649947,133236.86599731448,2504.1705661349824,135741.03656344945,758,19,198.72972972972974,31,6,21,32.30138836339175,0.6643145161290323,41.89453125,1032.4218750000002,33.30393145161291,0
1305,4,0,1,36,0.0,0.02702702702702703,0.972972972972973,37,900,700,200,0.7777777777777778,11,7,4,371.7765831163794,0.43108733733733734,0.26753042287022977,0.22945992845883292,133304.0894402397,2511.867777506501,135815.9572177462,759,20,199.72972972972974,31,6,21,32.23124973731771,0.664986559139785,41.82942708333333,1032.6822916666658,33.312331989247284,0
1306,4,0,0,36,0.0,0.0,1.0,36,1050,1000,50,0.9523809523809523,11,10,1,370.06018076151224,0.43027447089947085,0.24068705711004745,0.22902164385037707,133404.9563937716,2673.572455512143,136078.52884928376,760,21,191.83333333333334,31,5,21,32.17429207629611,0.665994623655914,41.73177083333333,1033.0729166666658,33.3249327956989,0
1307,4,0,0,36,0.0,0.0,1.0,36,950,600,350,0.631578947368421,13,6,7,370.7075962539023,0.42999338624338623,0.2443996415770613,0.2298387096774193,133472.22222222216,2695.833333333328,136168.05555555547,761,22,192.83333333333334,31,5,21,32.09005376344086,0.6666666666666667,41.666666666666664,1033.333333333333,33.33333333333332,0
1308,4,0,1,35,0.0,0.027777777777777776,0.9722222222222222,36,700,500,200,0.7142857142857143,9,5,4,370.2025759775203,0.4299107142857143,0.2455832738370225,0.229733998868927,133505.86149427615,2684.842766655806,136190.70426093196,762,23,193.83333333333334,31,5,22,32.069342950737074,0.667002688172043,41.63411458333333,1033.4635416666658,33.33753360215051,0
1309,4,0,0,35,0.0,0.0,1.0,35,950,700,250,0.7368421052631579,12,7,5,370.13665780490464,0.4295168067226891,0.2248501970381298,0.23011080080760649,133573.15275404177,2888.0640665689916,136461.21682061077,763,24,184.22857142857143,31,4,22,32.003532140907744,0.6676747311827957,41.56901041666666,1033.7239583333323,33.345934139784916,0
1310,4,0,0,35,0.0,0.0,1.0,35,1000,700,300,0.7,13,7,6,369.95118903827307,0.4281512605042017,0.22080276219249062,0.23104498787107225,133741.45507812488,2895.5620659722085,136637.0171440971,764,25,185.22857142857143,31,4,19,31.839543470963413,0.6693548387096775,41.40624999999999,1034.374999999999,33.36693548387094,0
1311,4,0,2,33,0.0,0.05714285714285714,0.9428571428571428,35,1050,800,250,0.7619047619047619,13,8,5,370.3369729191527,0.4278711484593838,0.2224795468848335,0.23149702988533957,133775.12825859906,2908.375210232186,136683.50346883124,765,26,186.22857142857143,31,4,19,31.795809733585063,0.6696908602150538,41.37369791666666,1034.5052083333323,33.37113575268814,0
1312,4,0,0,33,0.0,0.0,1.0,33,1000,700,300,0.7,13,7,6,378.54179942122784,0.424636994949495,0.15905586858408327,0.2104647903174454,129303.89577191006,3189.3858755347483,132493.28164744482,766,27,175.84848484848484,30,3,22,36.107440200872205,0.6274305555555555,45.73252688172043,1017.0698924731184,33.90232974910395,8
1313,4,0,0,33,0.0,0.0,1.0,33,850,500,350,0.5882352941176471,12,5,7,377.33252194925376,0.4242029671717172,0.15671579048511264,0.2101567224896175,129372.25627601467,3163.271946178762,132535.52822219342,767,28,176.84848484848484,30,3,22,36.068448055665655,0.628125,45.66532258064517,1017.3387096774202,33.911290322580676,0
1314,4,0,0,33,0.0,0.0,1.0,33,850,500,350,0.5882352941176471,12,5,7,373.9184171396157,0.4234927398989899,0.10450874596496962,0.2061439980287024,128969.83040703661,3044.838968912755,132014.66937594936,768,29,177.84848484848484,31,2,20,36.565958424133655,0.6213037634408602,46.061197916666664,1015.7552083333328,32.76629704301074,8
1315,4,0,0,33,0.0,0.0,1.0,33,750,600,150,0.8,9,6,3,374.99324871725645,0.4222695707070707,0.10664408055712427,0.2076131810298426,129137.21335833061,3085.1166335067646,132222.32999183738,769,30,178.84848484848484,32,1,20,36.36775362318841,0.6204427083333333,45.896464646464636,1016.4141414141401,31.762941919191878,0
1316,4,0,0,33,0.0,0.0,1.0,33,1300,900,400,0.6923076923076923,17,9,8,377.95254533770975,0.420730744949495,0.10935778677714181,0.21029667266226398,129333.80126953112,3176.423819854942,132510.22508938605,770,31,179.84848484848484,31,2,21,36.09190988223247,0.625,45.70312499999999,1017.187499999999,32.812499999999964,0
1317,4,0,0,33,0.0,0.0,1.0,33,900,700,200,0.7777777777777778,11,7,4,378.6996887803325,0.42017834595959597,0.11058764225750783,0.21124468721044226,129433.15505981435,3203.259107801635,132636.414167616,771,32,180.84848484848484,31,2,17,35.97155576882065,0.626008064516129,45.60546874999999,1017.5781249999992,32.82510080645159,0
1318,4,1,0,34,0.029411764705882353,0.0,1.0,34,1150,900,250,0.782608695652174,14,9,5,367.24482189346685,0.4231283422459893,0.10953158366555704,0.20684109961634115,129811.851548949,2734.5460603509755,132546.39760929998,772,0,176.5,32,2,19,35.87742122000578,0.6272786458333333,45.233585858585855,1019.0656565656558,31.845801767676743,0
1319,4,1,0,35,0.02857142857142857,0.0,1.0,35,800,400,400,0.5,12,4,8,360.9733860794831,0.4259453781512605,0.11251543845203815,0.20534059831078774,130200.04325259497,2399.7500961168607,132599.79334871183,773,0,172.42857142857142,33,2,21,35.64281139929555,0.6287878787878788,44.85294117647058,1020.5882352941162,30.926916221033824,0
1320,4,1,0,36,0.027777777777777776,0.0,1.0,36,1000,600,400,0.6,14,6,8,351.4725445283385,0.42766203703703703,0.11784733882359255,0.20155282505345828,130512.9112000191,1974.356016916556,132487.26721693564,774,0,168.61111111111111,33,3,17,35.56808187415048,0.6319444444444444,44.546568627450974,1021.813725490195,30.964052287581666,0
1321,4,0,0,36,0.0,0.0,1.0,36,1300,900,400,0.6923076923076923,17,9,8,354.3334535965609,0.4261904761904762,0.11997083383275409,0.2040168394310632,130669.48596993941,2060.1140486831932,132729.60001862262,775,1,169.61111111111111,33,3,17,35.33638479363936,0.6335227272727273,44.393382352941174,1022.426470588235,30.982620320855606,0
1322,4,0,0,36,0.0,0.0,1.0,36,950,600,350,0.631578947368421,13,6,7,353.9259206138622,0.42470238095238094,0.12583499667332054,0.20494323419734733,130888.8483395809,2064.9912293348734,132953.83956891578,776,2,170.61111111111111,33,3,20,35.124750499002,0.6357323232323233,44.17892156862745,1023.28431372549,31.008615567439094,0
1323,4,0,0,36,0.0,0.0,1.0,36,1550,1200,350,0.7741935483870968,19,12,7,354.85569794923765,0.42450396825396824,0.12799329501915757,0.20581630481055763,130951.55709342545,2093.7812379853754,133045.33833141084,777,3,171.61111111111111,33,3,20,35.037515964240114,0.6363636363636364,44.11764705882352,1023.5294117647047,31.016042780748627,0
1324,4,0,0,36,0.0,0.0,1.0,36,900,400,500,0.4444444444444444,14,4,10,354.7187669010277,0.423859126984127,0.13210594315245494,0.206120364550597,131023.24263038531,2095.2806122448765,133118.52324263018,778,4,172.61111111111111,34,2,20,34.968507751937985,0.6348039215686274,44.04761904761904,1023.8095238095224,30.112044817927128,0
1325,4,0,0,36,0.0,0.0,1.0,36,1250,1000,250,0.8,15,10,5,366.68027230012115,0.4232473544973545,0.09525524083853454,0.2092589060825074,130325.1453767781,2357.8862672519917,132683.0316440301,779,5,173.61111111111111,33,3,18,35.37015922547607,0.630050505050505,44.73039215686274,1021.0784313725485,30.941770647652984,8
1326,4,0,1,35,0.0,0.027777777777777776,0.9722222222222222,36,800,500,300,0.625,11,5,6,365.5605638057624,0.4229497354497354,0.10118095542759642,0.20929346565143114,130450.30757401002,2337.49759707805,132787.80517108805,780,6,174.61111111111111,33,3,18,35.27171305182341,0.6313131313131313,44.6078431372549,1021.5686274509807,30.956625074272143,0
1327,4,0,1,34,0.0,0.02857142857142857,0.9714285714285714,35,1000,800,200,0.8,12,8,4,366.1049836078363,0.42041316526610645,0.09628893533906724,0.20994383447882678,130512.91120001934,2556.2854430988236,133069.19664311816,781,7,175.77142857142857,33,2,14,35.19429119692973,0.6319444444444444,44.54656862745099,1021.813725490197,30.96405228758173,0
1328,4,0,2,32,0.0,0.058823529411764705,0.9411764705882353,34,1000,800,200,0.8,12,8,4,382.3454416524441,0.4184491978609626,0.09216756279592331,0.21393832727575685,129554.63927469139,3106.9251543209934,132661.5644290124,782,8,181.6764705882353,32,2,17,35.75488858572078,0.6246744791666667,45.486111111111114,1018.0555555555559,31.81423611111112,8
1329,4,0,0,32,0.0,0.0,1.0,32,1150,800,350,0.6956521739130435,15,8,7,392.8687139122114,0.4152385752688172,0.11956055203380878,0.21938067122000487,129474.83090530703,3773.3220603538084,133248.15296566085,783,10,190.0,30,2,18,35.56854199683043,0.6291666666666667,45.56451612903226,1017.7419354838714,33.92473118279572,0
1330,4,0,0,32,0.0,0.0,1.0,32,750,600,150,0.8,9,6,3,395.2165038286006,0.41450352822580644,0.12401402640264014,0.2212686634517111,129577.44618236218,3842.229051046372,133419.67523340855,784,11,191.0,30,2,18,35.40401540154015,0.6302083333333333,45.46370967741936,1018.145161290323,33.938172043010766,0
1331,4,0,0,32,0.0,0.0,1.0,32,1100,700,400,0.6363636363636364,15,7,8,399.6109592975871,0.4143985215053763,0.12897365277409056,0.21597338359741894,128178.55568562837,3874.6795149728205,132053.2352006012,785,12,192.0,30,2,18,36.724902663481096,0.6159722222222221,46.84139784946236,1012.6344086021503,33.75448028673834,8
1332,4,0,0,32,0.0,0.0,1.0,32,1100,900,200,0.8181818181818182,13,9,4,398.76039532523134,0.41345346102150543,0.13373740554156166,0.21717326078976298,128484.97884509753,3846.9441915250045,132331.92303662252,786,13,193.0,30,2,18,36.43195678112156,0.6190972222222222,46.53897849462364,1013.844086021504,33.79480286738347,0
1333,4,1,0,33,0.030303030303030304,0.0,1.0,33,800,500,300,0.625,11,5,6,390.5585776691153,0.417929292929293,0.13778202647143445,0.21477967479998303,128870.65463595907,3466.307915581578,132336.96255154064,787,0,188.12121212121212,31,2,19,36.24487047961015,0.6202956989247312,46.15885416666666,1015.3645833333322,32.7536962365591,0
1334,4,0,0,33,0.0,0.0,1.0,33,650,500,150,0.7692307692307693,8,5,3,389.7670158798862,0.4174558080808081,0.13766362958106315,0.2143985185845446,128880.6706586061,3446.68688144065,132327.35754004677,788,1,189.12121212121212,32,1,19,36.25471483047334,0.6178385416666667,46.14898989898989,1015.4040404040392,31.731376262626224,0
1335,4,0,2,31,0.0,0.06060606060606061,0.9393939393939394,33,850,700,150,0.8235294117647058,10,7,3,408.33210485322974,0.41788983585858586,0.17701165621599646,0.2144713131461126,127026.37566460486,3821.5404960819674,130847.91616068683,789,2,190.12121212121212,31,2,18,37.69105743563249,0.601478494623656,47.98177083333332,1008.0729166666652,32.51848118279565,8
1336,4,3,3,31,0.08823529411764706,0.08823529411764706,0.9117647058823529,34,950,600,350,0.631578947368421,13,6,7,388.57776838546084,0.42697192513368987,0.16435035552682664,0.20800339366515827,127793.20987654309,3131.5200617283786,130924.72993827147,790,0,181.7058823529412,32,2,17,37.399839743589745,0.6067708333333333,47.222222222222214,1011.1111111111102,31.597222222222193,0
1337,4,1,0,32,0.03125,0.0,1.0,32,800,500,300,0.625,11,5,6,419.25304138437554,0.4137264784946237,0.21684724807232092,0.22429739525556708,127770.5605416811,4313.639221297256,132084.19976297836,791,0,194.03125,30,2,18,36.64777763006291,0.6118055555555555,47.244623655913976,1011.021505376344,33.700716845878134,0
1338,4,0,0,32,0.0,0.0,1.0,32,1200,700,500,0.5833333333333334,17,7,10,419.824505925194,0.4132434475806452,0.21905739066861596,0.2247928653434331,127804.53529671063,4331.095177188115,132135.63047389875,792,1,195.03125,30,2,18,36.59832070539234,0.6121527777777778,47.211021505376344,1011.1559139784948,33.7051971326165,0
1339,4,0,0,32,0.0,0.0,1.0,32,1150,700,450,0.6086956521739131,16,7,9,417.39720761807325,0.41284442204301075,0.21306969173531787,0.2240607264289313,127906.4866603074,4277.562073650118,132184.04873395752,793,2,196.03125,30,2,18,36.55466604659404,0.6131944444444444,47.11021505376343,1011.559139784945,33.7186379928315,0
1340,4,0,0,32,0.0,0.0,1.0,32,650,400,250,0.6153846153846154,9,4,5,417.58407168320065,0.41271841397849457,0.2132199083300117,0.22435084279510722,127940.4794810094,4285.181270956184,132225.6607519656,794,3,197.03125,30,2,18,36.51493512244809,0.6135416666666667,47.07661290322581,1011.693548387097,33.7231182795699,0
1341,4,2,0,34,0.058823529411764705,0.0,1.0,34,850,600,250,0.7058823529411765,11,6,5,397.2971392658674,0.4210115864527629,0.20230974779457522,0.21730990565018682,128656.40503838896,3422.96433399653,132079.3693723855,795,0,186.38235294117646,32,2,20,36.29330014519808,0.6155598958333333,46.369949494949495,1014.5202020202021,31.703756313131315,0
1342,4,1,0,35,0.02857142857142857,0.0,1.0,35,1200,900,300,0.75,15,9,6,391.2209188544791,0.4242296918767507,0.19993108676176696,0.21626692394275596,129076.82742214532,3099.511005382539,132176.33842752787,796,0,182.02857142857144,33,2,21,36.01714503939539,0.6174242424242424,45.955882352941174,1016.1764705882351,30.793226381461672,0
1343,4,0,0,35,0.0,0.0,1.0,35,850,400,450,0.47058823529411764,13,4,9,389.59008968656076,0.423984593837535,0.19760555373723077,0.2155350642942394,129107.96215698286,3059.8365111976095,132167.79866818048,797,1,183.02857142857144,33,2,21,36.0267444431046,0.617739898989899,45.92524509803921,1016.299019607843,30.796939988116453,0
1344,4,1,0,36,0.027777777777777776,0.0,1.0,36,650,400,250,0.6153846153846154,9,4,5,382.8268511738985,0.42743055555555554,0.19958984035221494,0.21347289088629143,129419.51600646386,2709.08694973087,132128.60295619472,798,0,178.91666666666666,33,3,22,35.880479947007096,0.6208964646464646,45.618872549019606,1017.5245098039217,30.834076054664294,0
1345,4,0,2,34,0.0,0.05555555555555555,0.9444444444444444,36,1000,700,300,0.7,13,7,6,409.1485187438328,0.42744708994708996,0.16387181855913058,0.22742957515439158,129294.84941188474,3396.867040321018,132691.71645220576,799,1,179.91666666666666,33,3,20,35.33846949431658,0.6196338383838385,45.741421568627445,1017.0343137254894,30.81922162804513,7
1346,4,1,1,34,0.02857142857142857,0.02857142857142857,0.9714285714285714,35,1050,700,350,0.6666666666666666,14,7,7,406.74573206908974,0.42538515406162464,0.15589419008634064,0.22735060905557575,129513.05537533623,3535.776504229123,133048.83187956535,612,0,163.11428571428573,33,2,18,35.176378521550674,0.6218434343434344,45.526960784313715,1017.8921568627436,30.845216874628594,0
1347,4,0,0,34,0.0,0.0,1.0,34,1300,1000,300,0.7692307692307693,16,10,6,416.01296726166663,0.422107100415924,0.16650124069478922,0.2322066839424537,129458.25043362915,3971.2621798795954,133429.51261350873,613,3,168.91176470588235,32,2,19,34.99663978494624,0.6236979166666667,45.580808080808076,1017.6767676767671,31.802398989898972,0
1348,4,0,0,34,0.0,0.0,1.0,34,1150,800,350,0.6956521739130435,15,8,7,413.80018725316665,0.42160576351752826,0.1625667123567318,0.23248885172413325,129715.36705438237,3935.24863534335,133650.61568972573,614,4,169.91176470588235,32,2,20,34.78996240290861,0.6263020833333333,45.32828282828284,1018.6868686868701,31.83396464646469,0
1349,4,1,1,34,0.02857142857142857,0.02857142857142857,0.9714285714285714,35,900,800,100,0.8888888888888888,10,8,2,431.3754925877271,0.4219187675070028,0.17142857142857082,0.2350030668574934,128496.33487654336,4114.642319661275,132610.97719620465,615,0,166.02857142857144,32,3,17,35.59360730593606,0.6139322916666667,46.527777777777786,1013.88888888889,31.684027777777814,8
1350,4,1,0,35,0.02857142857142857,0.0,1.0,35,1050,900,150,0.8571428571428571,12,9,3,364.11417527335396,0.42135854341736695,0.1476114181080992,0.1951920038980716,127851.72994898829,2310.5254415294853,130162.25539051778,616,0,165.02857142857144,35,0,18,37.958247501335165,0.6005952380952381,47.16435185185185,1011.3425925925922,28.89550264550263,8
1351,4,2,1,36,0.05405405405405406,0.02702702702702703,0.972972972972973,37,700,300,400,0.42857142857142855,11,3,8,349.5873713299838,0.4260197697697698,0.1590814233853901,0.1901290591746939,128429.74044568212,1579.8179705763014,130009.55841625843,617,0,157.05405405405406,36,1,17,37.73469614487279,0.6044560185185186,46.593468468468465,1013.6261261261258,28.15628128128127,0
1352,4,1,0,37,0.02702702702702703,0.0,1.0,37,1100,500,600,0.45454545454545453,17,5,12,351.966727727613,0.42755255255255253,0.17486699533996064,0.19224768445376664,128601.01814229778,1652.655907596793,130253.67404989457,618,0,158.02702702702703,36,1,18,37.4995373968395,0.6061921296296297,46.42454954954955,1014.3018018018024,28.175050050050068,0
1353,4,3,0,40,0.075,0.0,1.0,40,700,500,200,0.7142857142857143,9,5,4,333.91051310957164,0.4349893162393162,0.17658995364880914,0.1858241049860523,129340.77222077922,640.4450165602439,129981.21723733947,619,0,147.1,37,3,21,37.204803097265625,0.6117680180180181,45.69627192982455,1017.2149122806998,27.492294926505398,0
1354,4,0,4,36,0.0,0.1,0.9,40,1300,900,400,0.6923076923076923,17,9,8,350.89423625116467,0.4342013888888889,0.10165610142630754,0.1879577785012605,127820.21747616696,970.2755177514733,128790.49299391844,620,1,148.1,38,2,13,38.324749075541476,0.5945723684210527,47.19551282051282,1011.2179487179484,26.610998650472325,8
1355,4,1,1,36,0.02702702702702703,0.02702702702702703,0.972972972972973,37,800,500,300,0.625,11,5,6,380.50347946805397,0.4305242742742743,0.13657633934131597,0.18950320829900796,124835.5804189751,2100.0745421668234,126935.65496114193,621,0,154.56756756756758,37,0,17,40.65814497842148,0.5658783783783784,50.16447368421053,999.3421052631581,27.009246088193464,8
1356,4,4,1,39,0.1,0.025,0.975,40,1550,1200,350,0.7741935483870968,19,12,7,358.61392055072804,0.441653311965812,0.1775231555413601,0.1831680563204455,125882.96402449066,1028.8930646161682,126911.85708910684,622,0,143.75,38,2,17,40.12163313105504,0.5748355263157895,49.11858974358975,1003.5256410256426,26.408569500674805,0
1357,4,2,0,41,0.04878048780487805,0.0,1.0,41,1250,1000,250,0.8,15,10,5,351.961010649028,0.4455792682926829,0.17238681660218336,0.18144401707587135,126264.14497730075,688.2166719254619,126952.36164922621,623,0,141.1951219512195,37,4,20,39.89562877300168,0.5805180180180181,48.7390350877193,1005.0438596491231,27.163347558084407,0
1358,4,1,3,39,0.023809523809523808,0.07142857142857142,0.9285714285714286,42,1700,1500,200,0.8823529411764706,19,15,4,347.1467465848286,0.4453034262485482,0.17723499125465003,0.1808718763203435,126698.43885633687,396.59016927084446,127095.02902560771,624,0,138.8095238095238,39,3,14,39.56986118296256,0.5814636752136753,48.30729166666667,1006.7708333333339,25.814636752136767,0
1359,4,2,0,41,0.04878048780487805,0.0,1.0,41,1000,700,300,0.7,13,7,6,354.974769438342,0.44159044715447154,0.1864033838810053,0.18478299876508614,126661.46746475277,792.3250420045365,127453.79250675731,625,0,143.0487804878049,38,3,17,39.410864643034046,0.5827850877192983,48.3440170940171,1006.623931623932,26.490103463787683,0
1360,4,3,2,42,0.06818181818181818,0.045454545454545456,0.9545454545454546,44,1100,800,300,0.7272727272727273,14,8,6,333.0248777360293,0.44752026074700496,0.19884533743229404,0.17675935818296926,127450.92207019619,-310.4039384947244,127140.51813170146,626,0,134.22727272727272,40,4,15,39.15412808641977,0.5875,47.56097560975609,1009.7560975609747,25.243902439024367,0
1361,4,1,1,42,0.023255813953488372,0.023255813953488372,0.9767441860465116,43,1350,1000,350,0.7407407407407407,17,10,7,344.57100497924273,0.44645164267257287,0.20579224038445387,0.18280934599145038,127433.6059570311,181.98513454859693,127615.5910915797,627,0,138.13953488372093,39,4,15,38.88039908525054,0.5889423076923077,47.57812499999999,1009.6874999999989,25.88942307692305,0
1362,4,1,2,41,0.023255813953488372,0.046511627906976744,0.9534883720930233,43,1450,900,550,0.6206896551724138,20,9,11,347.0986078764046,0.4458979328165375,0.21259512052396867,0.1846305650344212,127538.80343967023,253.70822482639278,127792.51166449662,628,0,139.11627906976744,39,4,16,38.70881458182942,0.5900106837606838,47.473958333333336,1010.1041666666674,25.900106837606856,0
1363,4,2,1,42,0.046511627906976744,0.023255813953488372,0.9767441860465116,43,1100,900,200,0.8181818181818182,13,9,4,340.9163831587885,0.4455057216685124,0.22715600531801794,0.18291863943824388,127887.41949443129,119.7833011104573,128007.20279554174,629,0,138.58139534883722,40,3,18,38.508280585418134,0.5919270833333333,47.12906504065041,1011.4837398373988,25.287093495934972,0
1364,4,2,0,44,0.045454545454545456,0.0,1.0,44,1050,700,350,0.6666666666666666,14,7,7,333.69902284187077,0.4458795806906272,0.22868026300248046,0.18044755122760653,128200.04712988617,-242.92112417695057,127957.12600570921,630,0,136.29545454545453,37,7,20,38.37158943265483,0.6002252252252251,46.82017543859649,1012.7192982456144,27.370791844476063,0
1365,4,1,1,44,0.022222222222222223,0.022222222222222223,0.9777777777777777,45,900,600,300,0.6666666666666666,12,6,6,325.21154765245313,0.44696969696969696,0.23039517841243695,0.17724575615055926,128513.93771701428,-641.1566840277378,127872.78103298655,631,0,134.24444444444444,39,6,16,38.26664269570577,0.5998931623931624,46.510416666666686,1013.9583333333366,25.998931623931707,0
1366,4,0,1,43,0.0,0.022727272727272728,0.9772727272727273,44,950,500,450,0.5263157894736842,14,5,9,341.077125164196,0.4444260923185342,0.2347447073474469,0.18581067266407686,128496.3348765431,-34.567901234580745,128461.76697530852,632,1,138.1590909090909,38,6,16,37.88242009132419,0.6014254385964912,46.52777777777777,1013.888888888888,26.68128654970758,0
1367,4,0,1,42,0.0,0.023255813953488372,0.9767441860465116,43,1100,700,400,0.6363636363636364,15,7,8,351.6836909332359,0.4430140273163529,0.23593467337947738,0.1911000796764197,128394.44739006224,430.8466306940484,128825.2940207563,633,2,142.32558139534885,37,6,16,37.71761964008798,0.6021959459459459,46.628289473684205,1013.4868421052626,27.391536273115204,0
1368,4,2,1,43,0.045454545454545456,0.022727272727272728,0.9772727272727273,44,1150,800,350,0.6956521739130435,15,8,7,336.4809036260777,0.44552721987315014,0.22122694282681765,0.18544486671148486,128957.11343277417,-121.67878862593437,128835.43464414823,634,0,136.04545454545453,38,6,18,37.5295834648154,0.6060855263157895,46.073717948717935,1015.7051282051257,26.72908232118752,0
1369,4,0,0,43,0.0,0.0,1.0,43,1100,600,500,0.5454545454545454,16,6,10,342.8350060115543,0.4443983019564415,0.22268716547319167,0.18838630983151194,128839.34389667943,234.12744786853835,129073.47134454797,635,1,140.09302325581396,37,6,18,37.488187169240746,0.6067004504504505,46.18969298245612,1015.2412280701728,27.43895211000467,0
1370,4,1,2,42,0.022727272727272728,0.045454545454545456,0.9545454545454546,44,1550,1200,350,0.7741935483870968,19,12,7,336.1457822775135,0.44627598661028894,0.22125862241327643,0.18628621939733855,129175.56023407004,-115.63605079651242,129059.92418327353,636,0,137.88636363636363,40,4,19,37.3158885667633,0.6049479166666667,45.85873983739836,1016.5650406504042,25.414126016260106,0
1371,4,0,0,42,0.0,0.0,1.0,42,1000,600,400,0.6,14,6,8,346.04594995684664,0.44172231900890435,0.2245109090453652,0.19045551559582038,128902.86138733609,521.2626241872542,129424.12401152334,637,1,145.02380952380952,38,4,19,37.34196913904961,0.6055372807017544,46.12713675213673,1015.4914529914493,26.723459289248666,0
1372,4,1,0,43,0.023255813953488372,0.0,1.0,43,1400,900,500,0.6428571428571429,19,9,10,340.2983069067459,0.44363695090439276,0.22169271826153292,0.18871087928464952,129201.38888888853,193.74805957334172,129395.13694846186,638,0,142.62790697674419,38,5,21,37.18408469945355,0.6085526315789473,45.833333333333314,1016.6666666666638,26.754385964912206,0
1373,4,0,0,43,0.0,0.0,1.0,43,1850,1300,550,0.7027027027027027,24,13,11,334.3334366668738,0.44218346253229973,0.21127266068485673,0.18655688249865063,129445.89548405621,55.61821992106968,129501.51370397728,639,1,143.62790697674419,38,5,16,37.08727034120735,0.6110197368421053,45.5929487179487,1017.6282051282025,26.779689608636907,0
1374,4,1,3,41,0.022727272727272728,0.06818181818181818,0.9318181818181819,44,1100,600,500,0.5454545454545454,16,6,10,329.70739620761606,0.44353417899929526,0.14746441489013695,0.17886580272791314,128329.16802300354,-301.9325953576971,128027.23542764585,640,0,141.3409090909091,39,5,19,38.340979575751355,0.5980235042735043,46.692708333333336,1013.2291666666672,25.980235042735057,8
1375,4,2,1,42,0.046511627906976744,0.023255813953488372,0.9767441860465116,43,1250,900,350,0.72,16,9,7,334.1139494406892,0.44160668143226284,0.18582600770293678,0.1822649200052312,128550.50131492438,-9.896860618021122,128540.60445430635,641,0,145.30232558139534,38,5,16,38.003713653603015,0.6019736842105263,46.47435897435897,1014.102564102564,26.68690958164642,0
1376,4,1,1,42,0.023255813953488372,0.023255813953488372,0.9767441860465116,43,1300,900,400,0.6923076923076923,17,9,8,331.42323224364986,0.4393226282761167,0.1880148950807552,0.18166123964699538,128740.17373666808,-66.50310011688975,128673.6706365512,642,0,146.27906976744185,38,5,18,37.878767940484956,0.6038925438596492,46.28739316239316,1014.8504273504269,26.706590193432287,0
1377,4,1,0,43,0.023255813953488372,0.0,1.0,43,1200,800,400,0.6666666666666666,16,8,8,331.3360195642436,0.44139904023624954,0.1953527515057809,0.18248436859662204,128929.98598327104,-56.1703283658652,128873.81565490516,643,0,146.8372093023256,38,5,19,37.68781997335016,0.6058114035087719,46.10042735042734,1015.5982905982889,26.72627080521813,0
1378,4,0,0,43,0.0,0.0,1.0,43,850,500,350,0.5882352941176471,12,5,7,330.2527427204725,0.4412144702842377,0.19091827326376243,0.18226194605507662,129011.3768924866,-78.72778782234718,128932.64910466425,644,1,147.8372093023256,38,5,19,37.63254986504014,0.6066337719298245,46.02029914529914,1015.9188034188029,26.73470535312639,0
1379,4,1,0,44,0.022727272727272728,0.0,1.0,44,1100,1000,100,0.9090909090909091,12,10,2,326.5072205352732,0.44254316420014095,0.1936545072574487,0.18156242637241815,129310.02995105546,-355.72848181022437,128954.30146924524,645,0,145.45454545454547,38,6,21,37.42428221288515,0.6096491228070176,45.72649572649572,1017.0940170940161,26.765632028789895,0
1380,4,0,0,44,0.0,0.0,1.0,44,1250,1000,250,0.8,15,10,5,327.74285866803126,0.44184945384073293,0.19782488329689807,0.18262698906352606,129391.54071015042,-318.56931203887456,129072.97139811155,646,1,146.45454545454547,38,6,21,37.31010885925302,0.6104714912280702,45.646367521367516,1017.4145299145295,26.774066576698143,0
1381,4,2,1,45,0.043478260869565216,0.021739130434782608,0.9782608695652174,46,1650,1300,350,0.7878787878787878,20,13,7,322.79449883969505,0.4425825281803543,0.21622458212295803,0.18367281313581052,130210.72035701293,-793.739155760471,129416.98120125246,647,0,141.04347826086956,40,6,19,36.60613528494141,0.6153645833333333,44.84247967479674,1020.6300813008123,25.515752032520307,0
1382,4,0,1,44,0.0,0.022222222222222223,0.9777777777777777,45,1150,900,250,0.782608695652174,14,9,5,327.8173960071708,0.4407828282828283,0.21900581810758424,0.1863973899409313,130182.84640841995,-464.75965711807413,129718.08675130187,648,1,145.13333333333333,39,6,19,36.50617961280663,0.6167200854700854,44.86979166666666,1020.5208333333318,26.167200854700816,0
1383,4,1,2,43,0.022222222222222223,0.044444444444444446,0.9555555555555556,45,1350,900,450,0.6666666666666666,18,9,9,328.00241483357235,0.43924663299663297,0.22421706075190073,0.18727879814691073,130344.39718934921,-449.3201783109267,129895.07701103829,649,0,146.0,38,7,20,36.338015275162185,0.6200657894736843,44.71153846153847,1021.1538461538469,26.87246963562755,0
1384,4,1,0,44,0.022727272727272728,0.0,1.0,44,1600,1300,300,0.8125,19,13,6,336.23244883740136,0.4393498942917548,0.2289909403311461,0.1918502796307527,130318.55955678683,-36.534318251755906,130282.02523853508,650,0,148.9090909090909,37,7,21,36.1540664375716,0.6216216216216216,44.736842105263165,1021.0526315789484,27.596017069701308,0
1385,4,0,0,44,0.0,0.0,1.0,44,1600,1000,600,0.625,22,10,12,338.49720073731027,0.43824876673713886,0.23346974412002885,0.19412033314898447,130514.55886667062,35.76256636658968,130550.32143303721,651,1,149.9090909090909,37,7,16,35.89787441427908,0.6235923423423424,44.544956140350884,1021.8201754385973,27.616761498340466,0
1386,4,0,0,44,0.0,0.0,1.0,44,1400,1100,300,0.7857142857142857,17,11,6,335.7415905897153,0.4383919133192389,0.22750071245369075,0.19332412887747147,130671.89554569362,-25.601988823139266,130646.29355687049,652,2,150.9090909090909,38,6,16,35.80916927899688,0.6233552631578947,44.39102564102564,1022.4358974358975,26.90620782726046,0
1387,4,0,0,44,0.0,0.0,1.0,44,950,500,450,0.5263157894736842,14,5,9,339.96615969840934,0.43742292107117686,0.23704960835509103,0.1964499685644098,130808.47447083425,94.09094437138793,130902.56541520564,653,3,151.9090909090909,38,6,16,35.56309834638815,0.6247258771929824,44.25747863247863,1022.9700854700855,26.92026540710751,0
1388,4,0,0,44,0.0,0.0,1.0,44,1500,1100,400,0.7333333333333333,19,11,8,339.40756818073544,0.4370925828047921,0.23137303289735978,0.19654447932497457,130890.45606874114,85.0422784717477,130975.4983472129,654,4,152.9090909090909,38,6,16,35.4945360896499,0.6255482456140351,44.17735042735042,1023.2905982905968,26.928699955015706,0
1389,4,1,4,41,0.022222222222222223,0.08888888888888889,0.9111111111111111,45,1350,1100,250,0.8148148148148148,16,11,5,335.43555084930813,0.43768939393939393,0.23706716375755454,0.19578686306248946,131194.69536675359,-198.52701822916185,130996.16834852443,655,0,150.48888888888888,39,6,17,35.289039993221465,0.6268696581196581,43.880208333333336,1024.4791666666674,26.2686965811966,0
1390,4,0,1,40,0.0,0.024390243902439025,0.975609756097561,41,1250,700,550,0.56,18,7,11,347.87213995762124,0.435645325203252,0.2211303398103852,0.2017747211279398,130953.2521330451,910.9976107864549,131864.24974383155,656,1,152.02439024390245,36,5,18,35.21449921150109,0.6299189814814814,44.11599099099099,1023.5360360360352,28.431556556556533,0
1391,4,0,1,39,0.0,0.025,0.975,40,1150,1100,50,0.9565217391304348,12,11,1,356.2772463896949,0.43434829059829055,0.22816082717239983,0.20640195782464438,130906.99932912044,1327.8370508233284,132234.83637994376,657,2,156.2,37,3,18,35.046229329618924,0.6275337837837838,44.161184210526315,1023.3552631578942,27.65825035561876,0
1392,4,0,0,39,0.0,0.0,1.0,39,1300,900,400,0.6923076923076923,17,9,8,362.7191275673342,0.4323268106162843,0.2300014677821811,0.20960181646448242,130809.21292914537,1689.4007182858552,132498.61364743122,658,3,160.82051282051282,36,3,18,34.980460149713785,0.6284722222222222,44.25675675675676,1022.9729729729731,28.41591591591592,0
1393,4,0,0,39,0.0,0.0,1.0,39,1350,1000,350,0.7407407407407407,17,10,7,360.0671746931065,0.431455240665767,0.22127652374022833,0.20931782303770605,131039.71370018659,1636.6198969239415,132676.33359711053,659,4,161.82051282051282,36,3,19,34.81494720633523,0.630787037037037,44.03153153153153,1023.8738738738732,28.440940940940923,0
1394,4,0,2,37,0.0,0.05128205128205128,0.9487179487179487,39,1600,1100,500,0.6875,21,11,10,360.47361429779,0.4304430949167792,0.22361792054099738,0.21081683098392606,131270.4173768363,1663.9043604415176,132934.32173727782,660,5,162.82051282051282,36,3,19,34.57119963369963,0.6331018518518519,43.806306306306304,1024.7747747747746,28.465965965965964,0
1395,4,1,0,38,0.02631578947368421,0.0,1.0,38,1050,800,250,0.7619047619047619,13,8,5,364.3709448086951,0.43018018018018017,0.23029141994659175,0.21392821728952235,131419.65880102053,1977.1137303533665,133396.7725313739,661,0,164.02631578947367,34,4,20,34.32045551298426,0.6387867647058824,43.66071428571429,1025.3571428571438,30.157563025210113,0
1396,4,0,0,38,0.0,0.0,1.0,38,1100,700,400,0.6363636363636364,15,7,8,362.81123771827293,0.4298245614035088,0.2214930095343961,0.21369408307712642,131541.75347222228,1944.965277777788,133486.71875000006,662,1,165.02631578947367,34,4,20,34.23707013268344,0.6400122549019608,43.54166666666667,1025.833333333334,30.171568627451,0
1397,4,0,0,38,0.0,0.0,1.0,38,1000,600,400,0.6,14,6,8,359.36257520883055,0.4294689426268374,0.20841751252769547,0.21268246300794413,131725.00177154198,1867.4071712018185,133592.4089427438,663,2,166.02631578947367,34,4,18,34.14052533920909,0.6418504901960784,43.36309523809524,1026.5476190476193,30.19257703081233,0
1398,4,0,0,38,0.0,0.0,1.0,38,850,700,150,0.8235294117647058,10,7,3,355.6651638880828,0.429068871503082,0.21082973509160885,0.19609411847619268,128972.51136271433,1575.9207307832125,130548.43209349754,664,3,167.02631578947367,36,2,20,37.02674611973395,0.6099537037037037,46.05855855855857,1015.7657657657678,28.215715715715774,8
1399,4,1,0,39,0.02564102564102564,0.0,1.0,39,1000,500,500,0.5,15,5,10,350.10760054230707,0.42979644624381463,0.21085569597859322,0.19470012605698106,129312.88954293646,1254.6850954139866,130567.57463835044,665,0,163.71794871794873,37,2,21,36.82127713094724,0.6114864864864865,45.72368421052632,1017.1052631578962,27.489331436699896,0
1400,4,0,0,39,0.0,0.0,1.0,39,1200,900,300,0.75,15,9,6,346.791494625713,0.42884053081421497,0.20571371756205759,0.19395254434368248,129536.035126193,1184.3990458602939,130720.4341720533,666,1,164.71794871794873,37,2,19,36.678694528220596,0.6137387387387387,45.504385964912295,1017.9824561403535,27.51303935514469,0
1401,4,0,2,37,0.0,0.05128205128205128,0.9487179487179487,39,1550,900,650,0.5806451612903226,22,9,13,346.2296994185153,0.42855937921727394,0.20625443383544373,0.19432795636849481,129675.59880203521,1179.5087190289282,130855.10752106414,667,2,165.71794871794873,37,2,19,36.55118509347976,0.6151463963963963,45.36732456140351,1018.5307017543857,27.527856804172586,0
1402,4,0,0,37,0.0,0.0,1.0,37,1050,600,450,0.5714285714285714,15,6,9,358.5605770759096,0.42373623623623624,0.2100941059321777,0.20032920678561292,129495.73072059317,1886.412787208489,131382.14350780167,668,7,175.16216216216216,35,2,19,36.42019179743763,0.6172619047619048,45.543981481481474,1017.8240740740732,29.080687830687808,0
1403,4,1,0,38,0.02631578947368421,0.0,1.0,38,1150,800,350,0.6956521739130435,15,8,7,352.05985081334336,0.42567567567567566,0.20714996132169272,0.19824452955880184,129803.15778193738,1539.6960727619535,131342.85385469932,669,0,171.52631578947367,36,2,20,36.27311489299003,0.6183449074074074,45.24211711711712,1019.0315315315319,28.30643143143144,0
1404,4,1,0,39,0.02564102564102564,0.0,1.0,39,1150,900,250,0.782608695652174,14,9,5,344.1768698226442,0.4280251911830859,0.2015132227898191,0.19553784802011753,130150.67737188352,1158.9705486303344,131309.64792051385,670,0,168.10256410256412,37,2,21,36.1214091267283,0.6199324324324325,44.90131578947368,1020.3947368421041,27.578236130867676,0
1405,4,0,0,39,0.0,0.0,1.0,39,500,100,400,0.2,9,1,8,347.0745935945222,0.427266081871345,0.20464342475299646,0.19760962640803664,130234.60493853848,1240.2245161972564,131474.82945473574,671,1,169.10256410256412,37,2,21,35.96239750062662,0.620777027027027,44.8190789473684,1020.723684210524,27.58712660028443,0
1406,4,0,1,38,0.0,0.02564102564102564,0.9743589743589743,39,1000,800,200,0.8,12,8,4,345.436656390188,0.42720985155195684,0.20303648311806066,0.1977188021595196,130439.87509645028,1211.748874119347,131651.62397056964,672,2,170.10256410256412,35,4,21,35.796227056424186,0.6267857142857143,44.618055555555536,1021.5277777777751,29.18650793650786,0
1407,4,0,0,38,0.0,0.0,1.0,38,1350,900,450,0.6666666666666666,18,9,9,343.6346051148834,0.4282390943575154,0.17671153602710277,0.18327878663763247,127646.96830257616,1187.3712652177442,128834.33956779391,673,3,169.92105263157896,35,3,18,38.685550528767216,0.5985119047619047,47.36689814814814,1010.5324074074063,28.872354497354465,7
1408,4,2,0,40,0.05,0.0,1.0,40,1200,600,600,0.5,18,6,12,330.4107712160932,0.43165064102564105,0.17631754503001962,0.1788035184306585,128230.06071950332,474.68650623612234,128704.74722573944,674,0,162.375,36,4,20,38.42422726261952,0.6024305555555556,46.79054054054054,1012.8378378378382,28.134384384384393,0
1409,4,1,1,40,0.024390243902439025,0.024390243902439025,0.975609756097561,41,1050,800,250,0.7619047619047619,13,8,5,323.6049915590093,0.4334603658536585,0.18459363659380568,0.17645630671802548,128533.39489073536,118.80963373342712,128652.20452446879,675,0,159.390243902439,37,4,19,38.28755767012686,0.6036036036036037,46.491228070175424,1014.0350877192963,27.40635372214314,0
1410,4,1,0,41,0.024390243902439025,0.0,1.0,41,850,500,350,0.5882352941176471,12,5,7,327.4036657404637,0.4337144308943089,0.19341914158361284,0.17915234293888255,128672.41753472194,225.5642361110775,128897.98177083302,676,0,160.34146341463415,37,4,20,38.04970910335385,0.6050112612612613,46.35416666666665,1014.5833333333311,27.42117117117111,0
1411,4,0,0,41,0.0,0.0,1.0,41,1250,800,450,0.64,17,8,9,331.64033315659896,0.4331808943089431,0.19562777610925797,0.18210712955894373,128811.51532202198,343.81877116033326,129155.33409318232,677,1,161.34146341463415,37,4,20,37.80064088716064,0.6064189189189189,46.21710526315788,1015.131578947367,27.435988620199108,0
1412,4,2,0,43,0.046511627906976744,0.0,1.0,43,1250,800,450,0.64,17,8,9,319.5803831607667,0.43618493909191586,0.2020142830983338,0.17832473049831846,129445.89548405622,-325.7371009468886,129120.15838310933,678,0,154.7906976744186,38,5,17,37.462598425196845,0.6110197368421053,45.5929487179487,1017.6282051282026,26.77968960863691,0
1413,4,1,1,43,0.022727272727272728,0.022727272727272728,0.9772727272727273,44,1100,800,300,0.7272727272727273,14,8,6,323.2072486133952,0.4374669661733615,0.20868955790426846,0.17378630741612083,127972.89544648734,-527.6465131302424,127445.2489333571,679,0,152.25,42,2,16,38.86887090595672,0.589781746031746,47.04457364341084,1011.8217054263546,24.090992986341774,8
1414,4,2,1,44,0.044444444444444446,0.022222222222222223,0.9777777777777777,45,1050,800,250,0.7619047619047619,13,8,5,319.2521565508434,0.44097222222222227,0.22317062559819045,0.17348298038954324,128395.77034517495,-801.6446432949078,127594.12570188005,680,0,149.7111111111111,41,4,16,38.53799595405898,0.5955284552845528,46.62698412698412,1013.4920634920622,24.719318621757616,0
1415,4,1,3,42,0.022222222222222223,0.06666666666666667,0.9333333333333333,45,1400,1100,300,0.7857142857142857,17,11,6,317.4529554874375,0.4398148148148148,0.23153091489847233,0.1737074037330133,128672.41753472202,-830.512152777798,127841.90538194422,681,0,150.13333333333333,41,4,17,38.3021047227926,0.5983231707317074,46.35416666666666,1014.5833333333317,24.745934959349555,0
1416,4,0,0,42,0.0,0.0,1.0,42,1650,1400,250,0.8484848484848485,19,14,5,336.13974213696775,0.4359998064266357,0.23809523809523858,0.18337002484851114,128550.5013149242,242.18647271529693,128792.6877876395,682,1,158.35714285714286,38,4,17,37.95235461441214,0.6019736842105263,46.474358974358964,1014.1025641025625,26.686909581646383,0
1417,4,1,0,43,0.023255813953488372,0.0,1.0,43,1400,1100,300,0.7857142857142857,17,11,6,330.47991999958265,0.43738464377999264,0.24462024410493277,0.18180125621647455,128883.87586805545,-81.29340277778783,128802.58246527766,683,0,155.65116279069767,39,4,18,37.75646286417727,0.6036324786324787,46.14583333333333,1015.4166666666657,26.036324786324762,0
1418,4,0,1,42,0.0,0.023255813953488372,0.9767441860465116,43,1100,700,400,0.6363636363636364,15,7,8,330.88704935836006,0.43726928755998523,0.24180037627062867,0.18263392147097254,129016.12548828124,-62.046983506945026,128954.0785047743,684,1,156.65116279069767,39,4,18,37.61161095731228,0.6049679487179487,46.015625,1015.9374999999999,26.049679487179485,0
1419,4,0,0,42,0.0,0.0,1.0,42,1150,800,350,0.6956521739130435,15,8,7,335.63555826102106,0.4360119047619047,0.23591434680928836,0.1852326479108559,129011.3768924866,260.16110106654133,129271.53799355314,685,2,161.02380952380952,38,4,20,37.49583727696569,0.6066337719298245,46.02029914529914,1015.9188034188029,26.73470535312639,0
1420,4,0,0,42,0.0,0.0,1.0,42,1150,800,350,0.6956521739130435,15,8,7,338.60356562873756,0.435334397986837,0.23279283337086842,0.18764198759216286,129174.23575726854,347.77136295565344,129522.0071202242,686,3,162.02380952380952,38,4,20,37.25477316517778,0.6082785087719298,45.86004273504273,1016.5598290598285,26.751574448942858,0
1421,4,1,0,43,0.023255813953488372,0.0,1.0,43,1650,1200,450,0.7272727272727273,21,12,9,330.71863001972076,0.4384228497600591,0.22815040395894792,0.18522636902069542,129591.85157933229,-28.306369655723245,129563.54520967657,687,0,159.2325581395349,37,6,19,37.03110417115371,0.6143018018018018,45.44956140350878,1018.2017543859663,27.518966334755845,0
1422,4,0,1,42,0.0,0.023255813953488372,0.9767441860465116,43,1700,1400,300,0.8235294117647058,20,14,6,332.1250557270901,0.438030638612034,0.22588437173227804,0.18739238064412592,129881.14458917751,27.35647691576986,129908.50106609327,688,1,160.2325581395349,38,5,20,36.70190930370678,0.6154057017543859,45.16559829059829,1019.3376068376074,26.824673864147563,0
1423,4,1,0,43,0.023255813953488372,0.0,1.0,43,1250,1000,250,0.8,15,10,5,332.458634247896,0.44033776301218164,0.22283980085930555,0.18849851780278562,130071.79578493678,48.69831616626129,130120.49410110305,689,0,151.04651162790697,38,5,22,36.50022692361402,0.6173245614035088,44.97863247863248,1020.0854700854699,26.844354475933418,0
1424,4,0,0,43,0.0,0.0,1.0,43,1350,1000,350,0.7407407407407407,17,10,7,329.68796430492233,0.4392534145441122,0.2182599763401183,0.1877138743128265,130235.32238476147,-12.596336474543193,130222.72604828693,690,1,152.04651162790697,38,5,22,36.405345056171946,0.6189692982456141,44.81837606837607,1020.7264957264956,26.861223571749886,0
1425,4,0,1,42,0.0,0.023255813953488372,0.9767441860465116,43,1000,700,300,0.7,13,7,6,329.3627655143689,0.4387689184200812,0.2188894162316084,0.18766018035121035,130262.58680555565,-19.267979764765784,130243.31882579088,691,2,153.04651162790697,37,6,22,36.38605442176871,0.6210585585585586,44.79166666666667,1020.8333333333342,27.59009009009011,0
1426,4,0,0,42,0.0,0.0,1.0,42,1100,700,400,0.6363636363636364,15,7,8,352.99106819949327,0.43967770034843207,0.22499700953685897,0.19201837113609693,128437.6674489883,888.824052640598,129326.4915016289,692,3,153.47619047619048,35,7,18,37.64034787242137,0.6065476190476191,46.585648148148145,1013.6574074074072,28.961640211640205,8
1427,4,2,1,43,0.045454545454545456,0.022727272727272728,0.9772727272727273,44,1850,1300,550,0.7027027027027027,24,13,11,334.7454900792642,0.44408474277660326,0.22926978681695664,0.18602542962763177,129285.0098708256,-144.48520217759676,129140.524668648,693,0,147.45454545454547,37,7,21,37.24022911051213,0.611204954954955,45.75109649122807,1016.9956140350873,27.48636794689425,0
1428,4,1,0,44,0.022727272727272728,0.0,1.0,44,1400,1000,400,0.7142857142857143,18,10,8,330.16396806597487,0.44509778012684986,0.24148553029487507,0.18531076129092688,129675.59880203518,-237.15794763773948,129438.44085439744,694,0,148.0909090909091,37,7,20,36.96027110919728,0.6151463963963963,45.36732456140351,1018.5307017543855,27.527856804172583,0
1429,4,0,1,43,0.0,0.022727272727272728,0.9772727272727273,44,1400,1000,400,0.7142857142857143,18,10,8,329.36578722907325,0.4448445207892882,0.23431155759736133,0.185448103812922,129799.47973738034,-249.69843487472144,129549.78130250562,695,1,149.0909090909091,38,6,20,36.85499231145592,0.6145833333333333,45.245726495726494,1019.0170940170938,26.816239316239308,0
1430,4,0,0,43,0.0,0.0,1.0,43,1350,700,650,0.5185185185185185,20,7,13,335.22820657466144,0.44292174234034704,0.23308485189872452,0.18861778207094673,129772.26382725182,100.6646531886908,129872.92848044052,696,2,153.2093023255814,38,5,22,36.73324944951242,0.6143092105263157,45.2724358974359,1018.9102564102566,26.81342780026991,0
1431,4,0,0,43,0.0,0.0,1.0,43,1000,400,600,0.4,16,4,12,336.8695543670011,0.4425064599483204,0.23714640265056275,0.18980500171924544,129826.6985010776,146.93241379940787,129973.63091487701,697,3,154.2093023255814,38,5,22,36.63622147674459,0.6148574561403508,45.2190170940171,1019.1239316239323,26.819050832208745,0
1432,4,2,0,45,0.044444444444444446,0.0,1.0,45,1200,900,300,0.75,15,9,6,328.7704678391035,0.44715909090909095,0.25142570927694874,0.18827009519710658,130458.54403518376,-419.6251481357993,130038.91888704796,698,0,148.3111111111111,37,8,24,36.20297574326498,0.6230292792792793,44.599780701754376,1021.6008771929813,27.610834518729224,0
1433,4,0,0,45,0.0,0.0,1.0,45,1100,800,300,0.7272727272727273,14,8,6,329.51831738378985,0.44675925925925924,0.2561886706966652,0.18897115075074064,130514.5588666704,-398.61243363344096,130115.94643303695,699,1,149.3111111111111,37,8,18,36.12724451836748,0.6235923423423424,44.54495614035087,1021.8201754385956,27.61676149834042,0
1434,4,0,1,44,0.0,0.022222222222222223,0.9777777777777777,45,1050,800,250,0.7619047619047619,13,8,5,333.41653482178845,0.44591750841750843,0.2661929641239984,0.19198533322770836,130671.89554569351,-286.3658777120456,130385.52966798146,700,2,150.3111111111111,38,7,18,35.86859979101359,0.6233552631578947,44.391025641025635,1022.4358974358965,26.906207827260435,0
1435,4,0,1,43,0.0,0.022727272727272728,0.9772727272727273,44,1700,1300,400,0.7647058823529411,21,13,8,340.6955401807398,0.4427303558844256,0.27103077103077133,0.19608921090402553,130654.64854570609,102.69121268078976,130757.33975838688,701,3,154.6818181818182,37,7,19,35.69998569998568,0.625,44.40789473684209,1022.3684210526293,27.63157894736836,0
1436,4,0,0,43,0.0,0.0,1.0,43,1700,1400,300,0.8235294117647058,20,14,6,339.45076608557963,0.4424141749723145,0.2691425572648911,0.19573630921513038,130726.51855504401,275.0433742420712,131001.56192928608,702,4,158.34883720930233,38,5,20,35.65912731578212,0.6239035087719298,44.33760683760683,1022.649572649571,26.911830859199238,0
1437,4,0,0,43,0.0,0.0,1.0,43,1750,1300,450,0.7428571428571429,22,13,9,340.40235677911073,0.44158361018826137,0.2693235952546298,0.19712054251694794,130890.45606874113,311.0839451384145,131201.54001387954,703,5,159.34883720930233,38,5,20,35.46908714414981,0.6255482456140351,44.17735042735042,1023.2905982905967,26.928699955015702,0
1438,4,0,1,42,0.0,0.023255813953488372,0.9767441860465116,43,1100,600,500,0.5454545454545454,16,6,10,340.9537627226048,0.440453119232189,0.2654992246444168,0.19814189861556802,131027.1491366241,334.8399033895589,131361.98904001366,704,6,160.34883720930233,38,5,20,35.31688058715085,0.6269188596491229,44.04380341880341,1023.8247863247847,26.942757534862753,0
1439,4,0,1,41,0.0,0.023809523809523808,0.9761904761904762,42,1700,1000,700,0.5882352941176471,24,10,14,345.9085759738598,0.4386735385210995,0.2633726293685623,0.20186282481722492,131187.6746330601,675.7883435287686,131863.46297658887,705,7,163.3095238095238,37,5,21,35.02789521566949,0.6303490990990991,43.88706140350877,1024.4517543859643,27.68788525367471,0
1440,4,0,1,40,0.0,0.024390243902439025,0.975609756097561,41,900,500,400,0.5555555555555556,13,5,8,346.1370415226431,0.4380081300813008,0.2528484861137936,0.20244034981668446,131271.93583602627,887.6159010464581,132159.55173707273,706,8,163.90243902439025,37,4,21,34.9369605535345,0.6311936936936937,43.8048245614035,1024.7807017543844,27.69677572309147,0
1441,4,0,0,40,0.0,0.0,1.0,40,1300,1000,300,0.7692307692307693,16,10,6,392.7332161460625,0.43727297008547006,0.28175855935971583,0.2128330127981914,128287.09621783937,2099.616826318521,130386.71304415789,707,9,167.525,36,4,19,36.78764636134578,0.6030092592592593,46.73423423423423,1013.0630630630624,28.140640640640623,8
1442,4,0,0,40,0.0,0.0,1.0,40,1200,800,400,0.6666666666666666,16,8,8,397.2382631361149,0.43696581196581197,0.28707088101322076,0.21604481005970794,128429.74044568201,2203.4414059329383,130633.18185161495,708,10,168.525,36,4,15,36.52719142317519,0.6044560185185186,46.59346846846846,1013.6261261261249,28.156281281281245,0
1443,4,0,0,40,0.0,0.0,1.0,40,1550,1400,150,0.9032258064516129,17,14,3,403.5242574484235,0.4364983974358974,0.2952531645569625,0.22025087652003042,128572.4639335281,2376.4216074182286,130948.88554094633,709,11,169.525,36,4,15,36.22145421570805,0.6059027777777778,46.4527027027027,1014.189189189189,28.171921921921918,0
1444,4,0,0,40,0.0,0.0,1.0,40,1000,800,200,0.8,12,8,4,404.34947897112943,0.4364983974358974,0.29421070159857887,0.22101821035023891,128629.57552146757,2402.2603684766023,131031.83588994418,710,12,170.525,36,4,15,36.141947898164595,0.6064814814814814,46.396396396396405,1014.4144144144157,28.178178178178214,0
1445,4,0,0,40,0.0,0.0,1.0,40,1500,1100,400,0.7333333333333333,19,11,8,404.53610363438725,0.43616452991452986,0.2913930885529157,0.2224468123310231,128867.17547706996,2426.2850107725562,131293.46048784253,711,13,171.525,37,3,17,35.89362850971922,0.6069819819819819,46.16228070175439,1015.3508771929831,27.441915599810354,0
1446,4,1,0,41,0.024390243902439025,0.0,1.0,41,1200,800,400,0.6666666666666666,16,8,8,398.7118072805624,0.4378556910569105,0.3026445361001302,0.22195390183794175,129352.72285997732,2116.6228835717147,131469.34574354903,712,0,168.3170731707317,34,7,19,35.54466549639166,0.617953431372549,45.68452380952381,1017.2619047619047,29.919467787114844,0
1447,4,0,0,41,0.0,0.0,1.0,41,1500,1100,400,0.7333333333333333,19,11,8,402.4486166683766,0.4378048780487805,0.3068035943517331,0.22489775637350465,129504.14540816336,2223.7528344671337,131727.8982426305,713,1,169.3170731707317,34,7,15,35.29483430799221,0.6194852941176471,45.53571428571429,1017.8571428571436,29.936974789915986,0
1448,4,0,0,41,0.0,0.0,1.0,41,1500,1000,500,0.6666666666666666,20,10,10,400.25761016389185,0.4372967479674797,0.3025587311087832,0.22497238088522198,129731.44531250003,2185.1996527777783,131916.6449652778,714,2,170.3170731707317,35,6,15,35.118438991138376,0.6196428571428572,45.3125,1018.7500000000002,29.107142857142865,0
1449,4,1,0,42,0.023809523809523808,0.0,1.0,42,1200,800,400,0.6666666666666666,16,8,8,397.7735131764168,0.4377661633759195,0.3205863959092081,0.22597026977376253,130147.65346004792,1953.8578696940197,132101.51132974194,715,0,167.23809523809524,36,6,16,34.757247176544155,0.6218171296296297,44.90427927927928,1020.3828828828831,28.343968968968976,0
1450,4,0,1,41,0.0,0.023809523809523808,0.9761904761904762,42,1450,900,550,0.6206896551724138,20,9,11,396.06979017161376,0.43710075493612077,0.31326833403984744,0.2262296937081929,130359.27456382001,1926.477010291505,132285.75157411152,716,1,168.23809523809524,32,10,18,34.58518793273985,0.6328125,44.696969696969695,1021.2121212121211,31.912878787878785,0
1451,4,0,1,40,0.0,0.024390243902439025,0.975609756097561,41,1350,1000,350,0.7407407407407407,17,10,7,392.9599367813024,0.4363821138211382,0.31282337766416357,0.22552600914103813,130544.2186448723,2059.729581170719,132603.94822604302,717,2,171.70731707317074,33,8,16,34.47643102690171,0.632260101010101,44.515931372549026,1021.936274509805,30.967765894236514,0
1452,4,0,0,40,0.0,0.0,1.0,40,1650,1400,250,0.8484848484848485,19,14,5,397.2138426200902,0.4365251068376068,0.31524978882587207,0.2187183464314078,128921.21006644078,2241.8578491445614,131163.06791558533,718,3,176.1,33,7,19,36.024169381762604,0.6158459595959596,46.10906862745098,1015.563725490196,30.774658348187756,7
1453,4,1,0,41,0.024390243902439025,0.0,1.0,41,1100,800,300,0.7272727272727273,14,8,6,389.32210770794046,0.43711890243902435,0.3096914487217166,0.2165799928938273,129326.01042868115,1870.1991121203241,131196.20954080147,719,0,172.78048780487805,33,8,20,35.81074297188755,0.619949494949495,45.71078431372548,1017.156862745097,30.82293523469991,0
1454,4,0,0,41,0.0,0.0,1.0,41,1000,700,300,0.7,13,7,6,390.5918244891807,0.43658536585365854,0.3134948381524283,0.21763042462477708,129388.34372597077,1907.6058487120326,131295.9495746828,720,1,173.78048780487805,33,8,20,35.7147876013812,0.6205808080808081,45.64950980392157,1017.4019607843137,30.830362448009506,0
1455,4,0,0,41,0.0,0.0,1.0,41,1400,800,600,0.5714285714285714,20,8,12,387.9934211965585,0.4367632113821138,0.3125499098770226,0.2171544331199584,129564.73922902478,1854.053287981843,131418.79251700663,721,2,174.78048780487805,34,7,17,35.60083411287808,0.6200980392156863,45.47619047619047,1018.0952380952368,29.943977591036376,0
1456,4,0,2,39,0.0,0.04878048780487805,0.9512195121951219,41,1000,600,400,0.6,14,6,8,388.7915733125609,0.4365091463414634,0.30998072954081546,0.21827432422980775,129685.9693877551,1884.1624149659815,131570.1318027211,722,3,175.78048780487805,34,7,17,35.45684315100513,0.6213235294117647,45.357142857142854,1018.5714285714286,29.95798319327731,0
1457,4,0,1,38,0.0,0.02564102564102564,0.9743589743589743,39,1050,900,150,0.8571428571428571,12,9,3,400.5871554350907,0.4350539811066127,0.3116414835164838,0.22432880704365082,129586.77685950411,2582.159664830118,132168.93652433422,723,8,177.48717948717947,32,7,17,35.25778149801588,0.625,45.45454545454545,1018.181818181818,31.818181818181813,0
1458,4,0,0,38,0.0,0.0,1.0,38,1350,900,450,0.6666666666666666,18,9,9,396.8401279574922,0.43446242294926507,0.29290589478904283,0.22259474771245708,129651.06398581786,2690.1489643913974,132341.21295020927,724,9,171.07894736842104,32,6,17,35.2875237622944,0.6256510416666667,45.391414141414145,1018.4343434343441,31.826073232323253,0
1459,4,2,0,40,0.05,0.0,1.0,40,1400,1100,300,0.7857142857142857,17,11,6,383.27057557826805,0.4375267094017094,0.29781468531468547,0.21923076923076923,130414.54081632648,1996.81122448979,132411.35204081627,725,0,163.475,34,6,19,34.85576923076922,0.6286764705882353,44.64285714285714,1021.428571428571,30.042016806722675,0
1460,4,0,0,40,0.0,0.0,1.0,40,850,500,350,0.5882352941176471,12,5,7,382.97464665791995,0.43716613247863245,0.2975530179445345,0.21940510130963098,130475.34722222229,1993.750000000007,132469.0972222223,726,1,164.475,34,6,19,34.80152256661228,0.6292892156862745,44.583333333333336,1021.6666666666672,30.049019607843153,0
1461,4,0,1,39,0.0,0.025,0.975,40,1050,500,550,0.47619047619047616,16,5,11,379.57299043843494,0.43640491452991453,0.2954728077326192,0.218311672397511,130627.42524092963,1916.5284863945458,132543.95372732417,727,2,165.475,34,6,17,34.73394860447963,0.6308210784313726,44.4345238095238,1022.2619047619041,30.06652661064424,0
1462,4,0,0,39,0.0,0.0,1.0,39,850,600,250,0.7058823529411765,11,6,5,391.9625097432846,0.4349134053081421,0.30997998284243633,0.224953569769391,130544.21864487216,2433.6879145040375,132977.9065593762,728,3,170.66666666666666,33,6,18,34.5019136986849,0.632260101010101,44.51593137254902,1021.9362745098039,30.967765894236482,0
1463,4,0,1,38,0.0,0.02564102564102564,0.9743589743589743,39,1200,800,400,0.6666666666666666,16,8,8,395.7201321139242,0.4340137201979308,0.3154977014037421,0.22803099325680815,130700.81218762006,2544.188533256437,133245.0007208765,729,4,171.66666666666666,33,6,18,34.24666426973475,0.6338383838383839,44.36274509803921,1022.5490196078425,30.98633392751038,0
1464,4,0,0,38,0.0,0.0,1.0,38,1050,800,250,0.7619047619047619,13,8,5,399.88077893258867,0.4333511142721669,0.3043257623037112,0.23136553176078847,130857.49959450672,2865.479773404435,133722.97936791115,730,5,171.89473684210526,33,5,18,33.980990737413656,0.6354166666666667,44.2095588235294,1023.1617647058807,31.004901960784263,0
1465,4,0,0,38,0.0,0.0,1.0,38,1250,800,450,0.64,17,8,9,369.6600299843037,0.43372155049786626,0.2019740362141309,0.21603958600395978,131243.84576263846,2103.120791974448,133346.9665546129,731,6,172.89473684210526,37,1,18,34.36273854110933,0.6309121621621622,43.83223684210526,1024.6710526315785,27.693812233285904,8
1466,4,0,0,38,0.0,0.0,1.0,38,1300,1100,200,0.8461538461538461,15,11,4,366.3574022705824,0.4330547652916074,0.19319448353504032,0.21489596682747472,131384.32618690372,2026.7240881809837,133411.0502750847,732,7,173.89473684210526,37,1,18,34.30525846702318,0.6323198198198199,43.69517543859649,1025.2192982456145,27.708629682313905,0
1467,4,0,0,38,0.0,0.0,1.0,38,1100,900,200,0.8181818181818182,13,9,4,365.8087761641367,0.4334103840682788,0.1921207347604712,0.21536444940311514,131524.88175448216,2022.5912059479836,133547.47296043014,733,8,174.89473684210526,37,1,19,34.17724478888294,0.6337274774774775,43.55811403508772,1025.7675438596493,27.723447131341874,0
1468,4,0,0,38,0.0,0.0,1.0,38,900,500,400,0.5555555555555556,13,5,8,364.88056330886764,0.4330844001896634,0.19361324028095672,0.21545218877020136,131637.3803117305,2006.3842961295722,133643.76460786007,734,9,175.89473684210526,37,1,16,34.08739804822452,0.6348536036036037,43.4484649122807,1026.206140350877,27.735301090564242,0
1469,4,0,1,37,0.0,0.02631578947368421,0.9736842105263158,38,1250,1100,150,0.88,14,11,3,367.66960393987836,0.43281768610715976,0.19467502177761586,0.2180637011334362,131806.21831957897,2092.228017274538,133898.44633685352,735,10,176.89473684210526,37,1,17,33.845323901050016,0.6365427927927928,43.28399122807017,1026.8640350877183,27.753082029397792,0
1470,4,0,0,37,0.0,0.0,1.0,37,850,500,350,0.5882352941176471,12,5,7,368.02709607074945,0.4306181181181181,0.19510894362900544,0.21884896808066354,131905.89871966562,2308.9889720801907,134214.88769174583,736,11,179.6216216216216,36,1,18,33.73552035372361,0.6394675925925926,43.18693693693694,1027.2522522522524,28.53478478478479,0
1471,4,0,1,36,0.0,0.02702702702702703,0.972972972972973,37,900,600,300,0.6666666666666666,12,6,6,366.35330172653795,0.4300863363363363,0.19083266459184034,0.21868584596848348,132050.5402995902,2275.43028670563,134325.97058629585,737,12,180.6216216216216,36,1,18,33.63258281289945,0.6409143518518519,43.046171171171174,1027.815315315316,28.550425425425445,0
1472,4,0,0,36,0.0,0.0,1.0,36,1200,800,400,0.6666666666666666,16,8,8,371.4510109582167,0.4288525132275132,0.18979552251880216,0.22149855784405695,132011.15779588916,2607.1356042095467,134618.29340009872,738,13,167.0,35,1,18,33.54133817622105,0.6425595238095239,43.08449074074075,1027.6620370370379,29.36177248677251,0
1473,4,1,0,37,0.02702702702702703,0.0,1.0,37,750,200,550,0.26666666666666666,13,2,11,379.55546636384975,0.4289289289289289,0.18481822530495062,0.2123255826688863,129545.08562616675,2458.105456812077,132003.19108297882,739,0,163.45945945945945,36,1,15,35.83563790560471,0.6157407407407407,45.4954954954955,1018.0180180180184,28.27827827827829,8
1474,4,0,1,36,0.0,0.02702702702702703,0.972972972972973,37,1100,600,500,0.5454545454545454,16,6,10,379.167081469249,0.42902277277277273,0.1879847336001268,0.21257333649884794,129631.081144489,2430.3677410518503,132061.44888554086,740,1,164.45945945945945,36,1,15,35.75786059198643,0.6166087962962963,45.41103603603603,1018.3558558558551,28.28766266266264,0
1475,4,0,0,36,0.0,0.0,1.0,36,1050,700,350,0.6666666666666666,14,7,7,382.8694230239644,0.4287202380952381,0.17870401939614355,0.21471434373408926,129643.02722318664,2727.27020640431,132370.29742959095,741,2,162.77777777777777,35,1,15,35.651423457211045,0.61875,45.39930555555555,1018.402777777777,29.0972222222222,0
1476,4,0,0,36,0.0,0.0,1.0,36,1150,900,250,0.782608695652174,14,9,5,382.526001480422,0.4287698412698413,0.177970915700977,0.21500599393554745,129731.4453124999,2725.1302083333194,132456.57552083323,742,3,163.77777777777777,35,1,17,35.57004089979549,0.6196428571428572,45.31249999999999,1018.7499999999992,29.107142857142833,0
1477,4,0,0,36,0.0,0.0,1.0,36,1350,1000,350,0.7407407407407407,17,10,7,377.90762423063524,0.42800925925925926,0.17105661519830506,0.21337245860406612,129908.37191358006,2618.672839506152,132527.04475308623,743,4,164.77777777777777,35,1,17,35.50749318801089,0.6214285714285714,45.13888888888888,1019.444444444443,29.126984126984084,0
1478,4,0,0,36,0.0,0.0,1.0,36,1600,1400,200,0.875,18,14,4,378.5392304349562,0.4271825396825397,0.17129419478489005,0.2143758161049374,130026.3899605621,2644.017918381309,132670.4078789434,744,5,165.77777777777777,35,1,17,35.37127402027538,0.6226190476190476,45.02314814814813,1019.9074074074048,29.140211640211565,0
1479,4,0,0,36,0.0,0.0,1.0,36,1000,900,100,0.9,11,9,2,377.4216444150305,0.42686838624338624,0.17044580606931703,0.21390462715303268,130055.90284475713,2617.1825435099145,132673.08538826703,745,6,166.77777777777777,35,1,17,35.36974261507619,0.6229166666666667,44.99421296296295,1020.0231481481461,29.14351851851846,0
1480,4,0,0,36,0.0,0.0,1.0,36,1250,800,450,0.64,17,8,9,375.85907849977235,0.4265707671957672,0.17375048821357986,0.21398974908260088,130233.05047850202,2589.8548686128033,132822.9053471148,746,7,167.77777777777777,35,1,17,35.229452507842915,0.624702380952381,44.82060185185184,1020.7175925925909,29.16335978835974,0
1481,4,0,0,36,0.0,0.0,1.0,36,1150,1000,150,0.8695652173913043,13,10,3,380.0678907786494,0.4265542328042328,0.17829347538630103,0.21704459549126323,130351.21588059384,2708.462336033913,133059.67821662774,747,8,168.77777777777777,35,1,18,35.001912614756876,0.6258928571428571,44.70486111111109,1021.1805555555532,29.176587301587233,0
1482,4,0,0,36,0.0,0.0,1.0,36,1100,600,500,0.5454545454545454,16,6,10,380.45763402243523,0.4267526455026455,0.17966025955716725,0.21792988549747108,130469.43486636209,2727.6185003000464,133197.05336666215,748,9,169.77777777777777,35,1,19,34.8718184736226,0.6270833333333333,44.58912037037036,1021.6435185185168,29.189814814814763,0
1483,4,0,0,36,0.0,0.0,1.0,36,1300,800,500,0.6153846153846154,18,8,10,383.4138135260994,0.42595899470899473,0.17842497201152296,0.22063154494306403,130646.86381440744,2818.3624560613703,133465.22627046882,749,10,170.77777777777777,35,1,16,34.616046831955934,0.6288690476190476,44.41550925925925,1022.3379629629618,29.20965608465605,0
1484,4,0,0,36,0.0,0.0,1.0,36,1000,500,500,0.5,15,5,10,383.08830639186664,0.4250330687830688,0.17797958080293674,0.22112027195198738,130765.21675936645,2818.9250846622085,133584.14184402867,750,11,171.77777777777777,35,1,16,34.5041916562936,0.6300595238095238,44.29976851851852,1022.8009259259262,29.222883597883605,0
1485,4,0,0,36,0.0,0.0,1.0,36,900,700,200,0.7777777777777778,11,7,4,381.6169129338365,0.42447089947089944,0.17346265505410408,0.22094794546483623,130883.62328800156,2789.48085455247,133673.10414255402,751,12,172.77777777777777,35,1,17,34.42165761791653,0.63125,44.18402777777778,1023.263888888889,29.236111111111114,0
1486,4,0,0,36,0.0,0.0,1.0,36,850,600,250,0.7058823529411765,11,6,5,382.8141583366741,0.4238095238095238,0.17833000364381135,0.2219820066997514,130942.84664619766,2825.3551258144657,133768.20177201214,752,13,173.77777777777777,35,1,17,34.33094443816201,0.6318452380952381,44.126157407407405,1023.49537037037,29.242724867724856,0
1487,4,0,1,35,0.0,0.027777777777777776,0.9722222222222222,36,950,600,350,0.631578947368421,13,6,7,381.653251254809,0.42367724867724865,0.1802556372087183,0.22164957369328853,131002.08340031293,2799.4742101766124,133801.55761048954,753,14,174.77777777777777,35,1,17,34.3005700018843,0.6324404761904762,44.06828703703704,1023.7268518518518,29.249338624338623,0
1488,4,0,0,35,0.0,0.0,1.0,35,1300,800,500,0.6153846153846154,18,8,10,385.64233889307803,0.42160364145658263,0.20248750435894425,0.22462295473914382,131114.67013888902,3112.67361111113,134227.34375000015,754,15,179.6,34,1,17,34.08428261459181,0.6357230392156863,43.95833333333334,1024.1666666666679,30.122549019607877,0
1489,4,0,0,35,0.0,0.0,1.0,35,1050,800,250,0.7619047619047619,13,8,5,384.8698927944613,0.421218487394958,0.1956983536909187,0.22506521991676087,131267.1201814058,3104.1524943310524,134371.27267573687,755,16,180.6,34,1,17,33.949523698884754,0.6372549019607843,43.8095238095238,1024.761904761904,30.140056022408938,0
1490,4,0,0,35,0.0,0.0,1.0,35,1350,1100,250,0.8148148148148148,16,11,5,386.22252148983614,0.4199229691876751,0.1978608738910539,0.22711993328566138,131480.6990504536,3156.1614229025045,134636.86047335612,756,17,181.6,34,1,18,33.698491004062674,0.6393995098039216,43.60119047619048,1025.5952380952388,30.164565826330552,0
1491,4,0,0,35,0.0,0.0,1.0,35,1550,1200,350,0.7741935483870968,19,12,7,389.1559584627559,0.42051820728291317,0.2052369903878024,0.2297619425992436,131633.36167800458,3245.181405895699,134878.5430839003,757,18,182.6,34,1,16,33.46867749419955,0.6409313725490196,43.452380952380956,1026.1904761904766,30.182072829131666,0
1492,4,0,0,35,0.0,0.0,1.0,35,1000,500,500,0.5,15,5,10,388.6221327373924,0.4201330532212885,0.20292207792207795,0.23018387862137868,131755.5555555556,3240.6250000000055,134996.1805555556,758,19,183.6,34,1,16,33.35869859307359,0.642156862745098,43.333333333333336,1026.666666666667,30.19607843137256,0
1493,4,0,0,35,0.0,0.0,1.0,35,1050,600,450,0.5714285714285714,15,6,9,389.355186740758,0.41929271708683474,0.20507045985195993,0.23117461775722759,131847.2381660997,3267.081207482982,135114.3193735827,759,20,184.6,34,1,17,33.24712144043892,0.6430759803921569,43.24404761904761,1027.023809523809,30.206582633053205,0
1494,4,0,0,35,0.0,0.0,1.0,35,1000,600,400,0.6,14,6,8,384.27545893783713,0.41887254901960785,0.1924165417382715,0.2141746388117162,129400.03289116762,3027.2403223984957,132427.2732135661,760,21,185.6,31,4,21,35.86351420527258,0.6256720430107527,45.638020833333336,1017.4479166666673,32.82090053763443,8
1495,4,0,0,35,0.0,0.0,1.0,35,1000,600,400,0.6,14,6,8,384.9524876562233,0.4178921568627451,0.19845391911401866,0.21509461015072914,129499.41211276599,2970.224168565557,132469.63628133154,761,22,186.6,31,4,19,35.74487761715917,0.6266801075268817,45.54036458333334,1017.8385416666679,32.83350134408606,0
1496,4,0,0,35,0.0,0.0,1.0,35,700,600,100,0.8571428571428571,8,6,2,384.7909116415244,0.41810224089635856,0.19951400434838207,0.21536722534896802,129565.68611992746,2971.1396959093126,132536.82581583678,762,23,187.6,31,4,19,35.68137975870742,0.6273521505376345,45.47526041666668,1018.0989583333346,32.841901881720474,0
1497,4,0,0,35,0.0,0.0,1.0,35,800,600,200,0.75,10,6,4,385.92555220135307,0.4174719887955182,0.19683270316181734,0.2163672934599845,129631.97708129892,3005.6584676106913,132637.6355489096,763,24,188.6,31,4,19,35.58488364659253,0.6280241935483871,45.41015625000001,1018.3593750000007,32.85030241935486,0
1498,4,2,0,37,0.05405405405405406,0.0,1.0,37,900,600,300,0.6666666666666666,12,6,6,366.010816828667,0.4211398898898899,0.18541227252661074,0.20790923718824267,130144.46159122077,2126.856138545948,132271.3177297667,764,0,179.35135135135135,35,2,21,35.57074258923172,0.6238095238095238,44.907407407407405,1020.3703703703696,29.153439153439134,0
1499,4,0,0,37,0.0,0.0,1.0,37,1150,900,250,0.782608695652174,14,9,5,368.52713697185135,0.4207645145145145,0.1918584873568434,0.2098154177504686,130233.05047850226,2198.88264639061,132431.93312489288,765,1,180.35135135135135,35,2,21,35.41654855047814,0.624702380952381,44.820601851851855,1020.7175925925928,29.163359788359795,0
1500,4,0,0,37,0.0,0.0,1.0,37,750,300,450,0.4,12,3,9,368.82126264269203,0.4200763263263263,0.1929106441173596,0.2104710558673566,130323.3577806122,2213.208422675906,132536.56620328812,766,2,181.35135135135135,34,3,21,35.31732151879057,0.6277573529411764,44.732142857142854,1021.0714285714283,30.03151260504201,0
1501,4,0,0,37,0.0,0.0,1.0,37,900,500,400,0.5555555555555556,13,5,8,368.8772935542294,0.4198260760760761,0.1933922731311395,0.21066773795660337,130353.74858276655,2216.9075963718897,132570.65617913843,767,3,182.35135135135135,34,3,21,35.28503147586849,0.6280637254901961,44.702380952380956,1021.190476190477,30.035014005602267,0
1502,4,1,1,37,0.02631578947368421,0.02631578947368421,0.9736842105263158,38,1100,800,300,0.7272727272727273,14,8,6,361.5084637334432,0.4210674490279753,0.19028752546977556,0.20818551294792925,130676.44702717755,1848.1283221879178,132524.57534936548,768,0,178.52631578947367,35,3,18,35.14593238246171,0.6291666666666667,44.38657407407407,1022.453703703703,29.212962962962944,0
1503,4,0,0,37,0.0,0.0,1.0,37,1050,900,150,0.8571428571428571,12,9,3,364.75092647570705,0.42042042042042044,0.1808242631772048,0.21102082395584076,130854.01663237296,2145.8247599451133,132999.84139231808,769,1,179.8918918918919,35,2,19,34.88310708898945,0.6309523809523809,44.212962962962955,1023.148148148147,29.2328042328042,0
1504,4,0,2,35,0.0,0.05405405405405406,0.9459459459459459,37,1300,1100,200,0.8461538461538461,15,11,4,364.7562553505336,0.4196071071071071,0.18058148595175205,0.21183644639366145,131002.0834003127,2156.765876843252,133158.84927715594,770,2,180.8918918918919,35,2,20,34.73301771245524,0.6324404761904762,44.068287037037024,1023.7268518518499,29.24933862433857,0
1505,4,1,0,36,0.027777777777777776,0.0,1.0,36,650,300,350,0.46153846153846156,10,3,7,374.9047488337058,0.418369708994709,0.19611149879817047,0.21750546764319856,130962.30867346935,2619.678287981853,133581.9869614512,771,0,186.55555555555554,34,2,21,34.51359812359463,0.6341911764705883,44.107142857142854,1023.5714285714283,30.105042016806717,0
1506,4,0,0,36,0.0,0.0,1.0,36,1000,600,400,0.6,14,6,8,376.74242283572676,0.4183531746031746,0.19812058249667253,0.21874463835006172,130992.77388038543,2670.1070011337797,133662.8808815192,772,1,187.55555555555554,34,2,21,34.43569019653447,0.6344975490196079,44.07738095238095,1023.6904761904758,30.108543417366935,0
1507,4,0,0,36,0.0,0.0,1.0,36,1200,800,400,0.6666666666666666,16,8,8,375.18146987519003,0.4183366402116402,0.19640735575184665,0.21870334463456206,131145.15306122453,2640.6462585034064,133785.79931972793,773,2,188.55555555555554,34,2,22,34.32124593212459,0.6360294117647058,43.92857142857143,1024.2857142857147,30.126050420168077,0
1508,4,1,0,37,0.02702702702702703,0.0,1.0,37,1250,900,350,0.72,16,9,7,365.26516334516486,0.4217655155155155,0.18932641317838228,0.21510598955004614,131535.81700370798,2209.0903367198184,133744.9073404278,774,0,184.43243243243242,35,2,23,34.180135582383684,0.6377976190476191,43.5474537037037,1025.810185185185,29.30886243386243,0
1509,4,0,0,37,0.0,0.0,1.0,37,900,600,300,0.6666666666666666,12,6,6,368.11335575973806,0.4214214214214214,0.19316688968205864,0.21745910229990656,131654.57182623883,2292.761247213646,133947.33307345246,775,1,185.43243243243242,35,2,16,33.987091650689834,0.6389880952380953,43.43171296296296,1026.2731481481478,29.32208994708994,0
1510,4,0,0,37,0.0,0.0,1.0,37,600,500,100,0.8333333333333334,7,5,2,364.5466458388676,0.4216403903903904,0.1877083396812822,0.21585639176173263,131743.67310742452,2205.3428283607623,133949.01593578528,776,2,186.43243243243242,35,2,17,33.98863209319804,0.6398809523809523,43.344907407407405,1026.62037037037,29.33201058201057,0
1511,4,0,0,37,0.0,0.0,1.0,37,650,500,150,0.7692307692307693,8,5,3,366.8444345428541,0.42170295295295296,0.189847196159189,0.21755640529840922,131803.0907064472,2270.246056241429,134073.33676268862,777,3,187.43243243243242,35,2,17,33.869664863240146,0.6404761904761904,43.28703703703704,1026.851851851852,29.338624338624342,0
1512,4,0,1,36,0.0,0.02702702702702703,0.972972972972973,37,750,400,350,0.5333333333333333,11,4,7,346.80840275168396,0.42170295295295296,0.13122130111867847,0.19033227109713835,128789.87295310367,1533.0820258916428,130322.95497899532,778,4,188.43243243243242,35,2,16,37.437761307487634,0.6101190476190477,46.23842592592593,1015.0462962962971,29.001322751322775,8
1513,4,1,2,35,0.02702702702702703,0.05405405405405406,0.9459459459459459,37,1000,700,300,0.7,13,7,6,344.8517521978682,0.42251626626626626,0.13858971753708538,0.19038419376055934,129024.9445408953,1498.8956404321254,130523.84018132742,779,0,189.13513513513513,35,2,17,37.24794941900204,0.6125,46.00694444444446,1015.9722222222242,29.027777777777835,0
1514,4,1,1,35,0.027777777777777776,0.027777777777777776,0.9722222222222222,36,550,400,150,0.7272727272727273,7,4,3,352.39818832421076,0.42096560846560843,0.15288027279944782,0.19497234826466572,129110.63102324284,1899.6704931973009,131010.30151644014,780,0,184.77777777777777,34,2,18,36.968978173441094,0.6155024509803921,45.92261904761906,1016.3095238095256,29.891456582633104,0
1515,4,0,0,35,0.0,0.0,1.0,35,1450,1100,350,0.7586206896551724,18,11,7,360.1350193460339,0.4197829131652661,0.1443482153618354,0.19986891341231036,129232.53864198845,2308.232560793901,131540.77120278234,781,1,186.11428571428573,33,2,20,36.648160981881,0.6190025252525253,45.80269607843136,1016.7892156862728,30.811794414735537,0
1516,4,0,0,35,0.0,0.0,1.0,35,800,500,300,0.625,11,5,6,363.79112648438445,0.4192577030812325,0.15030891286764114,0.20253723279321753,129357.1752000431,2411.7984969723057,131768.9736970154,782,2,187.11428571428573,33,2,21,36.428216479942186,0.6202651515151515,45.68014705882352,1017.2794117647047,30.82664884135469,0
1517,4,0,0,35,0.0,0.0,1.0,35,1350,800,550,0.5925925925925926,19,8,11,363.44653115365605,0.4190126050420168,0.1541138043665118,0.20379491726632123,129637.82709775084,2423.283712994993,132061.11081074583,783,3,188.11428571428573,33,2,15,36.15122342559165,0.6231060606060606,45.40441176470588,1018.3823529411762,30.860071301247764,0
1518,4,0,0,35,0.0,0.0,1.0,35,800,500,300,0.625,11,5,6,400.17612491320745,0.4190826330532213,0.1932980599647265,0.21609510745313218,128144.53125000013,3256.0763888889037,131400.60763888902,784,4,189.11428571428573,33,2,17,36.74554183813443,0.6079545454545454,46.87500000000001,1012.500000000001,30.681818181818212,8
1519,4,4,4,35,0.10256410256410256,0.10256410256410256,0.8974358974358975,39,800,600,200,0.75,10,6,4,368.6710764828691,0.4344073324336482,0.17405790123251763,0.20358201398630899,129034.22807979374,1714.2375538627198,130748.46563365647,785,0,170.6153846153846,37,2,17,36.6334808259587,0.6086711711711712,45.997807017543856,1016.0087719298242,27.459696538643897,0
1520,4,2,0,37,0.05405405405405406,0.0,1.0,37,1250,1000,250,0.8,15,10,5,383.52662721893506,0.43058683683683685,0.21383229383229407,0.2112646675358539,128936.76757812488,2490.136718749987,131426.90429687488,786,0,180.64864864864865,35,2,20,36.35576923076922,0.6116071428571428,46.09374999999999,1015.6249999999991,29.017857142857117,0
1521,4,1,0,38,0.02631578947368421,0.0,1.0,38,1050,900,150,0.8571428571428571,12,9,3,370.8670582070617,0.4317211948790896,0.21087064572342218,0.2064313220127843,129348.51794249396,1994.4921339163197,131343.01007641028,787,0,176.8684210526316,35,3,21,36.25708745780712,0.6157738095238094,45.688657407407405,1017.24537037037,29.06415343915343,0
1522,4,0,0,38,0.0,0.0,1.0,38,1400,1100,300,0.7857142857142857,17,11,6,368.28043848409214,0.43121740161213845,0.20712088385621708,0.20575973164098546,129495.73072059345,1938.1488983196296,131433.87961891308,788,1,177.8684210526316,35,3,15,36.172864073989835,0.6172619047619048,45.54398148148149,1017.8240740740755,29.08068783068787,0
1523,4,0,0,38,0.0,0.0,1.0,38,1000,800,200,0.8,12,8,4,367.7552190827816,0.43078769559032715,0.20603614868705256,0.20592887729288548,129584.09857521013,1931.0457122342361,131515.14428744436,789,2,178.8684210526316,35,3,16,36.09623072259483,0.6181547619047619,45.45717592592593,1018.1712962962969,29.090608465608483,0
1524,4,1,2,37,0.02564102564102564,0.05128205128205128,0.9487179487179487,39,1050,700,350,0.6666666666666666,14,7,7,360.08594932328634,0.4330859199280252,0.2082830054436855,0.20340699616086977,129927.00277970142,1556.9776277316103,131483.98040743303,790,0,175.25641025641025,37,2,17,35.94276546927656,0.6176801801801801,45.12061403508772,1019.517543859649,27.554528212422944,0
1525,4,0,0,37,0.0,0.0,1.0,37,900,500,400,0.5555555555555556,13,5,8,378.18240744045096,0.42899149149149146,0.22600234056081248,0.21208585105599304,129643.02722318692,2405.742428626561,132048.7696518135,791,1,185.32432432432432,35,2,17,35.77075519945448,0.61875,45.399305555555564,1018.4027777777793,29.097222222222268,0
1526,4,2,0,39,0.05128205128205128,0.0,1.0,39,1100,800,300,0.7272727272727273,14,8,6,361.34943773427716,0.43080859199280247,0.21684981684981697,0.20588514475557676,130262.58680555575,1614.062500000024,131876.64930555577,792,0,176.76923076923077,38,1,20,35.569727891156475,0.6192434210526316,44.79166666666668,1020.833333333335,26.86403508771934,0
1527,4,0,0,39,0.0,0.0,1.0,39,750,500,250,0.6666666666666666,10,5,5,359.5403288977806,0.43058367071524967,0.21368296254968944,0.20547822941671093,130380.76560356662,1575.42866941016,131956.19427297678,793,1,177.76923076923077,35,4,21,35.49599576911454,0.6261904761904762,44.67592592592593,1021.296296296297,29.179894179894198,0
1528,4,0,0,39,0.0,0.0,1.0,39,1350,1000,350,0.7407407407407407,17,10,7,355.10259261207864,0.43058367071524967,0.20480301037429371,0.2040280413374928,130587.70743580667,1474.406694744505,132062.11413055117,794,2,178.76923076923077,35,4,16,35.399563092137555,0.6282738095238095,44.473379629629626,1022.1064814814808,29.20304232804231,0
1529,4,0,0,39,0.0,0.0,1.0,39,750,400,350,0.5333333333333333,11,4,7,354.47926512287347,0.43041497975708504,0.20255016722408015,0.20382557744565222,130617.28395061725,1460.2237654320957,132077.50771604935,795,3,179.76923076923077,35,4,16,35.38552989130436,0.6285714285714286,44.44444444444444,1022.222222222222,29.2063492063492,0
1530,4,0,1,38,0.0,0.02564102564102564,0.9743589743589743,39,1200,900,300,0.75,15,9,6,366.30638487307965,0.430668016194332,0.16568047337278102,0.1987284245492537,128330.72015570952,1766.6029892349302,130097.32314494446,796,4,180.76923076923077,33,6,20,37.412312530237074,0.6098484848484849,46.691176470588246,1013.2352941176484,30.704099821746922,8
1531,4,0,0,38,0.0,0.0,1.0,38,1250,700,550,0.56,18,7,11,373.3995295987523,0.4298245614035088,0.14964566486270292,0.18967254754407073,125655.61933106578,1783.9498299319728,127439.56916099775,797,5,186.42105263157896,34,4,18,39.985801076545556,0.5802696078431373,49.345238095238095,1002.6190476190478,29.48879551820729,8
1532,4,2,0,40,0.05,0.0,1.0,40,1450,1100,350,0.7586206896551724,18,11,7,356.20822035490903,0.4358573717948718,0.15821243523316086,0.18381868055747955,126305.47417534707,998.808416595786,127304.28259194286,798,0,178.05,35,5,14,39.74632987910189,0.5848214285714286,48.69791666666666,1005.2083333333321,28.72023809523806,0
1533,4,1,0,41,0.024390243902439025,0.0,1.0,41,1200,800,400,0.6666666666666666,16,8,8,347.27463381501786,0.4391260162601626,0.1642296431913861,0.18079720161167423,126666.55411746219,597.6162395503734,127264.17035701257,799,0,174.6829268292683,36,5,15,39.59941455047171,0.5865162037037037,48.33896396396397,1006.6441441441452,27.962337337337367,0
1534,4,0,0,41,0.0,0.0,1.0,41,1550,1200,350,0.7741935483870968,19,12,7,350.83150524555225,0.4388465447154472,0.1662681154480634,0.18341249645946603,126836.65242522926,699.6587381300185,127536.31116335928,800,1,175.6829268292683,36,5,17,39.335056828768394,0.5882523148148149,48.17004504504504,1007.3198198198196,27.9811061061061,0
1535,4,3,1,43,0.06818181818181818,0.022727272727272728,0.9772727272727273,44,1350,1100,250,0.8148148148148148,16,11,5,329.25897858354284,0.4430386715997181,0.1777619998312856,0.17536973274474366,127591.41845703125,-397.87597656250006,127193.54248046875,801,0,164.63636363636363,39,5,14,39.105513454995354,0.5905448717948718,47.421875,1010.3125,25.90544871794872,0
1536,4,0,2,41,0.0,0.046511627906976744,0.9534883720930233,43,1200,1000,200,0.8333333333333334,14,10,4,344.663893102899,0.4422065337763012,0.19460718920085496,0.17993748955161917,126779.94030770687,222.09249539346035,127002.03280310033,802,1,169.46511627906978,36,7,17,39.54862275895484,0.5876736111111112,48.226351351351376,1007.0945945945988,27.974849849849967,7
1537,4,2,1,42,0.046511627906976744,0.023255813953488372,0.9767441860465116,43,1200,900,300,0.75,15,9,6,344.9064572104581,0.4417912513842746,0.2216719852289828,0.18197364897375015,127208.74592764067,175.407195233284,127384.15312287396,803,0,165.88372093023256,35,8,20,39.10241701086125,0.594047619047619,47.80092592592593,1008.7962962962969,28.82275132275134,0
1538,4,1,2,41,0.023255813953488372,0.046511627906976744,0.9534883720930233,43,1900,1600,300,0.8421052631578947,22,16,6,345.39665905799257,0.4420450350682909,0.2323821356006781,0.18572046568737638,127973.5579117968,240.32787009981666,128213.88578189662,804,0,162.8372093023256,36,7,15,38.30690038953813,0.5998263888888888,47.04391891891891,1011.8243243243232,28.106231231231202,0
1539,4,0,0,41,0.0,0.0,1.0,41,1200,700,500,0.5833333333333334,17,7,10,362.07731064296877,0.43762703252032525,0.25311367785227423,0.19410009450296056,127851.72994898816,1058.442108196136,128910.17205718429,805,1,171.609756097561,35,6,15,38.00974670023652,0.6005952380952381,47.16435185185184,1011.3425925925911,28.895502645502603,0
1540,4,1,0,42,0.023809523809523808,0.0,1.0,42,1250,900,350,0.72,16,9,7,361.27103393540676,0.4385283584978707,0.26997541821662474,0.19623381967359915,128379.0134173524,876.2586805555413,129255.27209790795,806,0,168.5,35,7,16,37.49048271661338,0.605952380952381,46.64351851851851,1013.4259259259247,28.95502645502642,0
1541,4,0,1,41,0.0,0.023809523809523808,0.9761904761904762,42,1050,600,450,0.5714285714285714,15,6,9,362.91987239632203,0.4381775067750677,0.27664709719504255,0.19771007973829485,128496.33487654322,926.7746913580261,129423.10956790124,807,1,169.5,35,7,17,37.32876712328767,0.6071428571428572,46.52777777777778,1013.8888888888889,28.96825396825397,0
1542,4,1,0,42,0.023809523809523808,0.0,1.0,42,1100,900,200,0.8181818181818182,13,9,4,354.3869854951741,0.4397744870305846,0.26640469852537274,0.19482640617222488,128858.14868922973,733.1301740930026,129591.27886332273,808,0,167.45238095238096,36,6,18,37.175807823129226,0.6087962962962963,46.17117117117117,1015.315315315315,28.203203203203195,0
1543,4,0,0,42,0.0,0.0,1.0,42,1100,800,300,0.7272727272727273,14,8,6,353.64599977384574,0.4396293070073558,0.2625593918276845,0.19498086295599568,128972.51136271408,722.1225448421404,129694.63390755623,809,1,168.45238095238096,36,6,19,37.07802106430155,0.6099537037037037,46.05855855855856,1015.7657657657659,28.215715715715717,0
1544,4,0,1,41,0.0,0.023809523809523808,0.9761904761904762,42,1050,600,450,0.5714285714285714,15,6,9,356.4553821802224,0.4394599303135889,0.26320816447146234,0.19709885838200542,129086.92476260051,802.7458201444791,129889.67058274499,810,2,169.45238095238096,36,6,19,36.89005245271869,0.6111111111111112,45.94594594594595,1016.2162162162167,28.228228228228243,0
1545,4,2,0,43,0.046511627906976744,0.0,1.0,43,1200,1000,200,0.8333333333333334,14,10,4,351.0770714229774,0.4418835363602805,0.27601872813336037,0.19639459936037867,129545.08562616685,496.112582176788,130041.19820834365,811,0,165.93023255813952,36,7,17,36.560425884955755,0.6157407407407407,45.495495495495504,1018.0180180180192,28.27827827827831,0
1546,4,0,0,43,0.0,0.0,1.0,43,1350,1000,350,0.7407407407407407,17,10,7,351.7120317515745,0.44137596899224807,0.27949152498784824,0.19718114712520102,129631.08114448928,518.5621854963244,130149.6433299856,812,1,166.93023255813952,36,7,17,36.4568358583066,0.6166087962962963,45.411036036036045,1018.3558558558574,28.287662662662704,0
1547,4,0,0,43,0.0,0.0,1.0,43,1600,1300,300,0.8125,19,13,6,355.38332171006925,0.441422111480251,0.28250320946749086,0.20003496115394756,129787.30384589492,624.8486313096386,130412.15247720455,813,2,167.93023255813952,37,6,17,36.20455809031889,0.6162725225225225,45.25767543859649,1018.9692982456143,27.53971076339498,0
1548,4,0,0,43,0.0,0.0,1.0,43,1900,1200,700,0.631578947368421,26,12,14,352.95287370282705,0.4407991878922111,0.2734859704599124,0.19909283458382762,129871.1141889812,567.676592797779,130438.79078177898,814,3,168.93023255813952,37,6,17,36.18133247274813,0.6171171171171171,45.175438596491226,1019.298245614035,27.548601232811755,0
1549,4,0,1,42,0.0,0.023255813953488372,0.9767441860465116,43,850,600,250,0.7058823529411765,11,6,5,352.1754385205577,0.44068383167220376,0.2729078664173954,0.19870525481517684,129881.14458917745,548.1898102491016,130429.33439942655,815,4,169.93023255813952,38,5,17,36.19095657338504,0.6154057017543859,45.16559829059829,1019.3376068376069,26.824673864147552,0
1550,4,1,0,43,0.023255813953488372,0.0,1.0,43,1400,1000,400,0.7142857142857143,18,10,8,353.4806781391103,0.4400609080841639,0.2740912500852484,0.20041766715393255,130071.79578493677,595.5733161662606,130667.36910110303,816,0,170.74418604651163,38,5,18,35.96411988549085,0.6173245614035088,44.97863247863248,1020.0854700854698,26.844354475933415,0
1551,4,1,0,44,0.022727272727272728,0.0,1.0,44,1500,1000,500,0.6666666666666666,20,10,10,345.82132179582453,0.44108967582804787,0.2673530030767386,0.19791452429084672,130435.08193582077,221.8659632965558,130656.94789911732,817,0,167.8409090909091,36,8,20,35.7912578547018,0.6247106481481481,44.62274774774774,1021.5090090090074,28.375250250250204,0
1552,4,0,0,44,0.0,0.0,1.0,44,1200,900,300,0.75,15,9,6,346.05687225371673,0.4410566420014094,0.27007513148009,0.19863795798244632,130550.14209733364,235.55476929629884,130785.69686662994,818,1,168.8409090909091,36,8,18,35.668732782369126,0.6258680555555556,44.51013513513512,1021.959459459458,28.387762762762723,0
1553,4,0,0,44,0.0,0.0,1.0,44,1600,1200,400,0.75,20,12,8,344.43094664773923,0.4407813601127555,0.27412339019108756,0.1986080133320578,130726.51855504418,205.2517075754211,130931.7702626196,819,2,169.8409090909091,38,6,18,35.53180282769187,0.6239035087719298,44.337606837606835,1022.6495726495725,26.911830859199277,0
1554,4,0,1,43,0.0,0.022727272727272728,0.9772727272727273,44,1100,500,600,0.45454545454545453,17,5,12,341.9400046312012,0.4402968639887244,0.2713502726911541,0.19785356130039883,130859.79327781106,149.23966389056187,131009.03294170162,820,3,170.8409090909091,40,4,18,35.46074195470799,0.621875,44.20731707317074,1023.1707317073189,25.579268292682972,0
1555,4,1,1,43,0.022727272727272728,0.022727272727272728,0.9772727272727273,44,1650,1200,450,0.7272727272727273,21,12,9,337.10201469011275,0.4417943974630021,0.2733943621040398,0.19627208672566476,131099.43000637766,38.776395975070585,131138.20640235272,821,0,168.95454545454547,41,3,19,35.34249975782234,0.6227134146341464,43.97321428571429,1024.1071428571436,24.978222996515697,0
1556,4,0,0,43,0.0,0.0,1.0,43,1500,1200,300,0.8,18,12,6,345.1440830456558,0.4400839793281654,0.2802049852675488,0.2011976410073548,131145.89659139735,452.8460448476469,131598.742636245,822,1,173.65116279069767,40,3,19,35.089666633594604,0.6247395833333333,43.927845528455286,1024.2886178861793,25.60721544715448,0
1557,4,1,0,44,0.022727272727272728,0.0,1.0,44,1550,1000,550,0.6451612903225806,21,10,11,354.16237354948885,0.4401867512332629,0.310492037915546,0.20928530195882303,131666.88484243822,526.4178068609847,132193.3026492992,823,0,170.6818181818182,40,4,18,34.332607188830565,0.6299479166666666,43.419715447154466,1026.3211382113811,25.65802845528453,0
1558,4,0,1,43,0.0,0.022727272727272728,0.9772727272727273,44,1600,1100,500,0.6875,21,11,10,352.2936920866279,0.43952607470049326,0.3017430614907106,0.20903862351939984,131823.38271077088,488.1092397052149,132311.4919504761,824,1,171.6818181818182,40,4,18,34.22274451591622,0.6315104166666667,43.26727642276423,1026.9308943089443,25.673272357723608,0
1559,4,0,1,42,0.0,0.023255813953488372,0.9767441860465116,43,1150,900,250,0.782608695652174,14,9,5,352.86272557603405,0.43994555186415657,0.291755573623945,0.20973252931195493,131887.99622858394,707.6715639959605,132595.66779257992,825,2,171.86046511627907,41,2,18,34.143004313952744,0.630589430894309,43.204365079365076,1027.182539682539,25.053232675183878,0
1560,4,0,1,41,0.0,0.023809523809523808,0.9761904761904762,42,1500,1200,300,0.8,18,12,6,354.82749078593946,0.4383952768099109,0.2876613317135419,0.21170326928131,132032.19112507434,969.730215975938,133001.92134105027,826,3,172.4047619047619,40,2,18,33.947229638419195,0.63359375,43.0640243902439,1027.7439024390242,25.693597560975604,0
1561,4,1,0,42,0.023809523809523808,0.0,1.0,42,1700,1300,400,0.7647058823529411,21,13,8,351.8318088674963,0.4377298683701123,0.2856225568366244,0.2113705282590897,132293.43401951538,909.0076384757642,133202.44165799115,827,0,173.26190476190476,40,2,19,33.76119562711976,0.6361979166666667,42.80995934959349,1028.760162601625,25.71900406504063,0
1562,4,1,1,42,0.023255813953488372,0.023255813953488372,0.9767441860465116,43,1150,800,350,0.6956521739130435,15,8,7,344.8115811556725,0.4385612772240679,0.20460957266142188,0.19911236743154595,130781.8193225759,424.2869654306419,131206.10628800656,828,0,170.2093023255814,40,3,17,35.466136777612206,0.62109375,44.28353658536586,1022.865853658537,25.571646341463428,8
1563,4,1,1,42,0.023255813953488372,0.023255813953488372,0.9767441860465116,43,1750,1500,250,0.8571428571428571,20,15,5,346.9599680774661,0.43798449612403095,0.22267049493615954,0.20184576433883097,131067.83743142331,495.05853823784275,131562.89596966116,829,0,170.90697674418604,40,3,20,35.12203089850472,0.6239583333333334,44.00406504065042,1023.9837398374,25.599593495935,0
1564,4,0,0,42,0.0,0.0,1.0,42,1200,1100,100,0.9166666666666666,13,11,2,344.32961018551487,0.4350924312814557,0.210918559755769,0.19495672946802636,130017.30974687709,612.865603956864,130630.17535083395,830,1,175.92857142857142,38,4,18,36.25274984286614,0.6167763157894737,45.032051282051285,1019.871794871795,26.838731443994607,7
1565,4,0,0,42,0.0,0.0,1.0,42,850,500,350,0.5882352941176471,12,5,7,347.1406966481092,0.43514082462253195,0.2141959423065416,0.19682300306390413,130071.79578493677,630.6427606107052,130702.43854554747,831,2,176.92857142857142,38,4,18,36.125802960480385,0.6173245614035088,44.97863247863248,1020.0854700854698,26.844354475933415,0
1566,4,0,0,42,0.0,0.0,1.0,42,1500,1100,400,0.7333333333333333,19,11,8,342.89671157337386,0.4346326945412311,0.20677203316517478,0.19510464459906604,130209.423828125,529.676649305555,130739.10047743056,832,3,177.92857142857142,39,3,18,36.094526093760635,0.6169871794871795,44.84375,1020.625,26.169871794871796,0
1567,4,0,0,42,0.0,0.0,1.0,42,1450,1000,450,0.6896551724137931,19,10,9,344.8127644836471,0.4345963995354239,0.20573136373630296,0.19688787710828995,130346.55044100122,589.0525810826562,130935.60302208387,833,4,178.92857142857142,37,5,18,35.90668509968144,0.6219031531531531,44.70942982456141,1021.1622807017557,27.59898055950691,0
1568,4,0,1,41,0.0,0.023809523809523808,0.9761904761904762,42,900,500,400,0.5555555555555556,13,5,8,346.07648607856726,0.4337616144018583,0.20799659401562587,0.19829415436604797,130480.80490037626,631.2676921250678,131112.07259250132,834,5,179.92857142857142,38,4,18,35.73843633448359,0.6214364035087719,44.577991452991455,1021.6880341880345,26.886527215474594,0
1569,4,0,0,41,0.0,0.0,1.0,41,1050,700,350,0.6666666666666666,14,7,7,351.5100084970413,0.43140243902439024,0.20400255526814615,0.20114663631194338,130430.54112803945,969.5281240381728,131400.0692520776,835,6,184.90243902439025,37,4,18,35.650583225991134,0.6227477477477478,44.627192982456144,1021.4912280701758,27.60787102892367,0
1570,4,0,0,41,0.0,0.0,1.0,41,1200,900,300,0.75,15,9,6,348.1546537673565,0.43064024390243905,0.19975727041401692,0.19990680779943187,130562.68376981534,891.2011925633922,131453.88496237874,836,7,185.90243902439025,38,3,16,35.60243745208726,0.6222587719298245,44.49786324786326,1022.0085470085482,26.89496176338285,0
1571,4,0,0,41,0.0,0.0,1.0,41,850,500,350,0.5882352941176471,12,5,7,353.14149794484865,0.4306910569105691,0.1994652447308254,0.20319969896778456,130644.58832137122,1027.2051236394248,131671.79344501064,837,8,186.90243902439025,38,3,17,35.392064653220466,0.6230811403508771,44.417735042735046,1022.3290598290603,26.90339631129106,0
1572,4,1,0,42,0.023809523809523808,0.0,1.0,42,1250,700,550,0.56,18,7,11,351.34239355193034,0.4324791908633372,0.20048021243706549,0.2039363084131615,130981.34901258702,803.8601345486342,131785.20914713564,838,0,183.42857142857142,39,3,19,35.09728723584683,0.624732905982906,44.08854166666668,1023.6458333333351,26.247329059829106,0
1573,4,0,1,41,0.0,0.023809523809523808,0.9761904761904762,42,1350,1000,350,0.7407407407407407,17,10,7,350.1318557073882,0.4318742740998838,0.19021225901120142,0.2040810039816688,131141.34250217036,783.3523220486353,131924.69482421898,839,1,184.42857142857142,39,3,19,34.966545476117844,0.6263354700854701,43.93229166666668,1024.270833333335,26.263354700854745,0
1574,4,0,0,41,0.0,0.0,1.0,41,1600,1200,400,0.75,20,12,8,378.2560444554215,0.43165650406504064,0.19966016189802782,0.20568228676152406,128422.23087873157,1515.5628564798405,129937.79373521141,840,2,181.2439024390244,37,4,16,37.01590220683688,0.6024774774774775,46.60087719298244,1013.5964912280674,27.39449976292074,8
1575,4,1,0,42,0.023809523809523808,0.0,1.0,42,1250,800,450,0.64,17,8,9,372.3028365983154,0.43379790940766555,0.1995820428781918,0.2044867949917448,128821.5047209435,1192.1223244940838,130013.62704543758,841,0,177.9047619047619,38,4,17,36.75848944081947,0.6047149122807017,46.20726495726494,1015.1709401709376,26.71502474134046,0
1576,4,3,1,44,0.06666666666666667,0.022222222222222223,0.9777777777777777,45,1400,1200,200,0.8571428571428571,16,12,4,363.1205122428527,0.44118265993266,0.22717133417592472,0.20376224936718157,129666.74619108967,417.490358991973,130084.23655008164,842,0,166.9777777777778,40,5,15,36.130097119670054,0.6098958333333333,45.37601626016259,1018.4959349593473,25.46239837398368,0
1577,4,1,1,44,0.022222222222222223,0.022222222222222223,0.9777777777777777,45,1350,1100,250,0.8148148148148148,16,11,5,362.6409327796339,0.4384048821548821,0.23708578455811513,0.20443653259398215,129847.94439693604,417.635935124562,130265.5803320606,843,0,167.95555555555555,40,5,16,35.95801342772625,0.61171875,45.1981707317073,1019.2073170731683,25.480182926829208,0
1578,4,0,0,44,0.0,0.0,1.0,44,1550,1000,550,0.6451612903225806,21,10,11,360.98147369614554,0.43607954545454547,0.15194779079757992,0.19282071629333294,127707.59489225973,420.0151612796434,128127.61005353938,844,1,172.72727272727272,40,4,14,38.185158187546065,0.5901041666666667,47.30691056910568,1010.772357723576,25.2693089430894,8
1579,4,1,2,43,0.022222222222222223,0.044444444444444446,0.9555555555555556,45,1400,900,500,0.6428571428571429,19,9,10,352.4906156642159,0.43688973063973063,0.15107707036859752,0.18987955031525175,128046.43956380311,27.03366309114392,128073.47322689426,845,0,169.86666666666667,42,3,16,38.05289612254667,0.5905257936507937,46.971899224806194,1012.1124031007739,24.097914359542237,0
1580,4,0,1,42,0.0,0.023255813953488372,0.9767441860465116,43,1000,800,200,0.8,12,8,4,365.068120454653,0.4344084533038022,0.15958324086295317,0.19612807010933986,127938.82118985047,741.2769969925159,128680.09818684298,846,1,177.67441860465115,40,3,17,37.84488531726102,0.5924479166666667,47.07825203252032,1011.6869918699174,25.292174796747936,0
1581,4,0,0,42,0.0,0.0,1.0,42,950,600,350,0.631578947368421,13,6,7,370.4851060698338,0.4336406310491676,0.16631371510926773,0.19927421485948843,127986.37695312487,1083.4092881944289,129069.78624131929,847,2,181.83333333333334,39,3,18,37.659134582389676,0.594551282051282,47.03124999999999,1011.874999999999,25.945512820512793,0
1582,4,0,0,42,0.0,0.0,1.0,42,1050,600,450,0.5714285714285714,15,6,9,370.29827164836126,0.43278164924506385,0.17219339634197084,0.19982947818714203,128118.16541883691,1088.3870442708428,129206.55246310776,848,3,182.83333333333334,39,3,19,37.528830983983255,0.5958867521367521,46.90104166666667,1012.3958333333343,25.958867521367544,0
1583,4,0,0,42,0.0,0.0,1.0,42,1300,1000,300,0.7692307692307693,16,10,6,369.48066898040366,0.43260017421602787,0.17548198573224272,0.19995827670052646,128232.43694540895,1075.8921682098726,129308.32911361882,849,4,183.83333333333334,35,7,21,37.43250771340416,0.6044642857142857,46.78819444444444,1012.8472222222223,28.938492063492067,0
1584,4,1,0,43,0.023255813953488372,0.0,1.0,43,1500,1200,300,0.8,18,12,6,359.8802499901401,0.43579272794389073,0.1682710054803076,0.19685253018586352,128658.13607103724,660.304434502067,129318.4405055393,850,0,180.53488372093022,36,7,15,37.24053724053725,0.6067708333333333,46.36824324324324,1014.5270270270269,28.1813063063063,0
1585,4,1,0,44,0.022727272727272728,0.0,1.0,44,1050,600,450,0.5714285714285714,15,6,9,353.14278427175594,0.4377973044397463,0.17359632163151506,0.19459616958413264,128950.6882526352,307.60101665894393,129258.28926929414,851,0,177.4090909090909,37,7,16,37.11304383029254,0.6078265765765766,46.08004385964911,1015.6798245614016,27.45080606922707,0
1586,4,1,1,44,0.022222222222222223,0.022222222222222223,0.9777777777777777,45,1300,900,400,0.6923076923076923,17,9,8,345.65543465394876,0.43863636363636366,0.1684452588839782,0.19236025598588366,129340.77222077937,-58.28836757465251,129282.48385320471,852,0,174.44444444444446,37,8,20,36.90612536380294,0.6117680180180181,45.696271929824555,1017.2149122807009,27.49229492650543,0
1587,4,0,0,44,0.0,0.0,1.0,44,1300,1200,100,0.9230769230769231,14,12,2,352.4570913434044,0.4371035940803383,0.1667646712924844,0.19600671338737546,129312.88954293645,315.44898430287634,129628.33852723932,853,1,179.25,37,7,20,36.7615351444588,0.6114864864864865,45.72368421052632,1017.105263157896,27.489331436699892,0
1588,4,0,1,43,0.0,0.022727272727272728,0.9772727272727273,44,1400,900,500,0.6428571428571429,19,9,10,351.0357832936981,0.4369384249471459,0.16512539184952968,0.1957699560676394,129424.43828870426,286.52181440444,129710.9601031087,854,2,180.25,37,7,20,36.68417744252876,0.6126126126126126,45.6140350877193,1017.5438596491231,27.501185395922246,0
1589,4,0,0,43,0.0,0.0,1.0,43,900,700,200,0.7777777777777778,11,7,4,357.6045999250409,0.43466223698781836,0.16634316870118537,0.1991738567030103,129373.1801903258,652.8888685983623,130026.06905892417,855,3,185.1627906976744,36,7,20,36.569256881410965,0.6140046296296297,45.66441441441443,1017.3423423423451,28.259509509509584,0
1590,4,1,0,44,0.022727272727272728,0.0,1.0,44,1500,1000,500,0.6666666666666666,20,10,10,354.04566304880854,0.43513257575757575,0.16858974986059883,0.1992820319026396,129787.30384589496,390.1264090874169,130177.43025498238,856,0,181.9318181818182,37,7,17,36.23863391800278,0.6162725225225225,45.25767543859649,1018.9692982456146,27.53971076339499,0
1591,4,1,0,45,0.022222222222222223,0.0,1.0,45,1300,1100,200,0.8461538461538461,15,11,4,349.6460492677738,0.4368055555555555,0.1841755997958141,0.19853814797552738,130129.6997070314,99.86707899307123,130229.56678602447,857,0,178.86666666666667,39,6,18,36.00316913391186,0.6161858974358974,44.92187500000001,1020.3125000000011,26.161858974359003,0
1592,4,1,1,45,0.021739130434782608,0.021739130434782608,0.9782608695652174,46,1550,1300,250,0.8387096774193549,18,13,5,339.16230320794136,0.43873792270531403,0.18526199396277843,0.1945017540673729,130514.55886667062,-346.6728720014671,130167.88599466915,858,0,175.95652173913044,37,9,15,35.88088403619845,0.6235923423423424,44.544956140350884,1021.8201754385973,27.616761498340466,0
1593,4,0,0,45,0.0,0.0,1.0,45,1500,1000,500,0.6666666666666666,20,10,10,347.8086353261463,0.4357323232323232,0.19221423376375624,0.199460226006422,130514.5588666705,78.81812192212931,130593.37698859263,859,1,180.6888888888889,37,8,15,35.66000912115034,0.6235923423423424,44.54495614035088,1021.8201754385964,27.61676149834044,0
1594,4,0,0,45,0.0,0.0,1.0,45,1450,700,750,0.4827586206896552,22,7,15,350.4735892588891,0.4348695286195286,0.1980196604110811,0.20186326249778513,130682.67549871113,160.16526719759702,130842.84076590872,860,2,181.6888888888889,37,8,15,35.42169347631814,0.6252815315315315,44.38048245614035,1022.4780701754386,27.634542437174016,0
1595,4,0,0,45,0.0,0.0,1.0,45,1700,1300,400,0.7647058823529411,21,13,8,351.8138058329213,0.4339436026936027,0.2070755784184144,0.20351981538914968,130850.90033712276,207.03064885347277,131057.93098597623,861,3,182.6888888888889,37,8,15,35.217174829421644,0.6269707207207207,44.216008771929815,1023.1359649122791,27.65232337600754,0
1596,4,1,0,46,0.021739130434782608,0.0,1.0,46,1000,500,500,0.5,15,5,10,341.6171810507816,0.43560789049919485,0.20490286771507815,0.19923512967852133,131163.9135437211,-238.43071992112235,130925.48282379999,862,0,179.69565217391303,38,8,16,35.16179078014182,0.6282894736842105,43.9102564102564,1024.3589743589735,26.956815114709826,0
1597,4,0,1,45,0.0,0.021739130434782608,0.9782608695652174,46,1300,1100,200,0.8461538461538461,15,11,4,343.2043767098946,0.4350342190016103,0.20217590198496338,0.20060020521064958,131248.05908203125,-191.0183376736116,131057.04074435764,863,1,180.69565217391303,39,7,16,35.036194131002006,0.6274038461538461,43.828125,1024.6875,26.27403846153846,0
1598,4,0,1,44,0.0,0.022222222222222223,0.9777777777777777,45,1000,800,200,0.8,12,8,4,349.9283042157724,0.43406986531986536,0.20466043267169587,0.2042277850958636,131191.27498584622,181.50807674044222,131372.78306258665,864,2,185.46666666666667,38,7,16,34.92130740084124,0.6285635964912281,43.883547008547005,1024.4658119658113,26.959626630679246,0
1599,4,0,0,44,0.0,0.0,1.0,44,1050,800,250,0.7619047619047619,13,8,5,362.75292767170197,0.43398740310077516,0.20788254981320065,0.21184770976027387,131215.75869498303,719.7801246537323,131935.53881963677,865,3,186.47727272727272,37,7,16,34.568082905251146,0.6306306306306306,43.859649122807014,1024.5614035087715,27.69084874348031,0
1600,4,0,1,43,0.0,0.022727272727272728,0.9772727272727273,44,750,300,450,0.4,12,3,9,363.6048495480685,0.4335799859055673,0.21143147533968132,0.21281243135415104,131300.02891514683,748.2654518697902,132048.2943670166,866,4,187.47727272727272,37,7,16,34.461034734852525,0.6314752252252251,43.777412280701746,1024.8903508771918,27.69973921289708,0
1601,4,0,1,42,0.0,0.023255813953488372,0.9767441860465116,43,1200,1000,200,0.8333333333333334,14,10,4,371.4875416697913,0.4342700258397933,0.13356487947052043,0.2146646476456398,130808.47447083419,1163.0662540820686,131971.54072491627,867,5,188.93023255813952,38,5,14,34.756962576153185,0.6247258771929824,44.25747863247863,1022.970085470085,26.9202654071075,8
1602,4,0,1,41,0.0,0.023809523809523808,0.9761904761904762,42,1000,600,400,0.6,14,6,8,372.04728865667903,0.4331083042973287,0.14446213594214896,0.21522462805055606,130850.9003371228,1336.5445377423619,132187.44487486518,868,6,193.73809523809524,37,5,14,34.6996347301111,0.6269707207207207,44.216008771929815,1023.1359649122794,27.65232337600755,0
1603,4,0,0,41,0.0,0.0,1.0,41,1700,1200,500,0.7058823529411765,22,12,10,376.70341984671734,0.4302083333333333,0.15252626662300073,0.21800810654313824,130866.81909950475,1659.5956598490166,132526.41475935376,869,11,199.3170731707317,36,5,14,34.56439393939393,0.6290509259259259,44.20045045045044,1023.1981981981969,28.422172172172136,0
1604,4,0,1,40,0.0,0.024390243902439025,0.975609756097561,41,1350,1300,50,0.9629629629629629,14,13,1,375.6959194269264,0.4307926829268293,0.14958812954466194,0.21807636702367533,130982.06948502536,1641.885804723615,132623.955289749,870,12,200.3170731707317,36,5,14,34.473322332233224,0.6302083333333333,44.087837837837824,1023.6486486486469,28.434684684684637,0
1605,4,0,0,40,0.0,0.0,1.0,40,1250,800,450,0.64,17,8,9,386.31068159947625,0.4302751068376069,0.15131221719457089,0.22349387600388515,130854.01663237285,2110.060871056211,132964.07750342906,871,13,205.275,35,5,14,34.33163650075414,0.6309523809523809,44.21296296296295,1023.148148148146,29.23280423280417,0
1606,4,0,0,40,0.0,0.0,1.0,40,1350,900,450,0.6666666666666666,18,9,9,387.84938594829055,0.42970085470085473,0.15346484286683282,0.22542152878440042,131031.70680084,2164.113404492433,133195.82020533242,872,14,206.275,35,5,15,34.11193383073329,0.6327380952380952,44.03935185185184,1023.842592592591,29.252645502645457,0
1607,4,0,1,39,0.0,0.025,0.975,40,1000,700,300,0.7,13,7,6,385.37431772479215,0.42964743589743587,0.14886440677966184,0.2246747504522006,131150.2338927467,2108.386381172817,133258.6202739195,873,15,207.275,35,5,16,34.05508474576272,0.6339285714285714,43.9236111111111,1024.3055555555538,29.265873015872966,0
1608,4,0,1,38,0.0,0.02564102564102564,0.9743589743589743,39,950,600,350,0.631578947368421,13,6,7,392.1783782451525,0.4283625730994152,0.16892385166644375,0.22879287761352768,131175.6395266438,2488.849914965962,133664.48944160977,874,16,212.46153846153845,34,5,16,33.855074569048995,0.6363357843137255,43.89880952380951,1024.4047619047603,30.129551820728246,0
1609,4,0,0,38,0.0,0.0,1.0,38,1250,1100,150,0.88,14,11,3,386.31428772437044,0.4262091038406828,0.17508839035192625,0.22664132756676578,131390.93888167996,2551.639393502483,133942.57827518246,875,17,217.21052631578948,33,5,16,33.787054745398045,0.6407828282828283,43.68872549019607,1025.2450980392143,31.068033273915585,0
1610,4,0,0,38,0.0,0.0,1.0,38,1200,1000,200,0.8333333333333334,14,10,4,385.8046816230811,0.4256164058795638,0.16647802301452574,0.22708756576548414,131516.61169982678,2547.9449009995956,134064.55660082638,876,18,218.21052631578948,33,5,16,33.67283950617284,0.6420454545454546,43.566176470588225,1025.7352941176455,31.082887700534712,0
1611,4,0,0,38,0.0,0.0,1.0,38,850,600,250,0.7058823529411765,11,6,5,386.34514591222984,0.42512743006164055,0.16956166535742323,0.22834443168771532,131673.7872002355,2574.3057057381793,134248.09290597367,877,19,219.21052631578948,33,5,15,33.499875621890546,0.6436237373737373,43.41299019607843,1026.3480392156864,31.101455733808677,0
1612,4,0,0,38,0.0,0.0,1.0,38,1100,800,300,0.7272727272727273,14,8,6,387.6030397337639,0.42472735893788527,0.17683532057644746,0.22965617163291888,131768.1375552672,2614.7461312956543,134382.88368656285,878,20,220.21052631578948,33,5,15,33.372125407814124,0.6445707070707071,43.32107843137255,1026.7156862745096,31.112596553773017,0
1613,4,0,1,37,0.0,0.02631578947368421,0.9736842105263158,38,1050,700,350,0.6666666666666666,14,7,7,388.11103933774666,0.42385312944523473,0.17983345788406058,0.2305286052933845,131862.52170138896,2635.4600694444543,134497.98177083343,879,21,221.21052631578948,33,5,15,33.263607167004736,0.6455176767676767,43.22916666666667,1027.083333333334,31.12373737373739,0
1614,4,1,0,38,0.02631578947368421,0.0,1.0,38,950,600,350,0.631578947368421,13,6,7,380.62996609342866,0.4240457562825984,0.17595924904242533,0.2289342238653797,132336.75063775515,2474.266581632659,134811.0172193878,880,0,215.60526315789474,34,4,16,32.976830961471705,0.6479779411764706,42.767857142857146,1028.9285714285718,30.262605042016816,0
1615,4,0,0,38,0.0,0.0,1.0,38,1250,900,350,0.72,16,9,7,375.4368237800975,0.42352714556661925,0.17103540305352083,0.2267465676906253,132492.61289227701,2348.535324056094,134841.1482163331,881,1,216.60526315789474,33,5,16,32.95329425068445,0.6518308080808081,42.61642156862745,1029.5343137254902,31.198009506833035,0
1616,4,0,0,38,0.0,0.0,1.0,38,850,500,350,0.5882352941176471,12,5,7,373.0716058692304,0.4230233522996681,0.16951967296882953,0.22603750237959272,132612.50000000012,2294.791666666681,134907.2916666668,882,2,217.60526315789474,34,4,17,32.893406148867314,0.6507352941176471,42.50000000000001,1030.000000000001,30.29411764705885,0
1617,4,0,0,38,0.0,0.0,1.0,38,1300,900,400,0.6923076923076923,17,9,8,371.39942153281686,0.4231270744428639,0.16626932480264678,0.22539204726121997,132673.81660997728,2254.9957482993173,134928.8123582766,883,3,218.60526315789474,34,4,15,32.8747303751637,0.6513480392156863,42.44047619047619,1030.238095238095,30.30112044817926,0
1618,4,0,0,38,0.0,0.0,1.0,38,800,300,500,0.375,13,3,10,371.39942153281686,0.42305298719772405,0.16626932480264678,0.22539204726121997,132673.81660997728,2254.9957482993173,134928.8123582766,884,4,219.60526315789474,34,4,15,32.8747303751637,0.6513480392156863,42.44047619047619,1030.238095238095,30.30112044817926,0
1619,4,0,0,38,0.0,0.0,1.0,38,1300,900,400,0.6923076923076923,17,9,8,369.9661061339567,0.42274182076813654,0.16746107500471163,0.22507354749133257,132765.81809807252,2223.770549886618,134989.58864795914,885,5,220.60526315789474,34,4,15,32.819057795233135,0.6522671568627452,42.351190476190474,1030.5952380952378,30.311624649859937,0
1620,4,0,0,38,0.0,0.0,1.0,38,1250,1100,150,0.88,14,11,3,371.7151406215831,0.4227270033191086,0.167588428345691,0.22669388153400774,132857.85147392287,2277.054988662126,135134.906462585,886,6,221.60526315789474,34,4,15,32.68138953040799,0.6531862745098039,42.26190476190476,1030.9523809523807,30.32212885154061,0
1621,4,0,0,38,0.0,0.0,1.0,38,1100,900,200,0.8181818181818182,13,9,4,374.94682391997145,0.4216453295400664,0.16805543746280116,0.22979414258065536,133042.01388888867,2376.736111111087,135418.74999999977,887,7,222.60526315789474,34,4,15,32.41282983306408,0.6550245098039216,42.08333333333332,1031.666666666665,30.343137254901908,0
1622,4,0,0,38,0.0,0.0,1.0,38,900,600,300,0.6666666666666666,12,6,6,372.68449062573677,0.4214378852536747,0.16502319481213412,0.2287839351801617,133103.4297052152,2321.116780045326,135424.54648526054,888,8,223.60526315789474,34,4,15,32.409437009690805,0.6556372549019608,42.02380952380951,1031.9047619047603,30.35014005602236,0
1623,4,0,1,37,0.0,0.02631578947368421,0.9736842105263158,38,900,600,300,0.6666666666666666,12,6,6,372.34148697134066,0.42093409198672355,0.16602926000121432,0.22895040369088804,133164.85969387746,2316.560374149648,135481.4200680271,889,9,224.60526315789474,34,4,17,32.356545559400224,0.65625,41.96428571428571,1032.1428571428564,30.357142857142836,0
1624,4,0,1,36,0.0,0.02702702702702703,0.972972972972973,37,850,500,350,0.5882352941176471,12,5,7,371.10429731597736,0.41898148148148145,0.17577383679078595,0.22875533550969906,133257.03124999977,2490.4513888888596,135747.4826388886,890,10,229.0,34,3,17,32.29587032553133,0.6571691176470589,41.874999999999986,1032.4999999999982,30.367647058823476,0
1625,4,0,0,36,0.0,0.0,1.0,36,950,700,250,0.7368421052631579,12,7,5,373.9222151168105,0.41830357142857144,0.18733589497278302,0.23087368086393775,133318.49666950092,2770.149518140559,136088.64618764148,891,11,233.94444444444446,34,2,18,32.161383285302584,0.657781862745098,41.815476190476176,1032.7380952380934,30.374649859943922,0
1626,4,0,0,36,0.0,0.0,1.0,36,1100,700,400,0.6363636363636364,15,7,8,377.47154051807314,0.41683201058201064,0.18895080757779348,0.23443261949406685,133535.5467248173,2881.262284325488,136416.8090091428,892,12,234.94444444444446,33,3,18,31.8517310884515,0.6622474747474747,41.60539215686274,1033.5784313725485,31.320558526440863,0
1627,4,0,1,35,0.0,0.027777777777777776,0.9722222222222222,36,900,400,500,0.4444444444444444,14,4,10,378.0742516872111,0.4164517195767196,0.18486135809787307,0.2350078344127947,133567.2146079632,2899.664942570157,136466.87955053334,893,13,235.94444444444446,33,3,18,31.804361786208265,0.6625631313131313,41.57475490196078,1033.7009803921562,31.324272133095644,0
1628,4,0,0,35,0.0,0.0,1.0,35,950,900,50,0.9473684210526315,10,9,1,378.76062842039596,0.4151960784313726,0.18870888561610233,0.23624249395711158,133693.92368620232,3127.5989102748817,136821.5225964772,894,14,237.97142857142856,33,2,18,31.659433384682224,0.6638257575757576,41.452205882352935,1034.1911764705874,31.33912655971477,0
1629,4,0,0,35,0.0,0.0,1.0,35,1650,1100,550,0.6666666666666666,22,11,11,378.3154115855246,0.41425070028011207,0.19564474374376073,0.2367766508537124,133820.69283749026,3125.2860978950225,136945.9789353853,895,15,238.97142857142856,33,2,18,31.54375912985116,0.6650883838383839,41.32965686274509,1034.6813725490185,31.353980986333895,0
1630,4,0,0,35,0.0,0.0,1.0,35,1500,1300,200,0.8666666666666667,17,13,4,377.06584285760755,0.41344537815126053,0.1954438600348396,0.23680856316863996,133947.52206182698,3101.407060986137,137048.9291228131,896,16,239.97142857142856,33,2,18,31.448911842468725,0.6663510101010102,41.207107843137244,1035.1715686274495,31.368835412953015,0
1631,4,0,0,35,0.0,0.0,1.0,35,1200,900,300,0.75,15,9,6,375.9193945850552,0.4133403361344538,0.1927489177489179,0.23629219088203463,133979.23875432517,3073.078863898493,137052.31761822366,897,17,240.97142857142856,33,2,18,31.44679214015152,0.6666666666666667,41.17647058823529,1035.294117647058,31.37254901960782,0
1632,4,1,0,36,0.027777777777777776,0.0,1.0,36,1350,1100,250,0.8148148148148148,16,11,5,368.45501519044717,0.4131944444444444,0.1891689312460927,0.23405359061222486,134365.57716836728,2701.5341553287876,137067.11132369607,898,0,235.25,34,2,20,31.253349025911877,0.6681985294117647,40.80357142857142,1036.7857142857138,30.49369747899158,0
1633,4,1,0,37,0.02702702702702703,0.0,1.0,37,1300,900,400,0.6923076923076923,17,9,8,357.0138682708145,0.4140703203203204,0.18168013214452872,0.22910360155921783,134736.1128826529,2220.6597222222035,136956.7726048751,899,0,229.86486486486487,34,3,21,31.180006115506636,0.671875,40.44642857142856,1038.2142857142844,30.53571428571425,0
1634,4,0,0,37,0.0,0.0,1.0,37,1200,600,600,0.5,18,6,12,357.610057856063,0.4133821321321321,0.18311949459490484,0.22987712119958992,134797.91843820855,2241.01828231292,137038.93672052148,900,1,230.86486486486487,34,3,17,31.10287936107608,0.6724877450980392,40.38690476190476,1038.4523809523805,30.54271708683472,0
1635,4,0,1,36,0.0,0.02702702702702703,0.972972972972973,37,850,600,250,0.7058823529411765,11,6,5,356.50175204374466,0.41260010010010006,0.18083267773847655,0.2297514245445875,134890.65334467113,2217.750850340128,137108.40419501124,901,2,231.86486486486487,34,3,17,31.039183665673466,0.673406862745098,40.297619047619044,1038.8095238095232,30.553221288515388,0
1636,4,0,0,36,0.0,0.0,1.0,36,1250,900,350,0.72,16,9,7,364.55021162674615,0.40965608465608466,0.18536331090916236,0.2341799805241409,134773.3763005814,2626.3325704056056,137399.70887098703,902,4,239.25,33,3,20,30.94719992918682,0.6745580808080809,40.41053921568627,1038.3578431372543,31.465389185977404,0
1637,4,0,0,36,0.0,0.0,1.0,36,900,600,300,0.6666666666666666,12,6,6,362.76180242667954,0.40967261904761904,0.18266842447170362,0.23318874005658974,134797.91843820855,2579.907171201809,137377.82560941036,903,5,240.25,34,2,18,30.9691333256907,0.6724877450980392,40.38690476190476,1038.4523809523805,30.54271708683472,0
1638,4,0,1,35,0.0,0.027777777777777776,0.9722222222222222,36,650,500,150,0.7692307692307693,8,5,3,362.76180242667954,0.40967261904761904,0.18266842447170362,0.23318874005658974,134797.91843820855,2579.907171201809,137377.82560941036,904,6,241.25,34,2,18,30.9691333256907,0.6724877450980392,40.38690476190476,1038.4523809523805,30.54271708683472,0
1639,4,0,0,35,0.0,0.0,1.0,35,800,200,600,0.25,14,2,12,364.22405630158664,0.40822829131652666,0.1632297567204739,0.23472814736245545,134890.65334467127,2826.084183673477,137716.73752834476,905,7,235.74285714285713,34,1,18,30.838633585453426,0.673406862745098,40.29761904761905,1038.8095238095243,30.55322128851542,0
1640,4,0,1,34,0.0,0.02857142857142857,0.9714285714285714,35,900,800,100,0.8888888888888888,10,8,2,360.6804097469063,0.40770308123249305,0.15650466372115868,0.2332399983029995,135014.34948979595,2739.406179138327,137753.75566893426,906,8,236.74285714285713,34,1,18,30.807321496754497,0.6746323529411764,40.17857142857143,1039.2857142857147,30.567226890756313,0
1641,4,0,0,34,0.0,0.0,1.0,34,1300,1000,300,0.7692307692307693,16,10,6,370.05315952850447,0.40586007130124774,0.16525123849964607,0.23876032621633658,134932.48540224927,3186.438509227236,138118.9239114765,907,27,244.47058823529412,33,1,18,30.64549422033499,0.6761363636363636,40.25735294117648,1038.970588235295,31.483957219251366,0
1642,4,0,0,34,0.0,0.0,1.0,34,1000,800,200,0.8,12,8,4,374.5649798302594,0.4049131016042781,0.16812021213906858,0.24316632393724202,135155.39583633706,3324.8956230776703,138480.29145941473,908,28,245.47058823529412,33,1,18,30.305809271263016,0.6783459595959596,40.04289215686275,1039.8284313725496,31.509952465834836,0
1643,4,0,1,33,0.0,0.029411764705882353,0.9705882352941176,34,1250,900,350,0.72,16,9,7,370.47617858465776,0.4046717171717172,0.16007067137809217,0.24157778465312948,135314.73021193774,3226.1768310265297,138540.90704296427,909,29,246.47058823529412,33,1,19,30.253239104829216,0.6799242424242424,39.88970588235294,1040.4411764705883,31.528520499108737,0
1644,4,0,0,33,0.0,0.0,1.0,33,1050,700,350,0.6666666666666666,14,7,7,374.710658309578,0.40455334595959597,0.15633583744249946,0.24449647942432554,135337.91394054177,3542.5117653810835,138880.42570592285,910,30,248.27272727272728,32,1,19,30.119979371435505,0.6826171875,39.86742424242424,1040.530303030303,32.51657196969697,0
1645,4,0,0,33,0.0,0.0,1.0,33,750,500,250,0.6666666666666666,10,5,5,374.2097770631887,0.4043560606060606,0.15481191539408612,0.24506430594805334,135469.32591380988,3538.7892498214546,139008.11516363133,911,31,249.27272727272728,32,1,19,30.00202142712756,0.6839192708333333,39.74116161616162,1041.035353535354,32.532354797979814,0
1646,4,0,0,33,0.0,0.0,1.0,33,800,700,100,0.875,9,7,2,374.3799954505762,0.40404040404040403,0.15344422765303078,0.24562544331590325,135535.05581382004,3548.322715794311,139083.37852961436,912,32,250.27272727272728,32,1,20,29.932096519946644,0.6845703125,39.678030303030305,1041.287878787879,32.54024621212122,0
1647,4,0,0,33,0.0,0.0,1.0,33,550,400,150,0.7272727272727273,7,4,3,374.3799954505762,0.40404040404040403,0.15344422765303078,0.24562544331590325,135535.05581382004,3548.322715794311,139083.37852961436,913,33,251.27272727272728,32,1,20,29.932096519946644,0.6845703125,39.678030303030305,1041.287878787879,32.54024621212122,0
1648,4,0,1,32,0.0,0.030303030303030304,0.9696969696969697,33,1000,800,200,0.8,12,8,4,376.53104159042493,0.40388257575757575,0.15385180613114646,0.24726337826734296,135567.92674216928,3609.1065324966926,139177.03327466597,914,34,252.27272727272728,32,1,20,29.843345861623018,0.6848958333333333,39.64646464646465,1041.4141414141423,32.544191919191945,0
1649,4,0,0,32,0.0,0.0,1.0,32,1050,600,450,0.5714285714285714,15,6,9,384.7021059304038,0.40303679435483875,0.14208666833416683,0.252137544181927,135498.08078342024,4025.2794053819543,139523.3601888022,915,35,247.875,31,1,20,29.700266800066697,0.6868279569892473,39.71354166666667,1041.1458333333342,33.58534946236562,0
1650,4,0,0,32,0.0,0.0,1.0,32,550,100,450,0.18181818181818182,10,1,9,384.7021059304038,0.40303679435483875,0.14208666833416683,0.252137544181927,135498.08078342024,4025.2794053819543,139523.3601888022,916,36,248.875,31,1,20,29.700266800066697,0.6868279569892473,39.71354166666667,1041.1458333333342,33.58534946236562,0
1651,4,0,0,32,0.0,0.0,1.0,32,1250,1000,250,0.8,15,10,5,384.1188080461321,0.40192372311827956,0.14429055743032104,0.2529493484096382,135667.5910949707,4022.4946763780385,139690.08577134873,917,37,249.875,31,1,20,29.54643690372037,0.688508064516129,39.55078125,1041.796875,33.606350806451616,0
1652,4,1,0,33,0.030303030303030304,0.0,1.0,33,650,500,150,0.7692307692307693,8,5,3,370.542838975943,0.4018308080808081,0.14283199859192108,0.24694887268525748,136094.40363228237,3485.7613381287556,139580.16497041113,918,0,243.27272727272728,32,1,20,29.475486043885123,0.6901041666666667,39.14141414141414,1043.434343434343,32.60732323232322,0
1653,4,0,0,33,0.0,0.0,1.0,33,750,700,50,0.9333333333333333,8,7,1,369.64700379774763,0.40155460858585856,0.14105483143595654,0.2465805073759794,136127.34231519743,3463.8128443526166,139591.15515955005,919,1,244.27272727272728,32,1,20,29.466122202056866,0.6904296875,39.109848484848484,1043.560606060606,32.61126893939394,0
1654,4,0,0,33,0.0,0.0,1.0,33,1250,1100,150,0.88,14,11,3,372.339060278449,0.40080492424242425,0.14556008751195604,0.24930135137186193,136259.1369024844,3546.9197977247127,139806.05670020913,920,2,245.27272727272728,32,1,20,29.264925222719384,0.6917317708333333,38.983585858585855,1044.0656565656564,32.62705176767676,0
1655,4,0,0,33,0.0,0.0,1.0,33,1150,1000,150,0.8695652173913043,13,10,3,372.66792313237215,0.40064709595959597,0.14934593822139175,0.2497539484849852,136292.09551321287,3558.3384348535833,139850.43394806646,921,3,246.27272727272728,32,1,20,29.223599355098756,0.6920572916666667,38.9520202020202,1044.1919191919187,32.63099747474746,0
1656,4,1,0,34,0.029411764705882353,0.0,1.0,34,750,600,150,0.8,9,6,3,361.8573014311959,0.4021278966131907,0.14266550799004074,0.2443611182823968,136560.75975886683,3083.101601547482,139643.8613604143,922,0,240.0,33,1,21,29.239335404697687,0.6922348484848485,38.69485294117647,1045.2205882352944,31.673351158645286,0
1657,4,0,1,33,0.0,0.029411764705882353,0.9705882352941176,34,1100,900,200,0.8181818181818182,13,9,4,388.78557340095807,0.4024435531788473,0.0765783236371469,0.24232525465402158,133668.00103305775,3636.624106400971,137304.62513945872,923,1,241.0,32,2,20,31.42628205128205,0.666015625,41.47727272727272,1034.0909090909083,32.315340909090885,8
1658,4,0,0,33,0.0,0.0,1.0,33,850,500,350,0.5882352941176471,12,5,7,389.4792747971124,0.39891098484848486,0.10859507599595664,0.24346285116153077,133775.12825859906,3820.527988009963,137595.65624660903,924,6,249.27272727272728,31,2,20,31.3007394587791,0.6696908602150538,41.37369791666666,1034.5052083333323,33.37113575268814,0
1659,4,0,0,33,0.0,0.0,1.0,33,350,200,150,0.5714285714285714,5,2,3,419.95714663728177,0.39946338383838387,0.08388114646331846,0.24161830993367375,130640.1841975952,4417.559023727131,135057.74322132234,925,7,250.27272727272728,30,3,15,33.68886405469366,0.6409722222222223,44.422043010752695,1022.3118279569901,34.07706093189967,8
1660,4,0,1,32,0.0,0.030303030303030304,0.9696969696969697,33,950,600,350,0.631578947368421,13,6,7,424.12146519602663,0.399029356060606,0.08646857588899892,0.24466567313696505,130743.2601492948,4490.2046118048465,135233.46476109966,926,8,251.27272727272728,30,3,15,33.477351382135204,0.6420138888888889,44.32123655913979,1022.7150537634415,34.090501792114715,0
1661,4,1,1,32,0.030303030303030304,0.030303030303030304,0.9696969696969697,33,900,600,300,0.6666666666666666,12,6,6,422.2278079092306,0.3999368686868687,0.1052711124899075,0.24575658277008616,131087.1402221355,4469.72717221644,135556.86739435192,927,0,252.0,30,3,16,33.175558909743195,0.6454861111111111,43.98521505376344,1024.0591397849462,34.1353046594982,0
1662,4,0,1,31,0.0,0.03125,0.96875,32,1300,1000,300,0.7692307692307693,16,10,6,422.42119269774776,0.3997395833333333,0.10309671389216812,0.24675224152758116,131224.8187109783,4686.428886287447,135911.24759726573,928,1,256.65625,30,2,17,33.03052166688529,0.646875,43.85080645161291,1024.5967741935497,34.15322580645166,0
1663,4,0,0,31,0.0,0.0,1.0,31,700,300,400,0.42857142857142855,11,3,8,418.9127588344114,0.3968189964157706,0.07553520310868089,0.24602659254408965,131431.47193678463,4811.664101341195,136243.1360381258,929,2,248.29032258064515,30,1,19,32.91033119237996,0.6489583333333333,43.649193548387096,1025.4032258064517,34.18010752688172,0
1664,4,0,0,31,0.0,0.0,1.0,31,850,600,250,0.7058823529411765,11,6,5,421.6381087388537,0.39632616487455197,0.07623941882234608,0.24852229220105546,131569.33108235046,4894.928785119655,136464.2598674701,930,3,249.29032258064515,30,1,15,32.70039084676186,0.6503472222222222,43.51478494623655,1025.940860215053,34.1980286738351,0
1665,4,1,0,32,0.03125,0.0,1.0,32,900,600,300,0.6666666666666666,12,6,6,408.0488355950635,0.3986265120967742,0.0738688720973093,0.24330472328997937,132008.45457415047,4373.179235537172,136381.63380968763,931,0,242.46875,32,0,17,32.603821108244254,0.6494140625,43.087121212121204,1027.651515151514,32.114109848484816,0
1666,4,0,1,31,0.0,0.03125,0.96875,32,650,400,250,0.6153846153846154,9,4,5,412.0287881988589,0.3992775537634408,0.07396831245394253,0.24630972052240138,132105.78799357195,4486.277548209353,136592.0655417813,932,1,243.46875,32,0,18,32.40297224269221,0.650390625,42.992424242424235,1028.030303030302,32.12594696969694,0
1667,4,0,0,31,0.0,0.0,1.0,31,850,600,250,0.7058823529411765,11,6,5,423.65690470946794,0.39592293906810033,0.08499718038199688,0.2529763695746247,132063.20020887582,4989.897325303815,137053.09753417963,933,2,252.16129032258064,31,0,19,32.14730597077949,0.6525537634408602,43.033854166666664,1027.864583333333,33.156922043010745,0
1668,4,0,1,30,0.0,0.03225806451612903,0.967741935483871,31,650,500,150,0.7692307692307693,8,5,3,425.3598498420748,0.39507168458781367,0.08339630811210497,0.25466768265374234,132163.59668307827,5043.4175279405345,137207.0142110188,934,3,253.16129032258064,31,0,19,32.00173589126673,0.6535618279569892,42.936197916666664,1028.2552083333328,33.169522849462346,0
1669,4,0,0,30,0.0,0.0,1.0,30,850,600,250,0.7058823529411765,11,6,5,431.5605797342485,0.39372605363984675,0.0799860529986054,0.2578574463912134,132086.9464677997,5400.703838594051,137487.65030639374,935,4,253.8,30,0,19,31.920109832635987,0.6555555555555556,43.01075268817204,1027.9569892473114,34.26523297491038,0
1670,4,0,0,30,0.0,0.0,1.0,30,900,500,400,0.5555555555555556,13,5,8,432.3208177908835,0.3944204980842912,0.07873916263669245,0.259020092162729,132190.5914881778,5429.7489232859225,137620.34041146372,936,5,254.8,30,0,19,31.795408007667838,0.6565972222222223,42.909946236559136,1028.360215053763,34.27867383512544,0
1671,4,0,0,30,0.0,0.0,1.0,30,500,400,100,0.8,6,4,2,431.89716831816287,0.3938936781609195,0.07601811925606472,0.25923992385403116,132259.71075052023,5424.518911145786,137684.229661666,937,6,255.8,30,0,19,31.736192778431125,0.6572916666666666,42.842741935483865,1028.629032258064,34.28763440860213,0
1672,4,1,1,30,0.03225806451612903,0.03225806451612903,0.967741935483871,31,700,500,200,0.7142857142857143,9,5,4,420.61432732162086,0.3982078853046595,0.06940703077648291,0.25503071238867886,132640.18961729674,4958.145089027625,137598.33470632436,938,0,248.51612903225808,30,1,16,31.641168667362557,0.6611111111111111,42.47311827956989,1030.10752688172,34.336917562724004,0
1673,4,0,0,30,0.0,0.0,1.0,30,750,500,250,0.6666666666666666,10,5,5,427.68822105689634,0.3918103448275862,0.08080467520791212,0.2588822987050517,132576.73852237643,5340.3018904320825,137917.0404128085,939,8,257.8,29,1,20,31.52323555855248,0.663433908045977,42.534722222222214,1029.8611111111102,35.512452107279664,0
1674,4,0,0,30,0.0,0.0,1.0,30,1050,800,250,0.7619047619047619,13,8,5,427.3063321743558,0.3915229885057471,0.0786641512823969,0.26013456038276406,132791.3797260802,5348.5194830246855,138139.8992091049,940,9,258.8,29,1,18,31.31583232268787,0.6655890804597702,42.326388888888886,1030.6944444444441,35.54118773946359,0
1675,4,0,0,30,0.0,0.0,1.0,30,1000,700,300,0.7,13,7,6,427.80241920990403,0.39102011494252875,0.08248450552411701,0.2606855135776608,132827.17013888888,5364.756944444442,138191.9270833333,941,10,259.8,29,1,18,31.26684182161141,0.665948275862069,42.291666666666664,1030.8333333333333,35.54597701149425,0
1676,4,0,0,30,0.0,0.0,1.0,30,1100,800,300,0.7272727272727273,14,8,6,425.9565350474443,0.39161877394636013,0.08424242424242401,0.2603067714178825,132934.5703125,5324.869791666668,138259.44010416666,942,11,260.8,29,1,18,31.20580808080808,0.6670258620689655,42.1875,1031.25,35.560344827586206,0
1677,4,0,0,30,0.0,0.0,1.0,30,950,700,250,0.7368421052631579,12,7,5,428.4221147035859,0.3903975095785441,0.08205473306415412,0.26307242249980534,133113.6670524692,5405.767746913591,138519.43479938278,943,12,261.8,29,1,18,30.961193360251222,0.6688218390804598,42.01388888888889,1031.944444444445,35.58429118773948,0
1678,4,0,0,30,0.0,0.0,1.0,30,900,700,200,0.7777777777777778,11,7,4,431.1969292602871,0.3895114942528735,0.08112022960670884,0.2655415720954194,133221.18296682087,5488.913001543194,138710.09596836407,944,13,262.8,29,1,18,30.78094869725099,0.6698994252873562,41.909722222222214,1032.3611111111102,35.598659003831386,0
1679,4,0,0,30,0.0,0.0,1.0,30,1000,600,400,0.6,14,6,8,438.4236609999014,0.38843390804597705,0.07507620584543662,0.27077394877037086,133328.74228395053,5690.8950617283845,139019.63734567893,945,14,263.8,29,1,18,30.485700197238657,0.6709770114942528,41.80555555555555,1032.7777777777771,35.61302681992335,0
1680,4,0,0,30,0.0,0.0,1.0,30,1200,800,400,0.6666666666666666,16,8,8,437.04474505723226,0.38857758620689653,0.07553763440860184,0.2709677419354839,133472.22222222216,5666.666666666662,139138.88888888882,946,15,264.8,29,1,18,30.3763440860215,0.6724137931034483,41.666666666666664,1033.333333333333,35.63218390804597,0
1681,4,0,0,30,0.0,0.0,1.0,30,750,500,250,0.6666666666666666,10,5,5,438.2391795485738,0.388242337164751,0.07778374988802295,0.2722350562771689,133543.9911265431,5704.841820987637,139248.83294753073,947,16,265.8,29,1,18,30.273000089581654,0.673132183908046,41.597222222222214,1033.6111111111102,35.641762452107244,0
1682,4,0,0,30,0.0,0.0,1.0,30,850,700,150,0.8235294117647058,10,7,3,411.37635874468157,0.3882662835249042,0.029314420803782326,0.23837287636849375,130915.14373048913,4771.079026477056,135686.2227569662,948,17,266.8,30,0,16,33.62829437002013,0.64375,44.153225806451616,1023.387096774194,34.11290322580647,8
1683,4,0,0,30,0.0,0.0,1.0,30,750,500,250,0.6666666666666666,10,5,5,410.6357866859076,0.38852969348659006,0.028895890770644916,0.23858221107448954,131018.32807622268,4760.162843970406,135778.4909201931,949,18,267.8,30,0,17,33.54229574198067,0.6447916666666667,44.05241935483871,1023.7903225806451,34.126344086021504,0
1684,4,0,0,30,0.0,0.0,1.0,30,300,100,200,0.3333333333333333,5,1,4,411.301551800206,0.388242337164751,0.025090781817386,0.23939698419906574,131087.1402221355,4783.268838883106,135870.4090610186,950,19,268.8,30,0,18,33.45528722054513,0.6454861111111111,43.98521505376344,1024.0591397849462,34.1353046594982,0
1685,4,0,0,30,0.0,0.0,1.0,30,600,500,100,0.8333333333333334,7,5,2,410.59878452072377,0.3874760536398467,0.02318593360451371,0.23941647565665175,131155.9704337207,4770.496408544348,135926.46684226504,951,20,269.8,30,0,18,33.40331540042864,0.6461805555555555,43.918010752688176,1024.3279569892477,34.144265232974924,0
1686,4,0,0,30,0.0,0.0,1.0,30,1500,1200,300,0.8,18,12,6,410.8004494679093,0.38625478927203066,0.027913279132791402,0.24061169183120404,131328.125,4789.930555555556,136118.05555555556,952,21,270.8,30,0,18,33.223238482384815,0.6479166666666667,43.75,1025.0,34.166666666666664,0
1687,4,0,1,29,0.0,0.03333333333333333,0.9666666666666667,30,850,600,250,0.7058823529411765,11,6,5,409.6147304840251,0.38563218390804593,0.030344345394161643,0.24034932031785733,131397.0184414384,4764.430859058861,136161.44930049728,953,22,271.8,30,0,20,33.18366544310435,0.6486111111111111,43.682795698924735,1025.2688172043017,34.17562724014339,0
1688,4,0,0,29,0.0,0.0,1.0,29,750,500,250,0.6666666666666666,10,5,5,419.730112771068,0.3835693760262726,0.02495770276965059,0.24538579810023275,131256.95408950603,5218.499228395043,136475.4533179011,954,23,268.17241379310343,29,0,20,33.066775097135626,0.6501436781609196,43.819444444444436,1024.7222222222213,35.33524904214556,0
1689,4,1,0,30,0.03333333333333333,0.0,1.0,30,550,300,250,0.5454545454545454,8,3,5,397.4073094452757,0.3884818007662835,0.027750584292455027,0.21943037634016355,129030.63441221524,4255.54345155509,133286.17786377034,955,0,260.2,30,0,19,35.90725184107246,0.6246527777777777,46.001344086021504,1015.9946236559136,33.866487455197124,8
1690,4,0,0,30,0.0,0.0,1.0,30,1150,900,250,0.782608695652174,14,9,5,400.09406073636075,0.3885057471264368,0.030327868852458417,0.22187034277198203,129201.38888888898,4338.654577118747,133540.04346600772,956,1,261.2,29,1,20,35.66427595628412,0.6293103448275862,45.833333333333336,1016.6666666666674,35.05747126436784,0
1691,4,0,0,30,0.0,0.0,1.0,30,1000,700,300,0.7,13,7,6,399.09136224857247,0.3893199233716475,0.03262314486023832,0.22171069456631615,129272.00038580243,4318.267746913574,133590.268132716,957,2,262.2,29,1,20,35.6175452972776,0.6300287356321839,45.763888888888886,1016.9444444444441,35.067049808429104,0
1692,4,0,0,30,0.0,0.0,1.0,30,900,600,300,0.6666666666666666,12,6,6,394.93815906592323,0.3884099616858237,0.03529893529893502,0.2201915489586723,129413.28125,4222.048611111111,133635.32986111112,958,3,263.2,29,1,20,35.57876057876058,0.6314655172413793,45.625,1017.5,35.08620689655172,0
1693,4,0,0,30,0.0,0.0,1.0,30,800,600,200,0.75,10,6,4,394.8582789294516,0.38680555555555557,0.039389805847314774,0.22113873512848048,129589.99083719132,4233.936149691352,133823.92698688267,959,4,264.2,29,1,20,35.40032624016733,0.6332614942528736,45.451388888888886,1018.1944444444441,35.11015325670497,0
1694,4,1,0,31,0.03225806451612903,0.0,1.0,31,850,600,250,0.7058823529411765,11,6,5,383.0487002061072,0.3920698924731183,0.03875388984304551,0.21690847292268217,130022.58209041506,3760.9962134350726,133783.57830385014,960,0,256.64516129032256,30,1,21,35.26016956598137,0.6347222222222222,45.026881720430104,1019.8924731182794,33.99641577060932,0
1695,4,1,0,32,0.03125,0.0,1.0,32,1050,700,350,0.6666666666666666,14,7,7,394.81018500516956,0.39642137096774194,0.05909375401206818,0.2154994065175377,128573.35620456256,3752.414109971768,132325.77031453434,961,0,249.59375,31,1,16,36.44148264646724,0.617271505376344,46.45182291666666,1014.192708333332,32.71589381720426,8
1696,4,0,1,31,0.0,0.03125,0.96875,32,850,500,350,0.5882352941176471,12,5,7,395.6667013648742,0.39692540322580644,0.06500561257216186,0.21704587875715622,128771.51701185422,3790.120273166213,132561.63728502044,962,1,250.59375,31,1,16,36.216725465041705,0.6192876344086021,46.25651041666666,1014.973958333332,32.741095430107485,0
1697,4,0,0,31,0.0,0.0,1.0,31,800,600,200,0.75,10,6,4,407.69520266418175,0.39157706093189965,0.06844743375537887,0.22318281979056637,128689.46419022439,4293.215436755706,132982.6796269801,963,2,259.61290322580646,30,1,16,35.99566167704331,0.6211805555555556,46.337365591397855,1014.6505376344093,33.82168458781364,0
1698,4,0,0,31,0.0,0.0,1.0,31,750,500,250,0.6666666666666666,10,5,5,409.5659864749481,0.3906810035842294,0.06907010821040527,0.22459206709312526,128757.6621032779,4346.951779107418,133104.6138823853,964,3,260.61290322580646,30,1,16,35.878250121396704,0.621875,46.270161290322584,1014.9193548387102,33.83064516129034,0
1699,4,3,2,32,0.08823529411764706,0.058823529411764705,0.9411764705882353,34,800,500,300,0.625,11,5,6,377.0669382829434,0.4072712418300654,0.058087173241949674,0.21109650426244564,129575.43372741248,2971.7224144559705,132547.15614186844,965,0,238.52941176470588,33,1,17,35.86803883806771,0.6224747474747474,45.4656862745098,1018.1372549019604,30.852644087938195,0
1700,4,1,1,32,0.030303030303030304,0.030303030303030304,0.9696969696969697,33,950,800,150,0.8421052631578947,11,8,3,381.3403959507826,0.4012784090909091,0.06391334904295332,0.21337596200910203,129554.6392746914,3280.8834876543283,132835.52276234573,966,0,246.72727272727272,32,1,17,35.78046839472486,0.6246744791666667,45.486111111111114,1018.055555555556,31.814236111111125,0
1701,4,0,0,32,0.0,0.0,1.0,32,1300,1000,300,0.7692307692307693,16,10,6,390.2133932023019,0.39528729838709675,0.07155194472876159,0.21785056294779945,129466.28146701396,3703.8953993055666,133170.17686631953,967,2,255.4375,31,1,17,35.64483111566018,0.6263440860215054,45.57291666666667,1017.7083333333339,32.82930107526884,0
1702,4,1,1,32,0.030303030303030304,0.030303030303030304,0.9696969696969697,33,650,300,350,0.46153846153846156,10,3,7,378.612770403838,0.3993450126262626,0.07440030336821302,0.2132438011116104,129811.85154894915,3229.6849492398815,133041.53649818903,968,0,248.66666666666666,32,1,18,35.58780407219263,0.6272786458333333,45.23358585858586,1019.065656565657,31.845801767676782,0
1703,4,1,0,33,0.030303030303030304,0.0,1.0,33,700,600,100,0.8571428571428571,8,6,2,367.43969199371634,0.4026594065656566,0.05198549648333439,0.2083493185392163,130075.00120146098,2958.943675509423,133033.9448769704,969,0,239.12121212121212,33,0,19,35.60487746275829,0.6275252525252526,44.97549019607843,1020.0980392156863,30.912061794414736,0
1704,4,0,0,33,0.0,0.0,1.0,33,800,600,200,0.75,10,6,4,367.22683484887295,0.4028566919191919,0.05048806586159471,0.20856279856423732,130137.51471789707,2957.9975249904046,133095.51224288746,970,1,240.12121212121212,33,0,19,35.54678116742733,0.6281565656565656,44.91421568627452,1020.3431372549029,30.91948900772433,0
1705,4,0,0,33,0.0,0.0,1.0,33,700,500,200,0.7142857142857143,9,5,4,366.9737681107265,0.40261994949494945,0.05121823421535243,0.2087539303842985,130200.04325259513,2956.000096116877,133156.043348712,971,2,241.12121212121212,33,0,19,35.48971341658661,0.6287878787878788,44.85294117647059,1020.5882352941175,30.926916221033864,0
1706,4,1,0,34,0.029411764705882353,0.0,1.0,34,650,400,250,0.6153846153846154,9,4,5,355.03194781900544,0.4072712418300654,0.050139142116878865,0.20339680748883235,130475.34722222232,2464.5833333333394,132939.93055555565,972,0,235.0,34,0,20,35.51522566612289,0.6292892156862745,44.583333333333336,1021.6666666666674,30.04901960784316,0
1707,4,1,1,34,0.02857142857142857,0.02857142857142857,0.9714285714285714,35,550,400,150,0.7272727272727273,7,4,3,344.24114716630527,0.41036414565826335,0.044690136747163045,0.19884988618665375,130794.81336805537,2004.9913194444212,132799.8046874998,973,0,229.25714285714287,35,0,17,35.46758316361167,0.6303571428571428,44.27083333333332,1022.9166666666652,29.226190476190432,0
1708,4,0,0,34,0.0,0.0,1.0,34,800,600,200,0.75,10,6,4,351.2928103012643,0.4065656565656566,0.04914518205978258,0.20220527177394484,130657.85147392291,2379.8327664399108,133037.6842403628,974,1,236.97058823529412,34,0,17,35.42588495575222,0.6311274509803921,44.404761904761905,1022.3809523809524,30.07002801120448,0
1709,4,0,1,33,0.0,0.029411764705882353,0.9705882352941176,34,600,400,200,0.6666666666666666,8,4,4,352.5737465037206,0.4067699049316696,0.04758137974015986,0.2031023412958054,130688.28125000013,2415.451388888907,133103.73263888905,975,2,237.97058823529412,34,0,17,35.36233360499866,0.6314338235294117,44.37500000000001,1022.500000000001,30.073529411764735,0
1710,4,0,0,33,0.0,0.0,1.0,33,650,500,150,0.7692307692307693,8,5,3,360.18785695441164,0.40577651515151514,0.05037915105029156,0.20755576508478,130700.81218762035,2815.36908881202,133516.18127643238,976,3,240.45454545454547,33,0,18,35.15500159795463,0.6338383838383839,44.36274509803923,1022.5490196078448,30.986333927510447,0
1711,4,0,1,32,0.0,0.030303030303030304,0.9696969696969697,33,750,600,150,0.8,9,6,3,364.0593700372224,0.40502683080808083,0.05577877227176509,0.21063975609430166,130857.49959450708,2927.979773404479,133785.47936791155,977,4,241.45454545454547,33,0,18,34.897268135904504,0.6354166666666667,44.20955882352942,1023.1617647058837,31.004901960784355,0
1712,4,2,1,33,0.058823529411764705,0.029411764705882353,0.9705882352941176,34,700,400,300,0.5714285714285714,10,4,6,357.3292327102388,0.4065470885323827,0.05394036317908113,0.2087938021681622,131236.62308673485,2578.93636621317,133815.55945294801,978,0,235.05882352941177,34,0,21,34.68591456566359,0.6369485294117647,43.83928571428572,1024.6428571428585,30.136554621848777,0
1713,4,0,1,32,0.0,0.030303030303030304,0.9696969696969697,33,800,500,300,0.625,11,5,6,364.0182704564194,0.4026988636363636,0.05941685338670233,0.21216629738317674,131139.77346453295,2947.4547049211924,134087.22816945415,979,1,242.87878787878788,33,0,21,34.61254686129059,0.6382575757575757,43.93382352941177,1024.2647058823536,31.038324420677384,0
1714,4,0,0,32,0.0,0.0,1.0,32,700,600,100,0.8571428571428571,8,6,2,386.20463152194407,0.403330813172043,0.03979880413703918,0.20170782071723387,126796.77539401571,3414.460384804466,130211.23577882018,980,2,236.09375,31,1,19,38.48537491919845,0.5991263440860215,48.20963541666666,1007.1614583333322,32.489079301075236,8
1715,4,0,0,32,0.0,0.0,1.0,32,1100,700,400,0.6363636363636364,15,7,8,384.0858837888715,0.4029947916666667,0.04002278014734362,0.20092444103275842,126862.35427856437,3345.207892523857,130207.56217108823,981,3,237.09375,31,1,20,38.471118219809554,0.5997983870967742,48.14453124999999,1007.4218749999993,32.49747983870966,0
1716,4,2,2,32,0.058823529411764705,0.058823529411764705,0.9411764705882353,34,1000,700,300,0.7,13,7,6,365.5092374399098,0.40927658942364825,0.033766419189035224,0.1940590281253127,127462.99500192217,2517.7804209919072,129980.77542291408,982,0,224.08823529411765,33,1,17,38.321703074433664,0.601010101010101,47.54901960784313,1009.803921568626,30.60011883541291,0
1717,4,1,0,33,0.030303030303030304,0.0,1.0,33,550,300,250,0.5454545454545454,8,3,5,375.4578125000001,0.4105113636363636,0.06253787878787898,0.19971160239361702,127538.0063258851,2977.028173145595,130515.03449903069,983,0,231.57575757575756,32,1,19,37.99348958333334,0.6041666666666667,47.474747474747474,1010.1010101010099,31.56565656565656,0
1718,4,0,0,33,0.0,0.0,1.0,33,600,300,300,0.5,9,3,6,376.0853713090097,0.4104719065656566,0.06749070308180527,0.20036186026729003,127601.78330017353,2997.832810427517,130599.61611060104,984,1,232.57575757575756,32,1,19,37.912136549196035,0.6048177083333333,47.411616161616166,1010.353535353536,31.573547979798,0
1719,4,1,1,33,0.029411764705882353,0.029411764705882353,0.9705882352941176,34,850,600,250,0.7058823529411765,11,6,5,361.2837102423943,0.4155711527035057,0.04938280454760546,0.1869290117433221,126413.28605584402,2334.2122020376983,128747.49825788171,985,0,226.7058823529412,33,1,19,39.50767730928591,0.5902777777777778,48.590686274509814,1005.6372549019617,30.473856209150355,8
1720,4,0,0,33,0.0,0.0,1.0,33,1400,1000,400,0.7142857142857143,18,10,8,356.3322374479652,0.4137073863636364,0.04756565921614442,0.17038671981357553,123119.108412001,2267.9904490423037,125387.09886104331,986,1,234.36363636363637,31,2,18,43.04699116592319,0.5611559139784946,51.88802083333334,992.4479166666678,32.01444892473122,8
1721,4,5,5,33,0.13157894736842105,0.13157894736842105,0.868421052631579,38,1200,900,300,0.75,15,9,6,314.4459042355762,0.4363442389758179,0.0524147803206243,0.15522591406303277,124465.66234731335,227.54354861616133,124693.20589592951,987,0,204.39473684210526,36,2,15,42.690582327051125,0.5639467592592593,50.5349099099099,997.860360360359,27.718343343343307,0
1722,4,3,0,36,0.08333333333333333,0.0,1.0,36,1200,1000,200,0.8333333333333334,14,10,4,330.0933854008233,0.4255291005291005,0.08501663419353989,0.16306263110283445,124494.55959467117,1018.9661281179112,125513.52572278908,988,0,216.61111111111111,34,2,19,42.27031889935982,0.5683210784313726,50.50595238095238,997.9761904761903,29.352240896358538,0
1723,4,4,1,39,0.1,0.025,0.975,40,1400,1000,400,0.7142857142857143,18,10,8,302.6987657846194,0.43703258547008544,0.11162226957911603,0.15380768364313221,125668.62678290956,-392.0523549930679,125276.5744279165,989,0,195.85,38,2,18,41.74458355531877,0.5726425438596492,49.332264957264954,1002.6709401709395,26.38607737291946,0
1724,4,1,2,38,0.025,0.05,0.95,40,1050,700,350,0.6666666666666666,14,7,7,338.25445024234347,0.43595085470085465,0.1443312434691748,0.16600487634970407,124219.97070312509,533.7000382949035,124753.67074141999,990,0,196.825,35,5,17,42.35131487286662,0.5633928571428571,50.78125000000001,996.8750000000007,28.482142857142875,8
1725,4,9,3,44,0.19148936170212766,0.06382978723404255,0.9361702127659575,47,1200,900,300,0.75,15,9,6,300.3256188508806,0.4555003083564601,0.2159133828528268,0.1556902748030639,126492.52409297058,-1786.4773774092894,124706.04671556129,991,0,158.40425531914894,41,6,16,40.95907297830375,0.5762195121951219,48.511904761904766,1005.9523809523814,24.53542392566784,0
1726,4,2,2,44,0.043478260869565216,0.043478260869565216,0.9565217391304348,46,1500,900,600,0.6,21,9,12,325.1939155042208,0.45310990338164253,0.25825688488811216,0.16280041588485536,125052.08875868049,-1043.9114317602084,124008.17732692028,992,0,162.80434782608697,39,7,19,41.81637506075125,0.5646367521367521,49.947916666666664,1000.2083333333328,25.64636752136751,8
1727,4,2,2,44,0.043478260869565216,0.043478260869565216,0.9565217391304348,46,1350,800,550,0.5925925925925926,19,8,11,326.4408261878082,0.45233494363929144,0.2934070702459348,0.16517802772753995,125495.28130425379,-1006.6433376735758,124488.63796658021,993,0,163.67391304347825,39,7,16,41.328035658592384,0.5691773504273504,49.50520833333335,1001.9791666666692,25.69177350427357,0
1728,4,3,2,45,0.06382978723404255,0.0425531914893617,0.9574468085106383,47,700,400,300,0.5714285714285714,10,4,6,320.66671420651073,0.45646392229417204,0.30021270130659317,0.16361459789978733,125839.82051234403,-1329.4716479938995,124510.34886435013,994,0,161.04255319148936,40,7,19,41.118032344103455,0.57109375,49.16158536585367,1003.353658536587,25.083841463414675,0
1729,4,5,4,46,0.1,0.08,0.92,50,1100,1000,100,0.9090909090909091,12,10,2,299.7644380721856,0.463562925170068,0.29951496487344764,0.1562896274966425,126725.87777364659,-2402.0872008858687,124323.79057276071,995,0,145.94,42,8,15,40.734369486414536,0.5771329365079365,48.28003875968993,1006.8798449612417,23.973329641934328,0
1730,4,3,2,47,0.061224489795918366,0.04081632653061224,0.9591836734693877,49,1050,600,450,0.5714285714285714,15,6,9,310.6120304701864,0.4617524092970522,0.3148550200221931,0.16220850480109733,126792.0918367346,-1923.370181405909,124868.7216553287,996,0,149.81632653061226,41,8,19,40.39351851851852,0.5792682926829269,48.21428571428571,1007.1428571428564,24.56445993031357,0
1731,4,2,1,48,0.04081632653061224,0.02040816326530612,0.9795918367346939,49,1600,1300,300,0.8125,19,13,6,311.60072709937725,0.46279761904761907,0.31726531013861825,0.16382815258722036,127067.00685193045,-1881.1656549193906,125185.84119701106,997,0,150.46938775510205,41,8,21,40.087306077601745,0.5820630081300813,47.941468253968246,1008.2341269841259,24.591076267905507,0
1732,4,0,0,48,0.0,0.0,1.0,48,1100,600,500,0.5454545454545454,16,6,10,319.5282567606183,0.46205489066193856,0.32103752815031505,0.16757068864595714,126963.95503874993,-1486.2857550069505,125477.66928374299,998,1,154.52083333333334,40,8,21,39.99298342912845,0.5825520833333333,48.043699186991866,1007.8252032520313,25.195630081300784,0
1733,4,0,3,45,0.0,0.0625,0.9375,48,1550,1100,450,0.7096774193548387,20,11,9,318.101156969272,0.4617963209219858,0.32168370860015116,0.16756558225116946,127144.53667534741,-1510.970607205099,125633.5660681423,999,2,155.52083333333334,39,9,21,39.84412655787372,0.5860042735042735,47.86458333333334,1008.5416666666682,25.860042735042775,0
1734,4,3,2,46,0.0625,0.041666666666666664,0.9583333333333334,48,1400,800,600,0.5714285714285714,20,8,12,320.9914378120048,0.4646959958628842,0.32617239876642556,0.17124135502159749,127656.23967215297,-1404.6880163923436,126251.55165576062,1000,0,151.125,40,8,17,39.24812282113168,0.5895833333333333,47.35772357723578,1010.5691056910581,25.264227642276452,0
1735,4,1,4,43,0.02127659574468085,0.0851063829787234,0.9148936170212766,47,1450,800,650,0.5517241379310345,21,8,13,325.68472873996745,0.46274668516805423,0.26771875440326864,0.16958066910253494,126672.22222222238,-1095.963567486267,125576.25865473611,1001,0,155.2127659574468,39,8,16,40.136934326710815,0.5811965811965811,48.33333333333334,1006.666666666668,25.811965811965845,8
1736,4,1,1,43,0.022727272727272728,0.022727272727272728,0.9772727272727273,44,1750,1400,350,0.8,21,14,7,349.05167551886416,0.45902704369274133,0.2976115378745485,0.18121886814416366,126553.21865362008,34.722602670269794,126587.94125629035,1002,0,166.36363636363637,36,8,17,39.67123670956913,0.5853587962962963,48.45157657657659,1006.1936936936956,27.94982482482488,0
1737,4,3,0,46,0.06521739130434782,0.0,1.0,46,950,500,450,0.5263157894736842,14,5,9,338.058456808716,0.46065821256038647,0.299816575348294,0.17796929749683818,127119.65610812952,-604.0805307593266,126515.5755773702,1003,0,159.91304347826087,37,9,20,39.36643742524735,0.5892454954954955,47.88925438596492,1008.4429824561412,27.25521574205787,0
1738,4,4,7,43,0.08,0.14,0.86,50,1100,700,400,0.6363636363636364,15,7,8,313.2023756879154,0.4641751700680272,0.29466902030008835,0.16817928514426939,127918.6264349491,-1987.1164611677884,125931.50997378131,1004,0,148.04,41,9,18,39.17727027557123,0.5907012195121951,47.09821428571429,1011.6071428571438,24.673344947735213,0
1739,4,3,2,44,0.06521739130434782,0.043478260869565216,0.9565217391304348,46,1000,700,300,0.7,13,7,6,344.4442429820606,0.4601348631239936,0.30420388958890743,0.18332552343118008,127562.34039560265,-412.3772458833331,127149.96314971932,1005,0,161.17391304347825,37,9,19,38.75174119903034,0.59375,47.45065789473685,1010.1973684210539,27.302631578947402,0
1740,4,2,1,45,0.043478260869565216,0.021739130434782608,0.9782608695652174,46,1100,600,500,0.5454545454545454,16,6,10,343.59101357951255,0.4576388888888889,0.31554377282903245,0.18438784760157087,127894.85857427283,-411.29518217143965,127483.5633921014,1006,0,162.1304347826087,37,9,21,38.43303974706414,0.5971283783783784,47.12171052631579,1011.5131578947367,27.338193456614505,0
1741,4,1,1,45,0.021739130434782608,0.021739130434782608,0.9782608695652174,46,1400,800,600,0.5714285714285714,20,8,12,337.07502754524387,0.4582729468599034,0.3010937258239206,0.1821501591157952,128173.0379027676,-558.7270150030463,127614.31088776454,1007,0,161.47826086956522,36,10,22,38.31368623962041,0.6018518518518519,46.846846846846844,1012.6126126126123,28.12812812812812,0
1742,4,2,1,46,0.0425531914893617,0.02127659574468085,0.9787234042553191,47,1150,500,650,0.43478260869565216,18,5,13,327.36130711976216,0.4599329324699353,0.2971864324716893,0.17858123719429791,128550.50131492448,-983.5079717291193,127566.99334319535,1008,0,158.68085106382978,38,9,18,38.174910450906026,0.6019736842105263,46.47435897435898,1014.1025641025648,26.686909581646443,0
1743,4,0,1,45,0.0,0.021739130434782608,0.9782608695652174,46,900,700,200,0.7777777777777778,11,7,4,337.2725854555386,0.45812198067632853,0.300997738396942,0.18378076592264972,128505.59937913585,-531.7168503770407,127973.88252875881,1009,1,163.1304347826087,37,9,19,37.96940899751272,0.603322072072072,46.51864035087719,1013.925438596491,27.403390232337593,0
1744,4,0,0,45,0.0,0.0,1.0,45,1200,900,300,0.75,15,9,6,344.3686419753089,0.4570286195286195,0.2988098765432101,0.18715687063875475,128401.20525931334,-156.530263371479,128244.67499594187,1010,2,167.7111111111111,36,9,19,37.89606481481482,0.6041666666666667,46.62162162162162,1013.5135135135133,28.15315315315315,0
1745,4,1,0,46,0.021739130434782608,0.0,1.0,46,1100,700,400,0.6363636363636364,15,7,8,338.7162403924912,0.4572665056360709,0.2937295124310815,0.18599258324754941,128811.51532202211,-473.8895621729836,128337.62575984912,1011,0,165.04347826086956,37,9,20,37.62106646503925,0.6064189189189189,46.21710526315789,1015.131578947368,27.435988620199133,0
1746,4,0,1,45,0.0,0.021739130434782608,0.9782608695652174,46,1250,500,750,0.4,20,5,15,340.14000453358403,0.45737721417069244,0.2942213686331041,0.18690541851492315,128839.34389667971,-435.31699657587535,128404.02690010384,1012,1,166.04347826086956,37,9,20,37.55658908449438,0.6067004504504505,46.18969298245614,1015.2412280701751,27.43895211000473,0
1747,4,2,2,45,0.0425531914893617,0.0425531914893617,0.9574468085106383,47,1150,800,350,0.6956521739130435,15,8,7,333.5796828809457,0.45906567992599445,0.29386117893268193,0.18498509687034265,129201.38888888896,-779.1923957371442,128422.19649315182,1013,0,163.29787234042553,36,11,22,37.35484972677597,0.6122685185185186,45.833333333333336,1016.6666666666673,28.24074074074076,0
1748,4,1,0,46,0.021739130434782608,0.0,1.0,46,1700,1200,500,0.7058823529411765,22,12,10,339.7868968066266,0.4579810789049919,0.2979312563410952,0.18856777564410696,129230.80800165025,-417.8129554612673,128812.99504618898,1014,0,167.45652173913044,35,11,24,37.16716467463478,0.6145833333333333,45.80439814814814,1016.7824074074064,29.050925925925895,0
1749,4,0,0,46,0.0,0.0,1.0,46,950,800,150,0.8421052631578947,11,8,3,339.87464596175266,0.4580112721417069,0.29739170014446614,0.18903913852606818,129319.08543381323,-409.54432441703307,128909.5411093962,1015,1,168.45652173913044,35,11,24,37.07517827340311,0.6154761904761905,45.71759259259258,1017.129629629628,29.060846560846514,0
1750,4,0,1,45,0.0,0.021739130434782608,0.9782608695652174,46,1150,700,450,0.6086956521739131,16,7,9,335.27460235585175,0.45772946859903385,0.28510108003323187,0.1870389786746603,129436.83556241418,-520.6232853223671,128916.21227709182,1016,2,169.45652173913044,35,11,17,37.072528055808306,0.6166666666666667,45.60185185185185,1017.5925925925919,29.074074074074055,0
1751,4,0,4,41,0.0,0.08888888888888889,0.9111111111111111,45,1150,600,550,0.5217391304347826,17,6,11,345.2778101509238,0.4575968013468013,0.23580718122702882,0.180925572519084,126930.47337278097,-234.74482248521656,126695.72855029575,1017,3,169.0888888888889,38,7,16,39.37857824427482,0.5855263157894737,48.07692307692307,1007.6923076923068,26.518218623481758,8
1752,4,3,1,43,0.06818181818181818,0.022727272727272728,0.9772727272727273,44,850,500,350,0.5882352941176471,12,5,7,358.80719061688615,0.4564173713883016,0.2913995436270782,0.18966700604521536,127285.57254395568,334.19573811170744,127619.7682820674,1018,0,173.02272727272728,37,7,19,38.67296443188814,0.5909346846846847,47.724780701754376,1009.1008771929812,27.272996680891385,0
1753,4,2,1,44,0.044444444444444446,0.022222222222222223,0.9777777777777777,45,1300,900,400,0.6923076923076923,17,9,8,350.6746866218281,0.4566919191919192,0.30474916073901936,0.18796639771020507,127847.22792935926,-33.44268208051312,127813.78524727875,1019,0,169.66666666666666,38,7,18,38.30265335587012,0.5948464912280702,47.168803418803414,1011.3247863247856,26.613810166441727,0
1754,4,4,4,44,0.08333333333333333,0.08333333333333333,0.9166666666666666,48,1200,900,300,0.75,15,9,6,327.993139934364,0.460725103427896,0.29454499947307444,0.17856149769576485,128469.25593770549,-1171.5572266052989,127297.69871110018,1020,0,159.95833333333334,38,10,14,38.24164822425967,0.6011513157894737,46.55448717948718,1013.7820512820515,26.6784750337382,0
1755,4,0,2,42,0.0,0.045454545454545456,0.9545454545454546,44,1200,800,400,0.6666666666666666,16,8,8,355.303887279629,0.4548647815362932,0.30348869304627346,0.19027946855358502,127811.68845221584,282.39794936901205,128094.08640158485,1021,2,175.5,37,7,18,38.22200534952649,0.5962837837837838,47.20394736842104,1011.1842105263139,27.32930298719767,0
1756,4,1,0,43,0.023255813953488372,0.0,1.0,43,1350,1000,350,0.7407407407407407,17,10,7,362.12783485431805,0.45381136950904394,0.31209255705172545,0.19389062785670363,127802.69870799844,656.1829143332382,128458.88162233168,1022,0,179.90697674418604,36,7,20,38.05871106656271,0.5980902777777778,47.21283783783783,1011.1486486486478,28.08746246246244,0
1757,4,0,0,43,0.0,0.0,1.0,43,1150,900,250,0.782608695652174,14,9,5,347.0363937582133,0.4537421557770395,0.26485167173094304,0.18168137009682467,126893.3772243527,255.28898831263652,127148.66621266534,1023,1,180.90697674418604,36,7,17,39.37236876420402,0.5888310185185186,48.11373873873874,1007.5450450450448,27.987362362362358,7
1758,4,1,0,44,0.022727272727272728,0.0,1.0,44,1250,900,350,0.72,16,9,7,352.6664875033591,0.4549638830162086,0.269165424739195,0.17987170349251605,125823.72100069257,74.76194598338412,125898.48294667595,1024,0,177.77272727272728,37,7,18,40.331967213114744,0.5760135135135135,49.17763157894737,1003.289473684211,27.11593172119489,8
1759,4,3,1,46,0.06382978723404255,0.02127659574468085,0.9787234042553191,47,1250,800,450,0.64,17,8,9,334.39643521548,0.45725408572309595,0.2858447255780321,0.17414031036377314,126677.74128818477,-927.3058777700885,125750.43541041468,1025,0,167.36170212765958,37,10,16,39.91202392622445,0.584740990990991,48.32785087719298,1006.6885964912276,27.207799905168315,0
1760,4,1,0,47,0.02127659574468085,0.0,1.0,47,1700,1300,400,0.7647058823529411,21,13,8,337.4131649460489,0.4569650015417823,0.2921862338804899,0.17678603112053531,126926.22369382886,-834.6842297630046,126091.53946406585,1026,0,168.19148936170214,37,10,17,39.58106637649619,0.5872747747747749,48.08114035087719,1007.6754385964912,27.23447131341868,0
1761,4,2,3,46,0.04081632653061224,0.061224489795918366,0.9387755102040817,49,1700,1400,300,0.8235294117647058,20,14,6,329.74277885050554,0.4573412698412698,0.3098033685991666,0.17539855877747432,127538.80343967033,-1389.0001085069275,126149.8033311634,1027,0,162.28571428571428,39,10,18,39.147094462204805,0.5900106837606838,47.47395833333334,1010.1041666666682,25.900106837606877,0
1762,4,0,0,46,0.0,0.0,1.0,46,1150,700,450,0.6086956521739131,16,7,9,363.657411201626,0.45589774557165863,0.2645704981517336,0.18635556134191203,126018.32573203782,-34.500380064776095,125983.82535197304,1028,1,172.3913043478261,40,6,15,39.855347503373814,0.5729166666666667,48.983739837398375,1004.0650406504067,25.101626016260166,8
1763,4,2,3,45,0.041666666666666664,0.0625,0.9375,48,1250,700,550,0.56,18,7,11,358.80489803977184,0.45738216607565013,0.2910931139170634,0.1865862715210052,126619.79709201398,-513.6315770312718,126106.16551498271,1029,0,166.16666666666666,39,9,14,39.35736217484302,0.5806623931623931,48.38541666666667,1006.4583333333342,25.806623931623953,0
1764,4,0,0,45,0.0,0.0,1.0,45,1150,800,350,0.6956521739130435,15,8,7,370.3632299109724,0.45355639730639735,0.32159027626449777,0.19247982582802386,126594.9679228223,377.2242420744728,126972.19216489677,1030,1,177.24444444444444,37,8,14,39.09212246676835,0.5838963963963963,48.41008771929824,1006.3596491228061,27.198909435751517,0
1765,4,0,0,45,0.0,0.0,1.0,45,950,600,350,0.631578947368421,13,6,7,368.7990487514864,0.4531355218855219,0.3255785440613026,0.19235921607541553,126742.1392746913,348.4760802469066,127090.61535493821,1031,2,178.24444444444444,38,7,15,38.97988505747126,0.5836074561403508,48.263888888888886,1006.944444444444,26.498538011695896,0
1766,4,1,0,46,0.021739130434782608,0.0,1.0,46,1600,1100,500,0.6875,21,11,10,365.4121986203131,0.4529790660225443,0.33794466403162104,0.19223859144807767,127092.0138888888,89.15895061727883,127181.17283950608,1032,0,175.34782608695653,37,9,16,38.70523415977962,0.5889639639639639,47.916666666666664,1008.3333333333326,27.25225225225223,0
1767,4,1,2,45,0.02127659574468085,0.0425531914893617,0.9574468085106383,47,1300,1000,300,0.7692307692307693,16,10,6,354.8259007306629,0.45403561517113783,0.33133400878081787,0.18816525038747273,127415.40310650883,-357.9429651545029,127057.46014135433,1033,0,172.59574468085106,38,9,15,38.64021164021166,0.5904605263157895,47.59615384615385,1009.6153846153843,26.568825910931167,0
1768,4,2,0,47,0.0425531914893617,0.0,1.0,47,1150,600,550,0.5217391304347826,17,6,11,358.29531120510495,0.4539199814986124,0.3436635680459805,0.19153617144761015,127739.20323800114,-246.32848454966057,127492.87475345147,1034,0,173.38297872340425,38,9,17,38.22064574085816,0.59375,47.275641025641015,1010.8974358974344,26.602564102564063,0
1769,4,3,3,47,0.06,0.06,0.94,50,1500,1100,400,0.7333333333333333,19,11,8,337.49027060115316,0.45710034013605444,0.3384576485461446,0.18410676141069782,128550.5013149242,-1321.1651462853624,127229.33616863884,1035,0,163.92,38,12,16,37.918115254951545,0.6019736842105263,46.474358974358964,1014.1025641025625,26.686909581646383,0
1770,4,1,0,48,0.020833333333333332,0.0,1.0,48,1500,1200,300,0.8,18,12,6,358.51101443748377,0.4564309988179669,0.3587906391172333,0.19512189552395587,128458.27880245111,-389.2584307280213,128069.02037172309,1036,0,171.5,36,12,17,37.47940272532031,0.6047453703703703,46.56531531531532,1013.7387387387389,28.159409409409413,0
1771,4,3,0,51,0.058823529411764705,0.0,1.0,51,1950,1600,350,0.8205128205128205,23,16,7,368.7638747253361,0.46022875816993464,0.37426960358426586,0.1955977971469409,127423.91889812243,-548.1262692841933,126875.79262883823,1037,0,162.35294117647058,37,14,18,38.27966623226178,0.5923423423423424,47.58771929824561,1009.649122807017,27.287814129919376,8
1772,4,1,1,51,0.019230769230769232,0.019230769230769232,0.9807692307692307,52,1500,900,600,0.6,21,9,12,367.4692763645446,0.46014800150829566,0.3778840056582613,0.1964403555345377,127739.20323800111,-1011.9534845496632,126727.24975345144,1038,0,160.21153846153845,38,14,19,37.988797294440914,0.59375,47.275641025641015,1010.8974358974342,26.60256410256406,0
1773,4,2,1,52,0.03773584905660377,0.018867924528301886,0.9811320754716981,53,1100,600,500,0.5454545454545454,16,6,10,347.9143190291177,0.4615082244799226,0.3305741451885522,0.18525815578128613,127581.0169536086,-1722.5474731085842,125858.46948050002,1039,0,158.0754716981132,42,11,18,38.64497410320351,0.5858134920634921,47.43217054263566,1010.2713178294578,24.05407899593947,8
1774,4,2,0,54,0.037037037037037035,0.0,1.0,54,1750,1300,450,0.7428571428571429,22,13,9,341.194905685883,0.46252620545073375,0.3408881518334248,0.18458432475304648,128218.1246619798,-2048.042297638331,126170.08236434148,1040,0,155.5,42,12,20,38.16334991708128,0.5922619047619048,46.802325581395365,1012.7906976744215,24.11406423034337,0
1775,4,0,3,51,0.0,0.05555555555555555,0.9444444444444444,54,1650,1200,450,0.7272727272727273,21,12,9,338.51659403781804,0.46221319590030285,0.33831976937733255,0.1838113468560491,128365.37486479193,-2109.2381016765685,126256.13676311536,1041,1,156.5,42,12,20,38.08089500860585,0.59375,46.65697674418605,1013.3720930232571,24.127906976744217,0
1776,4,0,1,50,0.0,0.0196078431372549,0.9803921568627451,51,1750,1400,350,0.8,21,14,7,351.0134386502443,0.4607352941176471,0.3377081292850137,0.19002371201585375,128244.99736237108,-1196.856497228503,127048.14086514257,1042,2,162.6078431372549,41,10,20,37.88728370878223,0.5940040650406504,46.77579365079366,1012.8968253968271,24.704800619434806,0
1777,4,2,0,52,0.038461538461538464,0.0,1.0,52,1650,1100,550,0.6666666666666666,22,11,11,344.9503865997453,0.4619391025641026,0.3444506438398398,0.1896322219723052,128856.81918905137,-1510.1580809446332,127346.66110810674,1043,0,160.1153846153846,42,10,19,37.41669052618183,0.5987103174603174,46.17248062015505,1015.3100775193817,24.174049464747185,0
1778,4,0,0,52,0.0,0.0,1.0,52,1250,800,450,0.64,17,8,9,346.5196567608778,0.46187625691302164,0.34421645898463327,0.1909684038994494,128955.22072742044,-1462.8962352021892,127492.32449221825,1044,1,161.1153846153846,42,10,19,37.27660115753992,0.5997023809523809,46.07558139534885,1015.6976744186064,24.183277962347773,0
1779,4,0,2,50,0.0,0.038461538461538464,0.9615384615384616,52,2050,1100,950,0.5365853658536586,30,11,19,347.27426825268435,0.4616327300150829,0.34187476705180786,0.19211069313854703,129105.13157139595,-1433.0219811753734,127672.10959022057,1045,2,162.1153846153846,43,9,19,37.104764567026955,0.5998062015503876,45.92803030303031,1016.2878787878802,23.634601832276285,0
1780,4,2,1,51,0.038461538461538464,0.019230769230769232,0.9807692307692307,52,1250,900,350,0.72,16,9,7,351.0169043356469,0.46129493464052285,0.3489269050126451,0.19503754368055634,129278.89034511536,-1324.077212829172,127954.81313228619,1046,0,162.84615384615384,40,12,21,36.83275873555178,0.6059895833333333,45.75711382113821,1016.9715447154473,25.424288617886184,0
1781,4,1,0,52,0.019230769230769232,0.0,1.0,52,1000,400,600,0.4,16,4,12,344.03748161827576,0.4620490824534942,0.34322986954565926,0.19225623972785996,129504.14540816325,-1489.1439909297071,128015.00141723355,1047,0,162.59615384615384,41,11,18,36.78118908382065,0.6067073170731707,45.535714285714285,1017.8571428571428,24.825783972125432,0
1782,4,3,3,52,0.05454545454545454,0.05454545454545454,0.9454545454545454,55,1550,1200,350,0.7741935483870968,19,12,7,331.73300738749714,0.46209315375982046,0.36282820952632333,0.18889590255370714,130238.95747599452,-2359.087791495191,127879.86968449934,1048,0,154.6727272727273,44,11,21,36.349479922593154,0.6098484848484849,44.81481481481482,1020.7407407407408,23.1986531986532,0
1783,4,1,0,53,0.018867924528301886,0.0,1.0,53,1250,700,550,0.56,18,7,11,345.00184787383967,0.46170476536042576,0.37521167951229106,0.19582342082283838,130114.25212013985,-1622.0685167658357,128492.18360337401,1049,0,161.11320754716982,42,11,22,36.13729540633804,0.611359126984127,44.93701550387596,1020.2519379844947,24.291712809154635,0
1784,4,1,1,53,0.018518518518518517,0.018518518518518517,0.9814814814814815,54,1200,600,600,0.5,18,6,12,341.4195644006791,0.4615653389238295,0.3832537441760484,0.1956258414837443,130480.80490037614,-1889.8375599631627,128590.96734041297,1050,0,159.11111111111111,38,16,23,35.85738436334481,0.6214364035087719,44.57799145299145,1021.6880341880336,26.88652721547457,0
1785,4,0,1,52,0.0,0.018867924528301886,0.9811320754716981,53,1700,1300,400,0.7647058823529411,21,13,8,345.6696929671969,0.46017779390420904,0.3787078904382002,0.1982005361833493,130508.09500328716,-1577.4613740960044,128930.63362919116,1051,1,162.9811320754717,38,15,16,35.72119406106231,0.6217105263157895,44.551282051282044,1021.7948717948706,26.889338731443964,0
1786,4,0,1,51,0.0,0.019230769230769232,0.9807692307692307,52,1650,1100,550,0.6666666666666666,22,11,11,349.8461812445282,0.4599358974358974,0.38252634012616893,0.2001945346728515,130430.5411280393,-1273.8746537396207,129156.66647429968,1052,3,167.09615384615384,37,15,22,35.693072849577796,0.6227477477477478,44.62719298245614,1021.4912280701747,27.60787102892364,0
1787,4,0,0,51,0.0,0.0,1.0,51,1600,1200,400,0.75,20,12,8,351.4781375180338,0.4595261437908497,0.38016864776998927,0.2011519359890272,130435.0819358208,-1030.984066837128,129404.09786898366,1053,4,170.1764705882353,36,15,23,35.64679564913827,0.6247106481481481,44.62274774774774,1021.5090090090076,28.37525025025021,0
1788,4,0,0,51,0.0,0.0,1.0,51,1550,1300,250,0.8387096774193549,18,13,5,355.3560265755827,0.4592156862745098,0.3831715545879075,0.20443105255089605,130636.47050766983,-915.5085829072295,129720.9619247626,1054,5,171.1764705882353,36,15,19,35.34368803701257,0.6267361111111112,44.42567567567568,1022.2972972972973,28.397147147147148,0
1789,4,0,1,50,0.0,0.0196078431372549,0.9803921568627451,51,850,500,350,0.5882352941176471,12,5,7,351.21627439994717,0.4587581699346405,0.375861722810533,0.20237754137759742,130699.2056235846,-1019.262386770401,129679.9432368142,1055,6,172.1764705882353,38,13,19,35.38597499390521,0.6236293859649122,44.36431623931624,1022.5427350427348,26.90901934322986,0
1790,4,0,1,49,0.0,0.02,0.98,50,1500,1100,400,0.7333333333333333,19,11,8,347.40156650983346,0.4585714285714286,0.3638823763163128,0.20074306363306416,130807.80805902553,-911.4325137153967,129896.37554531013,1056,7,169.26,40,10,19,35.37361745810983,0.6213541666666667,44.258130081300806,1022.9674796747953,25.574186991869883,0
1791,4,0,2,47,0.0,0.04081632653061224,0.9591836734693877,49,1400,1000,400,0.7142857142857143,18,10,8,356.76333793447606,0.45790816326530615,0.3709041344088029,0.2063680509536177,130848.09570312526,-463.63932291663735,130384.45638020862,1057,8,173.16326530612244,39,10,19,35.093412746894735,0.6233974358974359,44.218750000000014,1023.125000000002,26.23397435897441,0
1792,4,0,1,46,0.0,0.02127659574468085,0.9787234042553191,47,1150,700,450,0.6086956521739131,16,7,9,367.66631917865385,0.4565217391304348,0.3748257746327861,0.21207320711065597,130738.73842191831,213.64614592951807,130952.38456784784,1058,9,180.14893617021278,37,10,19,34.92537346771023,0.6258445945945945,44.32565789473684,1022.6973684210529,27.640469416785216,0
1793,4,0,1,45,0.0,0.021739130434782608,0.9782608695652174,46,1450,500,950,0.3448275862068966,24,5,19,366.05775886395696,0.4550020128824477,0.3712264600552837,0.2121274816792406,130917.7889751809,384.6944855358415,131302.48346071673,1059,10,183.84782608695653,38,8,20,34.78507673034765,0.6258223684210527,44.15064102564103,1023.3974358974366,26.931511470985175,0
1794,4,1,1,45,0.021739130434782608,0.021739130434782608,0.9782608695652174,46,1500,1200,300,0.8,18,12,6,370.06359872026604,0.45325080515297905,0.38186791005611287,0.21779152777143554,131511.2244897961,536.0716130633822,132047.2961028595,1060,0,183.17391304347825,34,12,21,34.08194057567315,0.6397058823529411,43.57142857142858,1025.714285714287,30.16806722689079,0
1795,4,0,0,45,0.0,0.0,1.0,45,1300,800,500,0.6153846153846154,18,8,10,377.5928264062462,0.4516414141414142,0.39093062605753004,0.2227119365330253,131595.1877170138,937.8797743055472,132533.06749131932,1061,1,187.95555555555555,35,10,19,33.803934010152304,0.6383928571428572,43.48958333333333,1026.0416666666658,29.315476190476165,0
1796,4,0,0,45,0.0,0.0,1.0,45,1700,1300,400,0.7647058823529411,21,13,8,374.0923450734493,0.4511574074074074,0.3888700968416834,0.22133589115786662,131713.9693313828,854.6375332218737,132568.60686460466,1062,2,188.95555555555555,35,10,20,33.77365448942009,0.6395833333333334,43.37384259259259,1026.504629629629,29.328703703703688,0
1797,4,0,0,45,0.0,0.0,1.0,45,1450,1100,350,0.7586206896551724,18,11,7,376.4291962057368,0.450462962962963,0.3864129492911852,0.22415601113997374,131958.5539141831,934.6104764774831,132893.1643906606,1063,3,189.95555555555555,38,7,21,33.46656095109354,0.6362390350877193,43.13568376068377,1027.4572649572665,27.0383490778228,0
1798,4,0,0,45,0.0,0.0,1.0,45,1300,1100,200,0.8461538461538461,15,11,4,377.06355003652317,0.4496422558922559,0.3854054054054059,0.22502179598953803,132040.8950617284,957.5617283950679,132998.45679012345,1064,4,190.95555555555555,38,7,22,33.36711711711713,0.6370614035087719,43.05555555555556,1027.7777777777778,27.046783625730995,0
1799,4,0,0,45,0.0,0.0,1.0,45,1250,1000,250,0.8,15,10,5,372.18720214993624,0.4488636363636364,0.3806911835999729,0.22308057334341744,132205.65440317037,841.050524143467,133046.70492731384,1065,5,191.95555555555555,38,7,22,33.326191218228416,0.6387061403508771,42.89529914529914,1028.4188034188028,27.06365272154744,0
1800,4,0,1,44,0.0,0.022222222222222223,0.9777777777777777,45,1350,900,450,0.6666666666666666,18,9,9,373.89794090297033,0.4481902356902357,0.3867801771871542,0.225086560423588,132370.51647308053,898.6127091094991,133269.12918219002,1066,6,192.95555555555555,38,7,22,33.11595895625692,0.6403508771929824,42.73504273504273,1029.0598290598286,27.080521817363913,0
1801,4,0,0,44,0.0,0.0,1.0,44,1100,500,600,0.45454545454545453,17,5,12,373.22362274418566,0.4476193622269204,0.3742178873757829,0.22484447516539935,132398.00347222202,1082.8210607056524,133480.82453292765,1067,7,195.95454545454547,34,10,22,33.10560053981108,0.6485906862745099,42.70833333333332,1029.166666666665,30.269607843137205,0
1802,4,0,0,44,0.0,0.0,1.0,44,1250,700,550,0.56,18,7,11,371.74407164549945,0.44721194503171247,0.36971956821072327,0.22468305210775158,132520.5516581632,1052.7458900226652,133573.29754818586,1068,8,196.95454545454547,34,10,22,33.020195012910925,0.6498161764705883,42.58928571428571,1029.6428571428567,30.283613445378137,0
1803,4,0,0,44,0.0,0.0,1.0,44,1700,1200,500,0.7058823529411765,22,12,10,369.0898381551962,0.44694767441860467,0.370649052554179,0.22407451421910338,132687.90486009646,994.7514659930059,133682.65632608946,1069,9,197.95454545454547,36,8,19,32.92003679819289,0.6472800925925926,42.426801801801794,1030.2927927927917,28.619244244244214,0
1804,4,0,0,44,0.0,0.0,1.0,44,1300,1100,200,0.8461538461538461,15,11,4,369.51046612320476,0.44676048273431995,0.37089915548931973,0.2245033708517477,132716.91243608456,1008.0576353380201,133724.97007142258,1070,10,198.95454545454547,36,8,19,32.88000910746811,0.6475694444444444,42.39864864864864,1030.405405405404,28.622372372372336,0
1805,4,1,0,45,0.022222222222222223,0.0,1.0,45,1350,900,450,0.6666666666666666,18,9,9,364.9042964923665,0.4458754208754209,0.3783562970046874,0.22401267673122371,133104.2379025276,714.0616583948741,133818.29956092246,1071,0,195.51111111111112,37,8,20,32.609335706442806,0.6494932432432432,42.023026315789465,1031.9078947368412,27.889402560455167,0
1806,4,0,0,45,0.0,0.0,1.0,45,1200,900,300,0.75,15,9,6,363.5089261391662,0.44574915824915823,0.3763534201406409,0.2232661457694188,133122.62505425367,678.2524956597424,133800.87754991342,1072,1,196.51111111111112,39,6,20,32.626867366508534,0.6461004273504274,42.00520833333334,1031.9791666666683,26.461004273504315,0
1807,4,0,1,44,0.0,0.022222222222222223,0.9777777777777777,45,2000,1500,500,0.75,25,15,10,367.5594545568748,0.44465488215488214,0.38110606824676374,0.22706242940382648,133337.7075195313,801.9070095486119,134139.61452907993,1073,2,197.51111111111112,39,6,20,32.306375021011924,0.6482371794871795,41.796875,1032.8125000000005,26.482371794871806,0
1808,4,0,0,44,0.0,0.0,1.0,44,1500,1100,400,0.7333333333333333,19,11,8,371.7280387214483,0.44412878787878785,0.374062235592743,0.23012868978466067,133417.0284991597,1118.9700672072238,134535.99856636694,1074,3,180.61363636363637,38,6,20,32.119096863150624,0.6507675438596492,41.72008547008546,1033.1196581196564,27.187359424201485,0
1809,4,0,0,44,0.0,0.0,1.0,44,1350,1000,350,0.7407407407407407,17,10,7,365.8973637508777,0.44289552501761803,0.36315800187273517,0.22759019867847052,133591.84777949235,976.2152270476511,134568.06300654,1075,4,181.61363636363637,35,9,20,32.09434243917,0.6583333333333333,41.55092592592592,1033.7962962962954,29.53703703703701,0
1810,4,0,0,44,0.0,0.0,1.0,44,1400,1100,300,0.7857142857142857,17,11,6,366.41866317359523,0.44227889358703315,0.36554662461209775,0.22846830114836494,133681.6021117325,996.6867873370859,134678.2888990696,1076,5,182.61363636363637,35,9,20,31.990883230740522,0.6592261904761905,41.46412037037036,1034.143518518517,29.54695767195763,0
1811,4,0,0,44,0.0,0.0,1.0,44,650,300,350,0.46153846153846156,10,3,7,420.9518223665254,0.44225687103594086,0.3792814833891327,0.24676590944359694,131360.48179076106,2279.0692628356283,133639.5510535967,1077,6,183.61363636363637,32,12,16,32.93021513322659,0.6429036458333333,43.71843434343434,1025.126262626262,32.035195707070685,8
1812,4,0,0,44,0.0,0.0,1.0,44,1350,1000,350,0.7407407407407407,17,10,7,417.35849138937283,0.44223484848484845,0.3723311400563978,0.2456971292787874,131522.32552800744,2178.3918732782427,133700.71740128568,1078,7,184.61363636363637,32,12,17,32.857890201870994,0.64453125,43.56060606060606,1025.7575757575764,32.05492424242426,0
1813,4,2,1,45,0.043478260869565216,0.021739130434782608,0.9782608695652174,46,1350,900,450,0.6666666666666666,18,9,9,399.5754709124146,0.4436493558776167,0.36678305142730605,0.24013429900035368,132306.12953514734,1373.2568027210823,133679.38633786843,1079,0,177.54347826086956,34,12,18,32.52044279873485,0.647671568627451,42.797619047619044,1028.8095238095234,30.25910364145657,0
1814,4,1,0,46,0.021739130434782608,0.0,1.0,46,1100,800,300,0.7272727272727273,14,8,6,398.3154054579794,0.4444142512077294,0.36383159289196176,0.24076590191783714,132524.15687475947,1357.3145434644182,133881.4714182239,1080,0,176.6086956521739,33,13,19,32.33257954455288,0.6521464646464646,42.585784313725476,1029.656862745096,31.20172311348776,0
1815,4,0,0,46,0.0,0.0,1.0,46,1000,700,300,0.7,13,7,6,395.1531640503216,0.4443538647342995,0.3627887127227585,0.2394565496642357,132618.81134960096,1280.9485834774935,133899.75993307846,1081,1,177.6086956521739,33,13,19,32.31843644655957,0.6530934343434344,42.4938725490196,1030.0245098039204,31.212863933452134,0
1816,4,0,0,46,0.0,0.0,1.0,46,1850,1300,550,0.7027027027027027,24,13,11,393.2903612567006,0.44352858293075687,0.36204828620172713,0.23933226759543003,132776.64389898075,1243.9548490964492,134020.5987480772,1082,2,178.6086956521739,33,13,16,32.20719381688465,0.6546717171717171,42.34068627450978,1030.6372549019575,31.231431966725985,0
1817,4,0,0,46,0.0,0.0,1.0,46,1200,1000,200,0.8333333333333334,14,10,4,390.98960472347756,0.44317632850241545,0.3617582086554878,0.2384485899229091,132857.8514739226,1189.2077664398746,134047.0592403625,1083,3,179.6086956521739,34,12,17,32.18461316397227,0.6531862745098039,42.261904761904745,1030.9523809523787,30.32212885154055,0
1818,4,0,1,45,0.0,0.021739130434782608,0.9782608695652174,46,1350,600,750,0.4444444444444444,21,6,15,390.0247588299635,0.4423711755233494,0.3638186389894056,0.23844632926915785,132949.91673752802,1170.751842403592,134120.6685799316,1084,4,180.6086956521739,34,12,17,32.11671284004772,0.6541053921568627,42.17261904761903,1031.3095238095214,30.332633053221215,0
1819,4,0,4,41,0.0,0.08888888888888889,0.9111111111111111,45,900,600,300,0.6666666666666666,12,6,6,400.15495962707945,0.4412037037037037,0.37413660985599195,0.24350963896264338,132776.64389898087,1626.2465157631332,134402.890414744,1085,5,185.51111111111112,33,12,17,32.03032104637336,0.6546717171717171,42.340686274509785,1030.6372549019584,31.23143196672601,0
1820,4,0,1,40,0.0,0.024390243902439025,0.975609756097561,41,1450,1300,150,0.896551724137931,16,13,3,424.86536705357094,0.44032012195121956,0.38100381763022995,0.255728179423029,132364.5040724012,3047.418721516924,135411.92279391814,1086,6,199.5609756097561,31,10,19,31.81083660213421,0.6555779569892473,42.740885416666664,1029.036458333333,33.194724462365585,0
1821,4,0,0,40,0.0,0.0,1.0,40,1200,900,300,0.75,15,9,6,433.96564328558486,0.43936965811965817,0.3908021949307554,0.2607200183444164,132294.2771563186,3482.234217828643,135776.51137414723,1087,7,204.4,30,10,19,31.647940074906362,0.6576388888888889,42.80913978494623,1028.7634408602146,34.29211469534049,0
1822,4,0,0,40,0.0,0.0,1.0,40,1200,900,300,0.75,15,9,6,429.60874625055345,0.43874198717948715,0.38269230769230766,0.25881307396069897,132398.00347222207,3375.8680555555316,135773.8715277776,1088,8,205.4,30,10,19,31.65485829959513,0.6586805555555555,42.70833333333332,1029.1666666666654,34.305555555555515,0
1823,4,0,0,40,0.0,0.0,1.0,40,1150,900,250,0.782608695652174,14,9,5,427.49149477183386,0.43800747863247863,0.3805860088749675,0.2587235255088302,132570.9709937565,3334.592510694876,135905.56350445136,1089,9,206.4,30,10,21,31.534140346297743,0.6604166666666667,42.54032258064516,1029.8387096774193,34.32795698924731,0
1824,4,0,0,40,0.0,0.0,1.0,40,1300,1100,200,0.8461538461538461,15,11,4,432.66968597435016,0.43744658119658114,0.3875163057657194,0.2628245493406785,132709.42630650918,3483.8691611746763,136193.29546768387,1090,10,207.4,30,10,19,31.260598747717204,0.6618055555555555,42.40591397849461,1030.3763440860196,34.34587813620065,0
1825,4,0,0,40,0.0,0.0,1.0,40,1300,900,400,0.6923076923076923,17,9,8,434.7978521484187,0.43688568376068376,0.38386686660581537,0.26485025640398896,132813.31521346388,3549.3888383049934,136362.70405176887,1091,11,208.4,30,10,19,31.100588951188765,0.6628472222222221,42.30510752688171,1030.7795698924724,34.359318996415745,0
1826,4,0,0,40,0.0,0.0,1.0,40,1100,600,500,0.5454545454545454,16,6,10,432.2531399474383,0.43625801282051285,0.37698774765380616,0.26403233198063275,132917.2447681813,3490.7792808417153,136408.02404902302,1092,12,209.4,30,10,20,31.06100104275288,0.6638888888888889,42.204301075268816,1031.1827956989246,34.37275985663082,0
1827,4,0,0,40,0.0,0.0,1.0,40,1000,700,300,0.7,13,7,6,433.12510831223256,0.4361778846153846,0.37988075068421767,0.2648102753848414,132951.89698592314,3516.9609564689454,136468.8579423921,1093,13,210.4,30,10,20,31.003464529301876,0.6642361111111111,42.17069892473118,1031.3172043010748,34.37724014336916,0
1828,4,0,0,40,0.0,0.0,1.0,40,900,600,300,0.6666666666666666,12,6,6,433.12510831223256,0.4355902777777778,0.37988075068421767,0.2648102753848414,132951.89698592314,3516.9609564689454,136468.8579423921,1094,14,211.4,30,10,20,31.003464529301876,0.6642361111111111,42.17069892473118,1031.3172043010748,34.37724014336916,0
1829,4,0,2,38,0.0,0.05,0.95,40,1150,600,550,0.5217391304347826,17,6,11,431.43243248380685,0.4351095085470085,0.377651120375196,0.2645108108423083,133055.88073765746,3480.9244565845647,136536.805194242,1095,15,212.4,30,10,21,30.94195110300503,0.6652777777777779,42.06989247311827,1031.7204301075262,34.390681003584206,0
1830,4,1,0,39,0.02564102564102564,0.0,1.0,39,1450,1000,450,0.6896551724137931,19,10,9,422.44490802539934,0.43525078722447147,0.35206689335129715,0.2624411630686291,133546.46626040438,3484.5056597066423,137030.971920111,1096,0,195.53846153846155,28,11,23,30.67863265684366,0.6763392857142857,41.594827586206904,1033.6206896551732,36.9150246305419,0
1831,4,0,0,39,0.0,0.0,1.0,39,900,800,100,0.8888888888888888,10,8,2,421.1091771716563,0.4346603688708952,0.34946875376694075,0.26235630326719517,133651.6806520062,3456.389853395066,137108.07050540127,1097,1,196.53846153846155,29,10,23,30.607090888739652,0.6742097701149425,41.49305555555556,1034.027777777778,35.65613026819924,0
1832,4,0,0,39,0.0,0.0,1.0,39,1250,1000,250,0.8,15,10,5,417.20708904561064,0.4335357624831309,0.3422667226252578,0.26111058304659435,133819.67026534854,3366.103017689903,137185.77328303843,1098,2,197.53846153846155,30,9,19,30.53877630553391,0.6729166666666666,41.33064516129032,1034.6774193548383,34.489247311827945,0
1833,4,0,0,39,0.0,0.0,1.0,39,1400,900,500,0.6428571428571429,19,9,10,420.1440020941051,0.43286099865047234,0.34637024016406004,0.26394364634003253,133958.77594230557,3456.395248005562,137415.17119031114,1099,3,198.53846153846155,30,9,19,30.322751666233884,0.6743055555555555,41.19623655913979,1035.2150537634416,34.507168458781386,0
1834,4,0,1,38,0.0,0.02564102564102564,0.9743589743589743,39,1500,1100,400,0.7333333333333333,19,11,8,422.9021524142255,0.43218623481781376,0.3508820965348347,0.26668445061407725,134097.95388195178,3542.0626662042027,137640.01654815598,1100,4,199.53846153846155,30,9,19,30.111276927069817,0.6756944444444444,41.061827956989255,1035.752688172044,34.5250896057348,0
1835,4,0,1,37,0.0,0.02631578947368421,0.9736842105263158,38,1150,800,350,0.6956521739130435,15,8,7,424.861357558137,0.4321212660028449,0.34170240078660585,0.2684287986932887,134167.56995028336,3800.5231818707475,137968.0931321541,1101,5,199.39473684210526,30,8,20,29.99048607507352,0.6763888888888889,40.99462365591398,1036.0215053763447,34.53405017921149,0
1836,4,0,1,36,0.0,0.02702702702702703,0.972972972972973,37,1050,600,450,0.5714285714285714,15,6,9,425.57381524269294,0.4303678678678679,0.3237515225334957,0.2700124438286329,134321.63331547804,4032.753991939604,138354.38730741764,1102,6,193.51351351351352,32,5,21,29.817042224928947,0.6725260416666667,40.8459595959596,1036.616161616162,32.39425505050506,0
1837,4,0,0,36,0.0,0.0,1.0,36,1100,700,400,0.6363636363636364,15,7,8,430.2083755534206,0.4282903439153439,0.31442659078862967,0.2741631935726839,134483.24415418843,4371.163601345495,138854.40775553393,1103,7,196.83333333333334,31,5,21,29.534375261528155,0.676747311827957,40.69010416666667,1037.239583333334,33.459341397849485,0
1838,4,0,0,36,0.0,0.0,1.0,36,1000,600,400,0.6,14,6,8,429.45317262172927,0.42792658730158734,0.3144417674266422,0.27446062041547825,134586.8079668211,4359.780243296698,138946.5882101178,1104,8,197.83333333333334,29,7,21,29.449844956052292,0.6835488505747127,40.590277777777786,1037.6388888888898,35.7806513409962,0
1839,4,0,0,36,0.0,0.0,1.0,36,1050,800,250,0.7619047619047619,13,8,5,426.40700419543265,0.42751322751322757,0.3121347963780723,0.2730539453601088,134658.8758680556,4283.89756944445,138942.77343750003,1105,9,198.83333333333334,29,7,22,29.456459922387257,0.6842672413793103,40.520833333333336,1037.916666666667,35.790229885057485,0
1840,4,0,0,36,0.0,0.0,1.0,36,800,500,300,0.625,11,5,6,423.9590405191726,0.42643849206349205,0.29152348224513136,0.25475060930311366,132300.56244260803,4018.00390266301,136318.56634527104,1106,10,199.83333333333334,32,4,19,31.898932253313696,0.65234375,42.80303030303031,1028.78787878788,32.14962121212125,8
1841,4,0,0,36,0.0,0.0,1.0,36,1050,800,250,0.7619047619047619,13,8,5,402.0166483564845,0.42653769841269845,0.29325532474362315,0.23129641659602276,130640.18419759511,3322.9169324261447,133963.10113002124,1107,11,200.83333333333334,30,6,18,34.14738364449118,0.6409722222222223,44.42204301075269,1022.3118279569894,34.077060931899645,8
1842,4,0,0,36,0.0,0.0,1.0,36,1100,1000,100,0.9090909090909091,12,10,2,400.2196595011742,0.4261078042328042,0.2888574933193151,0.23087728499957808,130743.26014929471,3265.2046118048324,134008.46476109955,1108,12,201.83333333333334,30,6,18,34.08846979454155,0.6420138888888889,44.321236559139784,1022.7150537634408,34.090501792114694,0
1843,4,0,0,36,0.0,0.0,1.0,36,950,500,450,0.5263157894736842,14,5,9,399.9845087920198,0.42569444444444443,0.2889881473696503,0.2313588207389707,130846.37674875709,3267.304746213433,134113.68149497051,1109,13,202.83333333333334,30,6,19,33.98964354527938,0.6430555555555555,44.22043010752688,1023.1182795698925,34.10394265232975,0
1844,4,0,0,36,0.0,0.0,1.0,36,950,800,150,0.8421052631578947,11,8,3,399.77268037001255,0.42556216931216934,0.2871902635496022,0.2316491010911166,130915.1437304889,3267.2595820325832,134182.4033125215,1110,14,203.83333333333334,30,6,19,33.925170738114,0.64375,44.1532258064516,1023.3870967741921,34.1129032258064,0
1845,4,0,0,36,0.0,0.0,1.0,36,950,900,50,0.9473684210526315,10,9,1,404.51615851445797,0.42504960317460316,0.2887970012543397,0.23523695385978152,131052.73189096991,3402.589533472058,134455.32142444197,1111,15,204.83333333333334,30,6,19,33.66396473265073,0.6451388888888889,44.018817204301065,1023.9247311827945,34.13082437275982,0
1846,4,0,1,35,0.0,0.027777777777777776,0.9722222222222222,36,1050,600,450,0.5714285714285714,15,6,9,405.42618688792135,0.42447089947089944,0.28849630006213656,0.23663896427553133,131194.6953667534,3437.953016493047,134632.64838324644,1112,16,205.83333333333334,31,5,19,33.4964412811388,0.6438172043010753,43.88020833333333,1024.479166666666,33.04771505376342,0
1847,4,0,0,35,0.0,0.0,1.0,35,1150,500,650,0.43478260869565216,18,5,13,417.6749883862409,0.4226890756302521,0.30810810810810807,0.24376100777028545,131190.3923141403,3958.989117238985,135149.3814313793,1113,17,211.8,30,5,19,33.18710093588734,0.6465277777777778,43.884408602150536,1024.4623655913974,34.148745519713245,0
1848,4,0,0,35,0.0,0.0,1.0,35,800,500,300,0.625,11,5,6,415.88222158819025,0.42223389355742297,0.3038323983806257,0.24295302165385813,131228.04641723633,3915.082295735677,135143.12871297201,1114,18,212.8,31,4,19,33.19473567162283,0.6441532258064516,43.84765625,1024.609375,33.05191532258065,0
1849,4,0,0,35,0.0,0.0,1.0,35,1000,600,400,0.6,14,6,8,416.0718408573886,0.4221988795518207,0.30437465964784893,0.24327528882226224,131261.40170627178,3922.8346082899398,135184.2363145617,1115,19,213.8,31,4,19,33.155972045743326,0.644489247311828,43.81510416666667,1024.739583333334,33.05611559139787,0
1850,4,0,0,35,0.0,0.0,1.0,35,1050,600,450,0.5714285714285714,15,6,9,416.50354295280425,0.4223389355742297,0.301761691223575,0.24442181599598783,131401.77037917826,3945.911445269928,135347.68182444817,1116,20,214.8,28,7,19,33.00226550822122,0.6547619047619048,43.67816091954023,1025.2873563218393,36.617405582922835,0
1851,4,0,0,35,0.0,0.0,1.0,35,600,300,300,0.5,9,3,6,413.4067947889506,0.4217436974789916,0.2965681467992718,0.24330676900233475,131512.27715434675,3873.613794754935,135385.89094910168,1117,21,215.8,28,7,19,32.96942849138536,0.6558779761904762,43.57040229885058,1025.7183908045984,36.6327996715928,0
1852,4,1,0,36,0.027777777777777776,0.0,1.0,36,1000,800,200,0.8,12,8,4,400.9271086559293,0.4217923280423281,0.2895559161108108,0.23836470222019734,131898.18672839514,3376.3117283950733,135274.49845679023,1118,0,210.77777777777777,29,7,19,32.89841355687759,0.6566091954022988,43.19444444444445,1027.2222222222229,35.42145593869734,0
1853,4,0,0,36,0.0,0.0,1.0,36,900,500,400,0.5555555555555556,13,5,8,404.67494521548554,0.42083333333333334,0.2967717717717715,0.2414995640802093,132040.89506172854,3486.7283950617475,135527.6234567903,1119,1,211.77777777777777,29,7,19,32.65765765765765,0.6580459770114943,43.055555555555564,1027.777777777779,35.44061302681997,0
1854,4,0,0,36,0.0,0.0,1.0,36,1050,900,150,0.8571428571428571,12,9,3,404.24138138229,0.42076719576719573,0.2920475182733726,0.24192392452490635,132147.9769483024,3483.936149691353,135631.91309799376,1120,2,212.77777777777777,29,7,19,32.560420325093425,0.6591235632183908,42.951388888888886,1028.1944444444441,35.454980842911866,0
1855,4,0,0,36,0.0,0.0,1.0,36,1250,800,450,0.64,17,8,9,405.84685496047086,0.4193948412698412,0.29767399666158667,0.24405009227984306,132328.84807853497,3541.0493626430616,135869.89744117804,1121,3,213.77777777777777,30,6,19,32.33616372741127,0.6579861111111112,42.77553763440859,1028.8978494623645,34.296594982078815,0
1856,4,1,0,37,0.02702702702702703,0.0,1.0,37,1400,1100,300,0.7857142857142857,17,11,6,392.9473326764104,0.4223285785785786,0.2890669289456247,0.23884678884801172,132733.23059082043,3031.433783637167,135764.66437445758,1122,0,208.97297297297297,31,6,19,32.259813832027625,0.6592741935483871,42.38281250000001,1030.468750000001,33.24092741935487,0
1857,4,0,1,36,0.0,0.02702702702702703,0.972972972972973,37,700,400,300,0.5714285714285714,10,4,6,383.5888189387272,0.42270395395395394,0.24681225728346146,0.22201655884029353,130870.93431122448,2640.1254251700657,133511.05973639456,1123,1,209.97297297297297,34,3,17,34.38408958696917,0.6332720588235294,44.19642857142857,1023.2142857142856,30.094537815126046,8
1858,4,0,0,36,0.0,0.0,1.0,36,1050,800,250,0.7619047619047619,13,8,5,395.751967194183,0.42086640211640214,0.26735611989565067,0.228790680203396,130826.15460399837,3154.94160899653,133981.0962129949,1124,6,216.77777777777777,33,3,17,34.11845152531546,0.6351010101010102,44.24019607843137,1023.0392156862738,31.00118835412951,0
1859,4,0,1,35,0.0,0.027777777777777776,0.9722222222222222,36,1250,1100,150,0.88,14,11,3,392.97146804950034,0.4199404761904762,0.2650462962962967,0.22792345146871001,130951.55709342548,3092.045126874264,134043.60222029974,1125,7,217.77777777777777,33,3,17,34.062200670498086,0.6363636363636364,44.11764705882352,1023.529411764705,31.016042780748634,0
1860,4,0,0,35,0.0,0.0,1.0,35,1150,800,350,0.6956521739130435,15,8,7,399.7077133807623,0.4192577030812325,0.26513656342460346,0.2320193557935724,130982.91710219628,3470.9764573721623,134453.89355956845,1126,8,222.2,33,2,19,33.85797019035076,0.6366792929292929,44.08700980392157,1023.6519607843138,31.019756387403447,0
1861,4,0,0,35,0.0,0.0,1.0,35,650,400,250,0.6153846153846154,9,4,5,400.7988844596215,0.4194327731092437,0.2673689250658371,0.23284241173683434,131014.28086553243,3502.075523836983,134516.3563893694,1127,9,223.2,33,2,19,33.798180512329424,0.6369949494949495,44.056372549019606,1023.7745098039212,31.023469994058217,0
1862,4,0,0,35,0.0,0.0,1.0,35,900,800,100,0.8888888888888888,10,8,2,397.11484873403606,0.41894257703081234,0.2653676545995287,0.23145647878096728,131139.77346453277,3415.510260476732,134555.2837250095,1128,10,224.2,33,2,19,33.765055435909716,0.6382575757575757,43.93382352941176,1024.2647058823522,31.03832442067734,0
1863,4,0,0,35,0.0,0.0,1.0,35,1150,900,250,0.782608695652174,14,9,5,399.5428396239018,0.4188375350140056,0.2681087361388761,0.2334435836544685,131233.93233672148,3486.7155961649405,134720.64793288644,1129,11,225.2,33,2,19,33.60729876808995,0.6392045454545454,43.841911764705884,1024.6323529411766,31.049465240641716,0
1864,4,0,0,35,0.0,0.0,1.0,35,700,500,200,0.7142857142857143,9,5,4,399.56680440279996,0.4188025210084034,0.26885089082865066,0.23384025089017604,131296.72369100823,3492.3624627547115,134789.08615376294,1130,12,226.2,33,2,20,33.542962055083905,0.6398358585858586,43.78063725490196,1024.877450980392,31.056892453951274,0
1865,4,0,0,35,0.0,0.0,1.0,35,750,500,250,0.6666666666666666,10,5,5,399.56375173507814,0.4185574229691877,0.26991869918699174,0.23403019744483172,131328.12500000012,3494.7991757977843,134822.9241757979,1131,13,227.2,31,4,20,33.51117886178861,0.6451612903225806,43.75000000000001,1025.000000000001,33.064516129032285,0
1866,4,0,0,35,0.0,0.0,1.0,35,1200,1000,200,0.8333333333333334,14,10,4,397.50464345656303,0.41792717086834735,0.267837190742219,0.23363780387043961,131461.62245008684,3451.3210720486204,134912.94352213547,1132,14,228.2,31,4,20,33.42855933638057,0.646505376344086,43.61979166666667,1025.5208333333337,33.08131720430109,0
1867,4,0,0,35,0.0,0.0,1.0,35,600,400,200,0.6666666666666666,8,4,4,392.78958579881674,0.4173669467787115,0.2582083516483522,0.231429687064205,131554.7062321447,3334.6637141618294,134889.36994630654,1133,15,229.2,32,3,16,33.45512820512822,0.6448567708333333,43.52904040404041,1025.8838383838386,32.058869949494955,0
1868,4,0,0,35,0.0,0.0,1.0,35,750,600,150,0.8,9,6,3,393.08138672565224,0.41698179271708685,0.2556350280301565,0.23238971583220577,131684.2689043211,3352.5270061728556,135036.79591049397,1134,16,230.2,32,3,16,33.316418583671634,0.6461588541666667,43.402777777777786,1026.3888888888898,32.07465277777781,0
1869,4,0,0,35,0.0,0.0,1.0,35,1200,800,400,0.6666666666666666,16,8,8,394.0974897951628,0.4163515406162465,0.2550980254374253,0.23358606319345948,131781.48275686154,3386.9503111927384,135168.4330680543,1135,17,231.2,32,3,16,33.19191670765699,0.6471354166666667,43.30808080808081,1026.767676767677,32.0864898989899,0
1870,4,0,0,35,0.0,0.0,1.0,35,1050,600,450,0.5714285714285714,15,6,9,398.84277540976575,0.4150560224089636,0.2538465588963197,0.23781548344762493,132008.45457415047,3530.1236799816193,135538.5782541321,1136,18,232.2,32,3,17,32.84033665069419,0.6494140625,43.087121212121204,1027.651515151514,32.114109848484816,0
1871,4,0,0,35,0.0,0.0,1.0,35,850,700,150,0.8235294117647058,10,7,3,396.2534246578442,0.4138655462184874,0.2554481500324559,0.2370824127104206,132138.2404378379,3472.0460603509764,135610.28649818889,1137,19,233.2,32,3,18,32.775594580212044,0.6507161458333333,42.96085858585858,1028.1565656565651,32.12989267676766,0
1872,4,0,0,35,0.0,0.0,1.0,35,1150,800,350,0.6956521739130435,15,8,7,395.02319971594227,0.413515406162465,0.24859141349508262,0.2375678268992776,132333.03880024984,3454.9240830017156,135787.96288325154,1138,20,234.2,32,3,20,32.61034073710475,0.6526692708333333,42.771464646464636,1028.9141414141404,32.15356691919189,0
1873,4,0,0,35,0.0,0.0,1.0,35,1150,800,350,0.6956521739130435,15,8,7,389.1705802769081,0.4127100840336135,0.2417447665761583,0.23526212617925746,132527.98064291902,3315.198225946316,135843.17886886533,1139,21,235.2,32,3,20,32.56412221540975,0.6546223958333333,42.5820707070707,1029.6717171717164,32.17724116161614,0
1874,4,1,0,36,0.027777777777777776,0.0,1.0,36,1650,1200,450,0.7272727272727273,21,12,9,372.88008885471396,0.4145006613756614,0.19925562817719666,0.21129871701767125,130050.00000000001,2501.9629693398647,132551.9629693399,1140,0,229.63888888888889,34,2,19,35.4915577342048,0.625,45.0,1020.0000000000001,30.000000000000004,8
1875,4,0,0,36,0.0,0.0,1.0,36,1050,900,150,0.8571428571428571,12,9,3,370.06072359213994,0.4141369047619048,0.19524161352206115,0.21035547232306512,130171.45691609968,2434.2687074829764,132605.72562358266,1141,1,230.63888888888889,34,2,19,35.439998444548124,0.6262254901960784,44.88095238095237,1020.4761904761897,30.01400560224087,0
1876,4,1,0,37,0.02702702702702703,0.0,1.0,37,950,600,350,0.631578947368421,13,6,7,362.74698662504187,0.4165728228228229,0.19624357683467664,0.20842021072776454,130587.70743580659,2074.05947252227,132661.76690832886,1142,0,225.3783783783784,35,2,18,35.204228475446335,0.6282738095238095,44.47337962962962,1022.1064814814802,29.20304232804229,0
1877,4,0,0,37,0.0,0.0,1.0,37,1300,1000,300,0.7692307692307693,16,10,6,360.8500829317064,0.4156031031031031,0.1979820716948706,0.20828427059879076,130765.2167593662,2037.327862439959,132802.54462180616,1143,1,226.3783783783784,35,2,18,35.0728235449436,0.6300595238095238,44.299768518518505,1022.8009259259242,29.22288359788355,0
1878,4,1,0,38,0.02631578947368421,0.0,1.0,38,650,200,450,0.3076923076923077,11,2,9,356.3752038632997,0.41669630156472265,0.20941560319792707,0.20810664985547467,131212.72243527288,1752.1921414657681,132964.91457673864,1144,0,221.39473684210526,36,2,19,34.73451124789332,0.6325231481481481,43.8626126126126,1024.5495495495477,28.459709709709657,0
1879,4,0,1,37,0.0,0.02631578947368421,0.9736842105263158,38,1000,900,100,0.9,11,9,2,351.1811658943565,0.416444404931247,0.19850309614528427,0.20584688687291222,131356.98356718203,1626.0197274977631,132983.0032946798,1145,1,222.39473684210526,36,2,20,34.72184078508915,0.6339699074074074,43.721846846846844,1025.1126126126126,28.47535035035035,0
1880,4,0,0,37,0.0,0.0,1.0,37,850,600,250,0.7058823529411765,11,6,5,360.5956586077139,0.4174486986986987,0.1955032302976274,0.2105536127965355,131209.51753257864,2062.7164780520966,133272.23401063072,1146,2,224.27027027027026,35,2,20,34.62965054978159,0.6345238095238095,43.865740740740726,1024.5370370370351,29.27248677248672,0
1881,4,0,0,37,0.0,0.0,1.0,37,900,600,300,0.6666666666666666,12,6,6,363.13698569451424,0.4156969469469469,0.2051466684566714,0.21302433240278174,131387.44882758896,2142.3284250685665,133529.7772526575,1147,3,225.27027027027026,35,2,20,34.38464288402198,0.6363095238095238,43.69212962962962,1025.23148148148,29.292328042328,0
1882,4,0,0,37,0.0,0.0,1.0,37,800,500,300,0.625,11,5,6,363.2853477132044,0.4148210710710711,0.21295333469540867,0.2139400688891779,131535.81700370784,2157.0070033864718,133692.8240070943,1148,4,226.27027027027026,35,2,20,34.23090845838506,0.6377976190476191,43.547453703703695,1025.8101851851839,29.308862433862394,0
1883,4,0,0,37,0.0,0.0,1.0,37,1050,900,150,0.8571428571428571,12,9,3,363.7887185037226,0.41453953953953954,0.21908170295267082,0.21473706912476714,131624.87809713633,2176.729145233176,133801.6072423695,1149,5,227.27027027027026,35,2,19,34.12803594255206,0.6386904761904761,43.46064814814814,1026.1574074074063,29.318783068783034,0
1884,4,0,1,36,0.0,0.02702702702702703,0.972972972972973,37,750,500,250,0.6666666666666666,10,5,5,363.2288511621582,0.4138513513513513,0.21210883939181602,0.21507609544781994,131743.67310742452,2170.62060613854,133914.29371356306,1150,6,228.27027027027026,35,2,19,34.02245396467494,0.6398809523809523,43.344907407407405,1026.62037037037,29.33201058201057,0
1885,4,0,0,36,0.0,0.0,1.0,36,1100,800,300,0.7272727272727273,14,8,6,373.5832246284462,0.4145006613756614,0.21427742983066622,0.2209214377741057,131694.4515306122,2639.7675736961364,134334.21910430831,1151,7,231.16666666666666,34,2,19,33.806444753730766,0.6415441176470589,43.39285714285714,1026.4285714285709,30.189075630252084,0
1886,4,0,0,36,0.0,0.0,1.0,36,1250,800,450,0.64,17,8,9,378.3900848742296,0.41420304232804234,0.21921521660742815,0.22484501737567875,131877.80612244908,2780.2508503401514,134658.05697278923,1152,8,232.16666666666666,34,2,19,33.49776889197962,0.6433823529411764,43.21428571428572,1027.142857142858,30.21008403361347,0
1887,4,0,0,36,0.0,0.0,1.0,36,1300,1000,300,0.7692307692307693,16,10,6,377.24836475368284,0.4132275132275132,0.22211927006923537,0.22525327671392112,132061.2882653062,2763.9810090703068,134825.2692743765,1153,9,233.16666666666666,34,2,19,33.34177862713305,0.6452205882352942,43.03571428571429,1027.8571428571436,30.231092436974812,0
1888,4,0,0,36,0.0,0.0,1.0,36,1150,800,350,0.6956521739130435,15,8,7,376.75073737757464,0.41332671957671957,0.22005082673872534,0.22513789738791412,132091.88102324266,2753.1427154195117,134845.0237386622,1154,10,234.16666666666666,34,2,19,33.32368268674004,0.6455269607843137,43.00595238095239,1027.9761904761908,30.234593837535023,0
1889,4,0,0,36,0.0,0.0,1.0,36,1150,900,250,0.782608695652174,14,9,5,377.9487174196285,0.4129960317460317,0.21650846934444634,0.2265856328791236,132214.2874858277,2794.044075963727,135008.33156179142,1155,11,235.16666666666666,34,2,19,33.16934830420189,0.6467524509803921,42.886904761904766,1028.4523809523812,30.248599439775916,0
1890,4,0,0,36,0.0,0.0,1.0,36,1300,800,500,0.6153846153846154,18,8,10,377.2681983827251,0.41218584656084656,0.21886008897117404,0.22672821769287305,132306.1295351476,2782.979024943331,135089.10856009094,1156,12,236.16666666666666,34,2,19,33.09419115945383,0.647671568627451,42.79761904761906,1028.8095238095254,30.25910364145663,0
1891,4,0,0,36,0.0,0.0,1.0,36,1100,1000,100,0.9090909090909091,12,10,2,379.1243914832236,0.4125330687830688,0.21783625730994127,0.22839932852769826,132398.0034722223,2839.0625000000045,135237.0659722223,1157,13,237.16666666666666,34,2,19,32.953778677462886,0.6485906862745099,42.708333333333336,1029.1666666666672,30.26960784313727,0
1892,4,1,0,37,0.02702702702702703,0.0,1.0,37,1250,900,350,0.72,16,9,7,389.6832596409583,0.41444569569569567,0.21257965150130254,0.2183329874819096,129606.62853529875,2735.8289179642206,132342.45745326296,1158,0,231.72972972972974,33,4,15,35.51507903076985,0.622790404040404,45.43504901960783,1018.2598039215673,30.856357694592948,8
1893,4,0,0,37,0.0,0.0,1.0,37,1200,800,400,0.6666666666666666,16,8,8,369.79358542139033,0.4136636636636637,0.17001406953668807,0.2072257302253118,129613.56122470864,2186.0527049039924,131799.61392961262,1159,1,232.72972972972974,35,2,16,36.01434038038947,0.618452380952381,45.42824074074075,1018.2870370370382,29.093915343915377,7
1894,4,0,0,37,0.0,0.0,1.0,37,1350,1200,150,0.8888888888888888,15,12,3,367.47086203219277,0.41453953953953954,0.16470458188249615,0.20654396728016364,129731.44531250013,2134.5052083333476,131865.9505208335,1160,2,233.72972972972974,35,2,16,35.95347648261758,0.6196428571428572,45.31250000000001,1018.750000000001,29.107142857142886,0
1895,4,0,0,37,0.0,0.0,1.0,37,1300,900,400,0.6923076923076923,17,9,8,367.4241665791082,0.41447697697697694,0.1614990729029797,0.20682879556026043,129790.40745027456,2137.626457476016,131928.0339077506,1161,3,234.72972972972974,35,2,18,35.894669089807664,0.6202380952380953,45.25462962962964,1018.9814814814832,29.113756613756664,0
1896,4,0,0,37,0.0,0.0,1.0,37,1150,900,250,0.782608695652174,14,9,5,368.96376511438876,0.4129754754754755,0.16056096954973365,0.20879510176126417,129996.88042534738,2192.8276909722404,132189.7081163196,1162,4,235.72972972972974,35,2,18,35.64542900919306,0.6223214285714286,45.05208333333334,1019.7916666666679,29.1369047619048,0
1897,4,1,0,38,0.02631578947368421,0.0,1.0,38,1050,700,350,0.6666666666666666,14,7,7,364.4555382925137,0.4157183499288763,0.17828069788626544,0.20857893929661803,130435.08193582116,1907.5575998295815,132342.63953565073,1163,0,230.5,36,2,19,35.315382354021985,0.6247106481481481,44.62274774774776,1021.5090090090106,28.375250250250293,0
1898,4,0,0,38,0.0,0.0,1.0,38,1100,500,600,0.45454545454545453,17,5,12,363.67728373137794,0.41479966808914176,0.18084094533855222,0.2087521410412561,130550.14209733401,1895.6242137407858,132445.7663110748,1164,1,231.5,36,2,17,35.21854912764003,0.6258680555555556,44.510135135135144,1021.9594594594611,28.387762762762808,0
1899,4,0,1,37,0.0,0.02631578947368421,0.9736842105263158,38,1050,900,150,0.8571428571428571,12,9,3,363.12745939921456,0.41389580369843526,0.18400176289114145,0.2085914443991945,130578.91506371247,1883.357935638354,132462.27299935083,1165,2,232.5,36,2,17,35.20342111062141,0.6261574074074074,44.48198198198199,1022.072072072073,28.390890890890915,0
1900,4,1,0,38,0.02631578947368421,0.0,1.0,38,850,500,350,0.5882352941176471,12,5,7,355.1457738752774,0.4150811996206733,0.17880023633814845,0.2055321338490938,130866.81909950498,1695.359548737934,132562.1786482429,1166,0,224.1578947368421,36,2,18,35.11583755227822,0.6290509259259259,44.200450450450454,1023.1981981981988,28.42217217217219,0
1901,4,0,0,38,0.0,0.0,1.0,38,1600,1000,600,0.625,22,10,12,353.77402314010055,0.4144292318634424,0.17756500798851538,0.2056594257282476,131039.71370018659,1671.6893413683863,132711.40304155496,1167,1,225.1578947368421,36,2,19,34.97603204282152,0.630787037037037,44.03153153153153,1023.8738738738732,28.440940940940923,0
1902,4,0,0,38,0.0,0.0,1.0,38,1100,900,200,0.8181818181818182,13,9,4,356.5059775389447,0.4138513513513513,0.18669172932330858,0.20849642645272462,131270.41737683627,1759.7376937748506,133030.15507061113,1168,2,226.1578947368421,36,2,20,34.67284798534798,0.6331018518518519,43.806306306306304,1024.7747747747744,28.465965965965957,0
1903,4,0,0,38,0.0,0.0,1.0,38,700,400,300,0.5714285714285714,10,4,6,356.5059775389447,0.4135994547178758,0.18669172932330858,0.20849642645272462,131270.41737683627,1759.7376937748506,133030.15507061113,1169,3,227.1578947368421,36,2,20,34.67284798534798,0.6331018518518519,43.806306306306304,1024.7747747747744,28.465965965965957,0
1904,4,0,0,38,0.0,0.0,1.0,38,1300,1000,300,0.7692307692307693,16,10,6,353.8789867779619,0.4121028923660503,0.18560635309071682,0.20807708704973607,131476.45968632118,1705.3639493903036,133181.82363571148,1170,4,228.1578947368421,35,3,22,34.53205526088102,0.637202380952381,43.605324074074076,1025.578703703704,29.302248677248684,0
1905,4,0,0,38,0.0,0.0,1.0,38,1150,800,350,0.6956521739130435,15,8,7,353.4558315630335,0.4120880749170223,0.1847330419912594,0.2083133305169367,131565.50068587108,1700.5186899862838,133266.01937585737,1171,5,229.1578947368421,35,3,15,34.45303098676295,0.638095238095238,43.51851851851852,1025.925925925926,29.312169312169317,0
1906,4,0,0,38,0.0,0.0,1.0,38,950,700,250,0.7368421052631579,12,7,5,353.5159370249171,0.4117769084874348,0.18543948704247937,0.20851089698775035,131595.1877170138,1704.1992187499902,133299.3869357638,1172,6,230.1578947368421,35,3,16,34.421531302876474,0.6383928571428572,43.48958333333333,1026.0416666666658,29.315476190476165,0
1907,4,1,1,38,0.02564102564102564,0.02564102564102564,0.9743589743589743,39,1200,800,400,0.6666666666666666,16,8,8,343.6954146186006,0.413602114260009,0.1894169990191037,0.2045357643552182,131934.82069485035,1269.0785802694704,133203.89927511982,1173,0,225.23076923076923,36,3,17,34.331268953925964,0.6397569444444444,43.15878378378379,1027.3648648648657,28.537912912912937,0
1908,4,0,0,38,0.0,0.0,1.0,38,1250,800,450,0.64,17,8,9,354.3155632324695,0.41260668563300146,0.19621026532294894,0.2102904342850638,131832.80452942822,1742.0828778720913,133574.88740730032,1174,1,231.3421052631579,35,3,17,34.161336827078394,0.6407738095238096,43.258101851851855,1026.967592592593,29.34193121693123,0
1909,4,0,2,36,0.0,0.05263157894736842,0.9473684210526316,38,1100,700,400,0.6363636363636364,15,7,8,341.80860754728013,0.41214734471313413,0.15385548852368092,0.20111064583595742,131501.32395909395,1389.6568866163152,132890.98084571026,1175,2,232.3421052631579,36,2,18,34.816461718635644,0.6354166666666667,43.58108108108107,1025.6756756756733,28.490990990990927,8
1910,4,0,0,36,0.0,0.0,1.0,36,1000,700,300,0.7,13,7,6,356.3960051853027,0.4089285714285715,0.17767198224699365,0.20907918233350328,131389.14399092973,2165.313208616778,133554.4571995465,1176,10,242.66666666666666,34,2,18,34.55570715281002,0.6384803921568627,43.69047619047619,1025.2380952380954,30.154061624649867,0
1911,4,0,0,36,0.0,0.0,1.0,36,900,800,100,0.8888888888888888,10,8,2,356.86235967891116,0.40886243386243387,0.17484266996801812,0.21002227397496595,131511.22448979603,2186.281179138332,133697.50566893438,1177,11,243.66666666666666,34,2,18,34.42045806251934,0.6397058823529411,43.57142857142858,1025.7142857142865,30.168067226890777,0
1912,4,0,0,36,0.0,0.0,1.0,36,1350,1100,250,0.8148148148148148,16,11,5,388.7280339058886,0.40894510582010585,0.1950633934039585,0.213437472319093,128808.33510487534,2828.7946428571427,131637.12974773248,1178,12,244.66666666666666,34,2,18,36.355107306203806,0.6124387254901961,46.220238095238095,1015.119047619048,29.856442577030826,8
1913,4,3,0,39,0.07692307692307693,0.0,1.0,39,1100,800,300,0.7272727272727273,14,8,6,369.51583610520544,0.41930949167791276,0.20639728967682514,0.20813819277344134,129815.23762119119,1793.757213758086,131608.99483494926,1179,0,226.76923076923077,37,2,20,35.81611792554336,0.6165540540540541,45.23026315789474,1019.0789473684215,27.54267425320058,0
1914,4,0,0,39,0.0,0.0,1.0,39,1000,600,400,0.6,14,6,8,340.90352231955194,0.41978744939271256,0.12821653181893344,0.18448172561624857,128230.06071950341,977.0211095322837,129207.0818290357,1180,1,227.76923076923077,36,3,18,38.1585408791046,0.6024305555555556,46.79054054054055,1012.8378378378388,28.13438438438441,8
1915,4,1,0,40,0.025,0.0,1.0,40,950,800,150,0.8421052631578947,11,8,3,332.3845948923024,0.42314369658119655,0.13173659169550156,0.18124367532806693,128533.39489073574,544.5040781779151,129077.89896891365,1181,0,223.05,37,3,14,38.06498702422146,0.6036036036036037,46.491228070175445,1014.0350877192993,27.406353722143226,0
1916,4,0,0,40,0.0,0.0,1.0,40,1250,1000,250,0.8,15,10,5,354.39075021011405,0.42303685897435894,0.10021884118382651,0.1767533076411776,124895.85503472232,852.387152777786,125748.2421875001,1182,1,224.05,39,1,19,41.24808948172849,0.563034188034188,50.10416666666667,999.5833333333342,25.630341880341902,8
1917,4,4,0,44,0.09090909090909091,0.0,1.0,44,1000,600,400,0.6,14,6,8,336.6570798993259,0.43825977801268495,0.13177780898383284,0.17211717836116583,125922.23743314714,-321.4340474956367,125600.8033856515,1183,0,204.5909090909091,42,2,19,40.63203964729355,0.5689484126984127,49.07945736434109,1003.6821705426364,23.897194536729437,0
1918,4,5,4,45,0.10204081632653061,0.08163265306122448,0.9183673469387755,49,1250,1000,250,0.8,15,10,5,310.6629319697887,0.44853670634920634,0.15887692725418057,0.1627031287773979,126909.41044423447,-1914.6727231202553,124994.73772111422,1184,0,184.6122448979592,45,4,18,40.272159295217534,0.575,48.09782608695652,1007.6086956521744,22.3913043478261,0
1919,4,3,4,44,0.0625,0.08333333333333333,0.9166666666666666,48,1550,1000,550,0.6451612903225806,21,10,11,320.8613605531497,0.44753804669030733,0.14741961731926212,0.16623471306327978,126467.57610741058,-1471.8007639829573,124995.77534342762,1185,0,188.83333333333334,41,7,15,40.46822089620933,0.5759654471544715,48.53670634920635,1005.8531746031748,24.53300425861402,8
1920,4,3,2,45,0.06382978723404255,0.0425531914893617,0.9574468085106383,47,1250,900,350,0.72,16,9,7,328.7735543321994,0.4405257477644156,0.18396356018065418,0.1718778201762003,126835.96073765602,-1059.9380742283156,125776.0226634277,1186,0,193.63829787234042,40,7,17,39.89125134517085,0.58125,48.17073170731707,1007.3170731707305,25.18292682926826,0
1921,4,4,4,45,0.08163265306122448,0.08163265306122448,0.9183673469387755,49,1600,1200,400,0.75,20,12,8,317.2246550437715,0.44490504535147396,0.21136760715215108,0.16943012681830902,127703.41443009715,-1697.8656819001392,126005.54874819702,1187,0,186.55102040816325,42,7,13,39.29512990125588,0.5870535714285714,47.3110465116279,1010.7558139534867,24.06561461794016,0
1922,4,4,2,47,0.08163265306122448,0.04081632653061224,0.9591836734693877,49,1000,500,500,0.5,15,5,10,325.85927286019177,0.4430980725623583,0.23765553334232292,0.17531933984950973,127997.40780489455,-1458.171552941525,126539.23625195303,1188,0,187.40816326530611,42,7,17,38.776772319576125,0.5900297619047619,47.020348837209305,1011.9186046511629,24.093300110741975,0
1923,4,0,2,45,0.0,0.0425531914893617,0.9574468085106383,47,1600,1300,300,0.8125,19,13,6,333.1669542087685,0.4388490595127968,0.2278367924587381,0.17845353464266825,127818.28826727445,-883.0340411627672,126935.25422611168,1189,1,196.38297872340425,41,6,18,38.77487409660225,0.5896849593495934,47.19742063492063,1011.210317460317,24.663666279519926,0
1924,4,2,1,46,0.0425531914893617,0.02127659574468085,0.9787234042553191,47,950,700,250,0.7368421052631579,12,7,5,333.82083545882153,0.4399283071230342,0.2346495024476114,0.17969954314065645,128019.00397022249,-852.9178280108204,127166.08614221167,1190,0,197.17021276595744,41,6,20,38.55330768225337,0.5917174796747968,46.999007936507944,1012.0039682539694,24.683023615950475,0
1925,4,0,2,44,0.0,0.043478260869565216,0.9565217391304348,46,1000,700,300,0.7,13,7,6,312.4549105441855,0.43898953301127214,0.12026587245149756,0.16319881106513917,126799.06274412619,-1256.6511048400382,125542.41163928615,1191,1,201.93478260869566,42,4,17,40.33997979603618,0.5778769841269842,48.20736434108528,1007.1705426356608,23.98025101513478,8
1926,4,2,0,46,0.043478260869565216,0.0,1.0,46,1500,1200,300,0.8,18,12,6,334.6038959594161,0.4376207729468599,0.1857567678424934,0.17734006485849058,127392.29024943315,-674.4706529177354,126717.81959651542,1192,0,202.84782608695653,41,5,13,39.17428262578616,0.5853658536585367,47.61904761904762,1009.5238095238099,24.622531939605118,0
1927,4,1,3,44,0.02127659574468085,0.06382978723404255,0.9361702127659575,47,1450,1000,450,0.6896551724137931,19,10,9,332.23035631150333,0.43925377736663584,0.20038655064710564,0.1779854208658544,127825.87059070953,-906.4730935641046,126919.39749714543,1193,0,199.51063829787233,42,5,16,38.790804267279924,0.5882936507936508,47.18992248062015,1011.2403100775181,24.077150239940906,0
1928,4,0,1,43,0.0,0.022727272727272728,0.9772727272727273,44,1200,700,500,0.5833333333333334,17,7,10,346.0822155270123,0.4364759513742072,0.2222755854597933,0.1845708396276825,127644.04432508672,35.0667317708278,127679.11105685755,1194,1,213.6818181818182,39,5,16,38.626709445761605,0.5910790598290598,47.369791666666664,1010.5208333333327,25.910790598290582,0
1929,4,0,0,43,0.0,0.0,1.0,43,1150,500,650,0.43478260869565216,18,5,13,349.2704504929615,0.4342008121077889,0.22219052701210606,0.18608736058095418,127604.23657909637,313.6778389582872,127917.91441805466,1195,2,219.30232558139534,38,5,17,38.586937365619825,0.5923793859649122,47.409188034188034,1010.363247863248,26.588506522717054,0
1930,4,0,0,43,0.0,0.0,1.0,43,1200,900,300,0.75,15,9,6,344.651914020046,0.43343946105574016,0.2121773575261947,0.18449014221073035,127793.20987654306,208.8348765431923,128002.04475308624,1196,3,220.30232558139534,38,5,18,38.51018772893772,0.5942982456140351,47.222222222222214,1011.11111111111,26.608187134502895,0
1931,4,2,1,44,0.044444444444444446,0.022222222222222223,0.9777777777777777,45,850,600,250,0.7058823529411765,11,6,5,329.1545354410198,0.43562710437710433,0.2122203270793619,0.17820115452149085,128247.44824715788,-557.354150142098,127690.09409701578,1197,0,211.46666666666667,40,5,20,38.438304738971944,0.5955729166666667,46.773373983739845,1012.9065040650415,25.32266260162604,0
1932,4,1,1,44,0.022222222222222223,0.022222222222222223,0.9777777777777777,45,1400,1000,400,0.7142857142857143,18,10,8,324.9053963228874,0.43440656565656566,0.21105653021442472,0.17681021976654673,128453.40617563951,-652.9590314958036,127800.4471441437,1198,0,212.15555555555557,40,5,12,38.33604845446951,0.59765625,46.57012195121951,1013.719512195122,25.34298780487805,0
1933,4,0,0,44,0.0,0.0,1.0,44,1300,1000,300,0.7692307692307693,16,10,6,333.1013607841261,0.4326660500352361,0.20891850979732585,0.18094601558172896,128381.94580078137,-247.1598307291539,128134.78597005221,1199,2,217.97727272727272,39,5,13,38.20118974200844,0.5985576923076923,46.64062500000001,1013.4375000000009,25.985576923076945,0
1934,4,0,1,43,0.0,0.022727272727272728,0.9772727272727273,44,1200,900,300,0.75,15,9,6,332.6415675248012,0.4330954897815363,0.2063012496030776,0.18129524178535392,128513.93771701412,-250.18446180553266,128263.75325520859,1200,3,218.97727272727272,39,5,14,38.07829943154577,0.5998931623931624,46.51041666666668,1013.9583333333353,25.998931623931675,0
1935,4,1,1,43,0.022727272727272728,0.022727272727272728,0.9772727272727273,44,1050,600,450,0.5714285714285714,15,6,9,334.48990571787374,0.43277616279069764,0.21728038316823306,0.1826656316306753,128593.16541883693,-197.3768446180477,128395.78857421888,1201,0,219.88636363636363,39,5,15,37.950707781315245,0.6006944444444444,46.43229166666667,1014.2708333333344,26.00694444444447,0
1936,4,0,0,43,0.0,0.0,1.0,43,1250,800,450,0.64,17,8,9,343.6581125000885,0.42884828349944626,0.22047217091823024,0.18772670426213098,128604.67916757963,239.2082602819612,128843.88742786158,1202,1,225.62790697674419,38,5,15,37.70649006390001,0.6025219298245614,46.42094017094016,1014.3162393162378,26.692532613585204,0
1937,4,2,0,45,0.044444444444444446,0.0,1.0,45,1300,1000,300,0.7692307692307693,16,10,6,334.7526879479801,0.42927188552188555,0.23759799616147892,0.18551707914564347,129176.17517203627,-351.585628464358,128824.58954357191,1203,0,216.55555555555554,41,4,17,37.35066767509191,0.6034044715447154,45.85813492063492,1016.5674603174592,24.794328300425835,0
1938,4,1,1,45,0.021739130434782608,0.021739130434782608,0.9782608695652174,46,1400,1000,400,0.7142857142857143,18,10,8,326.3832490530366,0.4331119162640902,0.23650202606505322,0.18249880263951454,129527.44904667963,-744.8722258189006,128782.57682086073,1204,0,212.82608695652175,38,8,16,37.206785264483635,0.611842105263158,45.512820512820504,1017.9487179487164,26.78812415654517,0
1939,4,0,0,45,0.0,0.0,1.0,45,1550,1200,350,0.7741935483870968,19,12,7,310.96777128760687,0.4306186868686868,0.22557145380674837,0.1632710585474996,127011.23078977625,-1100.720126561493,125910.51066321475,1205,2,218.55555555555554,38,7,22,40.16030736618973,0.5863486842105263,47.99679487179486,1008.0128205128187,26.526653171389967,8
1940,4,2,1,46,0.0425531914893617,0.02127659574468085,0.9787234042553191,47,1000,500,500,0.5,15,5,10,298.7097837896039,0.4349946037619488,0.22845837525405654,0.15872420383154137,127496.3146162063,-1783.0693211702967,125713.245295036,1206,0,210.2127659574468,38,9,18,39.97408230191474,0.591282894736842,47.516025641025635,1009.9358974358963,26.577260458839376,0
1941,4,2,0,48,0.041666666666666664,0.0,1.0,48,1050,700,350,0.6666666666666666,14,7,7,318.3638267296392,0.4371860224586288,0.224564382752511,0.16686995623940498,126942.00857426284,-1517.2512755102175,125424.75729875262,1207,0,206.79166666666666,41,7,18,40.04479228194529,0.5807926829268293,48.06547619047618,1007.7380952380936,24.57897793263643,8
1942,4,1,1,48,0.02040816326530612,0.02040816326530612,0.9795918367346939,49,1150,700,450,0.6086956521739131,16,7,9,313.5693399331778,0.44060019841269843,0.22618152246962575,0.16571446786321295,127275.89111328125,-1817.7708355477594,125458.12027773348,1208,0,203.55102040816325,39,10,19,39.82409844809195,0.5873397435897436,47.734375,1009.0625,25.873397435897434,0
1943,4,3,1,50,0.058823529411764705,0.0196078431372549,0.9803921568627451,51,1300,800,500,0.6153846153846154,18,8,10,300.02401236497434,0.4460457516339869,0.25702720766590814,0.16151808170823684,128021.9225106666,-2518.069827534386,125503.85268313221,1209,0,196.2941176470588,42,9,20,39.40540022979702,0.5902777777777778,46.99612403100776,1012.0155038759704,24.09560723514215,0
1944,4,3,1,52,0.05660377358490566,0.018867924528301886,0.9811320754716981,53,1750,1200,550,0.6857142857142857,23,12,11,294.2715630180713,0.4479015481373972,0.2859587292757373,0.16141262090213382,128768.5134369264,-3021.3589725568645,125747.15446436954,1210,0,189.81132075471697,43,10,18,38.79260745163899,0.5964147286821706,46.25946969696971,1014.9621212121237,23.603770260747066,0
1945,4,1,1,52,0.018867924528301886,0.018867924528301886,0.9811320754716981,53,1600,1000,600,0.625,22,10,12,297.81831310860474,0.4464501693275278,0.29496505589508715,0.16407679942181258,128942.64510459545,-2919.703789437573,126022.94131515788,1211,0,190.77358490566039,44,9,19,38.525997508128974,0.5968276515151515,46.08796296296297,1015.648148148149,23.082912457912474,0
1946,4,1,0,53,0.018867924528301886,0.0,1.0,53,1550,800,750,0.5161290322580645,23,8,15,302.1710334706971,0.44897496371552975,0.29798029076007393,0.16767465739259196,129226.6050662162,-2789.5146040669474,126437.09046214925,1212,0,179.1509433962264,41,12,21,38.127601879858204,0.6039126016260163,45.80853174603174,1016.7658730158722,24.799167634533468,0
1947,4,0,2,51,0.0,0.03773584905660377,0.9622641509433962,53,1150,800,350,0.6956521739130435,15,8,7,301.54953587879,0.4485062893081761,0.2937611093323915,0.1678658491260105,129352.72285997731,-2798.7492913832175,126553.97356859408,1213,1,180.1509433962264,41,12,21,38.01565242832067,0.6051829268292683,45.68452380952381,1017.2619047619046,24.81126596980255,0
1948,4,0,0,51,0.0,0.0,1.0,51,850,300,550,0.35294117647058826,14,3,11,313.31785977754265,0.44650326797385625,0.2932799287939474,0.17310068902146003,129053.65982362838,-2113.036701520347,126940.62312210802,1214,2,187.86274509803923,42,9,21,38.019740606522966,0.6006944444444444,45.97868217054263,1016.0852713178293,24.192506459948316,0
1949,4,0,2,49,0.0,0.0392156862745098,0.9607843137254902,51,1550,1100,450,0.7096774193548387,20,11,9,323.9548515978197,0.4466339869281046,0.284858882497393,0.16903994862995209,126759.19514054114,-1975.7921983279527,124783.40294221319,1215,3,188.86274509803923,40,11,18,40.09128906381402,0.58046875,48.246951219512184,1007.0121951219496,25.175304878048742,8
1950,4,1,0,50,0.02,0.0,1.0,50,1150,800,350,0.6956521739130435,15,8,7,328.8819826530977,0.444328231292517,0.3194831507132523,0.17235126219859498,126934.51063368037,-1650.7052951389082,125283.80533854147,1216,0,193.48,39,11,19,39.78748880159878,0.5838675213675213,48.07291666666666,1007.7083333333319,25.838675213675177,0
1951,4,2,0,52,0.038461538461538464,0.0,1.0,52,750,400,350,0.5333333333333333,11,4,7,335.01993510614057,0.4470839617898441,0.3140404578120837,0.17106141562840063,125869.56259645076,-1917.2357253086316,123952.32687114213,1217,0,187.0,41,11,19,40.727364475201846,0.5698678861788617,49.13194444444445,1003.4722222222234,24.47493224932252,8
1952,4,2,2,52,0.037037037037037035,0.037037037037037035,0.962962962962963,54,1600,1200,400,0.75,20,12,8,325.1336324945391,0.45126514092709064,0.3247746685972772,0.16859600985141107,126503.4776443417,-2573.531268245895,123929.94637609582,1218,0,181.03703703703704,40,14,18,40.32393844496077,0.5778645833333333,48.50101626016259,1005.9959349593473,25.14989837398368,0
1953,4,1,1,52,0.018867924528301886,0.018867924528301886,0.9811320754716981,53,1200,900,300,0.75,15,9,6,334.85628615836094,0.44923197871311077,0.3318660234730495,0.1735752633081745,126488.78173828116,-2128.8872612847367,124359.89447699643,1219,0,185.24528301886792,39,14,19,40.094512616064314,0.5793269230769231,48.51562499999999,1005.9374999999993,25.793269230769212,0
1954,4,0,0,52,0.0,0.0,1.0,52,1800,1400,400,0.7777777777777778,22,14,8,333.5081540395369,0.44940925087983913,0.321635074767042,0.1732660398730498,126580.82133693092,-1956.852787822364,124623.96854910855,542,1,166.3653846153846,38,14,19,40.0338854089252,0.5819627192982456,48.42414529914529,1006.3034188034172,26.4816689158794,0
1955,4,1,0,53,0.018867924528301886,0.0,1.0,53,1200,800,400,0.6666666666666666,16,8,8,333.802055164954,0.45092525399129174,0.33757495977768026,0.1750425411230855,126960.75439453112,-2124.047851562516,124836.7065429686,543,0,164.20754716981133,39,14,20,39.63662790697673,0.5841346153846154,48.04687499999999,1007.812499999999,25.84134615384613,0
1956,4,1,0,54,0.018518518518518517,0.0,1.0,54,1500,900,600,0.6,21,9,12,329.2559539518593,0.4514107267645004,0.3434671897044146,0.1740044967775045,127275.89111328112,-2418.66319444446,124857.22791883667,544,0,162.14814814814815,39,15,21,39.42837909913629,0.5873397435897436,47.73437499999999,1009.062499999999,25.87339743589741,0
1957,4,0,3,51,0.0,0.05555555555555555,0.9444444444444444,54,1600,1200,400,0.75,20,12,8,332.0090539705586,0.4512360237596087,0.3486835819412428,0.17591578687964382,127381.02349175356,-2341.669379340272,125039.35411241329,545,1,163.14814814814815,39,15,14,39.251302755133615,0.5884081196581197,47.630208333333336,1009.4791666666674,25.884081196581217,0
1958,4,1,1,51,0.019230769230769232,0.019230769230769232,0.9807692307692307,52,1750,1200,550,0.6857142857142857,23,12,11,343.59357045389277,0.45007698592257417,0.3505581812255545,0.18100018443553248,127145.88355613973,-1662.6983800862292,125483.18517605349,546,0,169.8846153846154,38,14,21,39.199991172316366,0.5877192982456141,47.86324786324785,1008.5470085470066,26.540710751237015,0
1959,4,4,2,53,0.07272727272727272,0.03636363636363636,0.9636363636363636,55,1500,1000,500,0.6666666666666666,20,10,10,333.1254073549368,0.45408249158249153,0.3908525184339968,0.18037475654666818,128252.72715547167,-2443.4319983198097,125809.29515715186,547,0,161.29090909090908,38,17,19,38.332366487360666,0.5989583333333333,46.7681623931624,1012.9273504273515,26.655982905982935,0
1960,4,0,1,52,0.0,0.018867924528301886,0.9811320754716981,53,1400,600,800,0.42857142857142855,22,6,16,348.0986975134075,0.4514846395742622,0.40130795862532365,0.18760260919233385,128065.44189453122,-1684.1172960069453,126381.32459852428,548,1,168.35849056603774,39,14,19,38.1445962402662,0.5953525641025641,46.953125,1012.1874999999998,25.953525641025635,0
1961,4,0,0,52,0.0,0.0,1.0,52,2200,1700,500,0.7727272727272727,27,17,10,360.8672310006783,0.4503048014077426,0.4109978244634216,0.19473678137599287,128117.4894075538,-1153.3192709474408,126964.17013660636,549,2,172.44230769230768,38,14,21,37.768221471788394,0.5975877192982456,46.90170940170942,1012.3931623931647,26.641925326135915,0
1962,4,0,0,52,0.0,0.0,1.0,52,1400,1000,400,0.7142857142857143,18,10,8,366.6990086112838,0.4502262443438914,0.4172337442508596,0.19900830394959768,128344.14439777608,-987.2601905172992,127356.88420725879,550,3,173.44230769230768,36,16,21,37.38863265910944,0.603587962962963,46.677927927927925,1013.2882882882877,28.14689689689688,0
1963,4,0,1,51,0.0,0.019230769230769232,0.9807692307692307,52,1850,1300,550,0.7027027027027027,24,13,11,368.50376487995175,0.45028908999497236,0.4119494500740446,0.200658763844525,128477.80687326865,-931.0888927362311,127546.71798053243,551,4,174.44230769230768,37,15,15,37.206179248684116,0.6030405405405406,46.546052631578945,1013.8157894736839,27.400426742531998,0
1964,4,0,0,51,0.0,0.0,1.0,51,1550,1200,350,0.7741935483870968,19,12,7,367.3268684264608,0.45107843137254905,0.3960534154195794,0.20043694431128808,128561.19340806772,-755.2038848491998,127805.98952321852,552,5,169.88235294117646,37,14,16,37.15075053158901,0.6038851351351351,46.46381578947368,1014.1447368421041,27.409317211948757,0
1965,4,1,2,50,0.019230769230769232,0.038461538461538464,0.9615384615384616,52,1400,800,600,0.5714285714285714,20,8,12,358.8408990976536,0.45193878833584716,0.3873325779953871,0.1974975533250259,128902.86138733651,-1148.8762647015922,127753.98512263491,553,0,167.59615384615384,38,14,18,37.017140101700846,0.6055372807017544,46.12713675213675,1015.4914529914527,26.723459289248755,0
1966,4,0,0,50,0.0,0.0,1.0,50,1350,1000,350,0.7407407407407407,17,10,7,371.8950941175043,0.45163265306122446,0.38580237329488787,0.20459902767892232,128886.73460200064,-413.53114093823524,128473.2034610624,554,1,171.26,36,14,18,36.70220139736055,0.6090856481481481,46.14301801801802,1015.4279279279278,28.206331331331327,0
1967,4,0,0,50,0.0,0.0,1.0,50,1300,1000,300,0.7692307692307693,16,10,6,371.3183367388218,0.4515731292517007,0.3837136996653361,0.20461164504531235,128950.68825263517,-423.648983341056,128527.03926929411,555,2,172.26,37,13,18,36.65153028176617,0.6078265765765766,46.08004385964911,1015.6798245614013,27.450806069227063,0
1968,4,3,1,52,0.05660377358490566,0.018867924528301886,0.9811320754716981,53,1150,1000,150,0.8695652173913043,13,10,3,352.53902644707773,0.45481071601354617,0.3786630540293834,0.1977495158676465,129651.86767578126,-1458.2878941717652,128193.5797816095,556,0,163.45283018867926,39,14,16,36.41465088132011,0.6113782051282051,45.390625,1018.4375000000001,26.113782051282055,0
1969,4,0,0,52,0.0,0.0,1.0,52,1550,1000,550,0.6451612903225806,21,10,11,364.7798373885238,0.45396556058320764,0.3853013331611732,0.20453420058749475,129636.22708013744,-942.2636332091354,128693.9634469283,557,1,167.59615384615384,38,14,17,36.11890649041824,0.6129385964912281,45.40598290598291,1018.3760683760692,26.799370220422873,0
1970,4,0,0,52,0.0,0.0,1.0,52,850,300,550,0.35294117647058826,14,3,11,363.8212839134369,0.45397341628959276,0.3833809362443721,0.20427986577330454,129690.63321827761,-963.1574621959105,128727.4757560817,558,2,168.59615384615384,38,14,18,36.087948395217126,0.6134868421052632,45.35256410256411,1018.5897435897449,26.804993252361708,0
1971,4,1,0,53,0.018867924528301886,0.0,1.0,53,1500,1300,200,0.8666666666666667,17,13,4,359.7404535073099,0.4551282051282051,0.38560718484398704,0.2035756670425761,129996.88042534734,-1246.972656249994,128749.90776909734,559,0,166.39622641509433,39,14,19,35.88057541709226,0.6148504273504274,45.052083333333336,1019.7916666666675,26.148504273504297,0
1972,4,1,1,53,0.018518518518518517,0.018518518518518517,0.9814814814814815,54,1150,700,450,0.6086956521739131,16,7,9,358.1629008523465,0.45522507570463544,0.3935368879819625,0.20422462497857444,130292.12648158851,-1465.4824674211404,128826.64401416737,560,0,164.2962962962963,35,19,20,35.6210794316593,0.625297619047619,44.762731481481474,1020.9490740740729,29.169973544973512,0
1973,4,0,1,52,0.0,0.018867924528301886,0.9811320754716981,53,1750,1300,450,0.7428571428571429,22,13,9,360.5242306349117,0.45379777455249154,0.4161471981724545,0.19378925579174897,127960.02739800372,-1373.4619140624768,126586.56548394125,561,1,168.26415094339623,39,14,20,37.93809413500806,0.594284188034188,47.05729166666668,1011.7708333333353,25.94284188034193,8
1974,4,1,1,52,0.018867924528301886,0.018867924528301886,0.9811320754716981,53,1700,1200,500,0.7058823529411765,22,12,10,354.5148377315137,0.4545083454281567,0.41085958805400935,0.19216059038822816,128295.24518140589,-1502.6888685161596,126792.55631288973,562,0,167.81132075471697,34,19,21,37.7472581276929,0.6072303921568627,46.726190476190474,1013.0952380952381,29.796918767507,0
1975,4,0,0,52,0.0,0.0,1.0,52,1250,900,350,0.72,16,9,7,357.43410124695475,0.4539027149321267,0.4081528617634651,0.19358064691295448,128261.74554183801,-1230.975651577517,127030.76989026049,563,1,171.44230769230768,35,17,21,37.70757160268129,0.6047619047619048,46.75925925925925,1012.9629629629619,28.94179894179891,0
1976,4,0,2,50,0.0,0.038461538461538464,0.9615384615384616,52,1000,600,400,0.6,14,6,8,352.6067989047992,0.45339209401709407,0.4017781111877057,0.19144106969731078,128360.96871803996,-1347.8099432025751,127013.15877483739,564,2,172.44230769230768,38,14,21,37.72843085573713,0.6000548245614035,46.66132478632478,1013.3547008547002,26.66722896986053,0
1977,4,0,1,49,0.0,0.02,0.98,50,1250,800,450,0.64,17,8,9,361.78826609525606,0.45090986394557825,0.39648249683677816,0.19629290135282643,128333.90404704491,-714.0598747169425,127619.84417232797,565,3,172.42,38,12,21,37.52350449880501,0.5997807017543859,46.68803418803418,1013.2478632478619,26.664417453891105,0
1978,4,0,0,49,0.0,0.0,1.0,49,1600,1000,600,0.625,22,10,12,367.6097738796356,0.4500602324263039,0.39676756031248894,0.1999932072574531,128442.17985243622,-356.679861567686,128085.49999086854,566,4,175.6326530612245,38,11,19,37.265273679033164,0.6008771929824561,46.58119658119658,1013.6752136752134,26.675663517768772,0
1979,4,0,2,47,0.0,0.04081632653061224,0.9591836734693877,49,2150,1600,550,0.7441860465116279,27,16,11,360.7595573177961,0.4499362244897959,0.3860768062094795,0.19747167238311855,128685.96734832702,-515.0614772810446,128170.90587104596,567,5,176.6326530612245,38,11,19,37.18981432733142,0.6033442982456141,46.34081196581196,1014.6367521367513,26.700967161493455,0
1980,4,0,0,47,0.0,0.0,1.0,47,1500,1000,500,0.6666666666666666,20,10,10,367.7345108531701,0.44838883749614555,0.33457233188071434,0.19482104936689235,127376.05003652316,-27.765556083279364,127348.28448043988,568,8,180.2127659574468,36,11,16,38.3548081213744,0.59375,47.635135135135144,1009.4594594594607,28.040540540540576,8
1981,4,1,0,48,0.020833333333333332,0.0,1.0,48,1250,800,450,0.64,17,8,9,372.1304493483928,0.4490155880614657,0.35759899559216723,0.19984141593063293,127922.58795975694,-79.22197214526295,127843.36598761169,569,0,177.4375,37,11,17,37.68290700195102,0.5974099099099099,47.09429824561404,1011.6228070175446,27.341156946420124,0
1982,4,1,0,49,0.02040816326530612,0.0,1.0,49,1600,1300,300,0.8125,19,13,6,361.00022641379076,0.4510522959183674,0.34660064403833357,0.19521798172815513,128201.54772593541,-543.4577151035485,127658.09001083186,570,0,174.79591836734693,36,13,18,37.67884280366212,0.6021412037037037,46.818693693693696,1012.7252252252254,28.13125625625626,0
1983,4,0,0,49,0.0,0.0,1.0,49,1100,700,400,0.6363636363636364,15,7,8,384.1762360676239,0.450875141723356,0.32648507678933636,0.1944547067570213,125508.64647366,-50.3385908125679,125458.30788284744,571,1,175.79591836734693,40,9,14,39.8679428668019,0.5677083333333333,49.491869918699194,1002.0325203252045,25.050813008130113,8
1984,4,5,0,54,0.09259259259259259,0.0,1.0,54,1050,700,350,0.6666666666666666,14,7,7,367.2258393627002,0.45507221057535524,0.3748920163151048,0.1928362663444131,127017.00015943867,-1466.6605200168117,125550.33963942186,572,0,160.42592592592592,41,13,17,38.736652396417675,0.5815548780487805,47.99107142857142,1008.0357142857134,24.58623693379789,0
1985,4,2,1,55,0.03571428571428571,0.017857142857142856,0.9821428571428571,56,1600,1000,600,0.625,22,10,12,359.01096048376644,0.456446158008658,0.38633017309487894,0.19164594750461952,127681.91599122569,-2032.0921078933538,125649.82388333233,573,0,155.66071428571428,40,16,17,38.26127032009386,0.58984375,47.33231707317074,1010.6707317073189,25.266768292682972,0
1986,4,3,0,58,0.05172413793103448,0.0,1.0,58,1650,900,750,0.5454545454545454,24,9,15,348.67005195203035,0.4581001714055253,0.3912385718130178,0.18891939614909467,128279.78326576104,-2651.190038379754,125628.5932273813,574,0,151.18965517241378,38,20,21,37.9110859171764,0.5992324561403508,46.741452991453,1013.0341880341897,26.65879442195236,0
1987,4,0,2,56,0.0,0.034482758620689655,0.9655172413793104,58,1600,1200,400,0.75,20,12,8,348.53080411315244,0.4579741379310345,0.39180144237085424,0.18954450601006465,128427.6523977131,-2647.8014078921155,125779.85098982099,575,1,152.18965517241378,40,18,14,37.763602031949745,0.5973958333333333,46.59552845528456,1013.6178861788626,25.340447154471565,0
1988,4,0,3,53,0.0,0.05357142857142857,0.9464285714285714,56,1350,700,650,0.5185185185185185,20,7,13,351.88590729968087,0.457426948051948,0.3903131115459886,0.19169903905131885,128496.33487654335,-2156.790123456775,126339.54475308658,576,2,154.42857142857142,38,18,15,37.60844748858448,0.6014254385964912,46.527777777777786,1013.8888888888899,26.68128654970763,0
1989,4,0,1,52,0.0,0.018867924528301886,0.9811320754716981,53,1950,1600,350,0.8205128205128205,23,16,7,371.5258314957099,0.4561865021770682,0.3962570415274016,0.20160130410169438,128338.88942992075,-1063.7574782625427,127275.1319516582,577,3,163.1320754716981,37,16,20,37.271737366085915,0.6016328828828829,46.68311403508772,1013.2675438596492,27.385609293504032,0
1990,4,1,0,53,0.018867924528301886,0.0,1.0,53,1300,800,500,0.6153846153846154,18,8,10,369.7806473271154,0.4563679245283019,0.4008108394717309,0.2021992050278056,128644.60699445977,-1085.9427900892633,127558.6642043705,578,0,163.71698113207546,37,16,17,37.00326055627611,0.6047297297297297,46.38157894736842,1014.4736842105258,27.418207681365562,0
1991,4,0,0,53,0.0,0.0,1.0,53,1350,900,450,0.6666666666666666,18,9,9,365.5037653634374,0.4564737542331882,0.389140751129303,0.20042078508317382,128755.86718990447,-1187.8491458910562,127568.01804401341,579,1,164.71698113207546,37,16,17,36.99807332180927,0.6058558558558558,46.2719298245614,1014.9122807017535,27.430061640587933,0
1992,4,0,0,53,0.0,0.0,1.0,53,1250,900,350,0.72,16,9,7,365.27492947691576,0.4561109095307208,0.3121237509776258,0.1977825017915841,128252.72715547148,-1178.7641582531162,127073.96299721836,580,2,165.71698113207546,38,15,18,37.51823823084767,0.5989583333333333,46.76816239316239,1012.9273504273499,26.655982905982892,8
1993,4,2,3,52,0.03636363636363636,0.05454545454545454,0.9454545454545454,55,1450,800,650,0.5517241379310345,21,8,13,358.5840854439823,0.45768799102132435,0.32367932428004487,0.19678779370409324,128788.4402472074,-1763.702987639629,127024.73725956777,581,0,160.65454545454546,40,15,17,37.14040181551195,0.6010416666666667,46.239837398373986,1015.0406504065045,25.37601626016261,0
1994,4,0,0,52,0.0,0.0,1.0,52,1000,500,500,0.5,15,5,10,372.1268509725036,0.4545233157365511,0.3176409845414052,0.20342662795221986,128633.75491605538,-826.3851708638922,127807.36974519148,582,1,168.42307692307693,40,12,18,36.95485206705403,0.5994791666666667,46.39227642276423,1014.4308943089441,25.3607723577236,0
1995,4,0,2,50,0.0,0.038461538461538464,0.9615384615384616,52,2100,1800,300,0.8571428571428571,24,18,6,367.6321237071962,0.4546332956259427,0.31202491673120125,0.201675295316264,128773.09032698727,-931.775065350214,127841.31526163705,583,2,169.42307692307693,41,11,18,36.92647753559443,0.599339430894309,46.254960317460316,1014.9801587301586,24.75561362756484,0
1996,4,1,0,51,0.0196078431372549,0.0,1.0,51,1500,900,600,0.6,21,9,12,371.11597141245414,0.45465686274509803,0.33295990532163633,0.20462339425374892,128974.55401431398,-627.0966198979687,128347.45739441601,584,0,173.05882352941177,41,10,19,36.632300517628664,0.6013719512195121,46.05654761904761,1015.773809523809,24.77497096399534,0
1997,4,2,0,53,0.03773584905660377,0.0,1.0,53,1400,800,600,0.5714285714285714,20,8,12,360.7472870350228,0.45727503628447025,0.33605333976586604,0.20110255221573753,129408.11107806192,-1262.6771062443001,128145.43397181762,585,0,167.49056603773585,40,13,21,36.45375549340792,0.6072916666666667,45.630081300813,1017.4796747967473,25.436991869918682,0
1998,4,0,1,52,0.0,0.018867924528301886,0.9811320754716981,53,1350,1000,350,0.7407407407407407,17,10,7,320.55796367487045,0.45700290275761973,0.237944151495191,0.1738129454177619,128308.64626200285,-2373.9283264746127,125934.71793552823,586,1,168.49056603773585,44,9,17,38.59364528117958,0.5904356060606061,46.71296296296297,1013.148148148149,23.026094276094295,8
1999,4,3,2,53,0.05454545454545454,0.03636363636363636,0.9636363636363636,55,1400,800,600,0.5714285714285714,20,8,12,320.87098611453774,0.46029741863075196,0.28271616690464896,0.17712820331756263,129021.19171570844,-2720.168596901565,126301.02311880687,587,0,163.29090909090908,46,9,16,37.86085660267597,0.5951086956521738,46.01063829787234,1015.9574468085104,22.086031452358924,0
2000,4,2,1,54,0.03636363636363636,0.01818181818181818,0.9818181818181818,55,1650,1100,550,0.6666666666666666,22,11,11,322.3016360953237,0.46060606060606063,0.3002130275896704,0.17940204537267831,129349.20245928745,-2661.605091142065,126687.59736814539,588,0,156.1090909090909,42,13,18,37.49146662856418,0.6036706349206349,45.68798449612404,1017.2480620155051,24.22019195275012,0
2001,4,0,0,54,0.0,0.0,1.0,54,1500,1100,400,0.7333333333333333,19,11,8,324.0470977091451,0.4606117516887957,0.30078291913051824,0.18102173628783233,129490.376061754,-2407.8038911845624,127082.57217056943,589,1,158.38888888888889,43,11,15,37.30383947401068,0.6036821705426356,45.54924242424243,1017.803030303031,23.66983791402398,0
2002,4,0,3,51,0.0,0.05555555555555555,0.9444444444444444,54,1850,1000,850,0.5405405405405406,27,10,17,321.10905675934663,0.4602477870952714,0.2999807170502595,0.18026351850227224,129683.21352731876,-2471.509125344335,127211.70440197442,590,2,159.38888888888889,43,11,15,37.183122598239756,0.6056201550387597,45.35984848484849,1018.560606060607,23.68745595489784,0
2003,4,1,2,50,0.019230769230769232,0.038461538461538464,0.9615384615384616,52,1600,1200,400,0.75,20,12,8,324.150069209317,0.4592053167420815,0.30566277191584024,0.18203036811494103,129696.07445987649,-1991.8016975308656,127704.27276234562,591,0,165.25,44,8,16,37.0926506681211,0.6044034090909092,45.34722222222222,1018.6111111111107,23.150252525252515,0
2004,4,0,0,50,0.0,0.0,1.0,50,1600,1100,500,0.6875,21,11,10,335.6334883755976,0.4588945578231292,0.29852303007232583,0.1879976916764808,129595.74619914664,-1300.6655249083606,128295.08067423828,592,1,171.04,42,8,18,36.90204288795837,0.6061507936507937,45.445736434108525,1018.2170542635656,24.243263196751563,0
2005,4,3,0,53,0.05660377358490566,0.0,1.0,53,1700,1200,500,0.7058823529411765,22,12,10,324.47080281194224,0.4613116835994195,0.3066460320262636,0.1849962363818829,130288.5239027697,-2136.4794652034398,128152.04443756625,593,0,162.30188679245282,40,13,22,36.484670515628096,0.6161458333333334,44.76626016260163,1020.9349593495949,25.523373983739873,0
2006,4,0,0,53,0.0,0.0,1.0,53,1450,1000,450,0.6896551724137931,19,10,9,325.1721083888915,0.4609639574262216,0.306834674759203,0.18599844599844614,130414.54081632671,-2118.565759637166,128295.97505668955,594,1,163.30188679245282,41,12,22,36.33935508935512,0.6158536585365854,44.64285714285715,1021.4285714285729,24.912891986062753,0
2007,4,0,0,53,0.0,0.0,1.0,53,1200,900,300,0.75,15,9,6,325.0431754044108,0.46100931301403003,0.3054046032019404,0.18616766520103592,130465.2118370498,-2118.634652935232,128346.57718411458,595,2,164.30188679245282,41,12,22,36.29143199326729,0.6163617886178862,44.593253968253975,1021.6269841269855,24.917731320170375,0
2008,4,0,1,52,0.0,0.018867924528301886,0.9811320754716981,53,1550,1200,350,0.7741935483870968,19,12,7,334.9627063184528,0.4611000241896468,0.3314675074457767,0.18486131017888344,129011.37689248644,-1871.46722155882,127139.90967092762,596,3,165.30188679245282,38,15,20,37.512926350475006,0.6066337719298245,46.020299145299134,1015.9188034188016,26.73470535312636,8
2009,4,0,0,52,0.0,0.0,1.0,52,1450,1200,250,0.8275862068965517,17,12,5,339.0708339636318,0.4601008672699849,0.34400786996297406,0.18723661188957172,129034.22807979379,-1649.6513350261694,127384.57674476762,597,4,169.42307692307693,37,15,20,37.385333477228556,0.6086711711711712,45.997807017543856,1016.0087719298245,27.459696538643907,0
2010,4,0,0,52,0.0,0.0,1.0,52,1400,700,700,0.5,21,7,14,345.08222657820335,0.4596295248868778,0.29475011781429417,0.18562851053696194,127990.23321311698,-1485.6066569995971,126504.62655611738,598,5,170.42307692307693,40,12,16,38.297805563924875,0.59296875,47.02743902439023,1011.8902439024373,25.297256097560933,8
2011,4,1,0,53,0.018867924528301886,0.0,1.0,53,1050,600,450,0.5714285714285714,15,6,9,340.48946256416275,0.46108490566037735,0.3020230639510788,0.18457528288755504,128298.92223750734,-1863.0208333333412,126435.901404174,599,0,168.18867924528303,40,13,17,38.09873106630555,0.59609375,46.72256097560975,1013.1097560975602,25.327743902439003,0
2012,4,1,0,54,0.018518518518518517,0.0,1.0,54,1350,1100,250,0.8148148148148148,16,11,5,334.61036170072117,0.46226415094339623,0.3078595026951838,0.18274873600577818,128596.93877550993,-2194.0263605442437,126402.91241496569,600,0,166.05555555555554,41,13,15,37.94380868544601,0.5975609756097561,46.428571428571416,1014.2857142857121,24.7386759581881,0
2013,4,1,1,54,0.01818181818181818,0.01818181818181818,0.9818181818181818,55,1300,800,500,0.6153846153846154,18,8,10,328.41125954198475,0.46269640852974186,0.3069812630117976,0.1807641806722688,128906.01526350569,-2533.162632954762,126372.85263055093,601,0,164.01818181818183,42,13,16,37.78645833333333,0.5992063492063492,46.12403100775193,1015.5038759689913,24.17866371354741,0
2014,4,0,1,53,0.0,0.018518518518518517,0.9814814814814815,54,1400,1000,400,0.7142857142857143,18,10,8,330.3719074640404,0.4615071045888656,0.15825395151557764,0.1791261748702969,128306.84222961855,-2234.9555508530607,126071.88667876548,602,1,167.90740740740742,38,16,20,38.3469102604661,0.5995065789473684,46.714743589743584,1013.1410256410246,26.6616059379217,8
2015,4,0,2,51,0.0,0.03773584905660377,0.9622641509433962,53,1800,1200,600,0.6666666666666666,24,12,12,335.5722801558758,0.4603440977261732,0.15981185155544964,0.18221850841366646,128366.6669071252,-1984.7409779932436,126381.92592913195,603,3,172.0566037735849,37,16,20,38.15416937170884,0.6019144144144144,46.65570175438596,1013.3771929824555,27.38857278330961,0
2016,4,1,2,50,0.019230769230769232,0.038461538461538464,0.9615384615384616,52,1400,900,500,0.6428571428571429,19,9,10,341.4956505144067,0.4589853569632982,0.16830610203401153,0.18519809328981998,128315.61872260757,-1636.15486263292,126679.46385997465,604,0,176.07692307692307,36,16,21,38.056203919825144,0.6032986111111112,46.706081081081074,1013.1756756756743,28.14376876876873,0
2017,4,1,1,50,0.0196078431372549,0.0196078431372549,0.9803921568627451,51,2100,1600,500,0.7619047619047619,26,16,10,342.1524804098784,0.4584313725490196,0.1851428272675586,0.1860854668380249,128429.74044568198,-1411.4891496226173,127018.25129605936,605,0,179.80392156862746,36,15,18,37.92310113691071,0.6044560185185186,46.59346846846846,1013.6261261261246,28.156281281281238,0
2018,4,0,1,49,0.0,0.02,0.98,50,1600,1100,500,0.6875,21,11,10,337.02209236086094,0.4575255102040816,0.17408838552076422,0.18395278568496412,128572.46393352782,-1333.647837026248,127238.81609650157,606,1,175.86,36,14,18,37.907598637945085,0.6059027777777778,46.45270270270269,1014.1891891891867,28.17192192192185,0
2019,4,0,0,49,0.0,0.0,1.0,49,1600,1000,600,0.625,22,10,12,346.16345225129055,0.45682752267573695,0.16273431659551907,0.1889987745843024,128584.36113522349,-897.7587287808952,127686.60240644259,607,2,179.16326530612244,35,14,19,37.663685381718594,0.6080357142857142,46.44097222222221,1014.2361111111088,28.978174603174537,0
2020,4,1,0,50,0.02,0.0,1.0,50,1350,900,450,0.6666666666666666,18,9,9,338.04909062155906,0.4590731292517007,0.17176686454398293,0.18654108544423698,129006.37846500815,-1277.9022151046852,127728.47624990347,608,0,176.56,37,13,21,37.439624932541825,0.6083896396396397,46.025219298245595,1015.8991228070149,27.45673304883824,0
2021,4,1,0,51,0.0196078431372549,0.0,1.0,51,1550,1000,550,0.6451612903225806,21,10,11,326.84286950074153,0.4588888888888889,0.178365463832592,0.18174907229246837,129310.02995105549,-1747.187751114046,127562.84219994144,609,0,174.07843137254903,38,13,22,37.415747549019606,0.6096491228070176,45.72649572649572,1017.0940170940163,26.765632028789902,0
2022,4,0,5,46,0.0,0.09803921568627451,0.9019607843137255,51,1850,1400,450,0.7567567567567568,23,14,9,312.91110930750574,0.45826797385620915,0.026304736108658133,0.17194620362937213,128840.0226799525,-2121.278974574943,126718.74370537755,610,1,175.07843137254903,40,11,19,38.246996996997005,0.6015625,46.18902439024391,1015.2439024390251,25.381097560975626,8
2023,4,0,0,46,0.0,0.0,1.0,46,1300,800,500,0.6153846153846154,18,8,10,346.9812551423141,0.4528683574879227,0.05528475059193738,0.1888880555495044,128466.99948827577,-284.8718546382192,128182.12763363756,611,20,194.30434782608697,35,11,19,37.76270597861245,0.606845238095238,46.556712962962955,1013.7731481481472,28.964947089947064,0
2024,4,1,0,47,0.02127659574468085,0.0,1.0,47,1600,900,700,0.5625,23,9,14,315.6875024833071,0.45407415972864634,-0.03863150809213034,0.16752176226668947,127442.37075617311,-1226.446491340852,126215.92426483225,612,0,191.14893617021278,41,6,14,39.60052728106371,0.5858739837398375,47.56944444444446,1009.7222222222244,24.627371273712793,8
2025,4,3,0,50,0.06,0.0,1.0,50,1450,1100,350,0.7586206896551724,18,11,7,298.1594871286313,0.45778061224489797,-0.003974562798092052,0.1611025465319079,128168.5025413942,-2355.1399908969597,125813.36255049724,613,0,180.62,43,7,18,39.30345786963436,0.5903585271317829,46.851325757575765,1012.5946969696981,23.548713883016237,0
2026,4,1,0,51,0.0196078431372549,0.0,1.0,51,1350,1000,350,0.7407407407407407,17,10,7,296.71608181647593,0.4581862745098039,0.002202524845554832,0.16164383561643833,128496.33487654322,-2574.6141975308633,125921.72067901236,614,0,178.05882352941177,44,7,14,39.00684931506851,0.5923295454545454,46.52777777777778,1013.8888888888889,23.042929292929294,0
2027,4,1,3,49,0.019230769230769232,0.057692307692307696,0.9423076923076923,52,900,600,300,0.6666666666666666,12,6,6,295.66259261806783,0.45841189039718455,0.024546814834135233,0.16234643191919107,128810.30545217666,-2783.1222268168344,126027.18322535983,615,0,175.6153846153846,45,7,16,38.71492147764789,0.5942129629629629,46.21829710144928,1015.1268115942039,22.55837359098231,0
2028,4,0,1,48,0.0,0.02040816326530612,0.9795918367346939,49,1400,1000,400,0.7142857142857143,18,10,8,300.9207826288894,0.4546839569160998,0.02178807466046906,0.16480713927186436,128707.6485339509,-2053.838734567875,126653.80979938302,616,1,186.6530612244898,44,5,17,38.6856693128935,0.5944602272727273,46.31944444444446,1014.7222222222244,23.06186868686874,0
2029,4,0,0,48,0.0,0.0,1.0,48,1000,600,400,0.6,14,6,8,307.2009356204048,0.4533281619385343,0.017319651741293463,0.16870871054563283,128816.57483930269,-1685.485537190027,127131.08930211265,617,2,189.70833333333334,43,5,19,38.415733830845795,0.5968992248062015,46.21212121212124,1015.1515151515198,23.608174770965576,0
2030,4,1,0,49,0.02040816326530612,0.0,1.0,49,1100,400,700,0.36363636363636365,18,4,14,302.7106268277829,0.4539930555555556,0.024313497952488827,0.16726819832870587,129060.22376543251,-1986.4197530863767,127073.80401234614,618,0,186.81632653061226,44,5,20,38.282531437944236,0.5980113636363636,45.97222222222224,1016.1111111111144,23.093434343434417,0
2031,4,1,2,48,0.02,0.04,0.96,50,1700,1100,600,0.6470588235294118,23,11,12,304.6593365013527,0.45558673469387756,0.0274392914960484,0.16990056784921434,129423.1409339134,-2113.774869549086,127309.36606436431,619,0,184.06,42,8,21,37.865242992730856,0.6044146825396826,45.61531007751939,1017.5387596899238,24.22711332595057,0
2032,4,0,3,45,0.0,0.0625,0.9375,48,1250,900,350,0.72,16,9,7,310.42091692823294,0.45400229018912525,-0.04082990846254453,0.16904203136488624,128480.33334050741,-1609.4858966977467,126870.84744380966,620,1,189.5,43,5,12,38.67574257425741,0.5935077519379846,46.54356060606061,1013.8257575757582,23.577343199436235,8
2033,4,2,1,46,0.0425531914893617,0.02127659574468085,0.9787234042553191,47,1200,800,400,0.6666666666666666,16,8,8,307.3774411420515,0.4530527289546716,0.018731814133752245,0.1695237949167502,128984.86036680751,-1470.5927348771638,127514.26763193034,621,0,192.7659574468085,43,4,16,38.24044078804263,0.5985949612403101,46.04640151515152,1015.8143939393958,23.623590556730136,0
2034,4,1,0,47,0.02127659574468085,0.0,1.0,47,1400,900,500,0.6428571428571429,19,9,10,309.57629567133284,0.45266728337958684,0.029093013989466066,0.1713606179185365,129129.19253795083,-1404.9325822141536,127724.25995573668,622,0,193.5744680851064,43,4,17,38.03815724090813,0.6000484496124031,45.90435606060608,1016.3825757575781,23.63680408738554,0
2035,4,0,3,44,0.0,0.06382978723404255,0.9361702127659575,47,1200,800,400,0.6666666666666666,16,8,8,327.0386407106855,0.45156876349059516,-0.008075532498666771,0.1764975566402093,128121.09482167376,-1014.9177729702787,127106.17704870348,623,1,194.5744680851064,44,3,15,38.62073958904944,0.5885416666666667,46.89814814814816,1012.4074074074093,23.009259259259302,8
2036,4,3,2,45,0.06382978723404255,0.0425531914893617,0.9574468085106383,47,1200,900,300,0.75,15,9,6,323.7088578948156,0.45220474868948507,0.028186358349867158,0.17662009614962748,128557.5673440454,-1076.9553402646457,127480.61200378076,624,0,193.53191489361703,45,2,15,38.260316184351574,0.5916666666666667,46.46739130434783,1014.1304347826089,22.536231884057976,0
2037,4,0,0,45,0.0,0.0,1.0,45,1300,800,500,0.6153846153846154,18,8,10,330.8443820438037,0.45162037037037034,0.015582744414349925,0.18027230526936444,128504.33601820773,-497.0124720213425,128007.3235461864,625,1,192.93333333333334,43,2,15,38.133639207994776,0.59375,46.51988636363637,1013.9204545454553,23.57954545454547,0
2038,4,1,0,46,0.021739130434782608,0.0,1.0,46,1400,1200,200,0.8571428571428571,16,12,4,329.8706305288,0.45210346215781,0.029709153631119145,0.1813048352756036,128848.62075617285,-699.3248456790077,128149.29591049385,626,0,189.7173913043478,44,2,17,37.80779753761972,0.5958806818181819,46.18055555555556,1015.2777777777778,23.07449494949495,0
2039,4,0,1,45,0.0,0.021739130434782608,0.9782608695652174,46,1250,1000,250,0.8,15,10,5,323.4876285447597,0.45166062801932366,0.023201483753611196,0.1784305064235577,128989.670138889,-854.6874999999893,128134.98263888902,627,1,190.7173913043478,44,2,17,37.82642876674869,0.5973011363636364,46.04166666666667,1015.8333333333344,23.087121212121236,0
2040,4,0,0,45,0.0,0.0,1.0,45,1250,800,450,0.64,17,8,9,325.1269832499003,0.45031565656565653,0.028287723003965537,0.1797494929033839,129081.07284672011,-606.452038137049,128474.62080858306,628,2,195.6888888888889,43,2,17,37.69190895536297,0.5995639534883721,45.95170454545455,1016.1931818181824,23.632399577167032,0
2041,4,0,0,45,0.0,0.0,1.0,45,950,600,350,0.631578947368421,13,6,7,323.90938146814585,0.45014730639730643,0.019682243957977574,0.17951302065361652,129177.3211966973,-631.6507582931388,128545.67043840417,629,3,196.6888888888889,43,2,18,37.625077627697564,0.6005329457364341,45.857007575757585,1016.5719696969715,23.64120859760399,0
2042,4,0,2,43,0.0,0.044444444444444446,0.9555555555555556,45,1150,900,250,0.782608695652174,14,9,5,324.00672430851955,0.45016835016835016,0.020562488359098463,0.17989577071483379,129249.53099890961,-624.4565685261646,128625.07443038345,630,4,197.6888888888889,43,2,18,37.54927981622896,0.6012596899224807,45.78598484848485,1016.8560606060611,23.647815362931652,0
2043,4,0,0,43,0.0,0.0,1.0,43,1000,600,400,0.6,14,6,8,329.548508465466,0.44714377999261723,0.03545558520777714,0.18274962742175865,129201.38888888911,-84.37499999997911,129117.01388888912,631,5,205.53488372093022,42,1,18,37.457308743169406,0.6021825396825398,45.83333333333334,1016.6666666666684,24.20634920634925,0
2044,4,1,0,44,0.022727272727272728,0.0,1.0,44,1650,1100,550,0.6666666666666666,22,11,11,322.4356516910335,0.4471678999295278,0.04944286161155853,0.1806748599600668,129610.88266363923,-441.76611641988154,129169.11654721935,632,0,201.8409090909091,43,1,13,37.222654918007386,0.6048934108527132,45.43087121212121,1018.2765151515151,23.680849189570118,0
2045,4,0,1,43,0.0,0.022727272727272728,0.9772727272727273,44,1400,1100,300,0.7857142857142857,17,11,6,318.45331048493,0.4463860993657505,0.0484792159513352,0.17921326468712578,129779.68606519741,-534.2458677685929,129245.44019742882,633,1,202.8409090909091,43,1,13,37.153035935563835,0.6065891472868217,45.265151515151516,1018.9393939393938,23.69626497533474,0
2046,4,1,1,43,0.022727272727272728,0.022727272727272728,0.9772727272727273,44,1100,700,400,0.6363636363636364,15,7,8,319.4177087813062,0.44622093023255816,0.08010978625013743,0.181205212043234,130093.46954093497,-489.16840636477593,129604.3011345702,634,0,202.86363636363637,43,1,14,36.81087363470407,0.6097383720930232,44.95738636363637,1020.170454545455,23.724894291754765,0
2047,4,1,1,43,0.022727272727272728,0.022727272727272728,0.9772727272727273,44,1350,800,550,0.5925925925925926,19,8,11,314.8048017208044,0.44681553911205074,0.0932096268581255,0.18026083869235857,130455.99819214869,-586.3650711662079,129869.63312098249,635,0,201.5,43,1,20,36.56222963786924,0.6133720930232558,44.60227272727273,1021.5909090909086,23.757928118393224,0
2048,4,0,1,42,0.0,0.023255813953488372,0.9767441860465116,43,1100,800,300,0.7272727272727273,14,8,6,317.134909200868,0.445344222960502,0.08798865118044064,0.18138464882725716,130411.00599610906,-328.4234909260209,130082.58250518303,636,1,206.93023255813952,42,1,21,36.54816114853112,0.6143353174603174,44.64631782945737,1021.4147286821709,24.31939830195645,0
2049,4,0,1,41,0.0,0.023809523809523808,0.9761904761904762,42,900,600,300,0.6666666666666666,12,6,6,320.47630777136203,0.4459567363530778,0.08256696211837511,0.18367198073106591,130490.55103812354,-36.17400085034333,130454.3770372732,637,2,208.1904761904762,41,1,13,36.382476454024655,0.6166158536585367,44.56845238095238,1021.7261904761901,24.92015098722415,0
2050,4,0,1,40,0.0,0.024390243902439025,0.975609756097561,41,1050,700,350,0.6666666666666666,14,7,7,328.08181428209514,0.4452235772357724,0.0808239042819936,0.1885626793171037,130599.97046235719,369.49505089564457,130969.46551325283,638,3,212.6829268292683,40,1,13,36.07762477629748,0.6192708333333333,44.461382113821145,1022.1544715447164,25.553861788617912,0
2051,4,1,0,41,0.024390243902439025,0.0,1.0,41,850,600,250,0.7058823529411765,11,6,5,328.41101800006277,0.444385162601626,0.08475361222446076,0.18887858376573083,130625.94112507437,379.79966042038706,131005.74078549475,639,0,213.58536585365854,40,1,14,36.04297146833683,0.61953125,44.4359756097561,1022.2560975609757,25.556402439024392,0
2052,4,0,0,41,0.0,0.0,1.0,41,900,600,300,0.6666666666666666,12,6,6,327.0513045059864,0.44392784552845527,0.08306888952996472,0.18834935172494144,130677.8901963943,347.6748917641564,131025.56508815846,640,1,214.58536585365854,40,1,15,36.02524599940365,0.6200520833333334,44.385162601626014,1022.4593495934956,25.561483739837392,0
2053,4,0,0,41,0.0,0.0,1.0,41,1200,900,300,0.75,15,9,6,326.3593982069665,0.44375000000000003,0.08222677933398259,0.18807722020380854,130703.86860499703,331.28718024985005,131035.15578524688,641,2,215.58536585365854,40,1,15,36.016696481812765,0.6203125,44.359756097560975,1022.5609756097562,25.564024390243905,0
2054,4,0,1,40,0.0,0.024390243902439025,0.975609756097561,41,750,600,150,0.8,9,6,3,325.8948972760023,0.44334349593495936,0.0812911199156705,0.188188877859034,130781.81932257589,324.225514739913,131106.0448373158,642,3,216.58536585365854,40,1,15,35.9498675277364,0.62109375,44.28353658536586,1022.8658536585369,25.571646341463424,0
2055,4,0,1,39,0.0,0.025,0.975,40,1500,900,600,0.6,21,9,12,329.6891353496604,0.44272168803418804,0.08269269931778855,0.19057545604879433,130821.45317925356,626.0823567708424,131447.5355360244,643,4,219.825,39,1,16,35.81282031700776,0.6231303418803419,44.24479166666667,1023.020833333334,26.23130341880344,0
2056,4,1,0,40,0.025,0.0,1.0,40,1050,800,250,0.7619047619047619,13,8,5,322.75690064335276,0.4438434829059829,0.08649933882616234,0.1878640077101716,131088.00048828122,461.9113498263879,131549.9118381076,644,0,219.075,39,1,18,35.72129403587292,0.625801282051282,43.984375,1024.0624999999998,26.258012820512814,0
2057,4,0,0,40,0.0,0.0,1.0,40,900,500,400,0.5555555555555556,13,5,8,322.2024616130566,0.44304220085470086,0.08590493136756461,0.1880629798198464,131194.69536675356,454.2507595486146,131648.94612630218,645,1,220.075,39,1,18,35.627965599051,0.6268696581196581,43.880208333333336,1024.4791666666672,26.268696581196593,0
2058,4,0,1,39,0.0,0.025,0.975,40,1100,800,300,0.7272727272727273,14,8,6,320.788974929123,0.4423878205128205,0.0876956698515956,0.18762912814225408,131274.74500868062,422.2981770833365,131697.04318576396,646,2,221.075,39,1,19,35.58353662668564,0.6276709401709402,43.802083333333336,1024.7916666666672,26.276709401709414,0
2059,4,0,1,38,0.0,0.02564102564102564,0.9743589743589743,39,1050,800,250,0.7619047619047619,13,8,5,327.13516969470925,0.44101439496176337,0.08732386834576622,0.19106128364021088,131218.63928153997,785.2463656950846,132003.88564723506,647,3,226.23076923076923,38,1,20,35.47749391727491,0.6288377192982456,43.85683760683761,1024.5726495726499,26.96243814664868,0
2060,4,0,0,38,0.0,0.0,1.0,38,650,400,250,0.6153846153846154,9,4,5,336.58969626650435,0.4406264817449028,0.08391484328799459,0.19671236470359524,131243.84576263875,1235.06523641892,132478.91099905767,648,4,225.52631578947367,37,1,20,35.20989388264668,0.6309121621621622,43.832236842105274,1024.6710526315808,27.693812233285968,0
2061,4,0,0,38,0.0,0.0,1.0,38,950,500,450,0.5263157894736842,14,5,9,338.6080242500499,0.44004860123281175,0.07670700816211595,0.19861888498983496,131384.32618690384,1297.5574215143304,132681.88360841817,649,5,226.52631578947367,37,1,21,35.01648841354724,0.6323198198198199,43.6951754385965,1025.2192982456154,27.70862968231393,0
2062,4,0,0,38,0.0,0.0,1.0,38,950,700,250,0.7368421052631579,12,7,5,340.52107381213835,0.43945590327169276,0.07928496674656493,0.20032919021627318,131496.76462950147,1355.483898891978,132852.24852839345,650,6,227.52631578947367,37,1,22,34.85407312379731,0.6334459459459459,43.58552631578948,1025.6578947368428,27.72048364153629,0
2063,4,0,0,38,0.0,0.0,1.0,38,1350,1100,250,0.8148148148148148,16,11,5,341.62864811699757,0.4386261261261261,0.07886862914927839,0.20157382654973924,131609.25116381966,1392.2981109572224,133001.5492747769,651,7,228.52631578947367,37,1,13,34.71227826458646,0.634572072072072,43.47587719298246,1026.0964912280704,27.732337600758658,0
2064,4,0,0,38,0.0,0.0,1.0,38,650,400,250,0.6153846153846154,9,4,5,339.4807712908249,0.43819642010431487,0.07882367493351472,0.2007504422017317,131693.64762474992,1341.4922139504433,133035.13983870036,652,8,229.52631578947367,37,1,14,34.682347861695675,0.6354166666666667,43.39364035087719,1026.4254385964912,27.74122807017544,0
2065,4,0,0,38,0.0,0.0,1.0,38,1150,800,350,0.6956521739130435,15,8,7,388.52012893766937,0.4378704362256994,0.10366729261018404,0.2194181364487042,129917.93894823907,2497.0254611304217,132414.96440936948,653,9,230.52631578947367,36,2,17,35.22727272727272,0.6195023148148149,45.12950450450452,1019.4819819819843,28.318943943944006,8
2066,4,0,1,37,0.0,0.02631578947368421,0.9736842105263158,38,600,300,300,0.5,9,3,6,388.3852453653449,0.4375740872451399,0.10796243673111183,0.2199878153392076,130032.77084094238,2500.561921719022,132533.3327626614,654,10,231.52631578947367,36,2,17,35.113724191233295,0.6206597222222222,45.016891891891895,1019.9324324324332,28.33145645645648,0
2067,4,1,0,38,0.02631578947368421,0.0,1.0,38,900,600,300,0.6666666666666666,12,6,6,387.57215922882114,0.43589971550497864,0.12224080558894723,0.2205000928493917,130205.11379200163,2492.7754190001006,132697.88921100175,655,0,232.10526315789474,36,2,19,34.95899076832542,0.6223958333333333,44.84797297297298,1020.6081081081095,28.350225225225262,0
2068,4,2,0,40,0.05,0.0,1.0,40,1150,800,350,0.6956521739130435,15,8,7,371.65009123902456,0.4379139957264957,0.1275892569958188,0.2143710823120831,130738.7384219184,1717.8254941967184,132456.56391611512,656,0,221.45,37,3,18,34.823518637646984,0.6258445945945945,44.32565789473685,1022.6973684210536,27.640469416785233,0
2069,4,0,1,39,0.0,0.025,0.975,40,900,500,400,0.5555555555555556,13,5,8,368.54833022925885,0.43796741452991456,0.12571283095722974,0.21289085899125426,130794.81336805562,1640.8420138888932,132435.65538194453,657,1,222.45,37,3,18,34.845977596741335,0.6264076576576576,44.270833333333336,1022.9166666666672,27.646396396396412,0
2070,4,0,1,38,0.0,0.02564102564102564,0.9743589743589743,39,1350,800,550,0.5925925925925926,19,8,11,381.7180825026705,0.4368252361673414,0.21498548621190183,0.20231058372641494,127392.29024943287,1988.5221797051893,129380.81242913807,658,2,229.10256410256412,34,5,13,37.98521029874214,0.5980392156862745,47.619047619047606,1009.5238095238076,29.691876750700224,8
2071,4,1,0,39,0.02564102564102564,0.0,1.0,39,1050,900,150,0.8571428571428571,12,9,3,368.116189296283,0.43966486729644627,0.20775955995289364,0.19633613003945322,127646.96830257637,1629.7594415531212,129276.72774412949,659,0,226.84615384615384,35,4,16,38.0670646737678,0.5985119047619047,47.36689814814815,1010.532407407408,28.872354497354515,8
2072,4,0,0,39,0.0,0.0,1.0,39,1950,1400,550,0.717948717948718,25,14,11,371.97222492532404,0.43876518218623484,0.20852569098866836,0.19944373445100527,127859.639094331,1712.0468864134614,129571.68598074446,660,1,227.84615384615384,36,3,16,37.7514567791263,0.5986689814814814,47.15653153153154,1011.3738738738753,28.09371871871876,0
2073,4,2,1,40,0.04878048780487805,0.024390243902439025,0.975609756097561,41,900,700,200,0.7777777777777778,11,7,4,340.3048845619764,0.4437245934959349,0.12757973733583494,0.1832563643236315,128033.53555901823,561.1394160219301,128594.67497504017,661,0,217.6829268292683,37,4,20,38.37441314553992,0.5985360360360361,46.98464912280702,1012.0614035087725,27.3530109056425,8
2074,4,1,2,39,0.024390243902439025,0.04878048780487805,0.9512195121951219,41,950,700,250,0.7368421052631579,12,7,5,340.4905986454937,0.44433434959349594,0.15564330996126885,0.18491701250517817,128372.67324334479,541.9857641903027,128914.6590075351,662,0,217.8048780487805,36,5,19,38.02343778938399,0.6038773148148149,46.64977477477478,1013.4009009009017,28.150025025025045,0
2075,4,1,0,40,0.025,0.0,1.0,40,1050,800,250,0.7619047619047619,13,8,5,340.8292446240051,0.4453792735042735,0.1622377040079943,0.18616428176642877,128601.01814229762,766.1975742634476,129367.21571656107,663,0,216.475,36,4,20,37.781956626327684,0.6061921296296297,46.424549549549546,1014.301801801801,28.17505005005003,0
2076,4,0,1,39,0.0,0.025,0.975,40,1200,700,500,0.5833333333333334,17,7,10,343.89112788240595,0.4455528846153846,0.16929157883057777,0.1886482492759663,128772.409973318,856.7378611719914,129629.14783449,664,1,217.475,36,4,20,37.52958689300638,0.6079282407407407,46.255630630630634,1014.9774774774783,28.19381881881884,0
2077,4,1,0,40,0.025,0.0,1.0,40,1200,900,300,0.75,15,9,6,346.4350939130285,0.4443376068376068,0.1839659758395209,0.19141970926988722,129058.3166570287,942.0660102670254,130000.38266729572,665,0,218.375,36,4,21,37.17375041560456,0.6108217592592593,45.9740990990991,1016.103603603604,28.22510010010011,0
2078,4,0,0,40,0.0,0.0,1.0,40,1100,600,500,0.5454545454545454,16,6,10,343.54506855324144,0.44415064102564106,0.1772649241333486,0.1906495650871063,129230.01284646142,879.2667244947804,130109.2795709562,666,1,219.375,36,4,21,37.07244250009231,0.6125578703703703,45.80518018018019,1016.77927927928,28.243868868868887,0
2079,4,0,1,39,0.0,0.025,0.975,40,1150,700,450,0.6086956521739131,16,7,9,341.1658287053622,0.4435229700854701,0.1771142351117998,0.190018008417031,129373.1801903255,827.5416463761101,130200.7218367016,667,2,220.375,36,4,21,36.98735333185743,0.6140046296296297,45.664414414414416,1017.3423423423426,28.259509509509517,0
2080,4,0,0,39,0.0,0.0,1.0,39,800,400,400,0.5,12,4,8,345.47635965474257,0.443544759334233,0.16774306467139266,0.19244215471262271,129377.95380015431,1139.4048996913568,130517.35869984567,668,3,213.2051282051282,35,4,22,36.87286689419795,0.6160714285714286,45.65972222222222,1017.3611111111111,29.067460317460316,0
2081,4,0,0,39,0.0,0.0,1.0,39,1450,1000,450,0.6896551724137931,19,10,9,346.89240520852553,0.44298245614035087,0.17353682890919964,0.19395541664392757,129525.18332315233,1186.2604756086987,130711.44379876103,669,4,214.2051282051282,35,4,18,36.68715652833048,0.6175595238095238,45.51504629629629,1017.9398148148141,29.083994708994688,0
2082,4,0,0,39,0.0,0.0,1.0,39,1000,700,300,0.7,13,7,6,347.3577686470213,0.4424763832658569,0.1774296022988915,0.19465309863417143,129613.56122470842,1204.4554826817548,130818.01670739017,670,5,215.2051282051282,35,4,18,36.58549291505647,0.618452380952381,45.42824074074074,1018.2870370370364,29.093915343915324,0
2083,4,0,0,39,0.0,0.0,1.0,39,850,600,250,0.7058823529411765,11,6,5,349.0749732876442,0.4426731893837157,0.18383691829891124,0.1960567223933987,129701.96926708256,1255.142291452343,130957.1115585349,671,6,216.2051282051282,35,4,18,36.45194201416508,0.6193452380952381,45.34143518518519,1018.6342592592599,29.103835978836,0
2084,4,1,1,39,0.025,0.025,0.975,40,1600,1200,400,0.75,20,12,8,339.2177765947655,0.4440571581196581,0.18194337123302784,0.19242165548979256,130090.20580969505,825.7820743040589,130915.98788399911,672,0,211.775,36,4,20,36.30919527541672,0.6212384259259259,44.9605855855856,1020.1576576576595,28.33771271271276,0
2085,4,1,0,40,0.025,0.0,1.0,40,1300,900,400,0.6923076923076923,17,9,8,338.6380392307183,0.44439102564102567,0.18268636965152196,0.19337340930378827,130348.82010388788,828.2137712036603,131177.03387509153,673,0,196.875,36,4,21,36.062022129098665,0.6238425925925926,44.70720720720722,1021.1711711711728,28.36586586586591,0
2086,4,0,0,40,0.0,0.0,1.0,40,1050,700,350,0.6666666666666666,14,7,7,336.9949088460254,0.4438034188034188,0.18055555555555491,0.1930061750663603,130463.8422205992,793.130123366629,131256.9723439658,674,1,197.875,36,4,21,35.9875624632569,0.625,44.594594594594604,1021.6216216216234,28.37837837837843,0
2087,4,1,0,41,0.024390243902439025,0.0,1.0,41,1100,900,200,0.8181818181818182,13,9,4,327.6189064665228,0.4452489837398374,0.18193323013847595,0.18911071531681486,130766.77439212082,368.33352570023374,131135.10791782106,675,0,194.02439024390245,37,4,17,35.92097269868496,0.6261261261261262,44.298245614035096,1022.807017543861,27.64343290659084,0
2088,4,0,2,39,0.0,0.04878048780487805,0.9512195121951219,41,1300,900,400,0.6923076923076923,17,9,8,331.3105103700461,0.4447408536585366,0.11238521561834136,0.1875854170814031,130017.30974687694,416.4225428488596,130433.7322897258,676,1,195.02439024390245,38,3,19,36.58469516027657,0.6167763157894737,45.03205128205128,1019.8717948717939,26.838731443994575,8
2089,4,0,0,39,0.0,0.0,1.0,39,700,600,100,0.8571428571428571,8,6,2,338.3147753454884,0.44121120107962214,0.13979144085630035,0.19097222018136045,129899.05698147506,989.3540560557067,130888.41103753076,677,4,205.6153846153846,37,2,19,36.52600749345664,0.6173986486486487,45.14802631578947,1019.4078947368421,27.551564722617353,0
2090,4,0,0,39,0.0,0.0,1.0,39,1350,1000,350,0.7407407407407407,17,10,7,341.5279184691657,0.44048020692757534,0.15047255227842116,0.1936157358634156,130066.77685682144,1084.287112380742,131151.0639692022,678,5,206.6153846153846,37,2,19,36.274028987065094,0.6190878378378378,44.98355263157895,1020.0657894736851,27.56934566145095,0
2091,4,0,1,38,0.0,0.02564102564102564,0.9743589743589743,39,1000,500,500,0.5,15,5,10,339.5230185131553,0.44028340080971656,0.1538902437344134,0.19275544156588842,130122.70752779715,1035.9308873884406,131158.6384151856,679,6,207.6153846153846,37,2,19,36.26847125201505,0.6196509009009009,44.928728070175445,1020.2850877192993,27.575272641062146,0
2092,4,0,1,37,0.0,0.02631578947368421,0.9736842105263158,38,1450,1300,150,0.896551724137931,16,13,3,340.8024646156506,0.4375740872451399,0.15850443628931132,0.19403477005504155,130233.84871357867,1276.8033235938933,131510.65203717258,680,7,213.55263157894737,36,2,19,36.123216387172704,0.6226851851851851,44.819819819819834,1020.7207207207225,28.353353353353402,0
2093,4,0,0,37,0.0,0.0,1.0,37,950,700,250,0.7368421052631579,12,7,5,353.00029200315754,0.4363738738738739,0.1399614972234151,0.19171090088934312,128372.67324334472,1663.118228025326,130035.79147137004,681,8,218.72972972972974,36,1,15,37.70650442641775,0.6038773148148149,46.64977477477478,1013.4009009009011,28.15002502502503,8
2094,4,1,0,38,0.02631578947368421,0.0,1.0,38,1400,1100,300,0.7857142857142857,17,11,6,344.50156310152283,0.43856685633001424,0.14574483209644873,0.18877217090021253,128728.04763244445,1269.4027248768698,129997.45035732132,682,0,213.94736842105263,37,1,16,37.55931478480101,0.6055743243243243,46.29934210526315,1014.8026315789461,27.427098150782328,0
2095,4,0,0,38,0.0,0.0,1.0,38,850,700,150,0.8235294117647058,10,7,3,340.8783624567339,0.43875948316737795,0.06786703601108024,0.18300226583979445,127910.26341735253,1122.1055404274425,129032.36895777997,683,1,214.94736842105263,35,3,17,38.48588863463006,0.6011904761904762,47.10648148148148,1011.5740740740739,28.9021164021164,8
2096,4,2,1,39,0.05,0.025,0.975,40,650,400,250,0.6153846153846154,9,4,5,327.96498654860255,0.44282852564102565,0.08227882327492964,0.17858446794042276,128477.80687326867,427.2444405971014,128905.05131386577,684,0,205.15,37,3,14,38.23365058764149,0.6030405405405406,46.546052631578945,1013.815789473684,27.400426742532,0
2097,4,3,0,42,0.07142857142857142,0.0,1.0,42,1000,800,200,0.8,12,8,4,318.681610266496,0.4428716608594658,0.10584315735520278,0.17613252737391882,129069.04432508671,-173.61382378472751,128895.43050130198,685,0,196.3095238095238,39,3,17,37.867866905860254,0.6055021367521367,45.963541666666664,1016.1458333333326,26.05502136752135,0
2098,4,0,0,42,0.0,0.0,1.0,42,1100,900,200,0.8181818181818182,13,9,4,319.13464122547686,0.4426659891598916,0.10987509758001579,0.17697466467958284,129201.38888888905,-153.47222222220367,129047.91666666685,686,1,197.3095238095238,39,3,17,37.72199453551914,0.6068376068376069,45.83333333333334,1016.666666666668,26.068376068376104,0
2099,4,0,1,41,0.0,0.023809523809523808,0.9761904761904762,42,950,700,250,0.7368421052631579,12,7,5,316.20780469790293,0.4421336624080527,0.10682970902893252,0.17584793743271881,129312.88954293643,-222.0510156971248,129090.8385272393,687,2,198.3095238095238,37,5,18,37.68326865028028,0.6114864864864865,45.72368421052632,1017.1052631578959,27.48933143669989,0
2100,4,0,0,41,0.0,0.0,1.0,41,750,400,350,0.5333333333333333,11,4,7,325.0729448940574,0.4396341463414634,0.11173211521682203,0.18039850150267037,129230.01284646142,201.83616893922417,129431.84901540064,688,3,204.02439024390245,36,5,18,37.541994314615884,0.6125578703703703,45.80518018018019,1016.77927927928,28.243868868868887,0
2101,4,2,2,41,0.046511627906976744,0.046511627906976744,0.9534883720930233,43,1200,900,300,0.75,15,9,6,309.9857173305358,0.44218346253229973,0.11433779956907042,0.17452143670259876,129796.16057117141,-553.0088117191974,129243.15175945222,689,0,195.48837209302326,40,3,17,37.352066088228455,0.6111979166666667,45.248983739837406,1019.0040650406515,25.47510162601629,0
2102,4,2,0,43,0.046511627906976744,0.0,1.0,43,1000,700,300,0.7,13,7,6,309.74699667713725,0.4454595791805094,0.13142675681877747,0.17508121789643483,129951.5430320081,-549.579966455143,129401.96306555296,690,0,196.06976744186048,40,3,19,37.20098674374566,0.6127604166666667,45.09654471544716,1019.6138211382117,25.490345528455293,0
2103,4,0,2,41,0.0,0.046511627906976744,0.9534883720930233,43,1150,900,250,0.782608695652174,14,9,5,308.0131137311811,0.4449981543004799,0.132268021170298,0.17444805922156528,130029.26911891082,-589.8559884989035,129439.41313041191,691,1,197.06976744186048,40,3,19,37.16661684602098,0.6135416666666667,45.020325203252035,1019.9186991869929,25.49796747967482,0
2104,4,0,0,41,0.0,0.0,1.0,41,1100,700,400,0.6363636363636364,15,7,8,321.15683441719335,0.4425813008130081,0.1299619789362796,0.18095186317221554,129826.69850107757,138.9463026882961,129965.64480376587,692,2,207.0731707317073,38,3,19,37.036551700038444,0.6148574561403508,45.2190170940171,1019.1239316239321,26.819050832208738,0
2105,4,0,3,38,0.0,0.07317073170731707,0.926829268292683,41,1050,700,350,0.6666666666666666,14,7,7,342.3138941144851,0.4423780487804878,0.015393842463014451,0.1898286140089419,129201.38888888908,1036.0768682884263,130237.4657571775,693,3,208.0731707317073,36,5,19,37.13285519125682,0.6122685185185186,45.83333333333334,1016.6666666666682,28.240740740740783,8
2106,4,1,0,39,0.02564102564102564,0.0,1.0,39,1100,800,300,0.7272727272727273,14,8,6,391.6655054078143,0.43606612685560053,0.10823543532730207,0.21803138395503407,129352.72285997731,2367.32213718821,131720.0449971655,694,0,219.46153846153845,34,5,18,35.723863858006645,0.617953431372549,45.68452380952381,1017.2619047619046,29.91946778711484,6
2107,4,1,1,39,0.025,0.025,0.975,40,1300,900,400,0.6923076923076923,17,9,8,377.70120294067846,0.43748664529914527,0.11885646150351992,0.21293449379613427,129849.3829839679,1808.8536308299178,131658.23661479782,695,0,214.95,35,5,15,35.57281020516315,0.6208333333333333,45.19675925925927,1019.2129629629641,29.120370370370402,0
2108,4,0,0,39,0.0,0.0,1.0,39,1050,800,250,0.7619047619047619,13,8,5,381.36954411804794,0.43758434547908237,0.13474788670397686,0.21527141768509211,129898.25857426316,2107.84793083902,132006.1065051022,696,1,219.56410256410257,34,5,16,35.42956129082487,0.623468137254902,45.14880952380953,1019.4047619047628,29.982492997198907,0
2109,4,0,3,36,0.0,0.07692307692307693,0.9230769230769231,39,900,500,400,0.5555555555555556,13,5,8,384.2328149443669,0.43772492127755286,0.1341932238709449,0.21705605720208182,129928.59977324276,2184.5663265306293,132113.1660997734,697,2,220.56410256410257,34,5,16,35.32568503814419,0.6237745098039216,45.11904761904763,1019.5238095238105,29.985994397759132,0
2110,4,0,1,35,0.0,0.027777777777777776,0.9722222222222222,36,850,500,350,0.5882352941176471,12,5,7,411.2266672233663,0.4393849206349207,0.13186535864079074,0.2293887512027558,129433.15505981455,3445.272996690553,132878.4280565051,698,3,219.80555555555554,31,5,16,35.1440872254212,0.626008064516129,45.60546875000001,1017.5781250000008,32.82510080645164,0
2111,4,0,1,34,0.0,0.02857142857142857,0.9714285714285714,35,1050,700,350,0.6666666666666666,14,7,7,414.24463429540043,0.4387955182072829,0.1392486975596383,0.23107222105771277,129433.15505981453,3723.397996690553,133156.55305650507,699,4,223.4857142857143,31,4,16,35.067311793559405,0.626008064516129,45.60546875000001,1017.5781250000006,32.82510080645163,0
2112,4,0,0,34,0.0,0.0,1.0,34,1050,700,350,0.6666666666666666,14,7,7,419.2464541550959,0.43855837789661317,0.1266260223945923,0.2301722082107835,128804.55864800338,4062.227545844176,132866.78619384757,700,5,230.64705882352942,31,3,18,35.58448777150676,0.6196236559139785,46.22395833333333,1015.1041666666658,32.74529569892471,8
2113,4,0,0,34,0.0,0.0,1.0,34,700,500,200,0.7142857142857143,9,5,4,407.65304596070246,0.43826128936423053,0.029639449736693635,0.21838750803339543,127825.1282554075,3646.752807629629,131471.88106303712,701,6,231.64705882352942,32,2,15,36.884806675823036,0.6070963541666667,47.19065656565656,1011.2373737373728,31.6011679292929,8
2114,4,1,0,35,0.02857142857142857,0.0,1.0,35,1050,800,250,0.7619047619047619,13,8,5,399.3587881722102,0.4398809523809524,0.026150370139054857,0.21583136175227766,128177.49235365108,3238.558716000889,131416.05106965196,702,0,226.0,31,4,17,36.732378595002366,0.613239247311828,46.84244791666666,1012.6302083333319,32.665490591397806,0
2115,4,1,1,35,0.027777777777777776,0.027777777777777776,0.9722222222222222,36,850,500,350,0.5882352941176471,12,5,7,390.2716303636705,0.4409556878306878,-0.04625586284974903,0.207842333379722,127586.77551903106,2762.773027900354,130349.54854693142,703,0,220.69444444444446,33,3,18,37.56924227721171,0.6022727272727273,47.42647058823529,1010.2941176470582,30.614973262032066,8
2116,4,1,1,35,0.027777777777777776,0.027777777777777776,0.9722222222222222,36,1700,1100,600,0.6470588235294118,23,11,12,383.30103806228414,0.44224537037037037,-0.01856209150326782,0.2062062546537601,127993.90589569138,2612.0393990929438,130605.94529478432,704,0,221.63888888888889,34,2,19,37.32720588235294,0.6041666666666667,47.02380952380951,1011.9047619047601,29.76190476190471,0
2117,4,1,0,36,0.027777777777777776,0.0,1.0,36,1350,1100,250,0.8148148148148148,16,11,5,385.32758764768397,0.4421296296296296,-0.0010490672649468014,0.20874295987153077,128272.40404359257,2685.556356572327,130957.9604001649,705,0,220.38888888888889,32,4,20,36.99026756408658,0.6116536458333333,46.74873737373738,1013.0050505050511,31.65640782828285,0
2118,4,0,1,35,0.0,0.027777777777777776,0.9722222222222222,36,850,700,150,0.8235294117647058,10,7,3,384.215312686069,0.4418320105820106,0.0006023595879030008,0.2083070046616906,128304.3822058976,2659.3016656463897,130963.68387154398,706,1,221.38888888888889,32,4,20,36.98565761050182,0.6119791666666667,46.71717171717173,1013.1313131313151,31.660353535353597,0
2119,4,0,1,34,0.0,0.02857142857142857,0.9714285714285714,35,950,700,250,0.7368421052631579,12,7,5,388.55472014609245,0.4403361344537815,0.01653536076983797,0.2103387034110268,128243.42727661146,2965.9177992079135,131209.34507581938,707,2,228.4,31,4,20,36.93825791661311,0.6139112903225806,46.77734375000001,1012.890625000001,32.67389112903229,0
2120,4,2,1,35,0.05555555555555555,0.027777777777777776,0.9722222222222222,36,1000,700,300,0.7,13,7,6,375.03176248591933,0.4430059523809524,0.020116849892829913,0.20513139629505528,128656.40503838896,2450.0476673298645,131106.4527057188,708,0,221.58333333333334,32,4,18,36.85801700891931,0.6155598958333333,46.369949494949495,1014.5202020202021,31.703756313131315,0
2121,4,1,0,36,0.027777777777777776,0.0,1.0,36,850,600,250,0.7058823529411765,11,6,5,373.7478572900016,0.44373346560846566,0.027100523835192458,0.20508935322555102,128784.53290799403,2426.5886452912896,131211.1215532853,709,0,222.55555555555554,32,4,20,36.75959903802298,0.6168619791666667,46.243686868686865,1015.0252525252521,31.719539141414128,0
2122,4,1,0,37,0.02702702702702703,0.0,1.0,37,800,600,200,0.75,10,6,4,363.4775597957539,0.44400650650650647,0.03854674346477638,0.20156482861400885,129201.38888888882,1992.3611111111022,131193.7499999999,710,0,217.51351351351352,33,4,21,36.59494535519126,0.6186868686868687,45.83333333333333,1016.6666666666661,30.80808080808079,0
2123,4,1,2,36,0.02631578947368421,0.05263157894736842,0.9473684210526316,38,950,900,50,0.9473684210526315,10,9,1,360.4402509625003,0.4460941204362257,0.010055722045326565,0.19477636638550497,128173.03790276761,1639.7443896599248,129812.78229242754,711,0,212.76315789473685,36,2,17,37.722188241399756,0.6018518518518519,46.846846846846844,1012.6126126126125,28.128128128128125,8
2124,4,0,0,36,0.0,0.0,1.0,36,700,300,400,0.42857142857142855,11,3,8,375.0052857373708,0.4425760582010582,0.022285643298942226,0.2012899502786126,127903.57320011331,2392.9032029478367,130296.47640306115,712,1,225.47222222222223,34,2,17,37.6297026401475,0.6032475490196079,47.113095238095234,1011.5476190476186,29.751400560224077,0
2125,4,1,1,36,0.02702702702702703,0.02702702702702703,0.972972972972973,37,950,400,550,0.42105263157894735,15,4,11,377.78194783261426,0.4441003503503504,0.05857089966679019,0.20580658352075235,128496.33487654307,2308.7191358024543,130805.05401234553,713,0,220.35135135135135,35,2,15,36.95205479452055,0.6071428571428572,46.52777777777777,1013.8888888888878,28.968253968253936,0
2126,4,1,2,35,0.02702702702702703,0.05405405405405406,0.9459459459459459,37,1150,800,350,0.6956521739130435,15,8,7,369.1605410863352,0.44385010010010006,0.08139573213306472,0.20338783873290514,128943.91593874284,2120.2011555474446,131064.11709429028,714,0,219.97297297297297,36,1,16,36.7132350223602,0.6096643518518519,46.086711711711715,1015.6531531531534,28.212587587587596,0
2127,4,0,0,35,0.0,0.0,1.0,35,1000,700,300,0.7,13,7,6,381.39297593592835,0.44072128851540615,0.09594827730599809,0.20972925156399316,128868.76594387753,2829.928429705213,131698.69437358275,715,1,232.97142857142856,34,1,16,36.479462226912105,0.6130514705882353,46.160714285714285,1015.3571428571427,29.863445378151255,0
2128,4,2,3,34,0.05405405405405406,0.08108108108108109,0.9189189189189189,37,1100,700,400,0.6363636363636364,15,7,8,367.2544156092243,0.4435372872872873,0.0993941496265025,0.20514495724821805,129487.77113261906,2110.991143170197,131598.76227578925,716,0,221.32432432432432,36,1,13,36.207079368591884,0.615162037037037,45.5518018018018,1017.7927927927924,28.27202202202201,0
2129,4,0,0,34,0.0,0.0,1.0,34,1450,1100,350,0.7586206896551724,18,11,7,391.6957807041121,0.4407308377896613,0.11981677917068523,0.21721311475409835,129201.38888888879,3321.527777777769,132522.91666666657,717,3,240.26470588235293,33,1,19,35.877732240437176,0.6186868686868687,45.83333333333333,1016.6666666666658,30.80808080808078,0
2130,4,0,0,34,0.0,0.0,1.0,34,900,400,500,0.4444444444444444,14,4,10,389.96220405647364,0.4403409090909091,0.1112516564269368,0.21710773010548523,129357.17520004313,3288.8818303056373,132646.05703034878,718,4,241.26470588235293,33,1,20,35.7626340199976,0.6202651515151515,45.68014705882352,1017.279411764705,30.826648841354697,0
2131,4,1,0,35,0.02857142857142857,0.0,1.0,35,600,300,300,0.5,9,3,6,382.76740582791876,0.44149159663865545,0.11118680291190808,0.21489225224827252,129685.96938775509,2927.912414965981,132613.88180272107,719,0,235.34285714285716,34,1,16,35.61024427302477,0.6213235294117647,45.357142857142854,1018.5714285714284,29.957983193277308,0
2132,4,0,1,34,0.0,0.02857142857142857,0.9714285714285714,35,1200,900,300,0.75,15,9,6,382.94242970214754,0.4411064425770308,0.10659366340600274,0.215323345163665,129746.60572562364,2937.0960884353817,132683.70181405902,720,1,236.34285714285716,34,1,17,35.54398418633638,0.6219362745098039,45.29761904761905,1018.8095238095242,29.96498599439777,0
2133,4,0,1,33,0.0,0.029411764705882353,0.9705882352941176,34,1050,800,250,0.7619047619047619,13,8,5,414.4439945101369,0.44102792632204396,0.071084118101997,0.2205251378195912,127551.95617675771,3791.789442827897,131343.74561958562,721,2,233.38235294117646,31,3,17,36.99460771676547,0.6068548387096775,47.46093749999999,1010.1562499999992,32.58568548387094,8
2134,4,0,1,32,0.0,0.030303030303030304,0.9696969696969697,33,1000,500,500,0.5,15,5,10,421.11369434061754,0.44061710858585856,0.08279806835763548,0.22370943926752232,127486.19927300332,4137.236870659703,131623.436143663,722,8,241.3939393939394,31,2,17,36.89401753481176,0.6061827956989247,47.52604166666666,1009.8958333333321,32.57728494623652,0
2135,4,2,0,34,0.058823529411764705,0.0,1.0,34,1000,500,500,0.5,15,5,10,402.2547524612843,0.4441844919786096,0.10446508251024778,0.21757562341056091,128210.45769585486,3518.0440266926835,131728.50172254755,723,0,233.55882352941177,31,3,19,36.62520356561241,0.6135752688172043,46.80989583333332,1012.7604166666652,32.669690860215006,0
2136,4,2,1,35,0.05555555555555555,0.027777777777777776,0.9722222222222222,36,800,400,400,0.5,12,4,8,385.2893518359449,0.44747023809523806,0.12804480917024863,0.21203343039745856,128898.98667800442,2732.681405895675,131631.6680839001,724,0,221.52777777777777,34,2,20,36.34964830011722,0.6133578431372548,46.13095238095237,1015.4761904761896,29.86694677871146,0
2137,4,2,0,37,0.05405405405405406,0.0,1.0,37,750,400,350,0.5333333333333333,11,4,7,378.60087670129724,0.4505755755755756,0.12878139013818002,0.210449341978839,129294.84941188476,2390.937284840395,131685.78669672515,725,0,216.45945945945945,33,4,22,36.11516949833313,0.6196338383838385,45.741421568627445,1017.0343137254895,30.819221628045135,0
2138,4,0,0,37,0.0,0.0,1.0,37,800,400,400,0.5,12,4,8,381.19934180657054,0.4498561061061061,0.13615735706798082,0.21239710977705697,129388.3437259708,2464.5502931564774,131852.89401912727,726,1,217.45945945945945,33,4,22,35.953685858829196,0.6205808080808081,45.64950980392157,1017.4019607843139,30.830362448009513,0
2139,4,1,2,36,0.02631578947368421,0.05263157894736842,0.9473684210526316,38,900,600,300,0.6666666666666666,12,6,6,371.7230987727417,0.4502874585111427,0.1344086021505373,0.20869178694879117,129685.9693877551,2041.4540816326476,131727.42346938775,727,0,212.71052631578948,34,4,17,35.8914796633941,0.6213235294117647,45.357142857142854,1018.5714285714286,29.95798319327731,0
2140,4,0,0,36,0.0,0.0,1.0,36,800,600,200,0.75,10,6,4,391.02985901075743,0.4444940476190476,0.1419714774357277,0.21755086631151005,129329.7877767576,2914.3617360473545,132244.14951280496,728,1,225.41666666666666,32,4,21,35.76345787818601,0.6223958333333333,45.70707070707071,1017.1717171717182,31.786616161616195,0
2141,4,0,1,35,0.0,0.027777777777777776,0.9722222222222222,36,1500,1100,400,0.7333333333333333,19,11,8,391.80524296992377,0.44386574074074076,0.1412427111753063,0.21934757133383595,129575.43372741247,2953.666858900415,132529.10058631288,729,2,226.41666666666666,33,3,18,35.492898411169946,0.6224747474747474,45.4656862745098,1018.1372549019603,30.85264408793819,0
2142,4,1,0,36,0.027777777777777776,0.0,1.0,36,1050,900,150,0.8571428571428571,12,9,3,390.8744947767832,0.44699074074074074,0.136922148226039,0.21995363581817776,129776.9292091835,2945.2983276643768,132722.22753684787,730,0,217.41666666666666,34,2,19,35.31102737858784,0.6222426470588236,45.26785714285713,1018.92857142857,29.96848739495794,0
2143,4,0,0,36,0.0,0.0,1.0,36,1100,700,400,0.6363636363636364,15,7,8,392.7299307825145,0.4467096560846561,0.14303463220314794,0.22168400773175134,129898.25857426283,3002.9868197278647,132901.24539399068,731,1,218.41666666666666,34,2,20,35.14004048425396,0.623468137254902,45.14880952380951,1019.4047619047602,29.98249299719883,0
2144,4,0,0,36,0.0,0.0,1.0,36,1000,700,300,0.7,13,7,6,393.2521917562869,0.44659391534391535,0.1469458716072447,0.22215117217683644,129928.59977324256,3018.941326530601,132947.54109977317,732,2,219.41666666666666,34,2,20,35.09579830297368,0.6237745098039216,45.11904761904761,1019.523809523809,29.985994397759086,0
2145,4,0,0,36,0.0,0.0,1.0,36,1550,1300,250,0.8387096774193549,18,13,5,396.24183006535975,0.446577380952381,0.15078068264342837,0.22453703703703695,130049.99999999987,3106.2499999999864,133156.24999999985,733,3,220.41666666666666,34,2,20,34.895833333333336,0.625,44.99999999999999,1019.999999999999,29.99999999999997,0
2146,4,0,0,36,0.0,0.0,1.0,36,1250,1000,250,0.8,15,10,5,391.7389180722398,0.4467757936507937,0.1314409484724124,0.21530913466977974,128848.62075617275,2960.45524691357,131809.07600308632,734,4,221.41666666666666,32,4,17,36.23746010031918,0.6175130208333333,46.18055555555555,1015.277777777777,31.727430555555532,8
2147,4,0,1,35,0.0,0.027777777777777776,0.9722222222222222,36,950,800,150,0.8421052631578947,11,8,3,387.83227193524937,0.4458829365079365,0.12969753470064216,0.2138526818176202,128976.8442792826,2804.2765087745975,131781.1207880572,735,5,222.41666666666666,32,4,17,36.20545887714937,0.6188151041666667,46.05429292929292,1015.7828282828273,31.743213383838352,0
2148,4,1,0,36,0.027777777777777776,0.0,1.0,36,1100,900,200,0.8181818181818182,13,9,4,383.61213844080646,0.4478505291005291,0.12207152903355456,0.21256263783343252,129170.24289035448,2710.2546196174326,131880.4975099719,736,0,220.52777777777777,33,3,18,36.11500401848503,0.6183712121212122,45.86397058823528,1016.5441176470572,30.804367201425976,0
2149,4,1,2,35,0.02702702702702703,0.05405405405405406,0.9459459459459459,37,1000,700,300,0.7,13,7,6,376.39701534262656,0.4490740740740741,0.12636468919569555,0.2107214557592005,129575.43372741222,2354.3650579103814,131929.7987853226,737,0,215.54054054054055,33,4,15,35.88509067565399,0.6224747474747474,45.465686274509785,1018.1372549019583,30.85264408793813,0
2150,4,0,0,35,0.0,0.0,1.0,35,850,700,150,0.8235294117647058,10,7,3,388.9712760509595,0.44733893557422966,0.13910563457530456,0.2167918367376743,129400.03289116737,3066.5791829426844,132466.61207411005,738,1,228.2,31,4,19,35.74407047180274,0.6256720430107527,45.63802083333332,1017.4479166666653,32.820900537634365,0
2151,4,0,0,35,0.0,0.0,1.0,35,1050,700,350,0.6666666666666666,14,7,7,390.6501754695066,0.4463585434173669,0.14366490615691108,0.21827822885240386,129499.41211276567,3117.793613009958,132617.20572577562,739,2,229.2,31,4,16,35.59989446079058,0.6266801075268817,45.54036458333332,1017.8385416666653,32.833501344085974,0
2152,4,1,0,36,0.027777777777777776,0.0,1.0,36,450,100,350,0.2222222222222222,8,1,7,380.61887896449196,0.44766865079365076,0.1415596305015212,0.2143736896107754,129811.85154894892,2681.7682825731836,132493.6198315221,740,0,223.80555555555554,32,4,17,35.536695163755,0.6272786458333333,45.23358585858585,1019.0656565656552,31.845801767676726,0
2153,4,0,0,36,0.0,0.0,1.0,36,800,600,200,0.75,10,6,4,378.0787383133369,0.44773478835978836,0.14374045171146643,0.21329347689752387,129876.19447314038,2620.6855486684904,132496.88002180887,741,1,224.80555555555554,32,4,18,35.53589124241298,0.6279296875,45.17045454545454,1019.3181818181808,31.85369318181815,0
2154,4,1,1,36,0.02702702702702703,0.02702702702702703,0.972972972972973,37,1000,700,300,0.7,13,7,6,371.16561291108894,0.44957457457457456,0.13973474232426808,0.2111481618770244,130201.83000283418,2265.288407029444,132467.11840986361,742,0,219.7027027027027,34,3,19,35.38094404914654,0.626531862745098,44.85119047619046,1020.5952380952357,30.01750700280105,0
2155,4,0,0,36,0.0,0.0,1.0,36,1200,700,500,0.5833333333333334,17,7,10,376.4992126341439,0.44935515873015874,0.1313263864587788,0.2141823324427679,130201.83000283435,2604.177295918347,132806.0072987527,743,1,223.80555555555554,34,2,20,35.24485788716512,0.626531862745098,44.85119047619047,1020.5952380952372,30.017507002801093,0
2156,4,0,0,36,0.0,0.0,1.0,36,750,400,350,0.5333333333333333,11,4,7,375.9261771270351,0.44885912698412694,0.13091257807842904,0.21402330960738333,130232.20663265273,2591.5391156462238,132823.74574829894,744,2,224.80555555555554,34,2,20,35.2285980872405,0.6268382352941176,44.821428571428555,1020.714285714283,30.021008403361265,0
2157,4,0,1,35,0.0,0.027777777777777776,0.9722222222222222,36,1050,700,350,0.6666666666666666,14,7,7,376.42589527071635,0.44846230158730155,0.13068743818001982,0.2150093672986974,130359.27456382012,2614.128413073229,132973.40297689335,745,3,225.80555555555554,32,4,20,35.08670252225518,0.6328125,44.6969696969697,1021.2121212121219,31.91287878787881,0
2158,4,0,0,35,0.0,0.0,1.0,35,1500,1200,300,0.8,18,12,6,393.13468750635946,0.44866946778711486,0.11429992539169431,0.21625096832600102,128880.67065860584,3140.6664498520063,132021.33710845784,746,4,228.68571428571428,32,3,20,36.16922614606649,0.6178385416666667,46.148989898989875,1015.404040404037,31.731376262626156,8
2159,4,0,0,35,0.0,0.0,1.0,35,1000,700,300,0.7,13,7,6,397.2599387971069,0.4489495798319328,0.11841909023117103,0.21922863289173655,129008.91012396675,3250.014348025683,132258.92447199245,747,5,229.68571428571428,32,3,20,35.933227690778025,0.619140625,46.02272727272726,1015.9090909090893,31.74715909090904,0
2160,4,0,0,35,0.0,0.0,1.0,35,800,600,200,0.75,10,6,4,400.82460280190253,0.4491946778711485,0.11536455098745524,0.22209489863441964,129169.29913082845,3354.84660366289,132524.14573449135,748,6,230.68571428571428,32,3,20,35.67853889785948,0.6207682291666667,45.86489898989899,1016.5404040404038,31.76688762626262,0
2161,4,0,0,35,0.0,0.0,1.0,35,1100,800,300,0.7272727272727273,14,8,6,401.62627112256007,0.44901960784313727,0.11471002432467037,0.22328133834436437,129300.69181654202,3386.1149271317277,132686.80674367375,749,7,231.68571428571428,31,4,22,35.523753894081004,0.6246639784946236,45.73567708333334,1017.0572916666678,32.80829973118283,0
2162,4,0,1,34,0.0,0.02857142857142857,0.9714285714285714,35,1150,700,450,0.6086956521739131,16,7,9,402.9175752808146,0.4476190476190476,0.080306270262813,0.22133747968343942,128827.88470780462,3418.0630277276446,132245.94773553227,750,8,232.68571428571428,33,2,20,35.97497183325284,0.6148989898989898,46.20098039215686,1015.196078431372,30.763517528223396,8
2163,4,0,0,34,0.0,0.0,1.0,34,1300,900,400,0.6923076923076923,17,9,8,411.9936486146071,0.44492721330956625,0.09411618415085532,0.2266246868781577,128880.67065860609,3819.603548107317,132700.2742067134,751,9,239.38235294117646,32,2,20,35.690489513388044,0.6178385416666667,46.14898989898989,1015.404040404039,31.73137626262622,0
2164,4,2,2,34,0.05555555555555555,0.05555555555555555,0.9444444444444444,36,900,700,200,0.7777777777777778,11,7,4,390.48208166544504,0.45051256613756613,0.12551403833773445,0.20346931390293746,126702.18431122477,2702.3558417092295,129404.540152934,752,0,227.02777777777777,34,2,18,38.475276890938474,0.5909926470588236,48.303571428571445,1006.7857142857166,29.611344537815196,8
2165,4,2,0,36,0.05555555555555555,0.0,1.0,36,1150,800,350,0.6956521739130435,15,8,7,378.37708997127737,0.4521494708994709,0.13867862012718035,0.20006487856031385,127296.33012099224,2433.202991040844,129729.53311203308,753,0,222.16666666666666,35,1,21,38.168200672860046,0.5949404761904762,47.71412037037039,1009.1435185185209,28.832671957672023,0
2166,4,0,1,35,0.0,0.027777777777777776,0.9722222222222222,36,1400,900,500,0.6428571428571429,19,9,10,383.7371175377914,0.4512731481481482,0.13827782869946037,0.20422302206523446,127559.26354595345,2589.844821673537,130149.10836762699,754,1,223.16666666666666,35,1,16,37.762564925145135,0.5976190476190476,47.45370370370371,1010.1851851851859,28.862433862433882,0
2167,4,2,0,37,0.05405405405405406,0.0,1.0,37,1050,900,150,0.8571428571428571,12,9,3,384.11627833383216,0.4530155155155155,0.16925792184441613,0.20712784798697179,128087.52745566521,2440.1008694505417,130527.62832511576,755,0,218.05405405405406,36,1,19,37.21052582786368,0.6009837962962963,46.93130630630631,1012.2747747747756,28.118743743743764,0
2168,4,0,1,36,0.0,0.02702702702702703,0.972972972972973,37,900,500,400,0.5555555555555556,13,5,8,381.98012838228914,0.4529216716716717,0.1663881139545378,0.20642458526173768,128174.66695011337,2392.060510593328,130566.7274607067,756,1,219.05405405405406,34,3,19,37.175229249941225,0.6060049019607843,46.845238095238095,1012.6190476190476,29.782913165266105,0
2169,4,2,0,38,0.05263157894736842,0.0,1.0,38,1350,1200,150,0.8888888888888888,15,12,3,369.9558912420632,0.45326576576576577,0.17873857009143945,0.20333665902101344,128848.62075617272,1933.661265432087,130782.28202160481,757,0,213.1315789473684,35,3,17,36.790355677154594,0.6107142857142858,46.18055555555555,1015.2777777777768,29.00793650793648,0
2170,4,0,1,37,0.0,0.02631578947368421,0.9736842105263158,38,1150,800,350,0.6956521739130435,15,8,7,374.9069473983948,0.45248044096728307,0.1923897986963532,0.20682327324423072,128995.54887099192,2072.2654910408014,131067.81436203272,758,1,214.1315789473684,35,3,17,36.51458831795222,0.6122023809523809,46.035879629629626,1015.8564814814812,29.02447089947089,0
2171,4,2,0,39,0.05128205128205128,0.0,1.0,39,1300,900,400,0.6923076923076923,17,9,8,367.1589885660584,0.4537505623031939,0.18715679600635382,0.20539091934635947,129545.08562616672,1712.7285224413633,131257.81414860807,759,0,207.94871794871796,36,3,16,36.15113384955753,0.6157407407407407,45.4954954954955,1018.0180180180182,28.278278278278282,0
2172,4,0,0,39,0.0,0.0,1.0,39,1100,800,300,0.7272727272727273,14,8,6,367.2600696535744,0.4531601439496176,0.18597610239401297,0.20619908938650436,129688.4273420382,1725.8761717799102,131414.3035138181,760,1,208.94871794871796,36,3,16,36.00262576008845,0.6171875,45.35472972972974,1018.5810810810827,28.293918918918965,0
2173,4,3,1,41,0.07142857142857142,0.023809523809523808,0.9761904761904762,42,850,500,350,0.5882352941176471,12,5,7,353.59673082643695,0.45447396438250093,0.20922638211756106,0.2026331081082866,130486.54994806102,830.4598157948816,131317.0097638559,761,0,194.95238095238096,37,5,19,35.5405308721471,0.6233108108108107,44.57236842105264,1021.71052631579,27.613798008534864,0
2174,4,0,1,40,0.0,0.024390243902439025,0.975609756097561,41,1000,700,300,0.7,13,7,6,363.45808195413287,0.4537347560975609,0.20998362150343297,0.2077001477783261,130377.57087746548,1277.3563681925366,131654.927245658,762,1,200.609756097561,36,5,19,35.39920792443121,0.6241319444444444,44.67905405405406,1021.2837837837852,28.368993993994035,0
2175,4,0,1,39,0.0,0.025,0.975,40,1500,1200,300,0.8,18,12,6,368.5532508643499,0.45227029914529915,0.20742333995146645,0.21014489134189956,130291.32806793311,1603.858503774079,131895.1865717072,763,2,206.4,36,4,20,35.35668983013456,0.6232638888888888,44.76351351351353,1020.9459459459486,28.35960960960968,0
2176,4,0,0,39,0.0,0.0,1.0,39,1150,800,350,0.6956521739130435,15,8,7,380.94567994596883,0.4517825011246064,0.2105226444378565,0.21738051671949132,130321.66950660154,2129.0954003772326,132450.76490697876,764,3,211.17948717948718,35,4,20,35.00954054258293,0.6255952380952381,44.7337962962963,1021.0648148148151,29.17328042328043,0
2177,4,0,0,39,0.0,0.0,1.0,39,650,400,250,0.6153846153846154,9,4,5,380.17966331006926,0.4513888888888889,0.2096380500732271,0.21727366250311209,130380.7656035665,2113.6231138545927,132494.3887174211,765,4,212.17948717948718,35,4,20,34.96902387428226,0.6261904761904762,44.675925925925924,1021.2962962962961,29.179894179894173,0
2178,4,0,1,38,0.0,0.02564102564102564,0.9743589743589743,39,750,500,250,0.6666666666666666,10,5,5,379.30293164553126,0.4508265856950067,0.20886345977255116,0.2177213222443514,130550.14209733384,2103.610324851884,132653.75242218573,766,5,213.17948717948718,36,3,15,34.81932966023876,0.6258680555555556,44.51013513513514,1021.9594594594596,28.387762762762765,0
2179,4,0,1,37,0.0,0.02631578947368421,0.9736842105263158,38,600,500,100,0.8333333333333334,7,5,2,389.9056591029769,0.4494873162636321,0.21516712269971539,0.2236827202222341,130528.56445312501,2578.7651909722226,133107.32964409725,767,6,219.02631578947367,35,3,15,34.57037886510364,0.6276785714285714,44.53125,1021.8750000000001,29.196428571428573,0
2180,4,0,0,37,0.0,0.0,1.0,37,1000,800,200,0.8,12,8,4,396.27025508110347,0.4493556056056056,0.20737833743310952,0.2268442334123382,130444.94224773248,2938.290107709757,133383.23235544225,768,7,215.0810810810811,34,3,22,34.49287184865789,0.6289828431372548,44.61309523809524,1021.5476190476195,30.045518207282925,0
2181,4,0,0,37,0.0,0.0,1.0,37,1300,700,600,0.5384615384615384,19,7,12,398.88335493144825,0.4486986986986987,0.20769826430203797,0.22923778349674812,130597.00255102055,3018.5941043084063,133615.59665532896,769,8,216.0810810810811,34,3,16,34.271391412376744,0.6305147058823529,44.46428571428572,1022.1428571428582,30.063025210084067,0
2182,4,0,0,37,0.0,0.0,1.0,37,1000,700,300,0.7,13,7,6,399.4011407286076,0.4483546046046046,0.2075816647943789,0.23007755853239525,130688.2812500001,3039.4097222222376,133727.69097222234,770,9,217.0810810810811,34,3,16,34.165308340124966,0.6314338235294117,44.37500000000001,1022.5000000000008,30.073529411764728,0
2183,4,0,4,33,0.0,0.10810810810810811,0.8918918918918919,37,1050,700,350,0.6666666666666666,14,7,7,394.42373297305363,0.44794794794794796,0.19854627116351797,0.22792758153580703,130810.03578514747,2918.916524943323,133728.9523100908,771,10,218.0810810810811,34,3,16,34.16880018619808,0.6326593137254901,44.25595238095239,1022.976190476191,30.08753501400562,0
2184,4,1,0,34,0.029411764705882353,0.0,1.0,34,500,200,300,0.4,8,2,6,420.3984094763517,0.4421977124183007,0.2050382745874202,0.23933103818357943,130230.36552392616,4149.727706356498,134380.09323028265,772,0,237.0,32,2,20,34.095641596569344,0.6315104166666667,44.823232323232325,1020.707070707071,31.89709595959597,0
2185,4,0,0,34,0.0,0.0,1.0,34,800,500,300,0.625,11,5,6,424.7032640949555,0.44156639928698754,0.20865334264269508,0.24258474576271186,130359.27456382,4272.80188246097,134632.07644628096,773,1,238.0,32,2,20,33.854166666666664,0.6328125,44.696969696969695,1021.212121212121,31.912878787878782,0
2186,4,0,0,34,0.0,0.0,1.0,34,600,400,200,0.6666666666666666,8,4,4,425.2528364557718,0.4413807189542484,0.21093642055660156,0.24310036707355057,130391.51178770038,4289.87204749517,134681.38383519556,774,2,239.0,32,2,20,33.80722792269337,0.6331380208333333,44.66540404040405,1021.338383838385,31.91682449494953,0
2187,4,0,0,34,0.0,0.0,1.0,34,700,500,200,0.7142857142857143,9,5,4,426.0448540461557,0.4411764705882353,0.2151182891292538,0.24411930915345698,130481.60750973185,4318.203485438295,134799.81099517015,775,3,240.0,33,1,20,33.69504917836152,0.6316287878787878,44.57720588235294,1021.6911764705883,30.960338680926917,0
2188,4,0,0,34,0.0,0.0,1.0,34,1050,700,350,0.6666666666666666,14,7,7,427.10464721747775,0.4408608140225787,0.21379602200592496,0.24532043786458432,130575.52984429065,4353.8831218762,134929.41296616686,776,4,241.0,33,1,19,33.57214228617107,0.6325757575757576,44.48529411764706,1022.0588235294117,30.971479500891263,0
2189,4,0,1,33,0.0,0.029411764705882353,0.9705882352941176,34,750,300,450,0.4,12,3,9,426.07935456502986,0.440136660724896,0.2134335935021261,0.2453264358271941,130669.4859699394,4335.114048683194,135004.6000186226,777,5,242.0,33,1,19,33.502512085980264,0.6335227272727273,44.393382352941174,1022.4264705882349,30.982620320855602,0
2190,4,0,0,33,0.0,0.0,1.0,33,600,300,300,0.5,9,3,6,402.1453334194646,0.4376972853535353,0.14375414375414364,0.2160905422316211,127946.85363769543,3703.65934742273,131650.51298511817,778,6,248.27272727272728,31,2,21,36.89886314886314,0.6108870967741935,47.07031250000001,1011.7187500000009,32.63608870967745,8
2191,4,1,0,34,0.029411764705882353,0.0,1.0,34,400,300,100,0.75,5,3,2,397.0437136071017,0.4377970885323827,0.16421415956441154,0.2157799518702916,128400.34060618824,3396.1096125395507,131796.45021872778,779,0,241.94117647058823,32,2,18,36.56227939039078,0.6129557291666667,46.622474747474755,1013.5101010101018,31.672190656565682,0
2192,4,0,0,34,0.0,0.0,1.0,34,1150,900,250,0.782608695652174,14,9,5,397.9358228560706,0.4375,0.16631748589846884,0.21678593334696383,128496.33487654322,3426.6589506172854,131922.9938271605,780,1,242.94117647058823,32,2,18,36.44121004566208,0.6139322916666667,46.52777777777778,1013.8888888888889,31.68402777777778,0
2193,4,0,1,33,0.0,0.029411764705882353,0.9705882352941176,34,1400,1000,400,0.7142857142857143,18,10,8,396.74846075305766,0.4372957516339869,0.16347315915533178,0.2163127554859341,128528.34093778713,3398.684286042262,131927.02522382938,781,2,243.94117647058823,32,2,18,36.43848835761424,0.6142578125,46.49621212121213,1014.0151515151529,31.687973484848527,0
2194,4,3,1,35,0.08333333333333333,0.027777777777777776,0.9722222222222222,36,950,800,150,0.8421052631578947,11,8,3,372.251340659485,0.4434193121693122,0.1672143974960878,0.20677688268496278,129267.58660210499,2429.2793827389623,131696.86598484396,782,0,230.05555555555554,31,5,21,36.30441741357235,0.6243279569892473,45.768229166666664,1016.9270833333329,32.80409946236558,0
2195,4,0,0,35,0.0,0.0,1.0,35,450,300,150,0.6666666666666666,6,3,3,381.46951280667616,0.44236694677871147,0.17381296947143565,0.21087634667953048,129076.82742214529,2847.7748942714297,131924.6023164167,783,1,237.34285714285716,33,2,21,36.264873773918644,0.6174242424242424,45.955882352941174,1016.1764705882349,30.793226381461665,0
2196,4,1,0,36,0.027777777777777776,0.0,1.0,36,800,500,300,0.625,11,5,6,371.72643150002665,0.44241071428571427,0.17967983970669743,0.2080550442304015,129565.68611992737,2432.778248389115,131998.4643683165,784,0,231.72222222222223,31,5,20,36.01390309928805,0.6273521505376345,45.47526041666667,1018.0989583333339,32.84190188172045,0
2197,4,0,0,36,0.0,0.0,1.0,36,1300,1000,300,0.7692307692307693,16,10,6,371.5244994240548,0.4422784391534391,0.17717243089128587,0.20856563234891087,129683.21352731861,2436.098197887971,132119.3117252066,785,1,232.72222222222223,32,4,21,35.89934300235528,0.6259765625,45.359848484848484,1018.5606060606059,31.830018939393934,0
2198,4,0,1,35,0.0,0.027777777777777776,0.9722222222222222,36,800,300,500,0.375,13,3,10,372.92879614865234,0.44169973544973545,0.18142113740552634,0.21004245036397567,129811.85154894902,2482.1155047954207,132293.96705374445,786,2,233.72222222222223,32,4,21,35.7326126460992,0.6272786458333333,45.233585858585855,1019.065656565656,31.84580176767675,0
2199,4,0,0,35,0.0,0.0,1.0,35,1000,700,300,0.7,13,7,6,381.3268933062973,0.4388655462184874,0.1836489472434757,0.21415077432413238,129698.28499688051,2891.4888170030426,132589.77381388354,787,3,241.28571428571428,31,4,21,35.63437406791936,0.6286962365591398,45.345052083333336,1018.6197916666673,32.85870295698927,0
2200,4,0,0,35,0.0,0.0,1.0,35,1150,900,250,0.782608695652174,14,9,5,381.70900560444323,0.438515406162465,0.1815108872218878,0.21509261244535477,129830.95169067381,2911.52869330512,132742.48038397892,788,4,242.28571428571428,31,4,21,35.48946488650398,0.6300403225806452,45.21484375,1019.1406249999999,32.875504032258064,0
2201,4,1,0,36,0.027777777777777776,0.0,1.0,36,550,200,350,0.36363636363636365,9,2,7,372.33120377356704,0.4397486772486772,0.1879010418751088,0.21197174273616146,130231.31315179265,2497.836318963871,132729.14947075653,789,0,236.52777777777777,33,3,22,35.321242045863855,0.6291035353535354,44.82230392156863,1020.710784313726,30.930629827688666,0
2202,4,0,0,36,0.0,0.0,1.0,36,950,600,350,0.631578947368421,13,6,7,372.85643273887615,0.4396164021164021,0.18975928444829115,0.21279392883269532,130327.04132550256,2518.6588981733535,132845.70022367593,790,1,237.52777777777777,32,4,22,35.21057458472445,0.6324869791666667,44.72853535353536,1021.0858585858591,31.908933080808097,0
2203,4,0,0,36,0.0,0.0,1.0,36,1450,1200,250,0.8275862068965517,17,12,5,375.2817023410219,0.4395667989417989,0.18304086340418557,0.21506937219146952,130488.24737271709,2593.970321905932,133082.21769462302,791,2,238.52777777777777,32,4,17,34.98491308288021,0.6341145833333333,44.57070707070707,1021.7171717171718,31.92866161616162,0
2204,4,0,0,36,0.0,0.0,1.0,36,1300,900,400,0.6923076923076923,17,9,8,407.62756354891707,0.439864417989418,0.16678097850937368,0.22011888431641521,128144.53124999999,3312.0172686460564,131456.54851864604,792,3,239.52777777777777,31,5,18,36.55692729766804,0.6129032258064516,46.875,1012.4999999999999,32.66129032258064,8
2205,4,0,0,36,0.0,0.0,1.0,36,1000,600,400,0.6,14,6,8,411.6855343843193,0.44012896825396824,0.1760401496330566,0.22341261008220165,128342.3614501953,3367.3387315538184,131709.70018174913,793,4,240.52777777777777,31,5,19,36.25085667780348,0.6149193548387097,46.6796875,1013.2812499999999,32.686491935483865,0
2206,4,1,0,37,0.02702702702702703,0.0,1.0,37,1150,800,350,0.6956521739130435,15,8,7,404.4165462124476,0.4421296296296296,0.17848797920946202,0.22191840375439337,128784.53290799394,3016.5192008468307,131801.05210884078,794,0,235.0,32,5,18,35.98136169506986,0.6168619791666667,46.24368686868686,1015.0252525252514,31.719539141414106,0
2207,4,0,0,37,0.0,0.0,1.0,37,1100,800,300,0.7272727272727273,14,8,6,403.6343744413185,0.44206706706706705,0.177012915451503,0.22238595260314847,128944.78242016125,3009.309317926747,131954.091738088,795,1,236.0,32,5,18,35.837011022708445,0.6184895833333333,46.08585858585859,1015.656565656566,31.73926767676769,0
2208,4,0,1,36,0.0,0.02702702702702703,0.972972972972973,37,1000,700,300,0.7,13,7,6,402.9725697058552,0.44219219219219225,0.18313354985406716,0.22256144601393363,129040.97995421366,2999.995057902233,132040.9750121159,796,2,237.0,32,5,18,35.755302183008155,0.6194661458333333,45.991161616161605,1016.035353535352,31.75110479797975,0
2209,4,2,0,38,0.05263157894736842,0.0,1.0,38,1100,800,300,0.7272727272727273,14,8,6,401.33714353255823,0.44692389758179235,0.2159564537123475,0.21449300207754735,127729.38507550249,2652.7085884093485,130382.09366391184,797,0,231.3421052631579,32,6,20,37.142976101257396,0.6061197916666667,47.285353535353536,1010.8585858585857,31.589330808080803,8
2210,4,0,0,38,0.0,0.0,1.0,38,1250,900,350,0.72,16,9,7,395.5418234795138,0.4468942626837364,0.17825918387128037,0.19560948101036055,124540.86356509506,2260.6575051184986,126801.52107021355,798,1,232.3421052631579,33,5,18,40.589190710047056,0.5710227272727273,50.459558823529406,998.1617647058815,30.24732620320853,8
2211,4,5,1,42,0.11627906976744186,0.023255813953488372,0.9767441860465116,43,1150,800,350,0.6956521739130435,15,8,7,353.73130659088577,0.45332687338501293,0.1932061608468425,0.1808839435252188,125930.78033692473,310.8214482163073,126241.60178514103,799,0,206.2093023255814,36,7,20,40.19479973073041,0.5789930555555556,49.070945945945944,1003.7162162162159,27.881006006005997,0
2212,4,1,0,43,0.023255813953488372,0.0,1.0,43,1550,1300,250,0.8387096774193549,18,13,5,352.21498821364105,0.45371908453303805,0.19435357802485909,0.18100979676408857,126136.14843149258,285.5605858286732,126421.70901732125,800,0,207.1860465116279,33,10,22,40.02112053190192,0.5874368686868687,48.866421568627445,1004.5343137254893,30.44043374925725,0
2213,4,1,1,43,0.022727272727272728,0.022727272727272728,0.9772727272727273,44,1550,1200,350,0.7741935483870968,19,12,7,344.5735378470867,0.4539618569415081,0.2057877640579957,0.17889038955058822,126552.40929705212,-78.67772108844255,126473.73157596367,801,0,203.45454545454547,34,10,18,39.78471564915601,0.5894607843137255,48.45238095238095,1006.1904761904759,29.593837535013996,0
2214,4,1,0,44,0.022727272727272728,0.0,1.0,44,1650,1100,550,0.6666666666666666,22,11,11,353.657174446931,0.45268454897815363,0.26151226894389756,0.17809921180231678,125297.79620181405,72.44543650793025,125370.24163832198,802,0,204.4090909090909,34,10,19,40.85042608006341,0.576593137254902,49.70238095238095,1001.1904761904761,29.446778711484594,8
2215,4,2,1,45,0.043478260869565216,0.021739130434782608,0.9782608695652174,46,1200,800,400,0.6666666666666666,16,8,8,341.4197413956375,0.45544484702093396,0.2679956702146855,0.1750684205879755,126043.83680555533,-591.0147392290512,125452.82206632628,803,0,196.47826086956522,35,11,22,40.38727524204702,0.5821428571428571,48.95833333333332,1004.1666666666648,28.690476190476137,0
2216,4,6,5,46,0.11764705882352941,0.09803921568627451,0.9019607843137255,51,1200,800,400,0.6666666666666666,16,8,8,308.1582262534644,0.4623202614379085,0.2677124183006543,0.163417241195019,127415.40310650885,-2338.4985207100567,125076.9045857988,804,0,178.05882352941177,38,13,12,39.81812169312171,0.5904605263157895,47.59615384615385,1009.6153846153844,26.568825910931167,0
2217,4,3,1,48,0.061224489795918366,0.02040816326530612,0.9795918367346939,49,1400,800,600,0.5714285714285714,20,8,12,330.30404136105886,0.4619295634920635,0.2821278125340785,0.16774133879371111,125645.67291036749,-1487.3151469935215,124158.35776337396,805,0,185.9591836734694,41,8,15,41.07625832838578,0.5675813008130082,49.35515873015871,1002.5793650793621,24.4531552458381,8
2218,4,0,0,48,0.0,0.0,1.0,48,1400,900,500,0.6428571428571429,19,9,10,338.53689768663304,0.4608359190307329,0.2949499172325267,0.1720939499986607,125686.91673483026,-1090.0682257584942,124596.84850907176,806,1,190.79166666666666,40,8,15,40.827379142596534,0.56953125,49.314024390243894,1002.7439024390228,25.06859756097557,0
2219,4,4,1,51,0.07692307692307693,0.019230769230769232,0.9807692307692307,52,1150,800,350,0.6956521739130435,15,8,7,319.0562049025171,0.4652856334841629,0.3211528512873578,0.1662360226621469,126698.43885633671,-2312.685063725403,124385.7537926113,807,0,177.03846153846155,39,13,17,40.27687963441975,0.5814636752136753,48.307291666666664,1006.7708333333326,25.81463675213673,0
2220,4,3,1,53,0.05555555555555555,0.018518518518518517,0.9814814814814815,54,1650,900,750,0.5454545454545454,24,9,15,306.4452643011653,0.46760715117633356,0.3173638194285122,0.16191453419257973,127267.13204089529,-2999.9180169752917,124267.21402392,808,0,171.33333333333334,41,13,20,40.01276095434733,0.5840955284552846,47.743055555555564,1009.0277777777796,24.610433604336087,0
2221,4,3,4,52,0.05357142857142857,0.07142857142857142,0.9285714285714286,56,1600,1000,600,0.625,22,10,12,300.0843068770319,0.46832386363636364,0.33016508662961663,0.1611017716280874,127910.26341735276,-3523.227451989009,124387.03596536376,809,0,166.08928571428572,44,12,18,39.51754385964911,0.5864109848484849,47.10648148148149,1011.574074074076,22.990319865319908,0
2222,4,0,0,52,0.0,0.0,1.0,52,1550,1200,350,0.7741935483870968,19,12,7,320.0272189038752,0.4655527275012569,0.321734989391522,0.16964516502620625,127399.61848932553,-2245.730881089257,125153.88760823627,810,1,179.51923076923077,40,12,18,39.53467888061206,0.5869791666666666,47.6117886178862,1009.5528455284584,25.23882113821146,0
2223,4,1,1,52,0.018867924528301886,0.018867924528301886,0.9811320754716981,53,1350,700,650,0.5185185185185185,20,7,13,312.60361736457037,0.466285679729076,0.31568771251416705,0.1669185353097614,127692.9209183675,-2616.5462018140493,125076.37471655344,811,0,177.11320754716982,41,12,19,39.42260502552021,0.5884146341463414,47.32142857142858,1010.7142857142869,24.6515679442509,0
2224,4,3,0,55,0.05454545454545454,0.0,1.0,55,2000,1600,400,0.8,24,16,8,305.9653571559484,0.46701739618406285,0.3395968495527961,0.16615822027368526,128370.63536352075,-3143.0121527777483,125227.623210743,812,0,171.54545454545453,41,14,18,38.90020802741067,0.5952743902439024,46.65178571428573,1013.3928571428598,24.716898954703897,0
2225,4,2,2,55,0.03508771929824561,0.03508771929824561,0.9649122807017544,57,1500,1300,200,0.8666666666666667,17,13,4,293.4814124031529,0.46886748120300753,0.3416683847279074,0.16136962583521086,128864.64520919448,-3836.1243830348644,125028.52082615961,813,0,166.49122807017545,43,14,21,38.715180625505205,0.5973837209302326,46.16477272727274,1015.3409090909113,23.612579281183983,0
2226,4,0,1,54,0.0,0.01818181818181818,0.9818181818181818,55,1400,900,500,0.6428571428571429,19,9,10,303.4423638167882,0.4669753086419753,0.3383696605123132,0.16629784805092743,128733.87008180104,-3187.3380318189916,125546.53204998205,814,1,173.1818181818182,42,13,21,38.59507781915403,0.5974702380952381,46.293604651162795,1014.8255813953494,24.162513842746414,0
2227,4,1,0,55,0.01818181818181818,0.0,1.0,55,1400,1000,400,0.7142857142857143,18,10,8,304.65537181884565,0.46705948372615036,0.346451459767386,0.1677168484284038,128912.72454660255,-3145.209194214862,125767.51535238768,815,0,174.1090909090909,43,12,22,38.38275519084918,0.5978682170542635,46.11742424242425,1015.5303030303044,23.616983791402426,0
2228,4,2,1,56,0.03508771929824561,0.017543859649122806,0.9824561403508771,57,2250,1900,350,0.8444444444444444,26,19,7,335.7917127017358,0.46638732247284875,0.410985269079873,0.1790202443790237,127629.96890210934,-2798.1650155495536,124831.80388655978,816,0,168.96491228070175,42,15,17,38.901075629714875,0.5863095238095238,47.38372093023256,1010.4651162790705,24.05869324473977,8
2229,4,1,2,55,0.017543859649122806,0.03508771929824561,0.9649122807017544,57,1200,700,500,0.5833333333333334,17,7,10,338.68173249980407,0.46650480367585634,0.41788881940381795,0.18144160987515184,127825.87059070982,-2741.54253800852,125084.3280527013,817,0,169.78947368421052,42,15,20,38.627706975852824,0.5882936507936508,47.18992248062016,1011.2403100775205,24.077150239940963,0
2230,4,0,1,54,0.0,0.01818181818181818,0.9818181818181818,55,2200,1600,600,0.7272727272727273,28,16,12,344.66991915589426,0.4655162738496072,0.3960788158023718,0.18553972798465884,128019.00397022266,-2175.140050233028,125843.86391998964,818,1,168.21818181818182,41,14,20,38.278824788419435,0.5917174796747968,46.99900793650795,1012.0039682539708,24.683023615950507,0
2231,4,0,0,54,0.0,0.0,1.0,54,1650,1300,350,0.7878787878787878,20,13,7,349.9772181093847,0.46396750524109015,0.3976684515841138,0.1886240850849286,128067.37061273085,-1835.8675804745485,126231.50303225631,819,2,172.24074074074073,40,14,20,38.09508868808566,0.59375,46.95121951219514,1012.1951219512223,25.30487804878056,0
2232,4,2,0,56,0.03571428571428571,0.0,1.0,56,1700,1000,700,0.5882352941176471,24,10,14,336.43026484282615,0.4641166125541125,0.3997222460842422,0.1834372230929904,128530.68300118991,-2551.631180183741,125979.05182100617,820,0,167.05357142857142,40,16,20,37.96519008485335,0.5984375,46.493902439024396,1014.0243902439037,25.35060975609759,0
2233,4,0,1,55,0.0,0.017857142857142856,0.9821428571428571,56,1150,800,350,0.6956521739130435,15,8,7,385.78821237211696,0.4641774891774892,0.4505130274383202,0.1975399618722402,125985.73200660179,-1431.1308207873926,124554.60118581439,821,1,168.05357142857142,35,21,15,39.3335446929521,0.581547619047619,49.01620370370372,1003.9351851851875,28.6838624338625,8
2234,4,2,2,55,0.03508771929824561,0.03508771929824561,0.9649122807017544,57,1550,1300,250,0.8387096774193549,18,13,5,378.99543654177,0.46600877192982454,0.4527009485356579,0.1960425261768729,126402.72285997751,-1818.7621820847432,124583.96067789277,822,0,165.859649122807,34,23,15,39.073290320034744,0.5879289215686274,48.60119047619049,1005.5952380952397,29.576330532212932,0
2235,4,0,0,55,0.0,0.0,1.0,55,1750,1300,450,0.7428571428571429,22,13,9,390.28564552017343,0.4653900112233445,0.4666552444916561,0.20105394515825642,126234.0916264923,-1146.529212580339,125087.56241391196,823,1,172.74545454545455,32,23,17,38.963751727603956,0.5908203125,48.7689393939394,1004.9242424242433,31.403882575757603,0
2236,4,1,2,54,0.017857142857142856,0.03571428571428571,0.9642857142857143,56,1600,1000,600,0.625,22,10,12,386.97628530503573,0.4659834956709957,0.4622410355199571,0.2011991092231718,126612.30867346942,-1400.8078231292448,125211.50085034018,824,0,170.64285714285714,34,22,16,38.65625739295009,0.5900735294117647,48.392857142857146,1006.4285714285717,29.60084033613446,0
2237,4,1,3,52,0.01818181818181818,0.05454545454545454,0.9454545454545454,55,1650,1200,450,0.7272727272727273,21,12,9,394.7339145343243,0.4645061728395062,0.45985244831819894,0.20625035241942852,126814.13286055846,-988.4321835351739,125825.70067702328,825,0,173.96363636363637,33,22,17,38.25270207243381,0.5943813131313131,48.192401960784316,1007.2303921568629,30.52213309566251,0
2238,4,3,0,55,0.05454545454545454,0.0,1.0,55,1450,1100,350,0.7586206896551724,18,11,7,391.4583467131161,0.46642817059483727,0.46514961884173434,0.20658865193116244,127219.3605882054,-1039.4797670385765,126179.88082116682,826,0,173.23636363636365,32,23,21,37.91744889445141,0.6009114583333333,47.79040404040405,1008.8383838383847,31.526199494949523,0
2239,4,1,2,54,0.017857142857142856,0.03571428571428571,0.9642857142857143,56,1650,1100,550,0.6666666666666666,22,11,11,381.67889322467704,0.4674039502164502,0.458896308614388,0.2037350053348811,127679.65032980117,-1453.4744749615365,126226.17585483963,827,0,171.125,33,23,16,37.6908522290934,0.603219696969697,47.33455882352942,1010.6617647058835,30.62611408199647,0
2240,4,1,0,55,0.01818181818181818,0.0,1.0,55,1500,1000,500,0.6666666666666666,20,10,10,380.6250035895795,0.4658670033670034,0.4556450457795751,0.20379863105889826,127803.5359747454,-1270.9557321703053,126532.5802425751,828,0,161.27272727272728,33,22,18,37.590266836343076,0.6044823232323233,47.212009803921575,1011.1519607843146,30.640968508615593,0
2241,4,0,1,54,0.0,0.01818181818181818,0.9818181818181818,55,850,600,250,0.7058823529411765,11,6,5,382.118619754984,0.4657828282828283,0.45624641960075785,0.2047560292349434,127834.51677239523,-1230.4101787773957,126604.10659361783,829,1,162.27272727272728,33,22,18,37.52070205202779,0.6047979797979798,47.181372549019606,1011.2745098039215,30.64468211527035,0
2242,4,1,4,51,0.01818181818181818,0.07272727272727272,0.9272727272727272,55,1850,1400,450,0.7567567567567568,23,14,9,374.47204497469306,0.46648428731762065,0.4417055355099888,0.20252859814599872,128206.57920030745,-1397.6685649750254,126808.91063533242,830,0,159.4181818181818,33,22,19,37.332607292675064,0.6085858585858586,46.81372549019607,1012.7450980392147,30.689245395127717,0
2243,4,1,2,50,0.019230769230769232,0.038461538461538464,0.9615384615384616,52,1850,1200,650,0.6486486486486487,25,12,13,401.25408855892755,0.46611833836098543,0.4175117071827008,0.20846549624201036,126581.5477639803,-241.72728471713833,126339.82047926316,831,0,167.25,36,16,17,38.32881042972247,0.5856481481481481,48.42342342342343,1006.3063063063072,27.952952952952977,8
2244,4,5,5,50,0.09090909090909091,0.09090909090909091,0.9090909090909091,55,1600,1300,300,0.8125,19,13,6,384.9589817153436,0.47167508417508414,0.43750253313338416,0.20509809880938665,127603.50722343997,-1172.4951302653621,126431.0120931746,832,0,158.8181818181818,36,19,17,37.68622752266311,0.5960648148148149,47.40990990990993,1010.3603603603628,28.065565565565635,0
2245,4,1,2,49,0.0196078431372549,0.0392156862745098,0.9607843137254902,51,1350,800,550,0.5925925925925926,19,8,11,403.58949597839893,0.46839869281045754,0.43920044948528236,0.21362230648316818,127339.27455786249,78.55872741254882,127417.83328527503,833,0,169.66666666666666,33,18,18,37.48785818358425,0.5997474747474747,47.67156862745099,1009.3137254901972,30.585264408793854,0
2246,4,1,0,50,0.02,0.0,1.0,50,1250,700,550,0.56,18,7,11,406.0302573286829,0.46810374149659867,0.4436990291262135,0.2155727654889401,127462.99500192243,350.7665321030461,127813.76153402549,834,0,172.88,33,17,19,37.29874595469255,0.601010101010101,47.54901960784314,1009.8039215686283,30.600118835412978,0
2247,4,1,2,49,0.0196078431372549,0.0392156862745098,0.9607843137254902,51,1550,900,650,0.5806451612903226,22,9,13,400.1164337311054,0.46846405228758164,0.43902461537751525,0.214768751573797,127903.57320011352,35.26431405897637,127938.8375141725,835,0,170.47058823529412,34,17,21,36.994674591032144,0.6032475490196079,47.11309523809525,1011.5476190476202,29.751400560224123,0
2248,4,0,0,49,0.0,0.0,1.0,49,1550,1300,250,0.8387096774193549,18,13,5,413.03133679507266,0.46733276643990934,0.4467930029154519,0.22109324499030392,127793.20987654343,756.5200617284215,128549.72993827186,836,1,177.40816326530611,32,17,21,36.78170787545788,0.6067708333333333,47.222222222222236,1011.1111111111129,31.59722222222228,0
2249,4,2,2,49,0.0392156862745098,0.0392156862745098,0.9607843137254902,51,1800,1100,700,0.6111111111111112,25,11,14,393.5268113435958,0.4689052287581699,0.4372215122102856,0.21411378904733055,128446.04768990951,-90.6072845804766,128355.44040532903,837,0,171.41176470588235,34,17,17,36.6045214327657,0.6087622549019608,46.57738095238096,1013.6904761904779,29.814425770308173,0
2250,4,1,0,50,0.02,0.0,1.0,50,1850,1300,550,0.7027027027027027,24,13,11,407.9286369876759,0.4672278911564626,0.4517738037699375,0.22269244061411642,128579.18228565934,490.22611495578576,129069.40840061512,838,0,175.6,33,17,20,36.102887868535525,0.6123737373737373,46.44607843137255,1014.2156862745096,30.73380867498514,0
2251,4,0,0,50,0.0,0.0,1.0,50,1250,800,450,0.64,17,8,9,405.9128043236136,0.4672108843537415,0.4449607130292008,0.22287305102816843,128808.33510487534,456.99050453514906,129265.32560941049,839,1,176.6,34,16,21,35.918992611703985,0.6124387254901961,46.220238095238095,1015.119047619048,29.856442577030826,0
2252,4,0,1,49,0.0,0.02,0.98,50,1500,700,800,0.4666666666666667,23,7,16,403.8168872641627,0.4669387755102041,0.44300046882325383,0.2225688425153639,128959.43877551016,415.1998299319699,129374.63860544213,840,2,177.6,34,16,21,35.81736404125645,0.6139705882352942,46.07142857142857,1015.7142857142853,29.873949579831923,0
2253,4,1,1,49,0.02,0.02,0.98,50,1750,1000,750,0.5714285714285714,25,10,15,408.14799612039343,0.4655697278911564,0.4314001657000821,0.2114311722391915,126462.58680555588,329.868197278951,126792.45500283483,841,0,178.42,34,16,18,38.27844518088927,0.5885416666666667,48.541666666666686,1005.833333333336,29.58333333333341,8
2254,4,0,1,48,0.0,0.02040816326530612,0.9795918367346939,49,1800,1100,700,0.6111111111111112,25,11,14,410.9151316074367,0.4649943310657596,0.4279676073522063,0.21373312070246234,126629.04779712141,606.7583681757162,127235.80616529712,842,1,181.30612244897958,33,16,18,38.03662384837047,0.5924873737373737,48.376225490196084,1006.4950980392166,30.499851455733836,0
2255,4,0,1,47,0.0,0.020833333333333332,0.9791666666666666,48,1750,1200,550,0.6857142857142857,23,12,11,422.7410793061228,0.46492686170212766,0.4397515463055832,0.22066641678963592,126773.92612998676,1118.5092720130606,127892.43540199983,843,2,185.89583333333334,32,16,18,37.58906929120695,0.5963541666666667,48.23232323232323,1007.0707070707073,31.470959595959602,0
2256,4,0,1,46,0.0,0.02127659574468085,0.9787234042553191,47,1850,1400,450,0.7567567567567568,23,14,9,433.48859883601665,0.4638452050570459,0.45218199977438567,0.22603960450430982,126731.21346367721,1587.3072306315016,128318.52069430871,844,3,190.74468085106383,31,16,18,37.362736540368125,0.5984543010752688,48.27473958333333,1006.9010416666658,32.480678763440835,0
2257,4,1,1,46,0.02127659574468085,0.02127659574468085,0.9787234042553191,47,1050,600,450,0.5714285714285714,15,6,9,430.06128722520685,0.4639030218933087,0.4556277835080391,0.22571855725962045,126996.5457128099,1523.2595844811688,128519.80529729107,845,0,191.53191489361703,32,15,19,37.174307904296626,0.5986328125,48.01136363636363,1007.9545454545453,31.49857954545454,0
2258,4,2,2,46,0.041666666666666664,0.041666666666666664,0.9583333333333334,48,1350,900,450,0.6666666666666666,18,9,9,407.8676573331561,0.4655825206855792,0.4272678556984557,0.21688033753160435,127524.87775134546,802.6904980919413,128327.56824943739,846,0,187.125,33,15,18,37.18858691256169,0.6016414141414141,47.487745098039206,1010.0490196078416,30.607546048722472,0
2259,4,0,0,46,0.0,0.0,1.0,46,1350,1100,250,0.8148148148148148,16,11,5,428.9987470578783,0.46281199677938806,0.4479024039864423,0.22642249946896728,127223.34120008674,1715.7307942708221,128939.07199435757,847,2,196.2608695652174,31,15,19,36.966528996730354,0.603494623655914,47.78645833333333,1008.8541666666661,32.543682795698906,0
2260,4,1,0,47,0.02127659574468085,0.0,1.0,47,1200,700,500,0.5833333333333334,17,7,10,420.7460941651618,0.4642113783533765,0.44439570081158264,0.22424379743967363,127617.73003472188,1338.9322916666276,128956.66232638851,848,0,193.06382978723406,33,14,20,36.767611683848806,0.6025883838383839,47.395833333333314,1010.4166666666639,30.618686868686783,0
2261,4,0,2,45,0.0,0.0425531914893617,0.9574468085106383,47,1400,900,500,0.6428571428571429,19,9,10,423.2386625721166,0.46423065063213076,0.4401489261482654,0.22633140570292257,127753.08956916085,1414.0093537414784,129167.09892290233,849,1,194.06382978723406,34,13,20,36.56505142094519,0.6017156862745099,47.26190476190475,1010.9523809523797,29.73389355742293,0
2262,4,1,0,46,0.021739130434782608,0.0,1.0,46,1750,1300,450,0.7428571428571429,22,13,9,418.6497914995103,0.4651368760064412,0.42861730917055385,0.22537222804452117,128020.4804041714,1519.1494857746923,129539.62988994608,850,0,187.45652173913044,33,13,21,36.40560668442722,0.6066919191919191,46.99754901960784,1012.009803921568,30.66696375519903,0
2263,4,2,2,46,0.041666666666666664,0.041666666666666664,0.9583333333333334,48,1200,800,400,0.6666666666666666,16,8,8,398.1394896841943,0.46666297281323876,0.41649548896407285,0.21734844436849535,128579.18228565922,638.610149942313,129217.79243560153,851,0,180.60416666666666,33,15,21,36.3510955372966,0.6123737373737373,46.44607843137254,1014.2156862745087,30.733808674985113,0
2264,4,0,1,45,0.0,0.021739130434782608,0.9782608695652174,46,1600,1000,600,0.625,22,10,12,403.5022673393867,0.46675724637681154,0.40805736466843157,0.2199950243722074,128528.34093778701,1172.2953971533598,129700.63633494037,852,1,171.2826086956522,32,14,21,36.26727680239073,0.6142578125,46.496212121212125,1014.015151515152,31.6879734848485,0
2265,4,0,1,44,0.0,0.022222222222222223,0.9777777777777777,45,1750,1200,550,0.6857142857142857,23,12,11,404.0921841077227,0.46630892255892253,0.40285119607675424,0.22148343761853675,128738.47961425791,1404.4426812066104,130142.92229546452,853,2,174.57777777777778,31,14,21,36.03680181336072,0.6189516129032258,46.28906250000001,1014.8437500000008,32.73689516129035,0
2266,4,0,0,44,0.0,0.0,1.0,44,1300,700,600,0.5384615384615384,19,7,12,414.21358971434154,0.4657549330514447,0.41253899803654703,0.22636277781130604,128621.28434284311,1855.3367802636174,130476.62112310673,854,3,178.95454545454547,30,14,21,35.90030254847402,0.6204861111111111,46.40456989247312,1014.3817204301075,33.812724014336915,0
2267,4,0,0,44,0.0,0.0,1.0,44,1000,700,300,0.7,13,7,6,406.78407257538686,0.46541358350951373,0.4088060229900319,0.21222506186361606,126752.42282115045,1512.1733527969943,128264.59617394744,855,4,179.95454545454547,33,11,19,38.01303699647074,0.59375,48.25367647058823,1006.9852941176465,30.514705882352924,8
2268,4,2,1,45,0.043478260869565216,0.021739130434782608,0.9782608695652174,46,1050,500,550,0.47619047619047616,16,5,11,366.7117215026061,0.46816626409017714,0.3739057280109239,0.18777914975277082,125987.30223044015,71.6936389609881,126058.99586940114,856,0,173.08695652173913,36,10,19,39.81071228266966,0.5795717592592593,49.014639639639654,1003.9414414414435,27.887262262262322,8
2269,4,2,1,46,0.0425531914893617,0.02127659574468085,0.9787234042553191,47,950,600,350,0.631578947368421,13,6,7,357.3529125624821,0.46872109158186864,0.36808561020954156,0.18471252750934655,126372.79620181404,-368.0245969218012,126004.77160489224,857,0,170.19148936170214,34,13,19,39.64820625147999,0.5876225490196079,48.63095238095238,1005.4761904761904,29.572829131652657,0
2270,4,0,0,46,0.0,0.0,1.0,46,1100,700,400,0.6363636363636364,15,7,8,359.3009208300895,0.46864935587761675,0.36384320792971403,0.18541464631071466,126305.47417534716,-123.66536458333906,126181.80881076382,858,1,174.8913043478261,35,11,19,39.668609671848,0.5848214285714286,48.697916666666664,1005.2083333333328,28.72023809523808,0
2271,4,3,0,49,0.061224489795918366,0.0,1.0,49,1100,700,400,0.6363636363636364,15,7,8,340.28352796591184,0.46903344671201813,0.37362707476916635,0.1792693692036886,127148.79575521465,-1141.789028259679,126007.00672695498,859,0,165.12244897959184,36,13,23,39.28046374869733,0.5914351851851851,47.86036036036036,1008.5585585585584,28.01551551551551,0
2272,4,3,1,51,0.057692307692307696,0.019230769230769232,0.9807692307692307,52,1450,900,550,0.6206896551724138,20,9,11,331.57789949757023,0.47005404725992966,0.31745165005361153,0.1750044663015788,127223.341200087,-1942.791257130209,125280.54994295679,860,0,156.53846153846155,39,13,17,39.42361469626572,0.5868055555555556,47.78645833333334,1008.8541666666682,25.868055555555596,8
2273,4,0,0,51,0.0,0.0,1.0,51,1200,900,300,0.75,15,9,6,342.1668622301635,0.46908496732026145,0.33795243878387704,0.18084868571706184,127280.60766171754,-1489.7587707283108,125790.84889098923,861,1,160.58823529411765,38,13,17,39.09784718545967,0.5890899122807017,47.72970085470086,1009.0811965811974,26.554768331084144,0
2274,4,2,0,53,0.03773584905660377,0.0,1.0,53,1350,800,550,0.5925925925925926,19,8,11,329.49940259871175,0.47091194968553457,0.33988048292179784,0.17667985208310233,127861.72251966425,-2173.9277629056774,125687.79475675858,862,0,155.49056603773585,40,13,15,38.82322648713826,0.5916666666666667,47.15447154471545,1011.3821138211384,25.28455284552846,0
2275,4,0,0,53,0.0,0.0,1.0,53,1200,300,900,0.25,21,3,18,327.9431507471768,0.4703525641025641,0.33855757787093377,0.17629600479691623,127964.52591050291,-2206.982037808194,125757.54387269472,863,1,156.49056603773585,40,13,16,38.75761684746217,0.5927083333333334,47.05284552845528,1011.7886178861781,25.294715447154452,0
2276,4,0,4,49,0.0,0.07547169811320754,0.9245283018867925,53,1100,700,400,0.6363636363636364,15,7,8,326.0648463552577,0.4703072085147557,0.3375655622967304,0.1758490489737262,128093.08824319184,-2246.669372562639,125846.4188706292,864,2,157.49056603773585,40,13,16,38.67395341833147,0.5940104166666667,46.92581300813008,1012.2967479674794,25.307418699186986,0
2277,4,3,1,51,0.057692307692307696,0.019230769230769232,0.9807692307692307,52,1250,800,450,0.64,17,8,9,327.6162535907222,0.47015617144293614,0.35647361474444605,0.17843810834910478,128487.5339084203,-1981.0687737153019,126506.465134705,865,0,158.84615384615384,39,13,13,38.232580739066414,0.5996260683760684,46.53645833333334,1013.854166666668,25.996260683760717,0
2278,4,0,1,50,0.0,0.0196078431372549,0.9803921568627451,51,1950,1500,450,0.7692307692307693,24,15,9,357.55754388361447,0.47,0.3686598606384701,0.18810636004311895,127092.01388888895,-997.4283854166582,126094.58550347229,866,1,162.9607843137255,36,15,20,38.90323691460055,0.5908564814814814,47.91666666666667,1008.3333333333339,28.009259259259277,7
2279,4,5,3,52,0.09090909090909091,0.05454545454545454,0.9454545454545454,55,1550,800,750,0.5161290322580645,23,8,15,336.9320987654319,0.47241863075196405,0.39000404040404035,0.18311527106816977,128401.20525931362,-2334.481652260343,126066.72360705328,867,0,151.9090909090909,36,19,14,38.08449074074073,0.6041666666666667,46.621621621621635,1013.5135135135156,28.153153153153212,0
2280,4,2,3,51,0.037037037037037035,0.05555555555555555,0.9444444444444444,54,950,800,150,0.8421052631578947,11,8,3,354.2015559963578,0.47200384346610763,0.3619436977299877,0.18610590230317117,127040.782602948,-1677.8808235901201,125362.90177935788,868,0,154.53703703703704,40,14,21,39.0404485887097,0.5833333333333333,47.96747967479675,1008.1300813008132,25.203252032520332,8
2281,4,2,1,52,0.03773584905660377,0.018867924528301886,0.9811320754716981,53,1000,500,500,0.5,15,5,10,347.2467925128042,0.47135038703434934,0.3513534556590794,0.18426891836263415,127442.37075617297,-1749.178121396718,125693.19263477625,869,0,153.52830188679246,38,15,16,38.80387436955524,0.590734649122807,47.56944444444445,1009.7222222222233,26.57163742690061,0
2282,4,1,0,53,0.018867924528301886,0.0,1.0,53,1400,1000,400,0.7142857142857143,18,10,8,365.89234707284334,0.4702467343976778,0.29560344288229645,0.1888505488192596,126312.9535147392,-974.6669501133813,125338.28656462581,870,0,154.50943396226415,34,19,16,39.495253039633674,0.5870098039215687,48.69047619047619,1005.2380952380951,29.565826330532207,8
2283,4,4,3,54,0.07017543859649122,0.05263157894736842,0.9473684210526316,57,2500,2000,500,0.8,30,20,10,337.0297561723194,0.4734361946532999,0.31009435555877274,0.1788471771804939,127442.3707561731,-2809.625771604911,124632.74498456818,871,0,144.59649122807016,38,19,15,39.06178358551122,0.590734649122807,47.56944444444446,1009.7222222222243,26.57163742690064,0
2284,4,1,1,54,0.01818181818181818,0.01818181818181818,0.9818181818181818,55,1350,900,450,0.6666666666666666,18,9,9,347.630543991624,0.47239057239057236,0.31747596446391646,0.18417022437003094,127376.05003652327,-2144.038886859798,125232.01114966348,872,0,150.1090909090909,36,19,16,38.86216160940057,0.59375,47.63513513513515,1009.4594594594616,28.0405405405406,0
2285,4,1,1,54,0.01818181818181818,0.01818181818181818,0.9818181818181818,55,1550,1100,450,0.7096774193548387,20,11,9,343.57311231024164,0.4717312008978676,0.32315251494760955,0.1829874368107845,127590.03371229637,-2232.6990035395193,125357.33470875685,873,0,150.70909090909092,37,18,17,38.74538745387453,0.5940315315315315,47.4232456140351,1010.3070175438619,27.305595068753025,0
2286,4,0,2,52,0.0,0.037037037037037035,0.962962962962963,54,1600,1100,500,0.6875,21,11,10,346.31495240470366,0.47098474260423945,0.3195388447015348,0.18521020076400047,127756.25673284088,-1951.219606032623,125805.03712680825,874,1,152.25925925925927,37,17,17,38.50596529284164,0.5957207207207207,47.25877192982456,1010.9649122807017,27.323376007586532,0
2287,4,0,0,52,0.0,0.0,1.0,52,1600,1000,600,0.625,22,10,12,360.04805287889286,0.4689699597787833,0.31964320931548684,0.1916908654229405,127575.06397867462,-1213.3693237156076,126361.694654959,875,2,158.84615384615384,36,16,18,38.34461970051647,0.595775462962963,47.43806306306306,1010.2477477477477,28.062437437437435,0
2288,4,0,1,51,0.0,0.019230769230769232,0.9807692307692307,52,1700,1100,600,0.6470588235294118,23,11,12,363.8258732453907,0.469150641025641,0.3224639543550336,0.19479979224033186,127802.69870799857,-1100.4143078889683,126702.28440010961,876,3,159.84615384615384,36,16,18,38.01578683595055,0.5980902777777778,47.21283783783784,1011.1486486486489,28.08746246246247,0
2289,4,0,1,50,0.0,0.0196078431372549,0.9803921568627451,51,1600,1200,400,0.75,20,12,8,373.06786619973445,0.46875816993464053,0.3240142210730452,0.19970103425985783,127793.20987654319,-664.8919753086427,127128.31790123455,877,4,163.66666666666666,35,16,18,37.791895604395606,0.6,47.22222222222222,1011.111111111111,28.888888888888886,0
2290,4,0,1,49,0.0,0.02,0.98,50,1350,800,550,0.5925925925925926,19,8,11,380.3954893662134,0.4679761904761905,0.3376221306650975,0.20387758247103974,127843.36911848065,-273.7918083900295,127569.57731009062,878,5,167.3,34,16,18,37.55517951736316,0.6026348039215687,47.172619047619044,1011.3095238095232,29.744397759103624,0
2291,4,3,3,49,0.057692307692307696,0.057692307692307696,0.9423076923076923,52,1450,1000,450,0.6896551724137931,19,10,9,362.0360208676403,0.4680979763700352,0.3364495217013206,0.1967938817341976,128408.33875868034,-1101.956889526666,127306.38186915367,879,0,161.59615384615384,35,17,19,37.44111853374444,0.60625,46.61458333333332,1013.5416666666649,28.958333333333282,0
2292,4,0,3,46,0.0,0.061224489795918366,0.9387755102040817,49,1350,800,550,0.5925925925925926,19,8,11,376.72251388057265,0.46827168367346944,0.3340049701121637,0.20389027659643194,128234.94897959179,-138.20153061224534,128096.74744897954,880,1,171.6122448979592,34,15,20,37.24656205923837,0.6066176470588236,46.785714285714285,1012.8571428571424,29.78991596638654,0
2293,4,3,2,47,0.061224489795918366,0.04081632653061224,0.9591836734693877,49,1500,1100,400,0.7333333333333333,19,11,8,366.3642383536436,0.46816539115646255,0.3338560057454072,0.2008524200620457,128747.9184382086,-366.2733843537395,128381.64505385485,881,0,170.30612244897958,34,15,21,36.98435972629521,0.6118259803921569,46.279761904761905,1014.8809523809522,29.84943977591036,0
2294,4,0,0,47,0.0,0.0,1.0,47,1450,1200,250,0.8275862068965517,17,12,5,387.24093154582977,0.46762257169287696,0.3486371793070726,0.21045246834924697,128400.34060618824,544.3735014284421,128944.71410761669,882,1,178.5531914893617,32,15,21,36.810659856318274,0.6129557291666667,46.622474747474755,1013.5101010101018,31.672190656565682,0
2295,4,0,0,47,0.0,0.0,1.0,47,2100,1500,600,0.7142857142857143,27,15,12,385.2660538775117,0.4662735121800801,0.3462133166707271,0.2108990469318585,128688.43102744619,515.8568003265032,129204.2878277727,883,2,179.5531914893617,32,15,21,36.565662850506065,0.6158854166666667,46.33838383838384,1014.6464646464647,31.70770202020202,0
2296,4,0,0,47,0.0,0.0,1.0,47,1150,700,450,0.6086956521739131,16,7,9,385.20648831597055,0.4664276904101141,0.34686223807872807,0.21137713034621758,128784.5329079941,521.7275341801941,129306.26044217429,884,3,180.5531914893617,32,15,21,36.468829041754795,0.6168619791666667,46.24368686868687,1015.0252525252527,31.719539141414145,0
2297,4,1,0,48,0.020833333333333332,0.0,1.0,48,1900,1300,600,0.6842105263157895,25,13,12,376.44212960579154,0.4671247044917258,0.3407985679993377,0.20909413185138234,129265.5803616977,132.87563131311956,129398.45599301082,885,0,177.77083333333334,32,16,22,36.19992136412548,0.6217447916666667,45.770202020202014,1016.9191919191913,31.77872474747473,0
2298,4,0,0,48,0.0,0.0,1.0,48,1650,1100,550,0.6666666666666666,22,11,11,375.8230982060933,0.4669954196217494,0.343285859087336,0.20926100222850688,129361.89746263139,123.43781884502053,129485.33528147641,886,1,178.77083333333334,32,16,24,36.11740308634314,0.6227213541666667,45.67550505050505,1017.29797979798,31.790561868686876,0
2299,4,0,0,48,0.0,0.0,1.0,48,1450,1100,350,0.7586206896551724,18,11,7,371.50484546174823,0.4666260342789598,0.30700738070717515,0.19929900825599864,127880.99500868059,-19.204722812073157,127861.79028586851,887,2,179.77083333333334,35,13,21,37.74137487126674,0.6008928571428571,47.13541666666667,1011.4583333333337,28.898809523809536,8
2300,4,2,0,50,0.04,0.0,1.0,50,1700,1200,500,0.7058823529411765,22,12,10,350.47358300370354,0.4669897959183673,0.3125337401713417,0.19155775502081848,128627.12762188222,-983.1041400935185,127644.0234817887,888,0,173.54,34,16,20,37.51075773579002,0.6106004901960784,46.39880952380953,1014.404761904763,29.835434173669498,0
2301,4,0,0,50,0.0,0.0,1.0,50,1950,1400,550,0.717948717948718,25,14,11,353.72341818114404,0.46670918367346936,0.3214339450587025,0.19455896850803653,128877.99968117735,-882.566684885092,127995.43299629225,889,1,174.54,35,15,21,37.17240871613663,0.6110119047619047,46.15162037037038,1015.3935185185203,29.011243386243436,0
2302,4,2,1,51,0.038461538461538464,0.019230769230769232,0.9807692307692307,52,1700,1200,500,0.7058823529411765,22,12,10,344.01122512344654,0.46711601307189543,0.3416390918602572,0.19286382571551972,129631.08114448939,-1480.6853657296542,128150.39577875973,890,0,168.78846153846155,36,16,19,36.652889896420795,0.6166087962962963,45.41103603603605,1018.3558558558583,28.28766266266273,0
2303,4,0,1,50,0.0,0.0196078431372549,0.9803921568627451,51,2300,1800,500,0.782608695652174,28,18,10,347.2318442978065,0.46702614379084967,0.3397965522078028,0.1959046029936441,129878.87577428429,-1180.3836859139033,128698.49208837039,891,1,171.4313725490196,35,16,20,36.319239430755836,0.6211309523809524,45.16782407407408,1019.328703703705,29.123677248677286,0
2304,4,0,0,50,0.0,0.0,1.0,50,1750,1200,550,0.6857142857142857,23,12,11,356.88951675069444,0.4667602040816326,0.3451676206050689,0.20114095805811044,129837.58680555566,-732.4652777777713,129105.1215277779,892,2,175.22,34,16,20,36.11508585445624,0.6228553921568627,45.208333333333336,1019.1666666666675,29.975490196078457,0
2305,4,1,2,49,0.0196078431372549,0.0392156862745098,0.9607843137254902,51,1550,1200,350,0.7741935483870968,19,12,7,348.0216576426489,0.46622549019607845,0.3492597038815528,0.19829140958709068,130262.5868055555,-1133.1597222222258,129129.42708333328,893,0,172.76470588235293,35,16,21,35.90986394557823,0.625,44.791666666666664,1020.8333333333329,29.166666666666654,0
2306,4,0,2,47,0.0,0.04081632653061224,0.9591836734693877,49,1650,1000,650,0.6060606060606061,23,10,13,353.5014626330976,0.46545493197278914,0.3429485120386033,0.20172867897565408,130323.35778061234,-586.1004818594002,129737.25729875294,894,1,178.85714285714286,34,15,22,35.70838677082119,0.6277573529411764,44.73214285714286,1021.0714285714294,30.03151260504204,0
2307,4,0,0,47,0.0,0.0,1.0,47,1550,1100,450,0.7096774193548387,20,11,9,356.9099730696541,0.46278522972556274,0.347133172703884,0.20434076480141744,130450.30757401,-88.19684736639249,130362.11072664362,895,2,185.6595744680851,33,14,23,35.49264235444657,0.6313131313131313,44.6078431372549,1021.5686274509806,30.95662507427214,0
2308,4,0,0,47,0.0,0.0,1.0,47,1950,1400,550,0.717948717948718,25,14,11,357.43656134900937,0.46268886833179157,0.34117028928212534,0.20563695136368534,130638.16350682438,-61.02881103420759,130577.13469579017,896,3,186.6595744680851,33,14,23,35.28879964836571,0.6332070707070707,44.42401960784314,1022.3039215686281,30.97890671420085,0
2309,4,1,0,48,0.020833333333333332,0.0,1.0,48,1450,1100,350,0.7586206896551724,18,11,7,349.1890888897363,0.46176861702127664,0.34413409716567767,0.20242606858968726,130931.84700963719,-456.0055272108896,130475.8414824263,897,0,183.75,34,14,24,35.20244465123493,0.6338848039215687,44.13690476190476,1023.452380952381,30.1015406162465,0
2310,4,0,0,48,0.0,0.0,1.0,48,1200,900,300,0.75,15,9,6,349.7498647917795,0.4615469858156029,0.34067344961240376,0.2032330295411691,131023.2426303854,-434.92772108844235,130588.31490929695,898,1,184.75,34,14,24,35.095687984496124,0.6348039215686274,44.047619047619044,1023.8095238095231,30.11204481792715,0
2311,4,0,1,47,0.0,0.020833333333333332,0.9791666666666666,48,1150,700,450,0.6086956521739131,16,7,9,347.75683847659593,0.4613345892434988,0.34045861427574975,0.20239542114855757,131084.19075963728,-482.91524943310003,130601.27551020417,899,2,185.75,34,14,24,35.08510617685809,0.6354166666666667,43.98809523809524,1024.0476190476197,30.119047619047638,0
2312,4,0,0,47,0.0,0.0,1.0,47,850,400,450,0.47058823529411764,13,4,9,348.17196466657066,0.46070382362010487,0.3293236243154032,0.20311998345463295,131175.6395266438,-265.66397392292765,130909.97555272086,900,3,179.2340425531915,34,13,24,34.98208405965522,0.6363357843137255,43.89880952380951,1024.4047619047603,30.129551820728246,0
2313,4,0,0,47,0.0,0.0,1.0,47,1750,1400,350,0.8,21,14,7,342.24346298716654,0.4598558433549183,0.3246008631188384,0.20093680618326257,131419.65880102027,-404.4961734694055,131015.16262755086,901,4,180.2340425531915,34,13,24,34.8876698014629,0.6387867647058824,43.66071428571428,1025.3571428571418,30.157563025210052,0
2314,4,0,0,47,0.0,0.0,1.0,47,1350,1000,350,0.7407407407407407,17,10,7,341.35090380531926,0.4598751156336725,0.3243446136826096,0.20089340076411413,131511.22448979586,-421.70493197279217,131089.51955782308,902,5,181.2340425531915,34,13,24,34.81821610956361,0.6397058823529411,43.57142857142857,1025.714285714285,30.168067226890738,0
2315,4,0,0,47,0.0,0.0,1.0,47,1000,400,600,0.4,16,4,12,341.3642029852955,0.45968239284613016,0.3267366092261961,0.20106188223679353,131541.75347222213,-419.27083333333735,131122.4826388888,903,6,182.2340425531915,34,13,24,34.78709721093962,0.6400122549019608,43.541666666666664,1025.8333333333328,30.171568627450966,0
2316,4,0,1,46,0.0,0.02127659574468085,0.9787234042553191,47,1250,700,550,0.56,18,7,11,343.98366718525426,0.4592969472710453,0.33235424791430135,0.20309172679019796,131633.36167800447,-344.05470521542736,131289.30697278905,904,7,183.2340425531915,34,13,20,34.6275618716164,0.6409313725490196,43.45238095238095,1026.1904761904757,30.182072829131638,0
2317,4,0,0,46,0.0,0.0,1.0,46,1550,1100,450,0.7096774193548387,20,11,9,344.8094113678526,0.4583031400966184,0.320475719932241,0.20423326673326672,131755.55555555565,-113.88888888888266,131641.66666666677,905,8,176.43478260869566,34,12,20,34.48322510822509,0.642156862745098,43.333333333333336,1026.6666666666674,30.19607843137257,0
2318,4,0,2,44,0.0,0.043478260869565216,0.9565217391304348,46,1550,1200,350,0.7741935483870968,19,12,7,340.2129088181809,0.45785024154589377,0.3111658704722744,0.20215957143824134,131877.80612244896,-226.69359410430548,131651.11252834465,906,9,177.43478260869566,34,12,20,34.478104234275996,0.6433823529411764,43.214285714285715,1027.142857142857,30.210084033613445,0
2319,4,1,0,45,0.022222222222222223,0.0,1.0,45,1300,1000,300,0.7692307692307693,16,10,6,374.07603487444794,0.45854377104377103,0.3320329503815742,0.2098259594782541,129651.06398581763,779.4240494253805,130430.488035243,907,0,180.17777777777778,32,13,16,35.8671171171171,0.6256510416666667,45.39141414141413,1018.4343434343423,31.826073232323196,7
2320,4,1,0,46,0.021739130434782608,0.0,1.0,46,2050,1500,550,0.7317073170731707,26,15,11,364.5027369712057,0.45851449275362316,0.3337224180702443,0.2068497126983833,130106.25608239596,284.81728782196404,130391.07337021793,908,0,177.2391304347826,33,13,17,35.648023023023015,0.6278409090909092,44.94485294117646,1020.2205882352923,30.915775401069464,0
2321,4,0,1,45,0.0,0.021739130434782608,0.9782608695652174,46,1100,600,500,0.5454545454545454,16,6,10,368.92746032033665,0.45814210950080514,0.33718217867972977,0.2100387811943269,130232.2066326529,409.24744897957396,130641.45408163247,909,1,178.2391304347826,34,12,17,35.40719034289714,0.6268382352941176,44.82142857142856,1020.7142857142844,30.021008403361307,0
2322,4,0,1,44,0.0,0.022222222222222223,0.9777777777777777,45,1400,1000,400,0.7142857142857143,18,10,8,367.34634142519013,0.45736531986531986,0.3219821838160779,0.2096390216955261,130325.14537677808,574.8966130569802,130900.04198983505,910,2,171.48888888888888,33,12,17,35.35315650504081,0.630050505050505,44.73039215686274,1021.0784313725483,30.941770647652977,0
2323,4,1,1,44,0.022222222222222223,0.022222222222222223,0.9777777777777777,45,1100,900,200,0.8181818181818182,13,9,4,360.54436679731833,0.4568392255892256,0.3202390654713392,0.20769386763394823,130688.28125000001,423.78472222222433,131112.06597222225,911,0,170.84444444444443,34,11,17,35.15858462374355,0.6314338235294117,44.375,1022.5000000000001,30.07352941176471,0
2324,4,1,1,44,0.022222222222222223,0.022222222222222223,0.9777777777777777,45,1700,1100,600,0.6470588235294118,23,11,12,356.6117383101745,0.4577861952861953,0.3159036961681929,0.20742564423603627,131061.33355034718,347.6019965277742,131408.93554687494,912,0,170.84444444444443,35,10,19,34.88152763648695,0.6330357142857144,44.010416666666664,1023.9583333333329,29.25595238095237,0
2325,4,0,1,43,0.0,0.022727272727272728,0.9772727272727273,44,1500,1100,400,0.7333333333333333,19,11,8,367.31258391828766,0.4583002995066949,0.3266242574969682,0.21348535593568788,131031.70680084001,825.9189600479876,131857.62576088798,913,1,167.29545454545453,35,9,19,34.63759514658226,0.6327380952380952,44.03935185185184,1023.8425925925911,29.25264550264546,0
2326,4,1,0,44,0.022727272727272728,0.0,1.0,44,1500,1100,400,0.7333333333333333,19,11,8,346.6645249799556,0.45762861169837915,0.25519153322008625,0.1935712933739191,129473.0771513625,177.07945565073007,129650.15660701322,914,0,163.0909090909091,38,6,15,36.745923437609356,0.6112938596491229,45.56623931623932,1017.7350427350434,26.782501124606405,8
2327,4,0,1,43,0.0,0.022727272727272728,0.9772727272727273,44,1450,1100,350,0.7586206896551724,18,11,7,349.4022769868729,0.4573863636363636,0.2573793873248169,0.19550524353540313,129554.63927469152,253.33719135804566,129807.97646604957,915,1,164.0909090909091,38,6,15,36.593337880854946,0.6121162280701755,45.48611111111112,1018.0555555555569,26.790935672514657,0
2328,4,1,1,43,0.022727272727272728,0.022727272727272728,0.9772727272727273,44,1050,700,350,0.6666666666666666,14,7,7,388.3422069886762,0.4579589499647639,0.200984057063186,0.2107541120919244,128344.1443977761,1261.3645035801524,129605.50890135624,916,0,164.04545454545453,36,8,18,36.84036267318663,0.603587962962963,46.677927927927925,1013.2882882882878,28.146896896896884,8
2329,4,0,1,42,0.0,0.023255813953488372,0.9767441860465116,43,1500,1000,500,0.6666666666666666,20,10,10,396.06412710886127,0.45611849390919157,0.21899379650300133,0.21592519088990234,128525.67361379019,1580.8817461848328,130106.55535997503,917,1,168.7674418604651,35,8,17,36.458571129627515,0.6074404761904761,46.49884259259259,1014.0046296296288,28.971560846560823,0
2330,4,1,0,43,0.023255813953488372,0.0,1.0,43,1700,1300,400,0.7647058823529411,21,13,8,400.53502393259686,0.4575027685492801,0.24999536103107034,0.22030681911979166,128877.9996811773,1724.030537337128,130602.03021851442,918,0,169.6046511627907,35,8,18,35.9841036893499,0.6110119047619047,46.15162037037038,1015.39351851852,29.01124338624343,0
2331,4,4,2,45,0.0851063829787234,0.0425531914893617,0.9574468085106383,47,1350,900,450,0.6666666666666666,18,9,9,362.0377899218119,0.45920058587727414,0.2508244480603441,0.20436340819083718,129899.05698147518,6.483953603732999,129905.54093507891,919,0,156.08510638297872,37,10,20,35.92142178480512,0.6173986486486487,45.14802631578948,1019.407894736843,27.55156472261738,0
2332,4,0,0,45,0.0,0.0,1.0,45,1250,1000,250,0.8,15,10,5,379.85634157742044,0.457723063973064,0.2601204682350273,0.2130245984410275,129643.02722318673,849.145206404325,130492.17242959105,920,1,164.0222222222222,35,10,20,35.72813672008183,0.61875,45.39930555555556,1018.4027777777777,29.09722222222222,0
2333,4,1,1,45,0.021739130434782608,0.021739130434782608,0.9782608695652174,46,1400,900,500,0.6428571428571429,19,9,10,360.70260255821,0.45748792270531397,0.18302600135535196,0.19895767987260538,128989.67013888885,134.3472704475273,129124.01740933637,921,0,161.43478260869566,39,7,20,36.881323489198785,0.6047008547008548,46.041666666666664,1015.8333333333329,26.047008547008538,8
2334,4,0,0,45,0.0,0.0,1.0,45,1350,900,450,0.6666666666666666,18,9,9,370.21698973598654,0.4564814814814815,0.18610760529145032,0.20417767624186542,128984.24373584629,550.4316878515567,129534.67542369784,922,1,165.9777777777778,38,7,20,36.645237343991035,0.606359649122807,46.047008547008545,1015.8119658119657,26.731893837156992,0
2335,4,1,0,46,0.021739130434782608,0.0,1.0,46,1400,1200,200,0.8571428571428571,16,12,4,364.2377214721384,0.45618961352657,0.2025265304944337,0.20345985949723075,129487.77113261937,233.4140283334965,129721.18516095287,923,0,163.34782608695653,36,10,17,36.28383860736152,0.615162037037037,45.551801801801815,1017.7927927927949,28.27202202202208,0
2336,4,0,2,44,0.0,0.043478260869565216,0.9565217391304348,46,1950,1500,450,0.7692307692307693,24,15,9,367.18305449651723,0.4555152979066022,0.2067089840092875,0.20594180013065538,129647.68005540172,320.88623422592434,129968.56628962765,924,1,164.34782608695653,37,9,18,36.04606302038472,0.6148648648648649,45.39473684210527,1018.4210526315794,27.524893314367013,0
2337,4,0,0,44,0.0,0.0,1.0,44,1050,800,250,0.7619047619047619,13,8,5,375.56011487208536,0.45504096194503174,0.2083651642475175,0.21070506692947533,129659.75265806357,939.0063205097129,130598.75897857329,925,2,168.27272727272728,36,8,19,35.82047950759251,0.6168981481481481,45.38288288288289,1018.4684684684693,28.290790790790812,0
2338,4,1,1,44,0.022222222222222223,0.022222222222222223,0.9777777777777777,45,1300,900,400,0.6923076923076923,17,9,8,369.1473670005646,0.45580808080808083,0.2147184285048569,0.2086748550600761,129954.9515836604,594.5056411588214,130549.45722481921,926,0,165.51111111111112,37,8,20,35.683384414094704,0.6179617117117118,45.093201754385966,1019.6271929824564,27.557491702228553,0
2339,4,0,0,44,0.0,0.0,1.0,44,950,600,350,0.631578947368421,13,6,7,369.5141634871082,0.45386275546159266,0.21163245356793725,0.20903173481934953,129982.90339335187,806.104763004007,130789.00815635588,927,1,169.02272727272728,37,7,20,35.64560931899641,0.6182432432432432,45.06578947368421,1019.7368421052637,27.560455192034155,0
2340,4,0,0,44,0.0,0.0,1.0,44,1100,700,400,0.6363636363636364,15,7,8,367.1616908302179,0.45333421423537706,0.21021061050386547,0.2081745738745203,130071.79578493691,751.4760939440556,130823.27187888097,928,2,170.02272727272728,38,6,21,35.6152248289345,0.6173245614035088,44.978632478632484,1020.0854700854709,26.844354475933443,0
2341,4,1,0,45,0.022222222222222223,0.0,1.0,45,1350,1100,250,0.8148148148148148,16,11,5,359.1314764363167,0.4532828282828283,0.21124217592082184,0.2055319635806833,130435.08193582096,369.0881855187947,130804.17012133975,929,0,167.22222222222223,36,9,22,35.45134678278763,0.6247106481481481,44.622747747747745,1021.509009009009,28.37525025025025,0
2342,4,0,1,44,0.0,0.022222222222222223,0.9777777777777777,45,1100,700,400,0.6363636363636364,15,7,8,356.82226689710114,0.45309343434343435,0.20740263920180224,0.20492546825310406,130570.58572108719,318.0984774161168,130888.68419850331,930,1,168.22222222222223,37,8,16,35.37297053248935,0.6241554054054055,44.49013157894736,1022.0394736842101,27.622688477951623,0
2343,4,1,1,44,0.022222222222222223,0.022222222222222223,0.9777777777777777,45,1500,1000,500,0.6666666666666666,20,10,10,347.5837923573311,0.45273569023569027,0.1929989998571231,0.20121910361529846,130878.94833025528,98.2802400738517,130977.22857032914,931,0,157.82222222222222,37,8,17,35.297006715245026,0.6272522522522522,44.18859649122806,1023.2456140350863,27.655286865813142,0
2344,4,0,0,44,0.0,0.0,1.0,44,1450,800,650,0.5517241379310345,21,8,13,354.48246169154123,0.4518697145877379,0.18926720429031696,0.20514825776620008,130866.81909950484,477.9984376268096,131344.81753713163,932,1,159.4090909090909,36,8,19,35.13280504805929,0.6290509259259259,44.20045045045045,1023.1981981981976,28.422172172172154,0
2345,4,1,2,43,0.022222222222222223,0.044444444444444446,0.9555555555555556,45,1500,1000,500,0.6666666666666666,20,10,10,350.12661949809853,0.45174663299663304,0.20452372887734738,0.20523305551916995,131357.78523930465,199.99470298547624,131557.77994229013,933,0,156.84444444444443,35,10,21,34.74805709231869,0.6360119047619048,43.72106481481481,1025.1157407407402,29.289021164021147,0
2346,4,1,0,44,0.022727272727272728,0.0,1.0,44,1050,700,350,0.6666666666666666,14,7,7,351.5940045932993,0.44953532417195213,0.2136542965041457,0.20725288177736362,131572.2859977325,452.0053854875382,132024.29138322006,934,0,159.61363636363637,34,10,17,34.49393710837781,0.6403186274509804,43.511904761904766,1025.9523809523816,30.175070028011223,0
2347,4,0,0,44,0.0,0.0,1.0,44,1050,500,550,0.47619047619047616,16,5,11,350.6732024587956,0.4490288054968288,0.21826177881658215,0.20731799729364003,131684.268904321,435.6288580246943,132119.8977623457,935,1,160.61363636363637,35,9,17,34.40460081190799,0.6392857142857142,43.40277777777778,1026.3888888888891,29.325396825396833,0
2348,4,0,0,44,0.0,0.0,1.0,44,1400,900,500,0.6428571428571429,19,9,10,352.69021685987497,0.44892970401691334,0.2164278906754391,0.20899899223540086,131773.38023244595,495.0364101080228,132268.416642554,936,2,161.61363636363637,35,9,17,34.262977680081164,0.6401785714285715,43.31597222222222,1026.7361111111109,29.33531746031745,0
2349,4,0,0,44,0.0,0.0,1.0,44,1500,1200,300,0.8,18,12,6,349.24615507758665,0.4482249823819591,0.21291275876847626,0.2075227479128774,131876.97991488106,411.5056357032625,132288.48555058433,937,3,162.61363636363637,36,8,18,34.24697584329203,0.6391782407407407,43.21509009009009,1027.1396396396392,28.531656656656644,0
2350,4,0,0,44,0.0,0.0,1.0,44,800,400,400,0.5,12,4,8,346.9913304559957,0.4481589147286822,0.21770610211706143,0.20681227239784183,131992.6741564198,360.0627231961558,132352.73687961596,938,4,163.61363636363637,36,8,18,34.188356164383556,0.6403356481481481,43.10247747747747,1027.590090090089,28.544169169169137,0
2351,4,0,0,44,0.0,0.0,1.0,44,1250,900,350,0.72,16,9,7,344.8205635249088,0.44739913671599724,0.21503419918160915,0.20646272560957005,132166.31063073207,314.73234213943755,132481.0429728715,939,5,164.61363636363637,36,8,18,34.069379038440466,0.6420717592592593,42.93355855855856,1028.2657657657658,28.56293793793794,0
2352,4,1,0,45,0.022222222222222223,0.0,1.0,45,1200,700,500,0.5833333333333334,17,7,10,338.6857236677439,0.4481271043771044,0.22329153300281956,0.20482422336096862,132542.9145361576,-21.718509049609793,132521.19602710797,940,0,161.93333333333334,36,9,22,33.84869860017498,0.6458333333333333,42.56756756756756,1029.7297297297282,28.60360360360356,0
2353,4,0,0,45,0.0,0.0,1.0,45,1800,1300,500,0.7222222222222222,23,13,10,339.51442618754015,0.44732744107744105,0.22280989327213785,0.20643830658087578,132745.92318247305,13.831187606529681,132759.75437007958,941,1,162.93333333333334,36,9,15,33.62360215641277,0.6478587962962963,42.3704954954955,1030.5180180180184,28.62550050050051,0
2354,4,0,2,43,0.0,0.044444444444444446,0.9555555555555556,45,1500,1100,400,0.7333333333333333,19,11,8,339.8325915670535,0.44648569023569024,0.2287267608368524,0.20743381389252943,132891.02447041633,32.140248356458414,132923.16471877278,942,2,163.93333333333334,36,9,16,33.46985583224114,0.6493055555555556,42.229729729729726,1031.0810810810808,28.641141141141134,0
2355,4,0,2,41,0.0,0.046511627906976744,0.9534883720930233,43,1150,700,450,0.6086956521739131,16,7,9,339.89617422721443,0.4442137320044297,0.21503628800845065,0.2077950042438472,132949.08717839466,437.77721978735235,133386.86439818202,943,3,167.53488372093022,36,7,18,33.40999672417556,0.6498842592592593,42.17342342342342,1031.3063063063066,28.647397397397405,0
2356,4,0,0,41,0.0,0.0,1.0,41,1150,900,250,0.782608695652174,14,9,5,344.9035812672176,0.4423526422764228,0.21177629958117739,0.21077441077441064,132934.5703124999,969.921874999986,133904.4921874999,944,4,172.4390243902439,35,6,19,33.29545454545453,0.6517857142857143,42.18749999999999,1031.2499999999993,29.464285714285694,0
2357,4,0,1,40,0.0,0.024390243902439025,0.975609756097561,41,1000,600,400,0.6,14,6,8,344.15904644334086,0.4421239837398374,0.20620046415904025,0.21065559216367113,132994.2558299039,954.2352537722832,133948.4910836762,945,5,173.4390243902439,35,6,19,33.254787552363865,0.6523809523809524,42.129629629629626,1031.4814814814808,29.470899470899454,0
2358,4,0,2,38,0.0,0.05,0.95,40,1250,1000,250,0.8,15,10,5,348.70600138938136,0.44095886752136754,0.20014710972654925,0.21388782123437827,133072.72002550997,1280.6512188208376,134353.3712443308,946,6,175.45,34,6,19,33.05882466058997,0.6553308823529411,42.053571428571416,1031.7857142857126,30.346638655462137,0
2359,4,0,0,38,0.0,0.0,1.0,38,1400,1100,300,0.7857142857142857,17,11,6,349.64064476983924,0.4388632053105737,0.19505176927835466,0.21512221701215156,133187.44781153876,1713.5490256151393,134900.9968371539,947,7,181.97368421052633,33,5,20,32.91965946416559,0.6587752525252526,41.94240196078431,1032.230392156862,31.279708853238244,0
2360,4,0,1,37,0.0,0.02631578947368421,0.9736842105263158,38,950,500,450,0.5263157894736842,14,5,9,355.4131601042394,0.4386409435751541,0.21147718542587635,0.2071508502197511,131139.7734645328,1721.7602604767317,132861.53372500953,948,8,182.97368421052633,33,5,22,34.83289463188961,0.6382575757575757,43.93382352941176,1024.2647058823525,31.03832442067735,8
2361,4,0,0,37,0.0,0.0,1.0,37,1350,800,550,0.5925925925925926,19,8,11,363.05602345215493,0.4376564064064064,0.20658440325723193,0.21210940463025424,131231.07854109246,2128.8467056932654,133359.92524678571,949,9,186.54054054054055,32,5,22,34.54482439926064,0.6416015625,43.844696969696955,1024.6212121212097,32.019412878787804,0
2362,4,0,0,37,0.0,0.0,1.0,37,1500,1100,400,0.7333333333333333,19,11,8,368.00630045152394,0.43715590590590586,0.21329140648332845,0.21573444552902798,131361.49300469283,2268.407282553423,133629.90028724624,950,10,187.54054054054055,31,6,22,34.286088530420436,0.645497311827957,43.717447916666664,1025.1302083333328,33.06871639784944,0
2363,4,0,0,37,0.0,0.0,1.0,37,1350,1100,250,0.8148148148148148,16,11,5,370.2280890385762,0.4370307807807808,0.21609269546301424,0.2177958668675774,131495.0074089897,2336.629062228723,133831.63647121843,951,11,188.54054054054055,31,6,22,34.094118953916464,0.6468413978494624,43.58723958333333,1025.6510416666658,33.08551747311825,0
2364,4,0,0,37,0.0,0.0,1.0,37,1400,1100,300,0.7857142857142857,17,11,6,367.89262204211815,0.4365615615615615,0.2111673573647488,0.2169445171781024,131587.09092184465,2281.9839812264054,133869.07490307104,952,12,189.54054054054055,32,5,19,34.06093608991715,0.6451822916666667,43.49747474747475,1026.0101010101007,32.06281565656565,0
2365,4,0,0,37,0.0,0.0,1.0,37,1100,800,300,0.7272727272727273,14,8,6,392.9104717400901,0.43653028028028024,0.20056512271045146,0.22517220519269207,130488.24737271722,2854.039766350391,133342.2871390676,953,13,190.54054054054055,32,5,16,34.53462267259845,0.6341145833333333,44.57070707070708,1021.7171717171728,31.92866161616165,8
2366,4,0,1,36,0.0,0.02702702702702703,0.972972972972973,37,1250,1000,250,0.8,15,10,5,392.76259642196726,0.4354041541541542,0.20233377293290822,0.22565033484995198,130585.0188277981,2857.7822097234894,133442.8010375216,954,14,191.54054054054055,32,5,16,34.43998352892732,0.6350911458333333,44.4760101010101,1022.095959595959,31.94049873737372,0
2367,4,1,0,37,0.02702702702702703,0.0,1.0,37,1350,1100,250,0.8148148148148148,16,11,5,394.3607315874903,0.4349036536536537,0.2153265484936313,0.21312486976628522,128176.49347005408,2709.555147433942,130886.04861748802,955,0,190.48648648648648,32,5,16,36.85993349958438,0.6106770833333333,46.843434343434346,1012.6262626262627,31.64457070707071,8
2368,4,0,0,37,0.0,0.0,1.0,37,1250,1100,150,0.88,14,11,3,394.96978081209056,0.43521646646646645,0.21755055142413338,0.21362458610207563,128208.45967567102,2727.693443271121,130936.15311894215,956,1,191.48648648648648,32,5,16,36.81170261397166,0.6110026041666667,46.8118686868687,1012.7525252525267,31.648516414141458,0
2369,4,0,1,36,0.0,0.02702702702702703,0.972972972972973,37,1000,800,200,0.8,12,8,4,386.29329433457974,0.4348410910910911,0.17279264033766673,0.21038870467610116,128485.98082768635,2530.4846876997894,131016.46551538614,957,2,192.48648648648648,33,4,14,36.7469227204964,0.6114267676767677,46.537990196078425,1013.8480392156853,30.722667855020767,8
2370,4,0,0,36,0.0,0.0,1.0,36,850,500,350,0.5882352941176471,12,5,7,390.6700348253617,0.4342427248677249,0.16931266342921214,0.2129987134882879,128528.34093778701,2842.4342860422475,131370.77522382926,958,3,193.38888888888889,32,4,15,36.59257875731541,0.6142578125,46.496212121212125,1014.015151515152,31.6879734848485,0
2371,4,0,0,36,0.0,0.0,1.0,36,700,500,200,0.7142857142857143,9,5,4,392.8502870986175,0.43467261904761906,0.17249059318282445,0.2143596131777238,128560.35098459339,2900.994158759308,131461.3451433527,959,4,194.38888888888889,32,4,15,36.50450282204514,0.6145833333333333,46.464646464646464,1014.141414141414,31.691919191919187,0
2372,4,1,3,34,0.02702702702702703,0.08108108108108109,0.9189189189189189,37,900,600,300,0.6666666666666666,12,6,6,381.15301700982184,0.43771896896896895,0.16315385995530862,0.2095456367568927,128858.98940611783,2422.9985161956965,131281.98792231354,960,0,190.1081081081081,33,4,16,36.4955491852746,0.6152146464646464,46.1703431372549,1015.3186274509804,30.767231134878195,0
2373,4,0,0,34,0.0,0.0,1.0,34,800,700,100,0.875,9,7,2,409.1851346650609,0.4363302139037433,0.1884097930940707,0.22297583230488668,128507.33651055236,3716.658359103738,132223.9948696561,961,1,204.58823529411765,31,3,16,36.144776550661355,0.6165994623655914,46.516927083333336,1013.9322916666671,32.7074932795699,0
2374,4,0,0,34,0.0,0.0,1.0,34,1100,900,200,0.8181818181818182,13,9,4,409.9362431607606,0.4362745098039216,0.19183359013867474,0.2235702704296921,128540.34423828126,3738.6691623263896,132279.01340060766,962,2,205.58823529411765,31,3,16,36.091850710494775,0.6169354838709677,46.484375,1014.0625000000001,32.7116935483871,0
2375,4,0,0,34,0.0,0.0,1.0,34,900,600,300,0.6666666666666666,12,6,6,409.9362431607606,0.4360331253713607,0.19183359013867474,0.2235702704296921,128540.34423828126,3738.6691623263896,132279.01340060766,963,3,206.58823529411765,31,3,16,36.091850710494775,0.6169354838709677,46.484375,1014.0625000000001,32.7116935483871,0
2376,4,0,0,34,0.0,0.0,1.0,34,500,200,300,0.4,8,2,6,410.7723399732528,0.4362373737373737,0.1977507984325806,0.22458437198116585,128639.3928527832,3768.300882975261,132407.69373575845,964,4,207.58823529411765,31,3,16,35.968986651264274,0.6179435483870968,46.38671875,1014.453125,32.72429435483871,0
2377,4,0,0,34,0.0,0.0,1.0,34,1050,700,350,0.6666666666666666,14,7,7,416.86350197437343,0.4359774212715389,0.2008804291243238,0.2290545965394073,128837.60452270508,3941.539001464844,132779.14352416992,965,5,208.58823529411765,31,3,17,35.611052327818385,0.6199596774193548,46.19140625,1015.234375,32.749495967741936,0
2378,4,0,0,34,0.0,0.0,1.0,34,900,600,300,0.6666666666666666,12,6,6,416.3892176199869,0.4361631016042781,0.2005128205128206,0.2293669419093147,128936.767578125,3937.5759548611118,132874.34353298612,966,6,209.58823529411765,31,3,18,35.521367521367516,0.6209677419354839,46.09375,1015.625,32.76209677419355,0
2379,4,0,0,34,0.0,0.0,1.0,34,700,400,300,0.5714285714285714,10,4,6,416.321744977919,0.4363116458704694,0.20417065685394742,0.2295212673196289,128969.83040703674,3938.5889689127703,132908.4193759495,967,7,210.58823529411765,31,3,18,35.48917339657309,0.6213037634408602,46.06119791666667,1015.7552083333339,32.76629704301077,0
2380,4,0,0,34,0.0,0.0,1.0,34,1450,1300,150,0.896551724137931,16,13,3,423.6760794526742,0.4360331253713607,0.21203979349587332,0.2343580297752036,129102.1241082086,4139.496358235682,133241.6204664443,968,8,211.58823529411765,31,3,18,35.16669335895792,0.6226478494623655,45.930989583333336,1016.2760416666671,32.78309811827958,0
2381,4,0,0,34,0.0,0.0,1.0,34,650,300,350,0.46153846153846156,10,3,7,421.6575115528952,0.4354389483065954,0.20596272293540463,0.23363830870697588,129169.29913082856,4093.04104810735,133262.3401789359,969,9,212.58823529411765,32,2,19,35.14910156088272,0.6207682291666667,45.864898989899,1016.5404040404046,31.766887626262644,0
2382,4,0,0,34,0.0,0.0,1.0,34,600,500,100,0.8333333333333334,7,5,2,417.74179449236897,0.4351604278074866,0.20392312357139541,0.23205832724884456,129269.72229448489,4000.2811240910555,133270.00341857594,970,10,213.58823529411765,30,4,19,35.14571768437749,0.6270833333333333,45.766129032258064,1016.9354838709676,33.897849462365585,0
2383,4,1,0,35,0.02857142857142857,0.0,1.0,35,800,500,300,0.625,11,5,6,406.112386615981,0.43539915966386555,0.21022494887525545,0.2282631690289825,129731.4453125001,3537.1093750000136,133268.55468750012,971,0,208.45714285714286,31,4,16,34.96932515337424,0.6290322580645161,45.31250000000001,1018.7500000000008,32.86290322580648,0
2384,4,1,0,36,0.027777777777777776,0.0,1.0,36,1250,1000,250,0.8,15,10,5,396.734603798293,0.43634259259259256,0.20985688920928625,0.22478026599136788,130043.75007509143,3118.571132497134,133162.32120758857,972,0,203.63888888888889,33,3,17,34.889638151307636,0.627209595959596,45.0061274509804,1019.9754901960794,30.90834818775998,0
2385,4,1,1,36,0.02702702702702703,0.02702702702702703,0.972972972972973,37,600,600,0,1.0,6,6,0,385.6632423645775,0.4381256256256256,0.20535610021927853,0.2200922010535386,130325.14537677832,2652.5075992406987,132977.65297601902,973,0,199.1081081081081,33,4,18,34.8855816930709,0.630050505050505,44.730392156862756,1021.0784313725503,30.94177064765304,0
2386,4,0,1,35,0.0,0.027777777777777776,0.9722222222222222,36,1200,700,500,0.5833333333333334,17,7,10,385.6418948788007,0.43716931216931215,0.19515872034724802,0.22045634541870127,130391.51178770047,2856.8859363840743,133248.39772408453,927,1,178.61111111111111,32,4,19,34.81863229900689,0.6331380208333333,44.665404040404056,1021.3383838383857,31.91682449494955,0
2387,4,1,0,36,0.027777777777777776,0.0,1.0,36,750,400,350,0.5333333333333333,11,4,7,383.6099952741022,0.4369874338624338,0.1998037439613527,0.2205757472826088,130617.28395061736,2821.2191358024807,133438.50308641983,928,0,177.97222222222223,32,4,15,34.64107789855074,0.6354166666666667,44.44444444444445,1022.2222222222229,31.944444444444464,0
2388,4,0,2,34,0.0,0.05555555555555555,0.9444444444444444,36,1000,600,400,0.6,14,6,8,384.0855525237415,0.4368716931216931,0.19998147462022975,0.221033455492874,130649.5530589992,2836.1211547291264,133485.6742137283,929,1,178.97222222222223,32,4,15,34.596146721007784,0.6357421875,44.412878787878796,1022.3484848484859,31.948390151515184,0
2389,4,0,0,34,0.0,0.0,1.0,34,850,400,450,0.47058823529411764,13,4,9,406.60889973454067,0.4333778966131907,0.21865493137641945,0.23249217675566392,130399.83171826223,3804.3464201063707,134204.1781383686,930,2,188.7941176470588,30,4,19,34.274794929157345,0.6385416666666667,44.65725806451613,1021.3709677419355,34.045698924731184,0
2390,4,0,0,34,0.0,0.0,1.0,34,1150,1000,150,0.8695652173913043,13,10,3,406.60889973454067,0.43321078431372545,0.21865493137641945,0.23249217675566392,130399.83171826223,3804.3464201063707,134204.1781383686,931,3,189.7941176470588,30,4,19,34.274794929157345,0.6385416666666667,44.65725806451613,1021.3709677419355,34.045698924731184,0
2391,4,0,0,34,0.0,0.0,1.0,34,750,400,350,0.5333333333333333,11,4,7,408.039122985453,0.43261660724896017,0.22661720218799108,0.23413746807987904,130537.14889365813,3852.8527503179425,134390.00164397608,932,4,190.7941176470588,30,4,17,34.098382217545705,0.6399305555555556,44.522849462365585,1021.9086021505368,34.06362007168456,0
2392,4,0,0,34,0.0,0.0,1.0,34,1400,1000,400,0.7142857142857143,18,10,8,405.43263164932125,0.43166963755199045,0.2269431836905884,0.2337935307616572,130728.22570800794,3800.297715928833,134528.52342393677,933,5,191.7941176470588,31,3,18,33.970482132246836,0.6391129032258065,44.33593750000001,1022.656250000001,32.98891129032261,0
2393,4,0,0,34,0.0,0.0,1.0,34,1500,1000,500,0.6666666666666666,20,10,10,405.12362440444383,0.4318553178847297,0.2236387046546795,0.23442278649264509,130861.41798231342,3803.01038953994,134664.42837185337,934,6,192.7941176470588,31,3,18,33.842898956477484,0.6404569892473118,44.20572916666667,1023.1770833333338,33.005712365591414,0
2394,4,0,0,34,0.0,0.0,1.0,34,950,600,350,0.631578947368421,13,6,7,403.4229942370363,0.4315953654188948,0.21884457669557644,0.23372004062124221,130907.84940631059,3762.247315324968,134670.09672163555,935,7,193.7941176470588,32,2,18,33.8391939132223,0.6383463541666667,44.160353535353536,1023.3585858585859,31.97995580808081,0
2395,4,0,0,34,0.0,0.0,1.0,34,1150,700,450,0.6086956521739131,16,7,9,400.88832788421485,0.4307412358882947,0.2149187378070445,0.23342463944500152,131101.7390604277,3711.431390929517,134813.17045135723,936,8,194.7941176470588,32,2,20,33.70705420622201,0.6402994791666667,43.970959595959606,1024.116161616163,32.003630050505095,0
2396,4,0,1,33,0.0,0.029411764705882353,0.9705882352941176,34,1050,600,450,0.5714285714285714,15,6,9,399.76766513712874,0.42960858585858586,0.2123844731977822,0.23355756678097925,131231.0785410928,3692.388372359975,134923.46691345278,937,9,195.7941176470588,32,2,20,33.60443622920518,0.6416015625,43.844696969696976,1024.6212121212127,32.0194128787879,0
2397,4,1,0,34,0.029411764705882353,0.0,1.0,34,750,500,250,0.6666666666666666,10,5,5,391.3216006596411,0.43018419489007725,0.20349358017318653,0.2308094470956564,131595.1877170138,3499.2437693698253,135094.4314863836,938,0,193.73529411764707,31,3,18,33.45177664974621,0.6478494623655914,43.48958333333333,1026.0416666666658,33.09811827956987,0
2398,4,0,0,34,0.0,0.0,1.0,34,1100,700,400,0.6363636363636364,15,7,8,394.86558137128395,0.429794266191325,0.2086280478705942,0.233717736000841,131728.82080078125,3603.0354817708326,135331.8562825521,939,1,194.73529411764707,31,3,19,33.225520040588535,0.6491935483870968,43.359375,1026.5625,33.11491935483871,0
2399,4,0,0,34,0.0,0.0,1.0,34,1150,800,350,0.6956521739130435,15,8,7,390.65532167301467,0.42918152109328583,0.20430159641496326,0.2322441471498427,131895.95752292214,3505.171542697487,135401.12906561964,940,2,195.73529411764707,31,3,19,33.16445366966662,0.6508736559139785,43.196614583333336,1027.213541666667,33.13592069892474,0
2400,4,0,0,34,0.0,0.0,1.0,34,900,600,300,0.6666666666666666,12,6,6,390.05365938579064,0.4284387997623292,0.20074636952049119,0.22110567059538982,130063.28158908432,3347.285461425791,133410.56705051012,941,3,196.73529411764707,31,3,19,35.04010296996,0.6323924731182795,44.98697916666667,1020.0520833333343,32.904905913978524,8
2401,4,0,0,34,0.0,0.0,1.0,34,1200,800,400,0.6666666666666666,16,8,8,393.1783724545361,0.4282345513963161,0.19941559074847914,0.2242117540666195,130295.81917656798,3445.89962429471,133741.7188008627,942,4,197.73529411764707,31,3,20,34.723594992135354,0.634744623655914,44.759114583333336,1020.9635416666671,32.934307795698935,0
2402,4,0,0,34,0.0,0.0,1.0,34,1100,800,300,0.7272727272727273,14,8,6,393.1063982246856,0.4277517825311943,0.2066771641735088,0.224939437933819,130428.79104614258,3454.4784545898438,133883.26950073242,943,5,198.73529411764707,31,3,20,34.59010516252389,0.6360887096774194,44.62890625,1021.484375,32.951108870967744,0
2403,4,0,0,34,0.0,0.0,1.0,34,900,600,300,0.6666666666666666,12,6,6,369.26420157761663,0.4273061497326203,0.18634126802471962,0.193675305725403,126968.47366397538,2576.9824106113037,129545.45607458669,944,6,199.73529411764707,33,1,21,38.73520590142672,0.595959595959596,48.03921568627451,1007.8431372549019,30.54070112893642,8
2404,4,1,0,35,0.02857142857142857,0.0,1.0,35,850,600,250,0.7058823529411765,11,6,5,364.3507788364434,0.4303921568627451,0.1982178651439359,0.19324946562300638,127422.33737244875,2285.2855725623317,129707.62294501108,945,0,195.0,34,1,18,38.392681680619425,0.5983455882352942,47.5892857142857,1009.6428571428552,29.695378151260446,0
2405,4,1,1,35,0.027777777777777776,0.027777777777777776,0.9722222222222222,36,1000,700,300,0.7,13,7,6,356.8108744109211,0.43133267195767194,0.19694396743624054,0.1908599502743045,127763.95486379012,1917.5136906292678,129681.46855441938,946,0,190.55555555555554,35,1,21,38.23280385422631,0.5997023809523809,47.2511574074074,1010.9953703703688,28.885582010581967,0
2406,4,0,0,35,0.0,0.0,1.0,35,1100,800,300,0.7272727272727273,14,8,6,358.8491383872069,0.43032212885154064,0.18981764657780764,0.19195022803504286,127763.95486379012,2169.5970239626013,129933.55188775272,947,1,191.97142857142856,35,0,22,38.18128696813587,0.5997023809523809,47.2511574074074,1010.9953703703688,28.885582010581967,0
2407,4,0,0,35,0.0,0.0,1.0,35,1300,1100,200,0.8461538461538461,15,11,4,358.8491383872069,0.43032212885154064,0.18981764657780764,0.19195022803504286,127763.95486379012,2169.5970239626013,129933.55188775272,948,2,192.97142857142856,35,0,22,38.18128696813587,0.5997023809523809,47.2511574074074,1010.9953703703688,28.885582010581967,0
2408,4,2,1,36,0.05405405405405406,0.02702702702702703,0.972972972972973,37,1200,700,500,0.5833333333333334,17,7,10,342.33837905003253,0.4345908408408408,0.18675688022421721,0.18595005254107194,128379.01341735231,1390.9446266289158,129769.95804398123,949,0,183.48648648648648,35,2,19,37.970153799299524,0.605952380952381,46.643518518518505,1013.425925925924,28.955026455026402,0
2409,4,0,0,36,0.0,0.0,1.0,36,1050,700,350,0.6666666666666666,14,7,7,349.1537163659502,0.43255621693121693,0.1870030940351708,0.18939753218550645,128325.39859693851,1761.0579648525754,130086.45656179108,950,1,189.58333333333334,34,2,23,37.852240238123194,0.6075367647058824,46.696428571428555,1013.2142857142835,29.800420168067163,0
2410,4,1,0,37,0.02702702702702703,0.0,1.0,37,1200,900,300,0.75,15,9,6,337.00697584752913,0.43355855855855857,0.18329783723790372,0.18447344182176387,128686.69979100706,1273.6631056732194,129960.36289668028,951,0,185.43243243243242,36,1,20,37.79157417684054,0.6070601851851851,46.34009009009008,1014.6396396396384,28.1844344344344,0
2411,4,0,0,37,0.0,0.0,1.0,37,1000,700,300,0.7,13,7,6,337.82422271101217,0.4334021521521521,0.18224726446184292,0.18532012898930925,128772.40997331786,1300.4878611719744,130072.89783448984,952,1,186.43243243243242,36,1,20,37.68353119568032,0.6079282407407407,46.25563063063063,1014.9774774774771,28.19381881881881,0
2412,4,0,0,37,0.0,0.0,1.0,37,800,500,300,0.625,11,5,6,337.1756177432371,0.4330267767767768,0.17834335415328972,0.18540654514859703,128867.17547706972,1290.1738996614142,130157.34937673113,953,2,187.43243243243242,37,0,20,37.60349172066233,0.6069819819819819,46.162280701754376,1015.3508771929812,27.441915599810304,0
2413,4,0,0,37,0.0,0.0,1.0,37,900,600,300,0.6666666666666666,12,6,6,337.35432121965977,0.43283908908908914,0.17427531158101095,0.1860268114154123,128978.5318559556,1302.2930132348306,130280.82486919043,954,3,188.43243243243242,37,0,22,37.48560736902703,0.6081081081081081,46.05263157894736,1015.78947368421,27.4537695590327,0
2414,4,2,1,38,0.05128205128205128,0.02564102564102564,0.9743589743589743,39,850,400,450,0.47058823529411764,13,4,9,325.1600373750399,0.4381185335132704,0.1783795578904923,0.18172550433187784,129508.13140822161,622.5585035780078,130130.68991179962,955,0,179.71794871794873,37,2,19,37.25750924629249,0.6134572072072072,45.53179824561403,1017.8728070175426,27.51007586533899,0
2415,4,0,0,38,0.0,0.0,1.0,38,850,500,350,0.5882352941176471,12,5,7,331.94197440991485,0.4355292792792793,0.1745055777240554,0.18501515970349036,129401.82317029856,990.7793350783069,130392.60250537687,956,1,185.44736842105263,36,2,23,37.19286109573877,0.6142939814814814,45.636261261261254,1017.4549549549541,28.262637637637614,0
2416,4,0,0,38,0.0,0.0,1.0,38,1400,1100,300,0.7857142857142857,17,11,6,331.19247712615817,0.43508475580844,0.17340979832971448,0.18509691542216256,129508.1314082215,978.4237698137574,130486.55517803525,957,2,186.44736842105263,37,1,19,37.104002836726615,0.6134572072072072,45.53179824561402,1017.8728070175417,27.510075865338965,0
2417,4,0,0,38,0.0,0.0,1.0,38,650,500,150,0.7692307692307693,8,5,3,335.04467249935294,0.4346254148885728,0.18319053447572453,0.18791635979311494,129647.68005540135,1087.5529008925464,130735.2329562939,958,3,187.44736842105263,37,1,20,36.86432314097041,0.6148648648648649,45.394736842105246,1018.4210526315765,27.52489331436693,0
2418,4,1,0,39,0.02564102564102564,0.0,1.0,39,1000,500,500,0.5,15,5,10,394.8061082771908,0.4358974358974359,0.13989943803608407,0.21704706537970428,128858.1486892297,2405.1186705534515,131263.26735978315,959,0,183.6153846153846,36,3,17,36.14985396332446,0.6087962962962963,46.17117117117117,1015.3153153153148,28.203203203203188,8
2419,4,0,1,38,0.0,0.02564102564102564,0.9743589743589743,39,1550,1200,350,0.7741935483870968,19,12,7,399.2347606653841,0.43581309041835353,0.1370344163206847,0.22059370762301064,129058.31665702879,2504.9132324892607,131563.22988951806,960,1,184.6153846153846,36,3,17,35.83250212420113,0.6108217592592593,45.97409909909911,1016.1036036036047,28.225100100100132,0
2420,4,0,0,38,0.0,0.0,1.0,38,1300,1000,300,0.7692307692307693,16,10,6,404.6383651193973,0.4332177572309151,0.15463111143078034,0.22388969654148885,129113.15164448298,2848.826919367278,131961.97856385025,961,2,190.07894736842104,35,3,18,35.639092927912536,0.6133928571428571,45.920138888888886,1016.319444444444,29.0376984126984,0
2421,4,1,1,38,0.02564102564102564,0.02564102564102564,0.9743589743589743,39,1450,1100,350,0.7586206896551724,18,11,7,387.4548232507924,0.43457602339181284,0.15461181154611836,0.21706112217061133,129602.41280131489,2243.0159889619426,131845.42879027684,962,0,186.17948717948718,36,3,17,35.57610779326109,0.6163194444444444,45.43918918918919,1018.2432432432437,28.284534534534547,0
2422,4,0,1,37,0.0,0.02631578947368421,0.9736842105263158,38,1000,800,200,0.8,12,8,4,396.5599793113095,0.43096550497866287,0.1652626792626668,0.2220584429027112,129584.09857521014,2677.5734900120137,132261.67206522214,963,4,192.07894736842104,35,3,17,35.3630262210602,0.6181547619047619,45.45717592592593,1018.171296296297,29.090608465608486,0
2423,4,0,0,37,0.0,0.0,1.0,37,850,500,350,0.5882352941176471,12,5,7,402.11347081153167,0.4278966466466467,0.1752805437015963,0.22471046898291483,129504.14540816336,3015.072278911576,132519.21768707494,964,5,198.05405405405406,34,3,18,35.30336257309942,0.6194852941176471,45.53571428571429,1017.8571428571436,29.936974789915986,0
2424,4,0,0,37,0.0,0.0,1.0,37,1150,900,250,0.782608695652174,14,9,5,403.58719886210895,0.42864739739739743,0.1803907940670071,0.22640580237805522,129655.65653344677,3065.4726473922988,132721.12918083908,965,6,199.05405405405406,34,3,18,35.111046171829344,0.6210171568627452,45.386904761904766,1018.4523809523814,29.9544817927171,0
2425,4,1,0,38,0.02631578947368421,0.0,1.0,38,950,500,450,0.5263157894736842,14,5,9,392.59953889748056,0.43277323376007587,0.19412215824913837,0.2227025186519903,130090.20580969517,2614.6709631929625,132704.87677288812,966,0,194.78947368421052,36,2,20,34.947749935607334,0.6212384259259259,44.960585585585605,1020.1576576576604,28.337712712712786,0
2426,4,0,0,38,0.0,0.0,1.0,38,750,600,150,0.8,9,6,3,390.770249505488,0.432654694167852,0.19267944167891282,0.22199180130214635,130147.65346004823,2571.5662030273957,132719.2196630756,967,1,195.78947368421052,36,2,20,34.935897435897445,0.6218171296296297,44.9042792792793,1020.3828828828857,28.343968968969047,0
2427,4,1,0,39,0.02564102564102564,0.0,1.0,39,1600,1300,300,0.8125,19,13,6,383.4138135260988,0.4349696356275304,0.1993398880073849,0.22063154494306403,130646.86381440761,2218.463908865542,132865.32772327316,968,0,191.74358974358975,35,4,18,34.61604683195592,0.6288690476190476,44.41550925925926,1022.3379629629633,29.209656084656093,0
2428,4,0,0,39,0.0,0.0,1.0,39,700,400,300,0.5714285714285714,10,4,6,382.436884706193,0.4342948717948718,0.20392102239091847,0.22057521627049087,130735.62349965703,2199.624914266115,132935.24841392314,969,1,192.74358974358975,35,4,19,34.55089029726875,0.6297619047619047,44.3287037037037,1022.6851851851849,29.21957671957671,0
2429,4,0,0,39,0.0,0.0,1.0,39,1700,1200,500,0.7058823529411765,22,12,10,380.6220724025135,0.43342330184435446,0.20124768343295663,0.2203719542967008,130883.62328800155,2163.439187885804,133047.06247588736,970,2,193.74358974358975,35,4,19,34.44710722768918,0.63125,44.18402777777778,1023.2638888888889,29.23611111111111,0
2430,4,0,0,39,0.0,0.0,1.0,39,1100,700,400,0.6363636363636364,15,7,8,381.55584984232166,0.4331983805668016,0.2046296457329695,0.2217636693630209,131031.70680084024,2199.1828489369072,133230.88964977715,971,3,194.74358974358975,35,4,19,34.273023588816045,0.6327380952380952,44.039351851851855,1023.842592592593,29.252645502645514,0
2431,4,0,0,39,0.0,0.0,1.0,39,1250,1000,250,0.8,15,10,5,380.6709257634474,0.43291722896986057,0.20266895026047282,0.22198675333845966,131159.5935768697,2185.728781932891,133345.32235880257,972,4,195.74358974358975,37,2,19,34.16604224648541,0.6300675675675675,43.91447368421052,1024.342105263157,27.68492176386911,0
2432,4,0,0,39,0.0,0.0,1.0,39,1050,600,450,0.5714285714285714,15,6,9,379.86156386733666,0.43286099865047234,0.2023627275071742,0.22216434142078406,131271.93583602647,2173.0325677131405,133444.96840373962,973,5,196.74358974358975,37,2,19,34.0729545616663,0.6311936936936937,43.80482456140351,1024.780701754386,27.696775723091513,0
2433,4,0,2,37,0.0,0.05128205128205128,0.9487179487179487,39,900,600,300,0.6666666666666666,12,6,6,378.8106937072346,0.4323549257759784,0.20051408240131852,0.2217121824722305,131300.028915147,2147.571007425361,133447.59992257238,974,6,197.74358974358975,37,2,19,34.071426660960725,0.6314752252252251,43.77741228070175,1024.8903508771932,27.699739212897114,0
2434,4,0,0,37,0.0,0.0,1.0,37,1700,1400,300,0.8235294117647058,20,14,6,397.80781799092654,0.4312124624624625,0.2218395962889359,0.2324615585923214,131239.1643759644,3041.593123070978,134280.7574990354,975,7,207.43243243243242,35,2,20,33.646433412402565,0.6348214285714286,43.83680555555555,1024.652777777777,29.275793650793627,0
2435,4,0,0,37,0.0,0.0,1.0,37,1000,700,300,0.7,13,7,6,397.9112961861323,0.4307745245245245,0.22522522522522492,0.23306233062330622,131328.12500000015,3051.3888888889032,134379.51388888905,976,8,208.43243243243242,35,2,20,33.55352303523034,0.6357142857142857,43.75000000000001,1025.0000000000011,29.285714285714317,0
2436,4,1,1,37,0.02631578947368421,0.02631578947368421,0.9736842105263158,38,1000,600,400,0.6,14,6,8,383.3252199819767,0.4320619962067331,0.20307957040289537,0.22697561423498905,131743.67310742466,2500.1344950274433,134243.8076024521,977,0,203.92105263157896,35,3,17,33.506670424652384,0.6398809523809523,43.34490740740741,1026.6203703703711,29.332010582010604,0
2437,4,0,1,36,0.0,0.02702702702702703,0.972972972972973,37,550,300,250,0.5454545454545454,8,3,5,391.509219802083,0.4294607107107107,0.20619946936957834,0.23078156335529076,131572.2859977324,2902.352607709745,134474.63860544213,978,10,210.43243243243242,34,3,17,33.47015935638585,0.6403186274509804,43.51190476190476,1025.9523809523807,30.1750700280112,0
2438,4,1,0,37,0.02702702702702703,0.0,1.0,37,1150,800,350,0.6956521739130435,15,8,7,389.68437663037173,0.43005505505505504,0.20720616292657557,0.23137007000620893,131847.2381660997,2875.761763038538,134722.99992913826,979,0,208.8108108108108,34,3,18,33.23866929407673,0.6430759803921569,43.24404761904761,1027.023809523809,30.206582633053205,0
2439,4,1,0,38,0.02631578947368421,0.0,1.0,38,750,600,150,0.8,9,6,3,370.29274217242653,0.43120258416311047,0.1539707682338538,0.20352180039702528,128848.62075617276,1944.6377393549897,130793.25849552776,980,0,204.28947368421052,35,3,16,36.78180574555403,0.6107142857142858,46.18055555555555,1015.2777777777771,29.00793650793649,8
2440,4,0,1,37,0.0,0.02631578947368421,0.9736842105263158,38,1100,900,200,0.8181818181818182,13,9,4,371.4082840236685,0.43132112375533427,0.15910931174089038,0.20458930899608874,128936.76757812513,1977.636718750015,130914.40429687515,981,1,205.28947368421052,35,3,16,36.66346153846154,0.6116071428571428,46.09375000000001,1015.625000000001,29.01785714285717,0
2441,4,0,0,37,0.0,0.0,1.0,37,900,600,300,0.6666666666666666,12,6,6,380.30412683837653,0.4299924924924925,0.1567294983502321,0.20881218863817383,128808.33510487543,2397.268282312939,131205.60338718837,982,2,211.78378378378378,34,3,16,36.56888901919393,0.6124387254901961,46.2202380952381,1015.1190476190487,29.856442577030844,0
2442,4,0,0,37,0.0,0.0,1.0,37,1050,600,450,0.5714285714285714,15,6,9,380.5752815042142,0.42964839839839836,0.160134343018282,0.2094391710471582,128898.98667800475,2411.153628117941,131310.1403061227,983,3,212.78378378378378,34,3,17,36.46932395466982,0.6133578431372548,46.130952380952394,1015.4761904761922,29.866946778711537,0
2443,4,0,2,35,0.0,0.05405405405405406,0.9459459459459459,37,1050,600,450,0.5714285714285714,15,6,9,382.2554252859942,0.4294294294294294,0.15447272911533538,0.21100697279370462,129019.90504535152,2463.7117346938876,131483.6167800454,984,4,213.78378378378378,34,3,18,36.303072025623,0.6145833333333333,46.011904761904766,1015.9523809523813,29.88095238095239,0
2444,4,0,0,35,0.0,0.0,1.0,35,800,500,300,0.625,11,5,6,392.43584128420713,0.42696078431372547,0.1593934171980007,0.21659741173409316,129014.56921616697,3125.988201653222,132140.5574178202,985,5,222.94285714285715,33,2,18,36.04995979091275,0.6167929292929293,46.017156862745104,1015.9313725490206,30.78579916815214,0
2445,4,0,0,35,0.0,0.0,1.0,35,800,600,200,0.75,10,6,4,390.8846634735206,0.42668067226890755,0.15778375025842517,0.2160810419681621,129076.82742214527,3090.8304498269845,132167.65787197225,986,6,223.94285714285715,33,2,19,36.02568740955139,0.6174242424242424,45.955882352941174,1016.1764705882348,30.79322638146166,0
2446,4,1,0,36,0.027777777777777776,0.0,1.0,36,1150,800,350,0.6956521739130435,15,8,7,382.5146112419127,0.429265873015873,0.1555652030100061,0.213858030224154,129522.50567544128,2708.9703272016254,132231.4760026429,987,0,218.69444444444446,32,4,17,35.783356073761695,0.6243489583333333,45.51767676767677,1017.9292929292928,31.8102904040404,0
2447,4,0,0,36,0.0,0.0,1.0,36,750,600,150,0.8,9,6,3,383.68617617873224,0.429265873015873,0.15873409353825796,0.2155696427165749,129715.36705438237,2753.998635343351,132469.36568972573,988,1,219.69444444444446,32,4,18,35.55688109403405,0.6263020833333333,45.32828282828284,1018.6868686868701,31.83396464646469,0
2448,4,0,1,35,0.0,0.027777777777777776,0.9722222222222222,36,850,600,250,0.7058823529411765,11,6,5,382.93214098889905,0.42962962962962964,0.15963871519427086,0.21574957211813567,129825.09731833897,2742.8404940407345,132567.9378123797,989,2,220.69444444444446,33,3,18,35.464265672599005,0.625,45.22058823529411,1019.1176470588225,30.88235294117644,0
2449,4,1,0,36,0.027777777777777776,0.0,1.0,36,1150,900,250,0.782608695652174,14,9,5,381.10438239644986,0.4331845238095238,0.16200587606837624,0.21540682483277587,129950.01922337554,2704.9043637062578,132654.9235870818,990,0,219.88888888888889,33,3,20,35.38361378205129,0.6262626262626263,45.09803921568627,1019.6078431372542,30.897207367795584,0
2450,4,0,2,34,0.0,0.05555555555555555,0.9444444444444444,36,950,500,450,0.5263157894736842,14,5,9,380.78669253244567,0.43373015873015874,0.1639169202840518,0.21591746789101346,130075.00120146097,2706.1658977316433,132781.16709919262,991,1,220.88888888888889,33,3,20,35.264496235784094,0.6275252525252526,44.97549019607843,1020.0980392156862,30.912061794414733,0
2451,4,0,0,34,0.0,0.0,1.0,34,750,300,450,0.4,12,3,9,388.88821426757795,0.43452911467617344,0.13545581679923036,0.2199342589933448,129972.73875114802,3308.9732552800924,133281.7120064281,992,2,208.8235294117647,32,2,20,35.16205423476968,0.62890625,45.075757575757585,1019.6969696969711,31.865530303030347,0
2452,4,0,1,33,0.0,0.029411764705882353,0.9705882352941176,34,700,500,200,0.7142857142857143,9,5,4,389.2433919464153,0.43452911467617344,0.13404032240449082,0.22068051673930472,130069.31889921964,3325.724575298459,133395.04347451808,993,3,209.8235294117647,32,2,21,35.05461690803317,0.6298828125,44.981060606060616,1020.075757575759,31.87736742424247,0
2453,4,0,0,33,0.0,0.0,1.0,33,1100,1100,0,1.0,11,11,0,391.5255072008329,0.4330808080808081,0.14614753971568661,0.22231839669751657,130129.69970703135,3589.8193359375136,133719.51904296887,994,4,215.0909090909091,31,2,21,34.93491577335376,0.6330645161290323,44.92187500000001,1020.3125000000008,32.91330645161293,0
2454,4,0,0,33,0.0,0.0,1.0,33,1050,700,350,0.6666666666666666,14,7,7,391.670137442732,0.4320943813131313,0.1508967223252935,0.22316089226388233,130262.58680555563,3603.993055555565,133866.5798611112,995,5,216.0909090909091,31,2,21,34.795918367346935,0.6344086021505376,44.79166666666667,1020.833333333334,32.93010752688174,0
2455,4,0,0,33,0.0,0.0,1.0,33,950,700,250,0.7368421052631579,12,7,5,391.34484752775757,0.4317392676767677,0.14795236218342556,0.22335708109990368,130329.05578613291,3600.720893012167,133929.77667914508,996,6,217.0909090909091,31,2,21,34.736568052367595,0.6350806451612903,44.72656250000001,1021.0937500000008,32.93850806451616,0
2456,4,1,0,34,0.029411764705882353,0.0,1.0,34,450,300,150,0.6666666666666666,6,3,3,381.4278915207571,0.43393493761140817,0.14738574199594612,0.2195040254188751,130649.55305899921,3166.676710284681,133816.2297692839,997,0,211.6764705882353,32,2,18,34.66407311349882,0.6357421875,44.412878787878796,1022.348484848486,31.948390151515188,0
2457,4,0,0,34,0.0,0.0,1.0,34,1300,1100,200,0.8461538461538461,15,11,4,380.63729352902334,0.4334707367795603,0.14610016565044237,0.2195174992743402,130732.14215986655,3152.3057537966374,133884.44791366317,998,1,212.6764705882353,33,1,18,34.600434391851415,0.6341540404040404,44.332107843137265,1022.6715686274522,30.990047534165218,0
2458,4,1,2,33,0.02857142857142857,0.05714285714285714,0.9428571428571428,35,700,600,100,0.8571428571428571,8,6,2,371.112851377007,0.435609243697479,0.1413456907004167,0.21581755474602038,131053.71492346955,2727.143565759657,133780.8584892292,999,0,207.57142857142858,34,1,20,34.51803084912608,0.6351102941176471,44.01785714285715,1023.9285714285728,30.115546218487435,0
2459,4,0,0,33,0.0,0.0,1.0,33,1200,900,300,0.75,15,9,6,390.2858280449324,0.4298453282828283,0.15546479357883958,0.22554178165620875,130810.95838434875,3610.7326420773666,134421.69102642612,1000,1,219.36363636363637,32,1,21,34.27368756685591,0.6373697916666667,44.25505050505052,1022.9797979797997,31.968118686868742,0
2460,4,1,0,34,0.029411764705882353,0.0,1.0,34,800,600,200,0.75,10,6,4,411.16628653199336,0.4321524064171123,0.19159095853620123,0.23446944383253532,130295.81917656795,4158.825122968316,134454.64429953627,1001,0,213.88235294117646,31,3,20,34.26446988054246,0.634744623655914,44.759114583333336,1020.9635416666669,32.93430779569893,8
2461,4,1,2,33,0.02857142857142857,0.05714285714285714,0.9428571428571428,35,750,400,350,0.5333333333333333,11,4,7,399.94678765452244,0.435609243697479,0.18692960330199493,0.23054583866291664,130714.10323245084,3455.7371377920736,134169.84037024292,1002,0,208.74285714285713,32,3,17,34.125097748693264,0.6363932291666667,44.34974747474748,1022.6010101010107,31.956281565656585,0
2462,4,1,0,34,0.029411764705882353,0.0,1.0,34,650,500,150,0.7692307692307693,8,5,3,405.7657905273149,0.4334521687462864,0.2140034280667351,0.23499729902388855,130894.72664727108,3822.5204467773483,134717.24709404842,1003,0,214.26470588235293,31,3,18,33.792599779446064,0.6407930107526882,44.173177083333336,1023.3072916666669,33.00991263440861,0
2463,4,1,0,35,0.02857142857142857,0.0,1.0,35,1300,1000,300,0.7692307692307693,16,10,6,392.1091266470918,0.43368347338935576,0.20950035186488414,0.23005246447791794,131392.84256708494,3304.066549331697,134696.90911641665,1004,0,209.11428571428573,32,3,20,33.63659688013137,0.6432291666666667,43.686868686868685,1025.252525252525,32.039141414141405,0
2464,4,0,1,34,0.0,0.02857142857142857,0.9714285714285714,35,1500,1300,200,0.8666666666666667,17,13,4,384.6037275570706,0.4335434173669468,0.1267642410499552,0.216691368452886,129825.09731833899,3002.568136628227,132827.6654549672,1005,1,210.11428571428573,33,2,19,35.42167708834375,0.625,45.22058823529411,1019.1176470588226,30.882352941176443,8
2465,4,0,1,33,0.0,0.029411764705882353,0.9705882352941176,34,1250,1000,250,0.8,15,10,5,381.87552574465315,0.432449494949495,0.10720216764268842,0.21596825951777446,129972.73875114789,3126.681588613412,133099.4203397613,1006,2,210.0,32,2,19,35.340824665676074,0.62890625,45.07575757575758,1019.69696969697,31.86553030303031,0
2466,4,1,0,34,0.029411764705882353,0.0,1.0,34,950,700,250,0.7368421052631579,12,7,5,378.8340996985795,0.4305555555555556,0.10760295209397808,0.21531203894261033,130165.93491735533,3062.258953168037,133228.19387052336,1007,0,210.8235294117647,32,2,21,35.221789161098734,0.630859375,44.88636363636363,1020.4545454545452,31.889204545454536,0
2467,4,0,0,34,0.0,0.0,1.0,34,1100,800,300,0.7272727272727273,14,8,6,379.0894742403297,0.43018419489007725,0.10464304416128467,0.21653076748981537,130359.27456382001,3083.565771349859,133442.84033516987,1008,1,211.8235294117647,32,2,22,35.01870054401581,0.6328125,44.696969696969695,1021.2121212121211,31.912878787878785,0
2468,4,0,0,34,0.0,0.0,1.0,34,1400,1200,200,0.8571428571428571,16,12,4,377.74569005042616,0.430444147355912,0.09992584352984824,0.2163015129651803,130455.99819214873,3055.8382116620737,133511.8364038108,1009,2,212.8235294117647,32,2,22,34.95473365467804,0.6337890625,44.60227272727273,1021.5909090909089,31.924715909090903,0
2469,4,0,1,33,0.0,0.029411764705882353,0.9705882352941176,34,1000,800,200,0.8,12,8,4,374.4712191306153,0.43018419489007725,0.09678298602277935,0.21478352774089807,130520.50053884815,2975.2341916641253,133495.73473051228,1010,3,213.8235294117647,32,2,18,34.972867498661394,0.6344401041666667,44.53914141414142,1021.843434343435,31.932607323232343,0
2470,4,0,0,33,0.0,0.0,1.0,33,900,500,400,0.5555555555555556,13,5,8,383.222462727776,0.4276751893939394,0.11224745866101493,0.22003753547551663,130561.83073255744,3406.845262315534,133968.675994873,1011,4,220.9090909090909,31,2,18,34.70731409521384,0.6374327956989247,44.498697916666664,1022.0052083333328,32.96790994623654,0
2471,4,0,0,33,0.0,0.0,1.0,33,850,500,350,0.5882352941176471,12,5,7,384.8104501521975,0.42700441919191917,0.11296204114235464,0.22171067241710973,130694.93823581263,3458.5556030273337,134153.49383883996,1012,5,221.9090909090909,31,2,20,34.53152192368097,0.6387768817204301,44.36848958333333,1022.526041666666,32.984711021505355,0
2472,4,0,0,33,0.0,0.0,1.0,33,650,200,450,0.3076923076923077,11,2,9,392.8297179868139,0.426925505050505,0.14844273928164875,0.21143161829594978,128012.72922092004,3457.440863715269,131470.17008463532,1013,6,222.9090909090909,31,2,20,37.06682106707841,0.6115591397849462,47.00520833333333,1011.9791666666658,32.6444892473118,8
2473,4,4,2,35,0.10810810810810811,0.05405405405405406,0.9459459459459459,37,1200,900,300,0.75,15,9,6,353.8103724661097,0.4356544044044044,0.1335043303408865,0.1954544678963263,129050.14349489775,1731.9236841871962,130782.06717908494,1014,0,199.7027027027027,34,3,20,36.994727592267125,0.6148897058823529,45.98214285714285,1016.0714285714268,29.884453781512555,0
2474,4,0,0,35,0.0,0.0,1.0,35,1100,700,400,0.6363636363636364,15,7,8,371.10157666685666,0.4312324929971989,0.1483313499249761,0.20370009009486884,128796.78376405699,2559.33790489234,131356.12166894934,1015,1,212.11428571428573,33,2,20,36.81423296712144,0.6145833333333333,46.23161764705882,1015.0735294117638,30.7598039215686,0
2475,4,1,0,36,0.027777777777777776,0.0,1.0,36,1050,800,250,0.7619047619047619,13,8,5,358.45576819791455,0.43172949735449734,0.1471314933108352,0.1989369571062273,129232.53864198869,2065.4643045943913,131298.0029465831,1016,0,207.19444444444446,33,3,21,36.690847093326894,0.6190025252525253,45.802696078431374,1016.7892156862748,30.8117944147356,0
2476,4,2,0,38,0.05263157894736842,0.0,1.0,38,1300,800,500,0.6153846153846154,18,8,10,350.0562753704121,0.43615161213845427,0.1713586985732798,0.19839523825334018,130055.90284475726,1505.3769879543734,131561.27983271165,1017,0,197.23684210526315,35,3,18,36.067575362154386,0.6229166666666667,44.994212962962955,1020.0231481481472,29.143518518518494,0
2477,4,0,2,36,0.0,0.05263157894736842,0.9473684210526316,38,1250,1100,150,0.88,14,11,3,348.4735868609464,0.43632942152678994,0.1726990476759116,0.19779746736505083,130114.93866008648,1468.3238758144628,131583.26253590095,1018,1,198.23684210526315,35,3,18,36.048047835129516,0.6235119047619048,44.93634259259259,1020.2546296296288,29.15013227513225,0
2478,4,0,0,36,0.0,0.0,1.0,36,1200,1100,100,0.9166666666666666,13,11,2,366.0745654585799,0.4307539682539683,0.18655181623931627,0.20691171091137125,129950.01922337555,2314.279363706259,132264.2985870818,1019,2,210.02777777777777,33,3,18,35.76672676282052,0.6262626262626263,45.09803921568627,1019.6078431372543,30.897207367795588,0
2479,4,0,0,36,0.0,0.0,1.0,36,1050,800,250,0.7619047619047619,13,8,5,367.27204136654615,0.42974537037037036,0.1886533765661904,0.2087559241269097,130168.77710796316,2361.4704981257055,132530.24760608887,1020,3,211.02777777777777,33,3,19,35.51386553780873,0.6284722222222222,44.88357843137254,1020.4656862745088,30.923202614379054,0
2480,4,1,0,37,0.02702702702702703,0.0,1.0,37,1350,900,450,0.6666666666666666,18,9,9,367.0664866245967,0.4298986486486487,0.22455640724542625,0.20130118956917342,128760.50407503838,2052.733169367262,130813.23724440564,1021,0,206.2972972972973,35,2,18,36.95368628121793,0.6098214285714285,46.2673611111111,1014.9305555555538,28.998015873015824,8
2481,4,1,0,38,0.02631578947368421,0.0,1.0,38,900,800,100,0.8888888888888888,10,8,2,359.65062203784925,0.43530701754385964,0.22231681574865547,0.19915377389654154,129144.1504849444,1689.3548108919738,130833.50529583638,1022,0,201.8421052631579,36,2,19,36.75054472265309,0.6116898148148149,45.88963963963964,1016.4414414414415,28.234484484484486,0
2482,4,0,0,38,0.0,0.0,1.0,38,1050,900,150,0.8571428571428571,12,9,3,359.2775373392926,0.43496621621621623,0.22185732418144388,0.19954152951575002,129261.91184807247,1688.2056353098724,130950.11748338235,1023,1,202.8421052631579,34,4,19,36.640033559665966,0.6170343137254901,45.77380952380952,1016.9047619047611,29.90896358543415,0
2483,4,1,1,38,0.02564102564102564,0.02564102564102564,0.9743589743589743,39,1300,1000,300,0.7692307692307693,16,10,6,347.0472324928285,0.4362910481331534,0.2181891298836407,0.19462514969435288,129643.02722318664,1198.4507619598662,130841.47798514651,1024,0,198.6153846153846,35,4,17,36.56345891578588,0.61875,45.39930555555555,1018.402777777777,29.0972222222222,0
2484,4,0,0,38,0.0,0.0,1.0,38,1050,800,250,0.7619047619047619,13,8,5,356.0323515479155,0.4357515410146989,0.2248463890201804,0.19936451919586326,129584.09857521,1627.2262677897759,131211.32484299978,1025,1,204.6315789473684,35,3,17,36.394627903451926,0.6181547619047619,45.457175925925924,1018.1712962962958,29.090608465608454,0
2485,4,2,1,39,0.05,0.025,0.975,40,1050,700,350,0.6666666666666666,14,7,7,343.5099078266836,0.43864850427350427,0.22246400171932068,0.19515892565537954,130150.67737188366,941.6094375192382,131092.2868094029,1026,0,195.35,37,3,19,36.13842323948707,0.6199324324324325,44.901315789473685,1020.3947368421053,27.57823613086771,0
2486,4,0,0,39,0.0,0.0,1.0,39,800,400,400,0.5,12,4,8,351.3352901719237,0.4354757085020243,0.22773715188422017,0.19900210901107673,130032.77084094245,1337.0202550523686,131369.79109599482,1027,1,201.25641025641025,36,3,20,36.05843546428177,0.6206597222222222,45.0168918918919,1019.9324324324338,28.331456456456493,0
2487,4,1,0,40,0.025,0.0,1.0,40,1100,900,200,0.8181818181818182,13,9,4,345.98887253251394,0.43534989316239314,0.22664829106946005,0.19786374992874534,130406.32482144305,1024.030364824283,131430.35518626732,1028,0,197.2,36,4,21,35.816106210951844,0.6244212962962963,44.6509009009009,1021.3963963963962,28.372122122122118,0
2488,4,0,0,40,0.0,0.0,1.0,40,1050,700,350,0.6666666666666666,14,7,7,345.26368041692217,0.4354166666666666,0.22274630813312735,0.1980355648611347,130521.37230135537,1012.857874766652,131534.23017612202,1029,1,198.2,36,4,14,35.71812320916904,0.6255787037037037,44.538288288288285,1021.8468468468466,28.384634634634626,0
2489,4,0,1,39,0.0,0.025,0.975,40,1150,900,250,0.782608695652174,14,9,5,346.3575310584556,0.435269764957265,0.22238253593649393,0.19905948856516176,130598.6036568944,1046.7619844567475,131645.36564135115,1030,2,199.2,37,3,14,35.611993134520475,0.6244369369369369,44.46271929824561,1022.1491228070173,27.625651967757225,0
2490,4,0,2,37,0.0,0.05128205128205128,0.9487179487179487,39,850,700,150,0.8235294117647058,10,7,3,351.3762417564071,0.43426675663517766,0.21745850109486442,0.2016912962643511,130550.14209733362,1374.4436581851862,131924.5857555188,1031,5,205.25641025641025,36,3,14,35.53282828282827,0.6258680555555556,44.51013513513512,1021.9594594594579,28.38776276276272,0
2491,4,0,0,37,0.0,0.0,1.0,37,1200,800,400,0.6666666666666666,16,8,8,364.9288991988385,0.4354667167167167,0.21115042073195744,0.20857595111437904,130384.14292800425,2116.1883503401,132500.33127834435,1032,6,199.45945945945945,34,3,21,35.354985040991565,0.6283700980392157,44.67261904761903,1021.3095238095216,30.0385154061624,0
2492,4,0,0,37,0.0,0.0,1.0,37,1050,700,350,0.6666666666666666,14,7,7,364.5668342418339,0.434715965965966,0.20984827147038376,0.2089867540705781,130498.99798525347,2115.12131344304,132614.11929869652,1033,7,200.45945945945945,35,2,16,35.24769672254947,0.6273809523809524,44.56018518518517,1021.7592592592569,29.193121693121626,0
2493,4,0,0,37,0.0,0.0,1.0,37,1000,600,400,0.6,14,6,8,361.1763244783199,0.4346221221221221,0.1968194139351036,0.20799424057636723,130676.44702717743,2039.4477666323487,132715.89479380977,1034,8,201.45945945945945,35,2,16,35.15442230775035,0.6291666666666667,44.38657407407406,1022.4537037037021,29.212962962962916,0
2494,4,0,2,35,0.0,0.05405405405405406,0.9459459459459459,37,550,300,250,0.5454545454545454,8,3,5,354.76232620200034,0.4345282782782783,0.13437238666752482,0.2025933983223458,130351.21588059381,1848.740113811692,132199.9559944055,1035,9,202.45945945945945,35,2,16,35.64795137708263,0.6258928571428571,44.70486111111109,1021.1805555555529,29.176587301587226,8
2495,4,0,0,35,0.0,0.0,1.0,35,1200,700,500,0.5833333333333334,17,7,10,370.8322629283974,0.4295168067226891,0.1575511156288012,0.2109585262166655,130201.83000283434,2656.6078514739047,132858.43785430823,1036,12,214.5142857142857,34,1,19,35.389449434270375,0.626531862745098,44.85119047619047,1020.595238095237,30.01750700280109,0
2496,4,0,0,35,0.0,0.0,1.0,35,850,700,150,0.8235294117647058,10,7,3,371.342756175602,0.4293417366946779,0.16103147932240636,0.21191971537363774,130325.14537677797,2679.0739089753333,133004.21928575332,1037,13,215.5142857142857,33,2,19,35.2511401824292,0.630050505050505,44.730392156862735,1021.0784313725475,30.941770647652955,0
2497,4,0,1,34,0.0,0.02857142857142857,0.9714285714285714,35,1050,800,250,0.7619047619047619,13,8,5,370.66045224312296,0.42906162464986,0.15886578320275713,0.21170072299807685,130356.4302942377,2663.5946811322483,133020.02497536995,1038,14,216.5142857142857,33,2,19,35.23678447137886,0.6303661616161615,44.69975490196078,1021.2009803921561,30.94548425430776,0
2498,4,0,0,34,0.0,0.0,1.0,34,750,400,350,0.5333333333333333,11,4,7,377.6025950074544,0.428271687462864,0.16560213004321245,0.2153240185634892,130294.81207274774,3039.931830935634,133334.74390368338,1039,15,222.97058823529412,32,2,19,35.122176189298386,0.6321614583333333,44.76010101010102,1020.9595959595964,31.904987373737388,0
2499,4,0,0,34,0.0,0.0,1.0,34,1050,600,450,0.5714285714285714,15,6,9,400.68332032947876,0.4279560308972074,0.17150329964794286,0.2150351187255861,127896.48963139161,3449.198024798136,131345.68765618975,1040,16,223.97058823529412,33,1,18,36.98762216299168,0.6054292929292929,47.12009803921568,1011.519607843136,30.65210932857988,8
2500,4,1,0,35,0.02857142857142857,0.0,1.0,35,1150,700,450,0.6086956521739131,16,7,9,425.350359204509,0.430952380952381,0.16852033798388688,0.22571511762166285,127442.37075617282,3863.4582986244573,131305.82905479727,1041,0,218.54285714285714,32,3,15,36.83230169646951,0.6031901041666667,47.56944444444444,1009.7222222222222,31.553819444444443,8
2501,4,1,0,36,0.027777777777777776,0.0,1.0,36,1150,700,450,0.6086956521739131,16,7,9,423.170705589264,0.43313492063492065,0.1702651292308901,0.2274843660217048,127963.79145408154,3630.105583900216,131593.89703798175,1042,0,213.44444444444446,34,2,16,36.34961956308585,0.6038602941176471,47.05357142857142,1011.7857142857135,29.758403361344516,0
2502,4,1,0,37,0.02702702702702703,0.0,1.0,37,900,600,300,0.6666666666666666,12,6,6,415.8261887565248,0.43534159159159164,0.18335074179077493,0.22590480822490708,128385.71605725618,3277.3561507936442,131663.07220804982,1043,0,208.64864864864865,34,3,15,36.101403735463414,0.6081495098039216,46.63690476190476,1013.4523809523805,29.807422969187662,0
2503,4,1,1,37,0.02631578947368421,0.02631578947368421,0.9736842105263158,38,1150,700,450,0.6086956521739131,16,7,9,371.98413896014614,0.4384186818397345,0.14983824810252555,0.19425838367918744,126792.09183673472,1846.549036281182,128638.6408730159,1044,0,204.1315789473684,34,4,19,38.848256501182036,0.5919117647058824,48.214285714285715,1007.1428571428573,29.621848739495803,8
2504,4,1,0,38,0.02631578947368421,0.0,1.0,38,850,500,350,0.5882352941176471,12,5,7,372.41348658702594,0.43711474632527264,0.15410780021888337,0.19505617267775918,126912.01814058959,1852.7494331065752,128764.76757369615,1045,0,205.05263157894737,34,4,20,38.713965028355375,0.5931372549019608,48.095238095238095,1007.6190476190478,29.6358543417367,0
2505,4,0,0,38,0.0,0.0,1.0,38,700,300,400,0.42857142857142855,11,3,8,367.55618250173103,0.43717401612138457,0.157720707058151,0.19308100207348988,127032.00113378682,1738.279478458047,128770.28061224487,1046,1,206.05263157894737,34,4,20,38.712899543379,0.5943627450980392,47.976190476190474,1008.0952380952378,29.649859943977585,0
2506,4,2,1,39,0.05,0.025,0.975,40,1050,800,250,0.7619047619047619,13,8,5,351.28533830618613,0.4434027777777778,0.15656486847971474,0.18715748546811778,127603.50722343972,965.0482408083832,128568.5554642481,1047,0,196.7,36,4,16,38.536790384901174,0.5960648148148149,47.40990990990991,1010.3603603603609,28.06556556556558,0
2507,4,0,0,39,0.0,0.0,1.0,39,1050,800,250,0.7619047619047619,13,8,5,360.13563107035264,0.43938371569950513,0.16076408787010532,0.19124670609183347,127471.5889301482,1381.4122245798899,128853.00115472809,1048,1,202.74358974358975,35,4,17,38.448543457497614,0.5967261904761905,47.54050925925925,1009.8379629629619,28.852513227513196,0
2508,4,0,0,39,0.0,0.0,1.0,39,1000,400,600,0.4,16,4,12,360.9399797190749,0.43913067926225824,0.16395214928670532,0.19209049652366367,127559.2635459533,1408.2475994513006,128967.5111454046,1049,2,203.74358974358975,35,4,17,38.33829819737245,0.5976190476190476,47.4537037037037,1010.1851851851848,28.86243386243385,0
2509,4,0,1,38,0.0,0.02564102564102564,0.9743589743589743,39,1100,600,500,0.5454545454545454,16,6,10,361.988035225766,0.43893387314439947,0.16044727909134715,0.19320779484054937,127676.20991941013,1443.4520747599422,129119.66199417008,1050,3,204.74358974358975,35,4,18,38.19189952664528,0.5988095238095238,47.33796296296296,1010.648148148148,28.875661375661373,0
2510,4,0,1,37,0.0,0.02631578947368421,0.9736842105263158,38,1100,600,500,0.5454545454545454,16,6,10,371.93798979350294,0.43745554765291605,0.17346976721124552,0.19889782174599643,127753.08956916085,1903.2454648525877,129656.33503401343,1051,4,210.3684210526316,34,4,18,37.86161485319515,0.6017156862745099,47.26190476190475,1010.9523809523797,29.73389355742293,0
2511,4,0,0,37,0.0,0.0,1.0,37,1100,800,300,0.7272727272727273,14,8,6,375.5660821272953,0.43756256256256254,0.1631123182826426,0.20078059698431974,127741.58564314182,2195.081368944608,129936.66701208643,1052,5,212.21621621621622,33,4,18,37.78172606780621,0.6038510101010102,47.273284313725476,1010.9068627450961,30.633541295305942,0
2512,4,1,1,37,0.02631578947368421,0.02631578947368421,0.9736842105263158,38,750,600,150,0.8,9,6,3,369.8764923662328,0.4392780938833571,0.17138517505707385,0.2000342861131301,128204.8061933104,1883.9888038548443,130088.79499716524,1053,0,207.60526315789474,34,4,20,37.450775831668054,0.6063112745098039,46.815476190476176,1012.7380952380931,29.78641456582627,0
2513,4,0,0,37,0.0,0.0,1.0,37,1500,900,600,0.6,21,9,12,375.8261963153967,0.43925175175175174,0.16836294183825684,0.20326097423759373,128206.57920030731,2236.6782006920103,130443.25740099933,1054,1,212.86486486486487,33,4,21,37.29832203936754,0.6085858585858586,46.81372549019606,1012.7450980392136,30.689245395127685,0
2514,4,0,0,37,0.0,0.0,1.0,37,600,200,400,0.3333333333333333,10,2,8,374.1126652537897,0.43875125125125125,0.1753242295155928,0.20280586253462798,128299.6792850104,2199.706993704324,130499.38627871472,1055,2,213.86486486486487,33,4,22,37.24635599370993,0.6095328282828283,46.721813725490186,1013.1127450980379,30.700386215092056,0
2515,4,1,0,38,0.02631578947368421,0.0,1.0,38,900,500,400,0.5555555555555556,13,5,8,363.38593558527396,0.440493124703651,0.18149731079523668,0.19913549270072967,128731.13854595301,1755.817043895707,130486.95558984872,1056,0,209.21052631578948,35,3,21,37.07706052311435,0.6095238095238096,46.296296296296276,1014.814814814812,28.994708994708915,0
2516,4,1,0,39,0.02564102564102564,0.0,1.0,39,850,300,550,0.35294117647058826,14,3,11,358.9306162616795,0.44101439496176337,0.2005749894196116,0.19919175387611168,129230.80800165006,1477.8360500256863,130708.64405167574,1057,0,204.82051282051282,35,4,23,36.680539745778795,0.6145833333333333,45.80439814814813,1016.7824074074048,29.05092592592585,0
2517,4,2,0,41,0.04878048780487805,0.0,1.0,41,1200,800,400,0.6666666666666666,16,8,8,346.86344813377605,0.44428353658536585,0.21587268266442816,0.19551823835072416,129843.17440221956,807.5702379577974,130650.74464017736,1058,0,195.78048780487805,37,4,18,36.36486910525373,0.6168355855855856,45.202850877192965,1019.1885964912252,27.545637743006086,0
2518,4,1,0,42,0.023809523809523808,0.0,1.0,42,1200,700,500,0.5833333333333334,17,7,10,337.9481357710441,0.4452792295780101,0.216643981433009,0.1920132447798477,130153.54624379051,397.02966341586466,130550.57590720637,1059,0,192.0952380952381,38,4,19,36.277396782186855,0.6181469298245614,44.898504273504265,1020.4059829059819,26.852789023841627,0
2519,4,0,0,42,0.0,0.0,1.0,42,950,600,350,0.631578947368421,13,6,7,337.3378745511074,0.44506145954316684,0.21458978231719805,0.1919350039062968,130208.06081753575,384.82209712175205,130592.8829146575,1060,1,193.0952380952381,38,4,19,36.2377438152064,0.6186951754385965,44.84508547008546,1020.6196581196563,26.858412055780427,0
2520,4,1,1,42,0.023255813953488372,0.023255813953488372,0.9767441860465116,43,1150,800,350,0.6956521739130435,15,8,7,333.28438403538786,0.44615171650055374,0.22109191699388542,0.19123366126565583,130535.3879597668,101.09268847247631,130636.48064823927,1061,0,189.58139534883722,38,5,15,36.009975605506185,0.621984649122807,44.52457264957264,1021.901709401708,26.89215024741337,0
2521,4,1,0,43,0.023255813953488372,0.0,1.0,43,1200,1000,200,0.8333333333333334,14,10,4,336.9758313322659,0.4464055001845699,0.22304009095348132,0.19444663251017366,130753.83434007232,212.1764053254485,130966.01074539777,1062,0,190.09302325581396,38,5,16,35.694792645983505,0.6241776315789473,44.31089743589744,1022.7564102564103,26.914642375168693,0
2522,4,0,0,43,0.0,0.0,1.0,43,1400,1000,400,0.7142857142857143,18,10,8,337.64353155315007,0.44587486157253603,0.228594328738843,0.19510783431631928,130808.47447083418,233.32705548250016,131041.80152631667,1063,1,191.09302325581396,38,5,17,35.62249782419496,0.6247258771929824,44.25747863247863,1022.9700854700849,26.920265407107497,0
2523,4,0,0,43,0.0,0.0,1.0,43,1000,700,300,0.7,13,7,6,335.9850087585859,0.44515965300849025,0.22561270078554774,0.19525435651507134,131027.14913662424,204.63157005623953,131231.78070668047,1064,2,192.09302325581396,38,5,18,35.44405892378863,0.6269188596491229,44.043803418803414,1023.8247863247858,26.942757534862785,0
2524,4,0,0,43,0.0,0.0,1.0,43,1300,1000,300,0.7692307692307693,16,10,6,337.5380215140058,0.4449289405684755,0.23327138899266897,0.1965759097347058,131109.19922017664,250.8679414128037,131360.06716158945,1065,3,193.09302325581396,38,5,19,35.321475763265894,0.6277412280701755,43.96367521367521,1024.1452991452982,26.951192082771005,0
2525,4,2,2,43,0.044444444444444446,0.044444444444444446,0.9555555555555556,45,1150,800,350,0.6956521739130435,15,8,7,325.4040771184407,0.4458543771043771,0.23815967523680648,0.19237889039242223,131684.268904321,-429.51514445905264,131254.75375986195,1066,0,185.46666666666667,38,7,15,35.052999548940015,0.6334978070175439,43.40277777777778,1026.3888888888891,27.010233918128662,0
2526,4,0,0,43,0.0,0.0,1.0,43,1850,1500,350,0.8108108108108109,22,15,7,343.9348582477418,0.4438676633444076,0.24689611858448224,0.20251471388356065,131530.20154867723,447.56424498825595,131977.7657936655,1067,1,194.6046511627907,36,7,20,34.73281918981229,0.6357060185185186,43.55292792792794,1025.7882882882898,28.494119119119162,0
2527,4,0,1,42,0.0,0.023255813953488372,0.9767441860465116,43,950,600,350,0.631578947368421,13,6,7,343.98748459325,0.4433370247323736,0.2459113461420659,0.2030060854672086,131616.85333982666,454.9100620891551,132071.7634019158,1068,2,195.6046511627907,36,7,17,34.64410484342992,0.6365740740740741,43.46846846846849,1026.1261261261288,28.50350350350358,0
2528,4,0,0,42,0.0,0.0,1.0,42,1550,1100,450,0.7096774193548387,20,11,9,352.0275964101276,0.4434039876113047,0.25010468674504693,0.2084435767795619,131743.6731074248,875.4817172496823,132619.15482467448,1069,3,187.73809523809524,35,7,17,34.30993987222848,0.6398809523809523,43.34490740740742,1026.6203703703723,29.332010582010636,0
2529,4,0,0,42,0.0,0.0,1.0,42,1050,600,450,0.5714285714285714,15,6,9,350.1837022084373,0.44246031746031744,0.24815989589687248,0.20815488085587852,131890.6779008928,837.19317482305,132727.87107571584,1070,4,188.73809523809524,37,5,18,34.20909834898948,0.6373873873873874,43.201754385964925,1027.192982456142,27.76197249881465,0
2530,4,1,1,42,0.023255813953488372,0.023255813953488372,0.9767441860465116,43,1550,1100,450,0.7096774193548387,20,11,9,337.3703559161053,0.4428755998523441,0.24972401541127276,0.1906172472769324,129935.60209155144,177.6838993244957,130113.28599087593,1071,0,185.32558139534885,38,5,19,36.513020014670445,0.615953947368421,45.11217948717948,1019.5512820512806,26.83029689608633,8
2531,4,0,0,42,0.0,0.0,1.0,42,1200,800,400,0.6666666666666666,16,8,8,335.85487779733097,0.44270228416569884,0.23177445656239293,0.190557232803726,130099.04308431929,338.87964332673494,130437.92272764603,1072,1,183.38095238095238,38,4,19,36.38600900617867,0.6175986842105263,44.951923076923066,1020.1923076923058,26.847165991902784,0
2532,4,1,0,43,0.023255813953488372,0.0,1.0,43,1400,900,500,0.6428571428571429,19,9,10,330.8910364893309,0.4438676633444076,0.23680504374603273,0.18932670256579834,130426.23325525963,31.477029914526838,130457.71028517417,1073,0,180.09302325581396,38,5,21,36.18149252170275,0.6208881578947368,44.631410256410255,1021.4743589743584,26.880904183535748,0
2533,4,0,0,43,0.0,0.0,1.0,43,1050,800,250,0.7619047619047619,13,8,5,331.86564951511093,0.44342930970837946,0.2367055803256688,0.19055382972758414,130562.68376981522,65.8539703411551,130628.53774015637,1074,1,181.09302325581396,38,5,16,36.01862499128858,0.6222587719298245,44.49786324786325,1022.0085470085473,26.894961763382824,0
2534,4,0,0,43,0.0,0.0,1.0,43,1300,1000,300,0.7692307692307693,16,10,6,333.98806710775057,0.44296788482835,0.23837209302325602,0.19204313858695662,130617.28395061736,124.92283950618415,130742.20679012354,1075,2,182.09302325581396,38,5,16,35.909193840579725,0.6228070175438596,44.44444444444445,1022.2222222222229,26.900584795321652,0
2535,4,0,0,43,0.0,0.0,1.0,43,1150,800,350,0.6956521739130435,15,8,7,335.86604495101597,0.44280638612033957,0.2406268303411936,0.19325930151150175,130644.58832137124,175.81623475053613,130820.40455612178,1076,3,183.09302325581396,38,5,16,35.83359459365312,0.6230811403508771,44.417735042735046,1022.3290598290604,26.90339631129106,0
2536,4,0,1,42,0.0,0.023255813953488372,0.9767441860465116,43,1550,1100,450,0.7096774193548387,20,11,9,334.00215968472844,0.4424833887043189,0.23340587208710306,0.19306858212264402,130821.45317925357,138.92957899306612,130960.38275824663,1077,4,184.09302325581396,39,4,16,35.702512473271554,0.6231303418803419,44.24479166666667,1023.0208333333342,26.23130341880344,0
2537,4,0,0,42,0.0,0.0,1.0,42,1250,600,650,0.48,19,6,13,339.8670566171938,0.4413956639566396,0.2301487908876767,0.19737006887914832,130999.8048159104,504.5036160420559,131504.30843195244,1078,5,185.57142857142858,38,4,16,35.3723126695888,0.6266447368421053,44.07051282051281,1023.7179487179473,26.939946018893348,0
2538,4,1,2,41,0.023255813953488372,0.046511627906976744,0.9534883720930233,43,1300,1000,300,0.7692307692307693,16,10,6,341.0343531007866,0.4407991878922111,0.24548503737022243,0.20003457532733165,131382.88498064133,361.6263514500597,131744.51133209138,1079,0,182.2325581395349,38,5,17,34.955754133666794,0.6304824561403508,43.69658119658119,1025.2136752136746,26.979307242465122,0
2539,4,0,0,41,0.0,0.0,1.0,41,1000,600,400,0.6,14,6,8,355.0102419798437,0.43927845528455284,0.27205807524000103,0.20778213724393219,131300.02891514686,1122.5710074253439,132422.5999225722,1080,1,191.3658536585366,37,4,18,34.68124799400876,0.6314752252252251,43.777412280701746,1024.890350877192,27.699739212897082,0
2540,4,0,1,40,0.0,0.024390243902439025,0.975609756097561,41,700,400,300,0.5714285714285714,10,4,6,357.35450445131374,0.43889735772357724,0.28099104595920843,0.2102323292224897,131496.76462950127,1198.1922322252835,132694.95686172656,1081,2,192.3658536585366,37,4,18,34.422439598032916,0.6334459459459459,43.585526315789465,1025.6578947368412,27.720483641536248,0
2541,4,0,0,40,0.0,0.0,1.0,40,800,500,300,0.625,11,5,6,355.47962478122656,0.43783386752136755,0.2631491771746106,0.20974642677822905,131609.2511638194,1356.8814442905282,132966.13260810994,1082,3,192.175,37,3,15,34.35696730070528,0.634572072072072,43.475877192982445,1026.0964912280683,27.732337600758605,0
2542,4,0,2,38,0.0,0.05,0.95,40,1200,700,500,0.5833333333333334,17,7,10,354.05301297506486,0.4369791666666667,0.2600277659120038,0.20983243123408257,131778.07113727287,1331.2846260387687,133109.35576331164,1083,4,193.175,37,3,16,34.22326641036594,0.6362612612612613,43.311403508771924,1026.7543859649113,27.750118539592197,0
2543,4,0,0,38,0.0,0.0,1.0,38,600,300,300,0.5,9,3,6,353.8035983463159,0.43549964438122335,0.23250483167782843,0.21030660592057632,131890.6779008924,1732.6792859341163,133623.3571868265,1084,5,191.78947368421052,37,1,16,34.11614005123826,0.6373873873873874,43.201754385964904,1027.192982456139,27.761972498814565,0
2544,4,0,1,37,0.0,0.02631578947368421,0.9736842105263158,38,1900,1600,300,0.8421052631578947,22,16,6,357.8327461271189,0.4350106685633002,0.17172650168467496,0.20313061904208649,130118.92804967148,1843.1765390784035,131962.10458874988,1085,6,192.78947368421052,36,2,15,35.80527961736573,0.6215277777777778,44.93243243243244,1020.2702702702718,28.340840840840883,8
2545,4,0,1,36,0.0,0.02702702702702703,0.972972972972973,37,1350,1200,150,0.8888888888888888,15,12,3,368.67879223059253,0.4329016516516517,0.19615441212537443,0.2094247572361404,130144.46159122066,2196.300582990378,132340.76217421104,1086,7,198.67567567567568,35,2,16,35.50268451300666,0.6238095238095238,44.9074074074074,1020.3703703703688,29.15343915343911,0
2546,4,1,0,37,0.02702702702702703,0.0,1.0,37,1100,800,300,0.7272727272727273,14,8,6,369.5271036134041,0.43402777777777773,0.1936487711646373,0.211185697039163,130380.7656035665,2235.845336076814,132616.61093964332,1087,0,182.9189189189189,35,2,17,35.24100936838923,0.6261904761904762,44.675925925925924,1021.2962962962961,29.179894179894173,0
2547,4,0,0,37,0.0,0.0,1.0,37,1450,900,550,0.6206896551724138,20,9,11,373.61239701110105,0.4334021521521521,0.20078794390721022,0.2143355330221578,130528.56445312487,2353.417968749986,132881.98242187485,1088,1,183.9189189189189,35,2,15,34.986620795107044,0.6276785714285714,44.53124999999999,1021.874999999999,29.19642857142854,0
2548,4,0,2,35,0.0,0.05405405405405406,0.9459459459459459,37,1050,700,350,0.6666666666666666,14,7,7,378.1229732417469,0.4319632132132132,0.20586426834304605,0.21792018712268957,130706.03358892741,2484.5908082561664,133190.6243971836,1089,2,184.9189189189189,35,2,15,34.691213921901515,0.6294642857142857,44.357638888888886,1022.569444444444,29.216269841269828,0
2549,4,0,0,35,0.0,0.0,1.0,35,1000,700,300,0.7,13,7,6,398.10349585081457,0.4276260504201681,0.21317705923679298,0.22810919896276563,130481.60750973185,3389.0368187716276,133870.6443285035,1090,11,195.4857142857143,33,2,18,34.40873515653113,0.6316287878787878,44.57720588235294,1021.6911764705883,30.960338680926917,0
2550,4,1,0,36,0.027777777777777776,0.0,1.0,36,1100,900,200,0.8181818181818182,13,9,4,387.5859561217754,0.427364417989418,0.21789578856087188,0.22440389247364875,130883.62328800155,2945.730854552471,133829.35414255402,1091,0,191.02777777777777,35,1,17,34.26895995928063,0.63125,44.18402777777778,1023.2638888888889,29.23611111111111,0
2551,4,0,0,36,0.0,0.0,1.0,36,650,400,250,0.6153846153846154,9,4,5,391.1007465103396,0.4271660052910053,0.2231174689333688,0.226787141074815,130942.84664619753,3042.3690147033412,133985.21566090087,1092,1,192.02777777777777,35,1,17,34.118912322364196,0.6318452380952381,44.1261574074074,1023.495370370369,29.242724867724828,0
2552,4,0,0,36,0.0,0.0,1.0,36,1000,800,200,0.8,12,8,4,391.05278027588025,0.4267030423280423,0.2227026110545951,0.227458510657509,131061.33355034718,3050.3797743055507,134111.71332465272,1093,2,193.02777777777777,35,1,17,33.99987283825025,0.6330357142857144,44.010416666666664,1023.9583333333329,29.25595238095237,0
2553,4,0,0,36,0.0,0.0,1.0,36,500,400,100,0.8,6,4,2,393.7856888238563,0.4265707671957672,0.22724162177772755,0.22940155104689303,131120.5970963006,3126.6829293124165,134247.280025613,1094,3,194.02777777777777,35,1,17,33.86976400346556,0.6336309523809525,43.9525462962963,1024.189814814815,29.262566137566143,0
2554,4,0,0,36,0.0,0.0,1.0,36,850,500,350,0.5882352941176471,12,5,7,394.6670140640823,0.4260912698412698,0.22805894462017395,0.23044804805377675,131209.51753257884,3156.813700274347,134366.3312328532,1095,4,195.02777777777777,35,1,18,33.756966410604015,0.6345238095238095,43.86574074074074,1024.537037037037,29.27248677248677,0
2555,4,1,1,36,0.02702702702702703,0.02702702702702703,0.972972972972973,37,1450,1200,250,0.8275862068965517,17,12,5,387.30175028615236,0.42792792792792794,0.2241212099032006,0.22790624907276785,131506.13667052475,2786.564964849116,134292.70163537387,1096,0,190.72972972972974,35,2,19,33.645057549085976,0.6375,43.57638888888889,1025.694444444445,29.30555555555557,0
2556,4,0,0,36,0.0,0.0,1.0,36,1150,800,350,0.6956521739130435,15,8,7,391.78260139357434,0.42723214285714284,0.2194131609840424,0.2300220549286201,131419.6588010205,3097.5871598639574,134517.24596088447,1097,1,195.66666666666666,34,2,19,33.61778706606293,0.6387867647058824,43.66071428571429,1025.3571428571436,30.157563025210106,0
2557,4,0,0,36,0.0,0.0,1.0,36,800,600,200,0.75,10,6,4,391.5042430615931,0.4269675925925926,0.22040046430644256,0.23022587399151015,131480.6990504535,3095.0503117913795,134575.74936224488,1098,2,196.66666666666666,34,2,19,33.56306829173922,0.6393995098039216,43.601190476190474,1025.5952380952378,30.164565826330524,0
2558,4,0,0,36,0.0,0.0,1.0,36,450,300,150,0.6666666666666666,6,3,3,388.87019730894036,0.4271494708994709,0.22165493411722226,0.2292259480443534,131572.28599773237,3032.908163265299,134605.19416099766,1099,3,197.66666666666666,34,2,15,33.53784714164153,0.6403186274509804,43.51190476190476,1025.9523809523805,30.17507002801119,0
2559,4,0,0,36,0.0,0.0,1.0,36,1050,900,150,0.8571428571428571,12,9,3,390.5684933506982,0.4268022486772487,0.22335914107816235,0.23108418729335187,131713.969331383,3088.6653109996755,134802.63464238268,1100,4,198.66666666666666,35,1,15,33.35083342729358,0.6395833333333334,43.3738425925926,1026.5046296296307,29.328703703703734,0
2560,4,0,1,35,0.0,0.027777777777777776,0.9722222222222222,36,1300,1100,200,0.8461538461538461,15,11,4,393.82267492537704,0.4270998677248677,0.22993288002304113,0.23373836753263347,131832.8045294282,3183.749544538757,135016.55407396695,1101,5,199.66666666666666,35,1,15,33.14702374243962,0.6407738095238096,43.258101851851855,1026.9675925925928,29.341931216931226,0
2561,4,0,0,35,0.0,0.0,1.0,35,1300,1100,200,0.8461538461538461,15,11,4,406.9010113929337,0.4240546218487395,0.23875327084230435,0.24139808282499634,131816.67375283447,3727.2675736961473,135543.94132653062,1102,11,206.22857142857143,34,1,15,32.82759486822784,0.6427696078431373,43.273809523809526,1026.904761904762,30.203081232493,0
2562,4,0,2,33,0.0,0.05714285714285714,0.9428571428571428,35,1600,1400,200,0.875,18,14,4,408.63740404718504,0.4233893557422969,0.23906935182274003,0.24379866683754997,132030.6990504535,3790.536422902492,135821.23547335598,1103,12,207.22857142857143,34,1,15,32.566170508513835,0.6449142156862745,43.06547619047619,1027.7380952380952,30.227591036414566,0
2563,4,0,0,33,0.0,0.0,1.0,33,850,500,350,0.5882352941176471,12,5,7,421.85470318405737,0.42163825757575757,0.23650000558890194,0.2502512254555758,131813.89534550076,4521.26233930215,136335.15768480292,1104,25,210.78787878787878,32,1,15,32.4465142014017,0.6474609375,43.27651515151517,1026.8939393939418,32.09043560606068,0
2564,4,0,0,33,0.0,0.0,1.0,33,900,700,200,0.7777777777777778,11,7,4,425.62685838128743,0.421875,0.24267754372241135,0.2529199775698887,131878.73247946656,4626.226118508336,136504.9585979749,1105,26,211.78787878787878,32,1,15,32.28385576726081,0.6481119791666667,43.21338383838385,1027.146464646466,32.09832702020206,0
2565,4,0,0,33,0.0,0.0,1.0,33,1100,800,300,0.7272727272727273,14,8,6,429.0252239782927,0.42144097222222227,0.24958941758745112,0.2553751461237285,131943.58555568318,4721.425269105209,136665.0108247884,1106,27,212.78787878787878,32,1,15,32.130750481340385,0.6487630208333333,43.15025252525253,1027.3989898989907,32.10621843434346,0
2566,4,0,0,33,0.0,0.0,1.0,33,900,600,300,0.6666666666666666,12,6,6,428.12271731190646,0.42045454545454547,0.2525798525798526,0.2554925893635571,132040.89506172843,4705.941358024695,136746.83641975312,1107,28,213.78787878787878,32,1,16,32.05518018018019,0.6497395833333333,43.05555555555556,1027.777777777778,32.118055555555564,0
2567,4,1,0,34,0.029411764705882353,0.0,1.0,34,900,500,400,0.5555555555555556,13,5,8,414.72124167429763,0.42242275698158055,0.24929334404475,0.25073513602143294,132532.04345703113,4193.735230999215,136725.77868803035,1108,0,208.47058823529412,31,3,18,31.90229303658742,0.657258064516129,42.57812499999999,1029.687499999999,33.21572580645158,0
2568,4,0,0,34,0.0,0.0,1.0,34,950,700,250,0.7368421052631579,12,7,5,413.1083986541541,0.4213458110516934,0.25316719205376814,0.25065288728156954,132666.15125868053,4161.1002604166615,136827.2515190972,1109,1,209.47058823529412,31,3,16,31.8082237950792,0.6586021505376345,42.447916666666664,1030.2083333333333,33.232526881720425,0
2569,4,0,0,34,0.0,0.0,1.0,34,900,700,200,0.7777777777777778,11,7,4,415.87652126650465,0.420770202020202,0.259994054475865,0.2530101972193992,132766.77661471892,4242.917039659284,137009.6936543782,1110,2,210.47058823529412,31,3,17,31.63521267635291,0.6596102150537635,42.350260416666664,1030.598958333333,33.24512768817203,0
2570,4,0,0,34,0.0,0.0,1.0,34,1000,700,300,0.7,13,7,6,413.6437242205503,0.41956327985739755,0.26171976556754806,0.2525554858984224,132901.0030958388,4194.733174641932,137095.73627048073,1111,3,211.47058823529412,31,3,18,31.55714631477038,0.6609543010752688,42.220052083333336,1031.119791666667,33.26192876344087,0
2571,4,0,0,34,0.0,0.0,1.0,34,1250,900,350,0.72,16,9,7,409.91164848787105,0.41846776589423645,0.25840670376582886,0.2512669227152585,133048.52701573828,4107.628207580871,137156.15522331916,1112,4,212.47058823529412,32,2,19,31.504456818830835,0.6598307291666667,42.07702020202021,1031.6919191919199,32.240372474747495,0
2572,4,0,0,34,0.0,0.0,1.0,34,1000,600,400,0.6,14,6,8,407.8681475982751,0.4186720142602496,0.25195060723251217,0.2507955205444715,133164.8596938777,4062.7409297052313,137227.60062358293,1113,5,213.47058823529412,34,0,19,31.439830834294515,0.65625,41.96428571428572,1032.1428571428582,30.35714285714289,0
2573,4,0,1,33,0.0,0.029411764705882353,0.9705882352941176,34,1200,1000,200,0.8333333333333334,14,10,4,409.3148014183632,0.4175579322638146,0.2572936022460637,0.25251753822922346,133287.7621882086,4111.3307823129235,137399.09297052154,1114,6,214.47058823529412,34,0,20,31.278581584812855,0.6574754901960784,41.845238095238095,1032.6190476190475,30.37114845938375,0
2574,4,0,0,33,0.0,0.0,1.0,33,800,600,200,0.75,10,6,4,409.44608216019594,0.4177714646464647,0.26332139621176176,0.25299205135235586,133345.61827181862,4319.568194925043,137665.18646674365,1115,7,219.24242424242425,33,0,20,31.216876285397888,0.6603535353535354,41.78921568627452,1032.8431372549028,31.298276886512205,0
2575,4,0,0,33,0.0,0.0,1.0,33,900,500,400,0.5555555555555556,13,5,8,412.0057232049947,0.416824494949495,0.2653958944281525,0.2554435483870969,133472.22222222228,4398.263888888899,137870.48611111118,1116,8,220.24242424242425,33,0,20,31.023185483870968,0.6616161616161615,41.66666666666667,1033.333333333334,31.313131313131333,0
2576,4,0,0,33,0.0,0.0,1.0,33,900,600,300,0.6666666666666666,12,6,6,406.6261489995086,0.41587752525252525,0.2607486538332766,0.25329351937273015,133645.88978855926,4268.7826988669085,137914.67248742617,1117,9,221.24242424242425,30,3,20,30.987315308288927,0.6711805555555556,41.49865591397849,1034.005376344085,34.46684587813617,0
2577,4,0,0,33,0.0,0.0,1.0,33,1150,800,350,0.6956521739130435,15,8,7,409.18129568077586,0.4153645833333333,0.263041013041013,0.25560545873045876,133750.14452537868,4345.611486877097,138095.7560122558,1118,10,222.24242424242425,30,3,17,30.816333160083158,0.6722222222222223,41.39784946236559,1034.4086021505377,34.48028673835126,0
2578,4,0,0,33,0.0,0.0,1.0,33,1350,1100,250,0.8148148148148148,16,11,5,411.7199760138112,0.41508838383838387,0.26664463382199033,0.2586514890096553,133958.77594230548,4430.700803561103,138389.4767458666,1119,11,223.24242424242425,30,3,17,30.540768631524287,0.6743055555555555,41.196236559139784,1035.215053763441,34.507168458781365,0
2579,4,0,0,33,0.0,0.0,1.0,33,1200,900,300,0.75,15,9,6,408.2042722853917,0.41414141414141414,0.2638476426872334,0.2576082961407193,134125.37623711856,4350.110320375459,138475.486557494,1120,12,224.24242424242425,32,1,17,30.46430602957907,0.6705729166666667,41.03535353535353,1035.858585858585,32.37058080808078,0
2580,4,0,0,33,0.0,0.0,1.0,33,600,300,300,0.5,9,3,6,406.27521230979005,0.4137468434343434,0.2617472716193008,0.2566195625097636,134158.07578627186,4301.020144628107,138459.09593089996,1121,13,225.24242424242425,32,1,17,30.48141377209019,0.6708984375,41.00378787878788,1035.984848484849,32.37452651515153,0
2581,4,0,0,33,0.0,0.0,1.0,33,850,600,250,0.7058823529411765,11,6,5,403.98915478266815,0.4137073863636364,0.256911217437533,0.25585979802902326,134256.1983471075,4247.609618916447,138503.80796602395,1122,14,226.24242424242425,32,1,18,30.442099171539958,0.671875,40.909090909090914,1036.363636363637,32.386363636363654,0
2582,4,0,0,33,0.0,0.0,1.0,33,750,500,250,0.6666666666666666,10,5,5,404.57064184522915,0.4131549873737374,0.25612519839072867,0.25668662824956195,134321.63331547801,4268.517880828493,138590.1511963065,1123,15,227.24242424242425,32,1,18,30.361347949654895,0.6725260416666667,40.8459595959596,1036.6161616161617,32.39425505050505,0
2583,4,1,0,34,0.029411764705882353,0.0,1.0,34,1250,1000,250,0.8,15,10,5,393.06357681201916,0.4138814616755793,0.2553250058987988,0.2532289777942427,134878.4742150035,3803.3583945515734,138681.83260955507,1124,0,221.52941176470588,32,2,17,30.10184960090759,0.6780598958333333,40.30934343434343,1038.7626262626256,32.46133207070705,0
2584,4,0,0,34,0.0,0.0,1.0,34,950,500,450,0.5263157894736842,14,5,9,392.3007412631151,0.4132130124777184,0.2529325984859856,0.25319551371405297,134944.06063475672,3787.7310032139653,138731.7916379707,1125,1,222.52941176470588,32,2,18,30.056051768137074,0.6787109375,40.246212121212125,1039.015151515152,32.4692234848485,0
2585,4,0,0,34,0.0,0.0,1.0,34,1000,700,300,0.7,13,7,6,395.877916795233,0.41202465834818774,0.26108432444015883,0.25689949919690647,135140.91554752062,3899.860824150593,139040.7763716712,1126,2,223.52941176470588,32,2,18,29.766241651487544,0.6806640625,40.05681818181818,1039.772727272727,32.49289772727272,0
2586,4,0,0,34,0.0,0.0,1.0,34,1200,800,400,0.6666666666666666,16,8,8,398.4424084307347,0.4110219845513963,0.2722863444613375,0.25998130545349835,135337.91394054177,3984.8728764921943,139322.78681703395,1127,3,224.52941176470588,32,2,18,29.50263924281034,0.6826171875,39.86742424242424,1040.530303030303,32.51657196969697,0
2587,4,0,0,34,0.0,0.0,1.0,34,1350,1100,250,0.8148148148148148,16,11,5,394.3942356596664,0.41083630421865713,0.2660899653979243,0.25828280166909806,135469.32591380965,3885.6642498214237,139354.99016363107,1128,4,225.52941176470588,32,2,18,29.476703052354964,0.6839192708333333,39.741161616161605,1041.0353535353522,32.53235479797976,0
2588,4,0,0,34,0.0,0.0,1.0,34,650,200,450,0.3076923076923077,11,2,9,397.6612853152655,0.41055778371954843,0.2722727791407542,0.26113935360512025,135567.9267421691,3982.023199163345,139549.94994133245,1129,5,226.52941176470588,32,2,18,29.29321249595861,0.6848958333333333,39.64646464646464,1041.414141414141,32.54419191919191,0
2589,4,0,0,34,0.0,0.0,1.0,34,900,800,100,0.8888888888888888,10,8,2,397.6612853152655,0.41055778371954843,0.2722727791407542,0.26113935360512025,135567.9267421691,3982.023199163345,139549.94994133245,1130,6,227.52941176470588,32,2,18,29.29321249595861,0.6848958333333333,39.64646464646464,1041.414141414141,32.54419191919191,0
2590,4,0,0,34,0.0,0.0,1.0,34,1300,1000,300,0.7692307692307693,16,10,6,396.3932803605254,0.4089795008912656,0.27014287241244217,0.26198771252010694,135798.13483636864,3965.893626925812,139764.02846329444,1131,7,228.52941176470588,32,2,19,29.096507167373304,0.6871744791666667,39.425505050505045,1042.297979797979,32.571811868686844,0
2591,4,0,0,34,0.0,0.0,1.0,34,950,700,250,0.7368421052631579,12,7,5,399.99023969124596,0.4078654188948307,0.2720855355947176,0.26509786511800215,135896.85523160893,4071.4831394755547,139968.33837108448,1132,8,229.52941176470588,32,2,16,28.904294825219985,0.6881510416666667,39.330808080808076,1042.676767676767,32.58364898989897,0
2592,4,0,0,34,0.0,0.0,1.0,34,950,800,150,0.8421052631578947,11,8,3,397.01499100070953,0.40738265002970886,0.2671129468736648,0.26361284772233606,135962.68875624935,3995.84513059892,139958.53388684828,1133,9,230.52941176470588,32,2,16,28.916212671509285,0.6888020833333333,39.26767676767677,1042.9292929292928,32.5915404040404,0
2593,4,0,0,34,0.0,0.0,1.0,34,900,600,300,0.6666666666666666,12,6,6,398.92642506857436,0.4064913844325609,0.27361767553100624,0.26586515941666927,136094.4036322824,4058.3307825732013,140152.7344148556,1134,10,231.52941176470588,32,2,16,28.735075830913196,0.6901041666666667,39.14141414141414,1043.4343434343432,32.607323232323225,0
2594,4,0,0,34,0.0,0.0,1.0,34,450,300,150,0.6666666666666666,6,3,3,397.3860428654714,0.4065099524658348,0.2697234973844347,0.26508439421171276,136127.34231519746,4019.021177685951,140146.36349288342,1135,11,232.52941176470588,32,2,16,28.74243799153054,0.6904296875,39.109848484848484,1043.5606060606062,32.611268939393945,0
2595,4,0,1,33,0.0,0.029411764705882353,0.9705882352941176,34,1200,900,300,0.75,15,9,6,401.28870590351585,0.4061014557338087,0.2722696191092864,0.2681854269769091,136193.23163771554,4130.561135343329,140323.79277305887,1136,12,233.52941176470588,32,2,16,28.57495665497359,0.6910807291666667,39.04671717171717,1043.8131313131312,32.61916035353535,0
2596,4,0,0,33,0.0,0.0,1.0,33,400,200,200,0.5,6,2,4,380.92487414078164,0.4049479166666667,0.19766944045704538,0.23437035901298833,133187.44781153914,3546.8823589485164,136734.33017048766,1137,13,233.24242424242425,33,0,18,32.112346155368236,0.6587752525252526,41.94240196078433,1032.230392156865,31.279708853238333,8
2597,4,0,0,33,0.0,0.0,1.0,33,600,200,400,0.3333333333333333,10,2,8,380.0587836469457,0.40431660353535354,0.19664418667385997,0.2342352049908941,133250.70473195432,3528.6201521049934,136779.32488405932,1138,14,234.24242424242425,33,0,19,32.07109297725025,0.6594065656565656,41.88112745098041,1032.4754901960805,31.287136066547895,0
2598,4,0,2,31,0.0,0.06060606060606061,0.9393939393939394,33,550,200,350,0.36363636363636365,9,2,7,380.81401850333896,0.40431660353535354,0.1999733963193444,0.23550120043761175,133377.26362757137,3558.386347798952,136935.64997537032,1139,15,235.24242424242425,33,0,20,31.92438308221617,0.6606691919191919,41.75857843137256,1032.9656862745117,31.30199049316702,0
2599,4,0,1,30,0.0,0.03225806451612903,0.967741935483871,31,650,200,450,0.3076923076923077,11,2,9,382.5866196240797,0.3995519713261649,0.17666117852714547,0.2369886671910287,133438.58718872097,4010.36359998918,137448.95078871015,1140,16,233.8709677419355,31,0,20,31.816976475530343,0.6663306451612903,41.699218750000014,1033.203125000002,33.32913306451619,0
2600,4,0,0,30,0.0,0.0,1.0,30,550,400,150,0.7272727272727273,7,4,3,389.23609596229625,0.39904214559386975,0.1643328127711261,0.24042525412976573,133333.36946467805,4379.632038385947,137713.001503064,1141,17,233.86666666666667,30,0,20,31.751041124414375,0.6680555555555556,41.80107526881721,1032.7956989247316,34.42652329749105,0
2601,4,0,0,30,0.0,0.0,1.0,30,1000,600,400,0.6,14,6,8,385.39770176348145,0.39676724137931035,0.1592534789959681,0.23917053501690144,133506.94670265348,4290.654085732454,137797.60078838593,1142,18,234.86666666666667,30,0,21,31.67566220141327,0.6697916666666667,41.63306451612903,1033.467741935484,34.4489247311828,0
2602,4,0,0,30,0.0,0.0,1.0,30,850,600,250,0.7058823529411765,11,6,5,387.1274975804027,0.39640804597701146,0.16254983532674672,0.24092109315440577,133611.14724245574,4344.909816163717,137956.05705861945,1143,19,235.86666666666667,30,0,21,31.526261050442027,0.6708333333333334,41.53225806451613,1033.8709677419351,34.46236559139784,0
2603,4,0,0,30,0.0,0.0,1.0,30,1150,900,250,0.782608695652174,14,9,5,391.90874045490057,0.3954980842911877,0.17611500822724513,0.2452775190261644,133819.67026534845,4489.019684356553,138308.689949705,1144,20,236.86666666666667,30,0,19,31.19316705637827,0.6729166666666666,41.33064516129031,1034.6774193548376,34.489247311827924,0
2604,4,0,1,29,0.0,0.03333333333333333,0.9666666666666667,30,950,700,250,0.7368421052631579,12,7,5,389.7727628551064,0.3954741379310345,0.17081331428818758,0.2446324406476914,133923.992748439,4439.984933229253,138363.97768166824,1145,21,237.86666666666667,30,0,20,31.143682638618355,0.6739583333333333,41.22983870967741,1035.0806451612893,34.50268817204298,0
2605,4,0,0,29,0.0,0.0,1.0,29,750,200,550,0.26666666666666666,13,2,11,397.4775910995,0.39419129720853857,0.17412635963897238,0.24884101291523308,133831.2596450616,4838.985339506155,138670.24498456775,1146,22,242.6551724137931,29,0,20,31.03747203579419,0.6760057471264368,41.319444444444436,1034.7222222222213,35.68007662835246,0
2606,4,0,0,29,0.0,0.0,1.0,29,500,300,200,0.6,7,3,4,397.8181780464216,0.3939347290640394,0.17213615414515004,0.2495404935018461,133903.12499999988,4853.819444444429,138756.94444444432,1147,23,243.6551724137931,29,0,20,30.95645464304885,0.6767241379310345,41.24999999999999,1034.999999999999,35.689655172413765,0
2607,4,0,0,29,0.0,0.0,1.0,29,700,500,200,0.7142857142857143,9,5,4,398.9437165060806,0.39419129720853857,0.17350106645322194,0.2504909451659491,133939.06491126525,4886.829668209849,138825.8945794751,1148,24,244.6551724137931,29,0,20,30.89122389194507,0.6770833333333333,41.215277777777764,1035.1388888888873,35.69444444444439,0
2608,4,0,0,29,0.0,0.0,1.0,29,600,500,100,0.8333333333333334,7,5,2,426.4087475791988,0.3934215927750411,0.17440959487572005,0.2414124466826565,130014.58574459868,5287.871334876527,135302.4570794752,1149,25,245.6551724137931,29,0,19,34.16277974488174,0.6375718390804598,45.034722222222214,1019.8611111111104,35.167624521072774,8
2609,4,1,0,30,0.03333333333333333,0.0,1.0,30,600,200,400,0.3333333333333333,10,2,8,413.59861989999763,0.3964319923371647,0.16032372680615903,0.23648878198796713,130399.83171826228,4786.638086773049,135186.46980503533,1150,0,238.43333333333334,30,0,20,34.096317497916395,0.6385416666666667,44.657258064516135,1021.3709677419359,34.0456989247312,0
2610,4,1,0,31,0.03225806451612903,0.0,1.0,31,800,400,400,0.5,12,4,8,399.8258679159156,0.4007616487455197,0.15135055241473583,0.23115760443085737,130828.1135559083,4261.692810058608,135089.8063659669,1151,0,231.70967741935485,31,0,20,34.012266132111506,0.6401209677419355,44.23828125000001,1023.0468750000008,33.00151209677422,0
2611,4,0,0,31,0.0,0.0,1.0,31,700,500,200,0.7142857142857143,9,5,4,396.45190321724317,0.40080645161290324,0.14709020766642067,0.22980176690911006,130928.03955078135,4181.334092881958,135109.3736436633,1152,1,232.70967741935485,31,0,20,33.997031382527574,0.6411290322580645,44.14062500000001,1023.4375000000008,33.01411290322583,0
2612,4,0,0,31,0.0,0.0,1.0,31,950,600,350,0.631578947368421,13,6,7,398.5453627227465,0.4012096774193548,0.1464903357070193,0.2318166222227573,131061.33355034729,4246.777343750009,135308.1108940973,1153,2,233.70967741935485,31,0,20,33.80807053238386,0.6424731182795699,44.01041666666667,1023.9583333333339,33.030913978494645,0
2613,4,1,0,32,0.03125,0.0,1.0,32,600,200,400,0.3333333333333333,10,2,8,390.1092668178384,0.40387684811827956,0.1433690476190479,0.22909101239302573,131428.2417297362,3854.5462714301075,135282.7880011663,1154,0,227.375,31,1,21,33.651984126984125,0.6461693548387097,43.65234374999999,1025.390624999999,33.07711693548384,0
2614,4,0,0,32,0.0,0.0,1.0,32,750,600,150,0.8,9,6,3,395.52138391689357,0.4041708669354838,0.14626300926513536,0.23308249692454763,131561.7900424532,4007.1002536349642,135568.89029608818,1155,1,228.375,31,1,17,33.37788742226171,0.647513440860215,43.52213541666666,1025.9114583333321,33.09391801075265,0
2615,4,0,0,32,0.0,0.0,1.0,32,900,700,200,0.7777777777777778,11,7,4,400.13735439880315,0.4046118951612903,0.143344114662608,0.23683805571172384,131728.82080078113,4141.924370659707,135870.74517144085,1156,2,229.375,31,1,18,33.09022492812447,0.6491935483870968,43.35937499999999,1026.562499999999,33.11491935483868,0
2616,4,0,0,32,0.0,0.0,1.0,32,700,400,300,0.5714285714285714,10,4,6,403.16892744991975,0.4044648857526882,0.14798481678711806,0.23926210164014403,131829.0901184081,4229.878573947467,136058.96869235556,1157,3,230.375,31,1,19,32.91082900131017,0.6502016129032258,43.26171874999999,1026.953124999999,33.12752016129029,0
2617,4,0,1,31,0.0,0.03125,0.96875,32,750,300,450,0.4,12,3,9,400.1786285121307,0.40385584677419356,0.14628485424588078,0.2381153377798423,131929.3975830077,4159.065077039915,136088.4626600476,1158,4,231.375,31,1,19,32.88603717786228,0.6512096774193548,43.16406249999999,1027.343749999999,33.14012096774191,0
2618,4,0,0,31,0.0,0.0,1.0,31,850,800,50,0.9411764705882353,9,8,1,409.50700364573345,0.40089605734767025,0.15588583009626755,0.24290632824948788,131810.75846918722,4595.485749797667,136406.24421898488,1159,5,239.58064516129033,30,1,20,32.76668848167539,0.6527777777777778,43.27956989247312,1026.8817204301076,34.229390681003586,0
2619,4,0,0,31,0.0,0.0,1.0,31,1150,1000,150,0.8695652173913043,13,10,3,413.0675334981231,0.40094086021505376,0.15939129994429524,0.24591029797972386,131948.8163371489,4700.754422476594,136649.5707596255,1160,6,240.58064516129033,30,1,21,32.535321821036106,0.6541666666666667,43.145161290322584,1027.4193548387102,34.247311827957006,0
2620,4,0,0,31,0.0,0.0,1.0,31,900,600,300,0.6666666666666666,12,6,6,408.39160977808496,0.40004480286738353,0.14814502422834086,0.2442367023606391,132121.49029150783,4591.461621285712,136712.95191279353,1161,7,241.58064516129033,30,1,21,32.4805530134658,0.6559027777777777,42.977150537634415,1028.0913978494634,34.26971326164878,0
2621,4,0,0,31,0.0,0.0,1.0,31,500,300,200,0.6,7,3,4,409.1985133922851,0.39982078853046593,0.14490406915454357,0.24494277210101587,132156.0386316338,4615.6109087755995,136771.6495404094,1162,8,242.58064516129033,30,1,21,32.424836601307206,0.65625,42.94354838709678,1028.2258064516136,34.27419354838712,0
2622,4,0,0,31,0.0,0.0,1.0,31,650,300,350,0.46153846153846156,10,3,7,411.76296990164695,0.39896953405017926,0.14940222248452883,0.24692870264007868,132225.1488611401,4689.0839981500885,136914.23285929018,1163,9,243.58064516129033,30,1,21,32.288944066910624,0.6569444444444444,42.87634408602151,1028.4946236559147,34.283154121863824,0
2623,4,1,0,32,0.03125,0.0,1.0,32,450,300,150,0.6666666666666666,6,3,3,401.27961188409336,0.40309979838709675,0.14672121785667658,0.24263639357885106,132536.36845661368,4236.941409411515,136773.3098660252,1164,0,236.9375,30,2,22,32.24394117391115,0.6600694444444444,42.57392473118281,1029.7043010752702,34.323476702509005,0
2624,4,0,1,31,0.0,0.03125,0.96875,32,550,300,250,0.5454545454545454,8,3,5,397.1450890394564,0.40234375,0.11012303715051686,0.22493401897657708,130030.07888793945,3928.1614515516503,133958.2403394911,1165,1,237.9375,31,1,19,34.8931071534959,0.6320564516129032,45.01953125,1019.921875,32.90070564516129,7
2625,4,0,0,31,0.0,0.0,1.0,31,1000,600,400,0.6,14,6,8,409.3217149361749,0.39784946236559143,0.12171634680822119,0.2309743962854129,129885.53590010398,4432.9940600069285,134318.5299601109,1166,12,246.58064516129033,30,1,19,34.73018855485232,0.6333333333333333,45.16129032258064,1019.3548387096768,33.97849462365589,0
2626,4,0,0,31,0.0,0.0,1.0,31,850,600,250,0.7058823529411765,11,6,5,415.76203471952635,0.39896953405017926,0.1300100328192222,0.23543300891431096,130022.58209041512,4611.6906578795315,134634.27274829464,1167,13,247.58064516129033,30,1,19,34.42606747496046,0.6347222222222222,45.02688172043011,1019.8924731182799,33.99641577060933,0
2627,4,1,0,32,0.03125,0.0,1.0,32,1100,800,300,0.7272727272727273,14,8,6,404.27899301272157,0.403330813172043,0.12937146335044103,0.23115997501156302,130399.8317182623,4143.803835703562,134543.63555396587,1168,0,240.8125,30,2,21,34.334287406237664,0.6385416666666667,44.657258064516135,1021.370967741936,34.045698924731205,0
2628,4,1,1,32,0.030303030303030304,0.030303030303030304,0.9696969696969697,33,700,600,100,0.8571428571428571,8,6,2,396.83187989200803,0.4055397727272727,0.123880700617784,0.22962480943971994,130861.41798231332,3785.996500651038,134647.41448296435,1169,0,234.4848484848485,31,2,15,34.054997030626964,0.6404569892473118,44.205729166666664,1023.1770833333329,33.005712365591386,0
2629,4,1,0,33,0.030303030303030304,0.0,1.0,33,900,600,300,0.6666666666666666,12,6,6,402.00888399636193,0.40597380050505055,0.13971908251084453,0.2342371764085468,131128.0059814453,3942.9246690538203,135070.93065049913,1170,0,235.42424242424244,31,2,17,33.651686583608786,0.6431451612903225,43.9453125,1024.21875,33.03931451612903,0
2630,4,0,0,33,0.0,0.0,1.0,33,1000,700,300,0.7,13,7,6,402.11791457885823,0.4053424873737374,0.1388054412965447,0.23470799346487067,131194.69536675353,3951.1474609375055,135145.84282769103,1171,1,236.42424242424244,31,2,18,33.58117268259617,0.6438172043010753,43.880208333333336,1024.479166666667,33.04771505376345,0
2631,4,0,0,33,0.0,0.0,1.0,33,700,500,200,0.7142857142857143,9,5,4,402.11791457885823,0.4053424873737374,0.1388054412965447,0.23470799346487067,131194.69536675353,3951.1474609375055,135145.84282769103,1172,2,237.42424242424244,31,2,18,33.58117268259617,0.6438172043010753,43.880208333333336,1024.479166666667,33.04771505376345,0
2632,4,0,0,33,0.0,0.0,1.0,33,800,600,200,0.75,10,6,4,405.26175570540033,0.4047506313131313,0.13954252392098887,0.23716724376789733,131295.77219480166,4041.831031272329,135337.603226074,1173,3,238.42424242424244,32,1,18,33.39801240195475,0.6422526041666667,43.78156565656566,1024.873737373738,32.027304292929315,0
2633,4,0,0,33,0.0,0.0,1.0,33,800,600,200,0.75,10,6,4,406.97218785755774,0.40455334595959597,0.14068583051278405,0.23879875761365024,131397.01844143838,4094.994385739811,135492.0128271782,1174,4,239.42424242424244,30,3,18,33.25139835693061,0.6486111111111111,43.682795698924735,1025.2688172043015,34.175627240143385,0
2634,4,0,0,33,0.0,0.0,1.0,33,1150,900,250,0.782608695652174,14,9,5,391.4384772220194,0.40443497474747475,0.14234166977728013,0.2144506504044563,128720.4610020663,3477.228248393047,132197.68925045934,1175,5,240.42424242424244,32,1,17,36.376290904566396,0.6162109375,46.306818181818194,1014.7727272727287,31.711647727272773,8
2635,4,0,0,33,0.0,0.0,1.0,33,550,200,350,0.36363636363636365,9,2,7,390.1423544828493,0.40404040404040403,0.13701355215715516,0.21477857338162623,128912.72454660249,3458.8627754821086,132371.5873220846,1176,6,241.42424242424244,32,1,17,36.21238965560114,0.6181640625,46.11742424242425,1015.5303030303039,31.735321969696997,0
2636,4,1,0,34,0.029411764705882353,0.0,1.0,34,650,500,150,0.7692307692307693,8,5,3,378.6008767012971,0.40634284016636957,0.1353139641204113,0.21044934197883905,129294.84941188498,2990.228668060377,132285.07807994535,1177,0,235.2941176470588,33,1,18,36.115169498333124,0.6196338383838385,45.74142156862746,1017.0343137254912,30.819221628045188,0
2637,4,0,0,34,0.0,0.0,1.0,34,1300,1100,200,0.8461538461538461,15,11,4,375.05545531832723,0.40717840166369573,0.13325966224640107,0.20930514119377625,129450.6920415225,2910.2376489811577,132360.92969050366,1178,1,236.2941176470588,33,1,18,36.046383269107245,0.6212121212121212,45.588235294117645,1017.6470588235295,30.837789661319075,0
2638,4,1,0,35,0.02857142857142857,0.0,1.0,35,700,600,100,0.8571428571428571,8,6,2,374.8793871394131,0.4093837535014006,0.16178688196436952,0.21177223426529912,129928.59977324265,2741.51077097506,132670.11054421772,1179,0,230.5142857142857,34,1,19,35.564086096839496,0.6237745098039216,45.11904761904762,1019.5238095238096,29.985994397759107,0
2639,4,1,0,36,0.027777777777777776,0.0,1.0,36,1200,900,300,0.75,15,9,6,366.1569495975453,0.41289682539682543,0.1570641120308831,0.2089506424948865,130323.35778061222,2344.189342403623,132667.54712301583,1180,0,225.08333333333334,34,2,20,35.3853328669698,0.6277573529411764,44.732142857142854,1021.0714285714284,30.031512605042014,0
2640,4,0,0,36,0.0,0.0,1.0,36,1550,1200,350,0.7741935483870968,19,12,7,363.68758408760664,0.4132275132275132,0.15537304545925212,0.2086827688374341,130536.16780045345,2294.8767006802627,132831.0445011337,1181,1,226.08333333333334,34,2,16,35.23245767319043,0.6299019607843137,44.52380952380952,1021.9047619047614,30.05602240896357,0
2641,4,0,0,36,0.0,0.0,1.0,36,550,200,350,0.36363636363636365,9,2,7,361.4573487712666,0.41307870370370375,0.15406099033816445,0.20783797554347835,130617.28395061726,2242.515432098763,132859.799382716,1182,2,227.08333333333334,35,1,16,35.20720108695654,0.6285714285714286,44.44444444444444,1022.2222222222221,29.206349206349202,0
2642,4,0,0,36,0.0,0.0,1.0,36,950,500,450,0.5263157894736842,14,5,9,360.5256163261493,0.4129464285714286,0.14982898244555076,0.20793762048680506,130735.62349965694,2226.7082475994357,132962.33174725636,1183,3,228.08333333333334,35,1,16,35.11109853629093,0.6297619047619047,44.328703703703695,1022.6851851851842,29.21957671957669,0
2643,4,1,0,37,0.02702702702702703,0.0,1.0,37,1000,600,400,0.6,14,6,8,349.7605646379329,0.4172922922922923,0.14102324033039992,0.2034787469131621,131068.54056336738,1768.5213507426365,132837.06191411,1184,0,222.8918918918919,36,1,18,35.049626086000224,0.6310763888888888,44.00337837837838,1023.9864864864862,28.444069069069062,0
2644,4,1,0,38,0.02631578947368421,0.0,1.0,38,750,400,350,0.5333333333333333,11,4,7,343.64681435973756,0.41872629208155526,0.1435098810471651,0.2015909590462619,131387.4488275891,1430.6892521118393,132818.13807970093,1185,0,218.0,35,3,21,34.884191314819,0.6363095238095238,43.692129629629626,1025.231481481481,29.29232804232803,0
2645,4,0,0,38,0.0,0.0,1.0,38,1250,700,550,0.56,18,7,11,338.5080493117385,0.4187855618776672,0.13275778378753222,0.1991686894787671,131501.3239590943,1302.8513310608034,132804.1752901551,1186,1,219.0,36,2,21,34.901094276094284,0.6354166666666667,43.58108108108109,1025.6756756756763,28.49099099099101,0
2646,4,0,1,37,0.0,0.02631578947368421,0.9736842105263158,38,1150,800,350,0.6956521739130435,15,8,7,333.2296272689213,0.418859649122807,0.11310619205356076,0.18227478518917503,128658.13607103724,974.5405456131787,129632.67661665042,1187,2,220.0,36,2,17,37.91648166648168,0.6067708333333333,46.36824324324324,1014.5270270270269,28.1813063063063,8
2647,4,1,0,38,0.02631578947368421,0.0,1.0,38,1100,900,200,0.8181818181818182,13,9,4,326.98242838105887,0.42068219535324797,0.12348178137651789,0.18054072636804844,129029.71172185692,838.0896944241449,129867.80141628106,1188,0,220.78947368421052,36,2,19,37.696972216064445,0.6105324074074074,46.00225225225225,1015.9909909909904,28.221971971971957,0
2648,4,0,0,38,0.0,0.0,1.0,38,1200,900,300,0.75,15,9,6,324.94456858122265,0.42038584637268844,0.12167299271775311,0.180065968114346,129172.76810171655,794.7978806509165,129967.56598236747,1189,1,221.78947368421052,36,2,20,37.6033935231343,0.6119791666666667,45.861486486486484,1016.5540540540537,28.237612612612605,0
2649,4,1,0,39,0.02564102564102564,0.0,1.0,39,1050,700,350,0.6666666666666666,14,7,7,315.4759719514483,0.42332995951417,0.12805876586167386,0.17656385771966224,129563.94184989603,374.86209699137066,129938.8039468874,1190,0,217.07692307692307,37,2,16,37.447383773110744,0.6140202702702703,45.47697368421052,1018.0921052631571,27.516002844950194,0
2650,4,0,1,38,0.0,0.02564102564102564,0.9743589743589743,39,1000,700,300,0.7,13,7,6,311.9449063038503,0.42349865047233465,0.07439322131265258,0.17446364518824964,129536.03512619257,339.6950263542494,129875.73015254682,1191,1,218.07692307692307,37,2,18,37.56552491742063,0.6137387387387387,45.504385964912274,1017.98245614035,27.513039355144596,8
2651,4,1,0,39,0.02564102564102564,0.0,1.0,39,1050,600,450,0.5714285714285714,15,6,9,313.4363712176434,0.4244264507422402,0.08731465772885882,0.17667623229035725,129843.17440221972,339.5146824022563,130182.68908462198,1192,0,218.89743589743588,37,2,20,37.21658149542767,0.6168355855855856,45.20285087719297,1019.1885964912266,27.545637743006125,0
2652,4,1,0,40,0.025,0.0,1.0,40,1400,1100,300,0.7857142857142857,17,11,6,307.6020338647641,0.4276976495726496,0.08821327609674356,0.17477138759323974,130153.54624379051,7.099107860308607,130160.64535165082,1193,0,214.4,38,2,22,37.05153038076292,0.6181469298245614,44.898504273504265,1020.4059829059819,26.852789023841627,0
2653,4,0,0,40,0.0,0.0,1.0,40,950,700,250,0.7368421052631579,12,7,5,305.0264093846161,0.42744391025641026,0.07728176679924603,0.17367236682125273,130235.3223847614,-54.957447585667325,130180.36493717573,1194,1,215.4,38,2,22,37.034662619496196,0.6189692982456141,44.81837606837606,1020.726495726495,26.86122357174987,0
2654,4,0,1,39,0.0,0.025,0.975,40,750,600,150,0.8,9,6,3,305.37262374328515,0.42652243589743594,0.0732944438631371,0.17423559194713886,130317.12420784938,-40.943572393891316,130276.18063545549,1195,2,216.4,38,2,22,36.94325276411705,0.6197916666666667,44.738247863247864,1021.0470085470087,26.869658119658123,0
2655,4,0,0,39,0.0,0.0,1.0,39,800,500,300,0.625,11,5,6,304.44286515334124,0.42484817813765186,0.09090258392384198,0.17396201509436954,130374.54433094816,138.31996383504426,130512.86429478321,1196,3,222.30769230769232,37,2,22,36.90904373344786,0.6221846846846847,44.68201754385966,1021.2719298245629,27.60194404931251,0
2656,4,0,1,38,0.0,0.02564102564102564,0.9743589743589743,39,1400,1000,400,0.7142857142857143,18,10,8,325.06425498296034,0.4246513720197931,0.07818502031590158,0.1768816384530587,128450.017373134,616.7394053939612,129066.75677852797,1197,4,223.30769230769232,37,2,14,38.335474130160435,0.602759009009009,46.5734649122807,1013.7061403508769,27.397463252726403,8
2657,4,1,1,38,0.02564102564102564,0.02564102564102564,0.9743589743589743,39,900,600,300,0.6666666666666666,12,6,6,325.38962790096565,0.42498875393612234,0.1022870819759325,0.1784245495172595,128755.86718990473,579.1647429978614,129335.0319329026,1198,0,224.05128205128204,37,2,15,38.015881590319786,0.6058558558558558,46.27192982456141,1014.9122807017557,27.43006164058799,0
2658,4,1,1,38,0.02564102564102564,0.02564102564102564,0.9743589743589743,39,1200,900,300,0.75,15,9,6,324.98062122000334,0.4245389113810167,0.10632482324889692,0.17857540485911066,128839.34389667996,574.0580034241525,129413.40190010412,1199,0,224.82051282051282,37,2,16,37.94134985779602,0.6067004504504505,46.18969298245615,1015.2412280701772,27.438952110004788,0
2659,4,0,0,38,0.0,0.0,1.0,38,1150,800,350,0.6956521739130435,15,8,7,332.79838984290296,0.42056365576102417,0.1051171861315141,0.18269456066040993,128800.9863748886,972.9521751481378,129773.93855003674,1200,1,231.57894736842104,36,2,18,37.781968789290715,0.6082175925925926,46.227477477477485,1015.0900900900917,28.196946946946994,0
2660,4,1,0,39,0.02564102564102564,0.0,1.0,39,1100,800,300,0.7272727272727273,14,8,6,327.2669722539328,0.4216992802519118,0.10744336569579249,0.18122848463524238,129145.65659626044,653.0216028008629,129798.6781990613,1201,0,226.6153846153846,37,2,19,37.571916576770946,0.6097972972972974,45.88815789473684,1016.447368421053,27.4715504978663,0
2661,4,0,0,39,0.0,0.0,1.0,39,850,600,250,0.7058823529411765,11,6,5,327.4842624648225,0.4215587044534413,0.11021244473201763,0.18173318766225588,129229.25954380179,664.1097501153982,129893.36929391719,1202,1,227.6153846153846,37,2,19,37.48146500593119,0.6106418918918919,45.80592105263157,1016.7763157894724,27.480440967283037,0
2662,4,1,1,39,0.025,0.025,0.975,40,850,400,450,0.47058823529411764,13,4,9,320.01662341617555,0.42441239316239315,0.10647040302267019,0.17893887252988958,129527.44904667966,290.1873767258197,129817.63642340548,1203,0,222.9,38,2,15,37.36880772460117,0.611842105263158,45.512820512820504,1017.9487179487166,26.788124156545177,0
2663,4,0,0,39,0.0,0.0,1.0,39,1550,1200,350,0.7741935483870968,19,12,7,324.9634927645501,0.421221322537112,0.10654202509406163,0.1814868315186853,129480.2306959832,615.2696021852692,130095.50029816848,1204,3,229.6153846153846,37,2,16,37.29081376140201,0.6131756756756757,45.55921052631578,1017.7631578947354,27.50711237553339,0
2664,4,0,0,39,0.0,0.0,1.0,39,1000,800,200,0.8,12,8,4,330.20786746703584,0.4215587044534413,0.1061146957561303,0.18507184460871215,129619.76431450054,760.2931911741985,130380.05750567475,1205,4,230.6153846153846,37,2,16,37.01578819855713,0.6145833333333333,45.422149122807014,1018.3114035087714,27.52192982456139,0
2665,4,1,1,39,0.025,0.025,0.975,40,700,500,200,0.7142857142857143,9,5,4,326.77828698216575,0.4233707264957265,0.11473902106697342,0.1843756141985123,129881.14458917746,488.4675880268806,130369.61217720434,1206,0,225.825,38,2,17,36.83816336512594,0.6154057017543859,45.16559829059829,1019.337606837607,26.824673864147552,0
2666,4,0,0,39,0.0,0.0,1.0,39,1200,600,600,0.5,18,6,12,332.3004899599418,0.4198717948717949,0.11511295344790029,0.18757727110853545,129899.05698147503,833.1040560557062,130732.16103753074,1207,1,232.48717948717947,37,2,17,36.679282743537335,0.6173986486486487,45.14802631578947,1019.4078947368419,27.551564722617346,0
2667,4,0,1,38,0.0,0.02564102564102564,0.9743589743589743,39,900,600,300,0.6666666666666666,12,6,6,332.7431921682408,0.41942195231668916,0.11443744984986015,0.18809598443601644,129954.95158366035,848.3250856032639,130803.27666926362,1208,2,233.48717948717947,37,2,17,36.61135157902285,0.6179617117117118,45.093201754385966,1019.6271929824561,27.557491702228543,0
2668,4,2,2,38,0.05,0.05,0.95,40,1300,1000,300,0.7692307692307693,16,10,6,327.84310901571644,0.41969818376068374,0.12706023844383973,0.18771471906636417,130453.51765103366,553.6573617503036,131007.17501278396,1209,0,228.375,38,2,20,36.231741964721444,0.6211622807017544,44.60470085470085,1021.5811965811965,26.88371569950517,0
2669,4,0,0,38,0.0,0.0,1.0,38,1400,1200,200,0.8571428571428571,16,12,4,349.14886776439056,0.419481981981982,0.08227700216134104,0.19111976297431085,128686.69979100717,1400.5479447776245,130087.2477357848,1210,1,238.31578947368422,36,2,17,37.483583055863846,0.6070601851851851,46.34009009009009,1014.6396396396392,28.184434434434422,8
2670,4,0,0,38,0.0,0.0,1.0,38,1400,1200,200,0.8571428571428571,16,12,4,350.67467821087007,0.41943752963489805,0.08466298858627419,0.1926466925088965,128829.56594685899,1435.453316492165,130265.01926335115,1211,2,239.31578947368422,36,2,17,37.29917729709744,0.6085069444444444,46.19932432432432,1015.2027027027025,28.20007507507507,0
2671,4,0,1,37,0.0,0.02631578947368421,0.9736842105263158,38,1000,700,300,0.7,13,7,6,340.7087577621753,0.41955606922712185,0.04391180201272871,0.17700693818874377,126580.82133693092,1025.4388788443034,127606.26021577523,1212,3,240.31578947368422,38,0,15,39.85273560533671,0.5819627192982456,48.42414529914529,1006.3034188034172,26.4816689158794,8
2672,4,1,1,37,0.02631578947368421,0.02631578947368421,0.9736842105263158,38,1200,800,400,0.6666666666666666,16,8,8,344.6255552480692,0.42111190137505927,0.06315119434486927,0.1798693512607033,126769.03558514136,1137.569855358321,127906.60544049968,1213,0,241.1315789473684,38,0,16,39.56078930617443,0.5838815789473684,48.23717948717949,1007.0512820512822,26.501349527665322,0
2673,4,0,1,36,0.0,0.02702702702702703,0.972972972972973,37,1600,1100,500,0.6875,21,11,10,347.1564207387031,0.4206081081081081,0.07647359966105904,0.18139811609247586,126815.75701177276,1404.9808594952187,128220.73787126798,1214,1,248.54054054054055,37,0,16,39.449071050148774,0.5861486486486487,48.190789473684205,1007.2368421052624,27.22261735419628,0
2674,4,1,0,37,0.02702702702702703,0.0,1.0,37,850,600,250,0.7058823529411765,11,6,5,342.6188089777092,0.4228603603603604,0.024360165965020775,0.17341422993649935,125507.27036157793,1279.1127424637825,126786.38310404171,1215,0,238.8918918918919,36,1,15,40.910410579156355,0.5746527777777778,49.49324324324325,1002.0270270270282,27.834084084084118,8
2675,4,3,2,38,0.075,0.05,0.95,40,1200,1000,200,0.8333333333333334,14,10,4,324.03914972612563,0.4298744658119658,0.047469174178842,0.16732487073337834,126331.65283203137,187.28027343751518,126518.93310546888,1216,0,221.9,39,1,13,40.52785980727387,0.577724358974359,48.67187500000001,1005.3125000000009,25.777243589743613,0
2676,4,1,1,38,0.02564102564102564,0.02564102564102564,0.9743589743589743,39,900,600,300,0.6666666666666666,12,6,6,328.43930282958377,0.4295715249662618,0.04476554752797823,0.16985003946329907,126392.7469135802,502.46913580246144,126895.21604938265,1217,0,228.56410256410257,38,1,15,40.35451197053406,0.5800438596491229,48.61111111111111,1005.5555555555552,26.46198830409356,0
2677,4,1,0,39,0.02564102564102564,0.0,1.0,39,1300,900,400,0.6923076923076923,17,9,8,329.9342772526273,0.4299651372019793,0.04953454189123052,0.17152212426709412,126607.70052596959,554.4440335305584,127162.14455950014,1218,0,227.92307692307693,38,1,16,40.09620488322719,0.5822368421052632,48.39743589743589,1006.410256410255,26.484480431848816,0
2678,4,2,0,41,0.04878048780487805,0.0,1.0,41,1100,800,300,0.7272727272727273,14,8,6,322.4196587758316,0.43401930894308943,0.0742593844074464,0.1699423852018122,127168.8801825135,0.3493910701069467,127169.22957358361,1219,0,217.7560975609756,40,1,18,39.71032745591939,0.5846354166666667,47.84044715447153,1008.638211382112,25.2159552845528,0
2679,4,0,0,41,0.0,0.0,1.0,41,1100,600,500,0.5454545454545454,16,6,10,323.74453843661513,0.4339684959349594,0.07051256854228538,0.17096466902120785,127245.76971379442,39.0245968008191,127284.79431059524,1220,1,218.7560975609756,40,1,18,39.598232272360995,0.5854166666666667,47.76422764227641,1008.9430894308921,25.223577235772304,0
2680,4,2,2,41,0.046511627906976744,0.046511627906976744,0.9534883720930233,43,1050,500,550,0.47619047619047616,16,5,11,318.2944348858614,0.43773071244001477,0.09868061762876734,0.17020839770190607,127752.38985224727,-467.4250533321513,127284.96479891513,1221,0,209.53488372093022,42,1,17,39.21810600977667,0.5875496031746033,47.262596899224796,1010.9496124030993,24.07022886674046,0
2681,4,0,0,41,0.0,0.0,1.0,41,1450,1200,250,0.8275862068965517,17,12,5,329.15137319269525,0.4355691056910569,0.10232423522948064,0.17559448793069515,127656.23967215267,203.64531694096343,127859.88498909364,1222,1,219.609756097561,40,1,17,39.041968356127676,0.5895833333333333,47.35772357723577,1010.5691056910557,25.264227642276392,0
2682,4,2,0,43,0.046511627906976744,0.0,1.0,43,1050,600,450,0.5714285714285714,15,6,9,345.0068790659522,0.4384228497600591,0.08455960143882102,0.1805685354072451,126882.03125,234.36808034238845,127116.39933034239,1223,0,210.34883720930233,39,4,17,39.43513923352633,0.5833333333333333,48.125,1007.5,25.833333333333332,8
2683,4,1,2,42,0.022727272727272728,0.045454545454545456,0.9545454545454546,44,750,500,250,0.6666666666666666,10,5,5,342.8359882504358,0.4390966349541931,0.10288872201623867,0.1809464057877642,127223.341200087,-76.47840711803593,127146.86279296897,1224,0,206.54545454545453,39,5,18,39.13967045258991,0.5868055555555556,47.78645833333334,1008.8541666666682,25.868055555555596,0
2684,4,2,0,44,0.045454545454545456,0.0,1.0,44,1050,600,450,0.5714285714285714,15,6,9,343.07638684660526,0.4397352889358703,0.1190369036903689,0.18237218458687984,127512.50000000013,-50.69444444442928,127461.80555555571,1225,0,207.25,39,5,16,38.83732123212322,0.5897435897435898,47.50000000000001,1010.000000000001,25.897435897435923,0
2685,4,1,1,44,0.022222222222222223,0.022222222222222223,0.9777777777777777,45,950,500,450,0.5263157894736842,14,5,9,337.64622438508695,0.44050925925925927,0.12880493033226137,0.18104823410993473,127861.72251966437,-365.5944295723274,127496.12809009204,1226,0,203.62222222222223,40,5,17,38.617237741157574,0.5916666666666667,47.154471544715456,1011.3821138211395,25.284552845528488,0
2686,4,1,0,45,0.022222222222222223,0.0,1.0,45,1300,900,400,0.6923076923076923,17,9,8,333.65919181909516,0.4398148148148148,0.12711860625934102,0.18006028542263422,128118.80845561516,-450.3963827747927,127668.41207284036,1227,0,204.4,40,5,18,38.45550592250551,0.5942708333333333,46.900406504065046,1012.3983739837407,25.30995934959352,0
2687,4,1,1,45,0.021739130434782608,0.021739130434782608,0.9782608695652174,46,1250,1100,150,0.88,14,11,3,361.5633530678676,0.442481884057971,0.1707610962381827,0.1797165144463357,124753.41120585141,-112.15112696729409,124641.26007888412,1228,0,200.93478260869566,37,9,18,41.21654684813226,0.5650337837837838,50.246710526315766,999.0131578947337,27.000355618776588,8
2688,4,3,2,46,0.0625,0.041666666666666664,0.9583333333333334,48,1250,1000,250,0.8,15,10,5,346.2734101931449,0.4468546838061466,0.18063387349903337,0.17462810907200374,125356.61363352166,-917.9806527008486,124438.63298082081,1229,0,193.47916666666666,37,11,13,40.974465308952894,0.5712274774774775,49.643640350877185,1001.4254385964896,27.06555239449972,0
2689,4,4,1,49,0.08,0.02,0.98,50,950,500,450,0.5263157894736842,14,5,9,333.98225129216956,0.449608843537415,0.20026146503423936,0.17103724431211131,125991.54188368077,-1584.2122395833082,124407.32964409745,1230,0,186.66,39,11,16,40.627810057411644,0.5742521367521367,49.01041666666668,1003.9583333333351,25.742521367521412,0
2690,4,0,2,47,0.0,0.04081632653061224,0.9591836734693877,49,1200,800,400,0.6666666666666666,16,8,8,343.1689774316668,0.4475092120181406,0.19499251397144923,0.17563034707960573,125965.39849175353,-1154.5166015624955,124810.88189019103,1231,1,191.46938775510205,39,10,16,40.42416813669537,0.5739850427350428,49.036458333333336,1003.8541666666672,25.73985042735044,0
2691,4,4,4,47,0.0784313725490196,0.0784313725490196,0.9215686274509804,51,1100,400,700,0.36363636363636365,18,4,14,331.4751304918857,0.451421568627451,0.22168842725759808,0.17359820992138647,126908.2695855034,-1786.5641276041774,125121.70545789922,1232,0,183.6078431372549,39,12,16,39.74906526758328,0.5836004273504274,48.09895833333333,1007.604166666666,25.836004273504255,0
2692,4,2,2,47,0.04081632653061224,0.04081632653061224,0.9591836734693877,49,1150,700,450,0.6086956521739131,16,7,9,348.04128373538566,0.4464462868480725,0.2388626182180189,0.1816142698764651,126760.54170514015,-976.4196675900146,125784.12203755013,1233,0,191.85714285714286,37,12,18,39.48352206736354,0.5855855855855856,48.245614035087726,1007.01754385965,27.216690374585134,0
2693,4,0,0,47,0.0,0.0,1.0,47,1400,1100,300,0.7857142857142857,17,11,6,362.1314381139566,0.4438983965464076,0.23309622029260502,0.18901653527471737,126771.27707315252,-218.4270243912767,126552.85004876125,1234,1,200.10638297872342,35,12,18,39.11774987549324,0.5895833333333333,48.23495370370371,1007.0601851851859,28.77314814814817,0
2694,4,0,1,46,0.0,0.02127659574468085,0.9787234042553191,47,1650,1300,350,0.7878787878787878,20,13,7,362.8083052727973,0.44349367869256856,0.23066731681790587,0.18967389191497236,126836.65242522952,-196.52181742550948,126640.130607804,1235,2,201.10638297872342,36,11,18,39.03344512763183,0.5882523148148149,48.17004504504506,1007.3198198198218,27.98110610610616,0
2695,4,1,0,47,0.02127659574468085,0.0,1.0,47,2000,1600,400,0.8,24,16,8,364.77951945753074,0.44505473327166206,0.22720645749540624,0.19164473725100212,127036.73846760546,-131.9199176669691,126904.8185499385,1236,0,201.82978723404256,37,10,19,38.77800739612791,0.5884009009009009,47.97149122807018,1008.1140350877198,27.246325272641077,0
2696,4,1,1,47,0.020833333333333332,0.020833333333333332,0.9791666666666666,48,1400,1000,400,0.7142857142857143,18,10,8,357.1371131620742,0.44671616430260047,0.2204578516945821,0.1890017756172324,127332.20663265297,-504.94057041100064,126827.26606224198,1237,0,198.60416666666666,34,14,16,38.66723676967839,0.5974264705882353,47.67857142857142,1009.2857142857135,29.68487394957981,0
2697,4,1,1,47,0.020833333333333332,0.020833333333333332,0.9791666666666666,48,1100,700,400,0.6363636363636364,15,7,8,356.1439285696138,0.4461805555555556,0.22008565371834532,0.18940085707660062,127530.03532503844,-516.1904417438484,127013.84488329459,1238,0,199.58333333333334,35,13,17,38.48938638707458,0.5973214285714286,47.48263888888888,1010.0694444444433,28.859126984126952,0
2698,4,1,1,47,0.020833333333333332,0.020833333333333332,0.9791666666666666,48,950,500,450,0.5263157894736842,14,5,9,352.219866088243,0.448119828605201,0.22409746957554155,0.18925498067803673,127945.07345183016,-587.0406724291954,127358.03277940096,1239,0,180.25,36,12,19,38.163447981596896,0.599537037037037,47.07207207207207,1011.7117117117114,28.103103103103095,0
2699,4,0,1,46,0.0,0.02127659574468085,0.9787234042553191,47,1150,600,550,0.5217391304347826,17,6,11,362.7696025702309,0.44607616404563677,0.17055612915225038,0.18678552589348926,126213.51662050557,-198.56989590943272,126014.94672459614,1240,1,185.0212765957447,36,11,19,39.67625798498262,0.5818865740740741,48.78941441441441,1004.8423423423418,27.91228728728727,8
2700,4,1,0,47,0.02127659574468085,0.0,1.0,47,650,200,450,0.3076923076923077,11,2,9,358.35142126739976,0.4448427382053654,0.1952196739430787,0.1856609567726456,126468.25034493941,-335.9845487379378,126132.26579620148,1241,0,185.82978723404256,36,11,14,39.52478914763398,0.5844907407407407,48.53603603603603,1005.8558558558549,27.940440440440412,0
2701,4,1,0,48,0.020833333333333332,0.0,1.0,48,1250,700,550,0.56,18,7,11,355.07321181824807,0.4460050975177305,0.21748466521933896,0.18595685857703928,126908.26958550354,-587.6546223958271,126320.61496310771,1242,0,182.9375,39,9,15,39.15462714083875,0.5836004273504274,48.098958333333336,1007.6041666666673,25.83600427350429,0
2702,4,2,4,46,0.04,0.08,0.92,50,700,600,100,0.8571428571428571,8,6,2,341.21760601331636,0.44973639455782316,0.220644029311591,0.18056020669923656,127328.45187717007,-1310.3922526041706,126018.0596245659,1243,0,176.58,39,11,13,39.07276722744007,0.5878739316239316,47.682291666666664,1009.2708333333327,25.8787393162393,0
2703,4,2,2,46,0.041666666666666664,0.041666666666666664,0.9583333333333334,48,1400,1000,400,0.7142857142857143,18,10,8,357.53593156397363,0.4454417848699764,0.22243805694414287,0.18886599553683606,127257.91229032003,-500.14475607880047,126757.76753424123,1244,0,184.5,37,11,17,38.733427515757455,0.5906531531531531,47.75219298245614,1008.9912280701749,27.27003319108581,0
2704,4,0,1,45,0.0,0.021739130434782608,0.9782608695652174,46,1150,700,450,0.6086956521739131,16,7,9,363.646464445153,0.4431863929146538,0.21879852484472018,0.19211511329177888,127262.39753266778,55.7041839136383,127318.10171658141,1245,1,190.95652173913044,36,10,17,38.5746837797619,0.5925925925925926,47.747747747747745,1009.0090090090088,28.02802802802802,0
2705,4,0,0,45,0.0,0.0,1.0,45,1500,900,600,0.6,21,9,12,368.2728141759609,0.4420875420875421,0.11109122990133957,0.19212925929763341,126751.58900454483,335.8328767956824,127087.42188134052,1246,2,195.93333333333334,36,9,19,38.98340229627971,0.5873842592592593,48.25450450450449,1006.98198198198,27.971721721721664,8
2706,4,4,2,47,0.08163265306122448,0.04081632653061224,0.9591836734693877,49,950,500,450,0.5263157894736842,14,5,9,292.67236669549305,0.4481469671201814,0.025070154818609636,0.15370593614152603,127022.00038580254,-2364.3775673195637,124657.62281848298,1247,0,180.85714285714286,44,5,19,40.61036098098649,0.5774147727272727,47.986111111111114,1008.0555555555561,22.910353535353547,8
2707,4,2,4,45,0.04081632653061224,0.08163265306122448,0.9183673469387755,49,1450,1200,250,0.8275862068965517,17,12,5,288.69788271987943,0.45009566326530615,0.04294785015859115,0.15289099360920091,127360.84937991995,-2446.199908275421,124914.64947164453,1248,0,181.44897959183675,42,7,11,40.36490832293366,0.5835813492063492,47.65019379844961,1009.3992248062006,24.033314876338107,0
2708,4,3,4,44,0.0625,0.08333333333333333,0.9166666666666666,48,1250,900,350,0.72,16,9,7,291.8482304176851,0.4519983747044917,0.07744845360824737,0.15554548544239258,127617.73003472215,-2150.9982638888987,125466.73177083324,1249,0,185.58333333333334,41,7,15,40.023625429553256,0.5876524390243902,47.39583333333333,1010.416666666666,24.644308943089413,0
2709,4,1,0,45,0.022222222222222223,0.0,1.0,45,1050,800,250,0.7619047619047619,13,8,5,353.8851289543015,0.4492424242424242,0.1752567972490351,0.17372699857654017,124232.33305185508,-207.2049595301035,124025.12809232497,1250,0,198.8,41,4,13,41.94892941254517,0.553099593495935,50.76884920634921,996.9246031746038,24.315234223770826,8
2710,4,4,1,48,0.08163265306122448,0.02040816326530612,0.9795918367346939,49,1200,600,600,0.5,18,6,12,334.1917641811133,0.455374858276644,0.21583945397975568,0.16776267800958788,125165.77462300567,-1429.3967599115865,123736.37786309408,1251,0,183.48979591836735,43,6,17,41.47394798271347,0.5598352713178294,49.834280303030305,1000.6628787878792,23.271229739253005,0
2711,4,3,2,49,0.058823529411764705,0.0392156862745098,0.9607843137254902,51,1550,1200,350,0.7741935483870968,19,12,7,335.81634878433414,0.4576797385620915,0.27069283816688694,0.17173047429702928,125932.58403123576,-1741.955887530819,124190.62814370495,1252,0,177.0392156862745,46,5,17,40.642480716010134,0.5638586956521738,49.06914893617021,1003.7234042553184,21.8200740055504,0
2712,4,5,2,52,0.09259259259259259,0.037037037037037035,0.962962962962963,54,1550,1100,450,0.7096774193548387,20,11,9,321.19937246615075,0.46141975308641975,0.2930598644145703,0.16789178009446867,126829.56271701364,-2652.1900866798314,124177.37263033382,1253,0,168.07407407407408,43,11,19,40.08854705274044,0.5767926356589148,48.17708333333332,1007.2916666666646,23.425387596899178,0
2713,4,3,1,54,0.05454545454545454,0.01818181818181818,0.9818181818181818,55,1750,1000,750,0.5714285714285714,25,10,15,315.32830614807796,0.4620650953984287,0.31271154636596,0.1669172833897261,127342.21958459273,-2968.2649173674454,124373.95466722529,1254,0,152.12727272727273,41,14,17,39.71192910032107,0.5848577235772358,47.66865079365078,1009.3253968253939,24.617692605497414,0
2714,4,0,0,54,0.0,0.0,1.0,54,2050,1500,550,0.7317073170731707,26,15,11,317.73090975140485,0.46169636617749826,0.31196189311732714,0.1686061105031174,127442.3707561726,-2701.523919753106,124740.8468364195,1255,1,152.05555555555554,41,13,18,39.54894543787257,0.5858739837398375,47.569444444444436,1009.7222222222202,24.62737127371269,0
2715,4,0,0,54,0.0,0.0,1.0,54,1650,1100,550,0.6666666666666666,22,11,11,316.6497611241974,0.4617909969718146,0.30437265459291907,0.16866381934268893,127593.81030654546,-2719.4900891012494,124874.32021744421,1256,2,153.05555555555554,43,11,18,39.42155231668073,0.5845445736434108,47.41950757575757,1010.3219696969688,23.495859760394623,0
2716,4,1,3,52,0.01818181818181818,0.05454545454545454,0.9454545454545454,55,1400,900,500,0.6428571428571429,19,9,10,314.5173466140949,0.46254208754208753,0.31711004956014377,0.1691609667321159,127984.0855797755,-2949.3569989235716,125034.72858085194,1257,0,151.25454545454545,45,10,20,39.07727971235042,0.5858796296296296,47.03351449275361,1011.8659420289833,22.485909822866297,0
2717,4,0,0,52,0.0,0.0,1.0,52,1450,1000,450,0.6896551724137931,19,10,9,330.8778256067113,0.4599358974358974,0.32049869153366917,0.1771529045770157,127801.37466385744,-1942.671808334832,125858.7028555226,1258,1,160.30769230769232,42,10,21,38.850023957834175,0.5880456349206349,47.21414728682171,1011.1434108527139,24.07484311554081,0
2718,4,1,2,51,0.018867924528301886,0.03773584905660377,0.9622641509433962,53,1750,1500,250,0.8571428571428571,20,15,5,309.980784104807,0.4593916303821964,0.2408864860552855,0.16317501366609635,127116.44174215784,-2703.555882308764,124412.88585984908,1259,0,158.26415094339623,42,11,17,40.077592005381,0.5811011904761905,47.89244186046511,1008.4302325581389,24.01024363233664,7
2719,4,1,1,51,0.019230769230769232,0.019230769230769232,0.9807692307692307,52,1600,1100,500,0.6875,21,11,10,313.47099311701095,0.45842760180995473,0.24845700022691153,0.16552440290758033,127242.10778061204,-2422.6580215419726,124819.44975907008,1260,0,162.07692307692307,41,11,18,39.86111111111108,0.5838414634146342,47.76785714285713,1008.9285714285699,24.60801393728219,0
2720,4,2,2,51,0.03773584905660377,0.03773584905660377,0.9622641509433962,53,1750,1200,550,0.6857142857142857,23,12,11,308.04811888591126,0.4622187953555878,0.2633369690852563,0.16452892616994022,127703.41443009705,-2732.2406819001544,124971.1737481969,1261,0,159.8679245283019,42,11,13,39.52701083309367,0.5870535714285714,47.31104651162789,1010.7558139534859,24.065614617940142,0
2721,4,1,0,52,0.019230769230769232,0.0,1.0,52,1900,1500,400,0.7894736842105263,23,15,8,316.3422203485497,0.4611221091000503,0.2743347212817149,0.16940332140831554,127809.16856778003,-2313.7127668732846,125495.45580090674,1262,0,163.90384615384616,43,9,15,39.2095117687457,0.5867248062015504,47.20643939393939,1011.174242424242,23.51568005637772,0
2722,4,2,0,54,0.037037037037037035,0.0,1.0,54,1350,1000,350,0.7407407407407407,17,10,7,305.94406801426743,0.4612159329140461,0.2810419114766949,0.16583337699372028,128295.24518140551,-2948.0085233129403,125347.23665809257,1263,0,158.7962962962963,41,13,17,38.977428515472,0.5945121951219512,46.72619047619046,1013.095238095235,24.709639953542318,0
2723,4,0,3,51,0.0,0.05555555555555555,0.9444444444444444,54,1750,1300,450,0.7428571428571429,22,13,9,309.1109865587721,0.46120137433030517,0.28727631311812973,0.1679722254619369,128395.770345175,-2862.2913517258894,125533.47899344911,1264,1,159.7962962962963,41,13,13,38.79494583659617,0.5955284552845528,46.62698412698412,1013.4920634920626,24.719318621757623,0
2724,4,1,2,50,0.019230769230769232,0.038461538461538464,0.9615384615384616,52,1550,1100,450,0.7096774193548387,20,11,9,318.5044671741351,0.45897750125691306,0.29727443681456256,0.17400071630350544,128607.98306439629,-2207.5565759468495,126400.42648844945,1265,0,165.1346153846154,40,12,14,38.34097284841196,0.59921875,46.41768292682927,1014.3292682926838,25.358231707317096,0
2725,4,3,1,52,0.05660377358490566,0.018867924528301886,0.9811320754716981,53,1750,1200,550,0.6857142857142857,23,12,11,313.9318475322502,0.4619315432994678,0.30476064153154026,0.17342448664645688,129050.14349489816,-2497.410005668912,126552.73348922926,1266,0,162.0943396226415,41,12,18,38.007713337238826,0.6021341463414633,45.98214285714287,1016.0714285714301,24.782229965156834,0
2726,4,0,1,51,0.0,0.019230769230769232,0.9807692307692307,52,2100,1600,500,0.7619047619047619,26,16,10,323.3778441894801,0.4609964177978884,0.3061985250578667,0.17921044739209818,129175.56023407051,-2045.497161907579,127130.06307216293,1267,1,165.94230769230768,40,12,20,37.640374554300365,0.6049479166666667,45.85873983739838,1016.5650406504079,25.414126016260198,0
2727,4,1,1,51,0.019230769230769232,0.019230769230769232,0.9807692307692307,52,1400,800,600,0.5714285714285714,20,8,12,328.0249493708152,0.46045437405731526,0.31145607857073654,0.18291039916906565,129418.71667031915,-1909.481239392956,127509.23543092619,1268,0,166.73076923076923,38,14,22,37.27534824303512,0.6107456140350878,45.61965811965811,1017.5213675213668,26.776878092667545,0
2728,4,0,1,50,0.0,0.0196078431372549,0.9803921568627451,51,1700,1300,400,0.7647058823529411,21,13,8,335.82816910584205,0.45954248366013073,0.3139621875911396,0.18702363463169266,129368.65790435507,-1510.8720952600906,127857.78580909499,1269,1,170.72549019607843,37,14,23,37.12770352805922,0.6120495495495495,45.6688596491228,1017.3245614035078,27.49525841631102,0
2729,4,0,0,50,0.0,0.0,1.0,50,1250,800,450,0.64,17,8,9,346.44528083452605,0.4583503401360544,0.3153045404208197,0.19239857847083455,129258.63997443386,-1043.790834753677,128214.84913968018,1270,2,174.76,36,14,24,36.96959210040605,0.6128472222222222,45.777027027027025,1016.8918918918916,28.24699699699699,0
2730,4,0,3,47,0.0,0.06,0.94,50,1300,900,400,0.6923076923076923,17,9,8,335.27470042021076,0.4582227891156463,0.17909144311729008,0.1819604564342205,128345.50284234053,-1393.7999968506,126951.70284548993,1271,3,175.76,41,9,17,38.183294171398735,0.595020325203252,46.6765873015873,1013.2936507936499,24.714479287649997,8
2731,4,0,2,45,0.0,0.0425531914893617,0.9574468085106383,47,1200,900,300,0.75,15,9,6,337.76968938104096,0.4555195806352143,0.17834269749163378,0.1765266928665621,126823.46242901571,-829.7313888047438,125993.73104021096,1272,4,187.36170212765958,42,5,15,39.67752926086259,0.578125,48.18313953488372,1007.2674418604653,23.982558139534888,8
2732,4,2,1,46,0.0425531914893617,0.02127659574468085,0.9787234042553191,47,1600,1300,300,0.8125,19,13,6,336.6952125670548,0.4538236201048412,0.21250233416447917,0.17770534788620831,127223.34120008661,-832.0499247552407,126391.29127533137,1273,0,188.10638297872342,39,8,17,39.29454913095852,0.5868055555555556,47.78645833333332,1008.854166666665,25.868055555555515,0
2733,4,1,2,45,0.02127659574468085,0.0425531914893617,0.9574468085106383,47,1550,1200,350,0.7741935483870968,19,12,7,333.0425251572835,0.4549028677150786,0.21593882068826775,0.17699340187235724,127502.23597891447,-907.2666732765073,126594.96930563796,1274,0,179.40425531914894,40,7,16,39.10117729925539,0.5880208333333333,47.51016260162601,1009.9593495934944,25.24898373983736,0
2734,4,1,0,46,0.021739130434782608,0.0,1.0,46,1100,700,400,0.6363636363636364,15,7,8,337.082889477872,0.4550523349436393,0.23413664340115692,0.17953689978286003,127591.41845703126,-598.2231987847216,126993.19525824655,1275,0,184.02173913043478,39,7,17,38.90789858060968,0.5905448717948718,47.421875,1010.3125000000001,25.905448717948723,0
2735,4,0,1,45,0.0,0.021739130434782608,0.9782608695652174,46,1250,800,450,0.64,17,8,9,335.8844722160113,0.454518921095008,0.23221262410839127,0.17948364088018567,127723.00347222215,-619.9652777777821,127103.03819444437,1276,1,185.02173913043478,39,7,17,38.803586150041234,0.5918803418803419,47.291666666666664,1010.8333333333327,25.918803418803403,0
2736,4,1,0,46,0.021739130434782608,0.0,1.0,46,1300,800,500,0.6153846153846154,18,8,10,337.76334010640454,0.45408615136876,0.23889177740085077,0.18193567031497015,128044.10450522784,-550.2791162761571,127493.82538895168,1277,0,185.41304347826087,41,5,18,38.427922629549755,0.5919715447154472,46.97420634920634,1012.1031746031731,24.685443283004222,0
2737,4,1,2,45,0.02127659574468085,0.0425531914893617,0.9574468085106383,47,1650,1400,250,0.8484848484848485,19,14,5,329.0232672517266,0.45405488744989203,0.23725885905321187,0.17896732328823675,128434.7344292536,-948.2787070991492,127486.45572215445,1278,0,182.4468085106383,39,8,16,38.25071506868085,0.5990918803418803,46.58854166666667,1013.6458333333344,25.99091880341883,0
2738,4,2,2,45,0.0425531914893617,0.0425531914893617,0.9574468085106383,47,1050,800,250,0.7619047619047619,13,8,5,327.2379167085481,0.4554617637989516,0.23809502992362752,0.1783501613236848,128513.937717014,-989.0733506944339,127524.86436631957,1279,0,183.31914893617022,39,8,16,38.21527635093485,0.5998931623931624,46.51041666666667,1013.9583333333344,25.99893162393165,0
2739,4,0,0,45,0.0,0.0,1.0,45,1500,800,700,0.5333333333333333,22,8,14,343.38480033030913,0.4532617845117845,0.2413413196699623,0.18594307065951907,128255.57503270234,-191.7969952293073,128063.77803747304,1280,3,192.46666666666667,37,8,21,38.06965793461787,0.6007882882882882,46.76535087719298,1012.9385964912278,27.376718824087238,0
2740,4,0,0,45,0.0,0.0,1.0,45,1300,800,500,0.6153846153846154,18,8,10,342.80101005694166,0.4529882154882155,0.24118081180811846,0.18611720551746364,128360.96871803996,-199.54605431368725,128161.42266372628,1281,4,193.46666666666667,38,7,21,37.97684941135126,0.6000548245614035,46.66132478632478,1013.3547008547002,26.66722896986053,0
2741,4,0,0,45,0.0,0.0,1.0,45,1700,1300,400,0.7647058823529411,21,13,8,340.41050323341153,0.45231481481481484,0.23016257593314404,0.18582615912563388,128577.58881446773,-246.16765742568072,128331.42115704204,1282,5,194.46666666666667,38,7,17,37.81646125215071,0.6022478070175439,46.44764957264957,1014.2094017094009,26.689721097615813,0
2742,4,0,2,43,0.0,0.044444444444444446,0.9555555555555556,45,850,500,350,0.5882352941176471,12,5,7,341.0346587578304,0.45212542087542085,0.23099599915771818,0.186802029347282,128713.06911571314,-220.87647928996023,128492.19263642318,1283,6,195.46666666666667,38,7,18,37.66253421773007,0.6036184210526316,46.314102564102555,1014.743589743588,26.703778677462843,0
2743,4,1,0,44,0.022727272727272728,0.0,1.0,44,1750,1300,450,0.7428571428571429,22,13,9,340.34552185900105,0.44964543692741366,0.2444119924664674,0.18783201203466263,129011.37689248647,-18.31112115569516,128993.06577133077,1284,0,195.75,38,6,20,37.376213762400525,0.6066337719298245,46.020299145299134,1015.9188034188019,26.734705353126365,0
2744,4,0,0,44,0.0,0.0,1.0,44,1550,1200,350,0.7741935483870968,19,12,7,343.21216845473776,0.44908386187455956,0.24904426943956004,0.18980431083380603,129092.79348381904,61.24351669222844,129154.03700051126,1285,1,196.75,38,6,20,37.220528455284565,0.6074561403508771,45.94017094017094,1016.2393162393155,26.743139901034617,0
2745,4,0,0,44,0.0,0.0,1.0,44,1450,900,550,0.6206896551724138,20,9,11,343.8097659854261,0.4491389182522903,0.2538863023768685,0.19106264706499843,129285.00987082548,89.9354549193286,129374.9453257448,1286,2,197.75,37,7,20,37.00977088948787,0.611204954954955,45.75109649122806,1016.9956140350864,27.486367946894227,0
2746,4,0,0,44,0.0,0.0,1.0,44,1050,800,250,0.7619047619047619,13,8,5,347.46324328287665,0.44862138830162085,0.2535417217764455,0.19364032639170053,129396.54659366347,192.10874980763788,129588.65534347111,1287,3,198.75,37,7,20,36.80342260301038,0.6123310810810811,45.641447368421055,1017.4342105263161,27.49822190611665,0
2747,4,0,0,44,0.0,0.0,1.0,44,1350,900,450,0.6666666666666666,18,9,9,346.0815814897721,0.4482029598308668,0.24960823490235273,0.1932809409980785,129480.23069598345,162.1446021852994,129642.37529816876,1288,4,199.75,37,7,17,36.753483444659935,0.6131756756756757,45.559210526315795,1017.7631578947373,27.507112375533442,0
2748,4,2,0,46,0.043478260869565216,0.0,1.0,46,1350,900,450,0.6666666666666666,18,9,9,330.4167741669487,0.45100644122383254,0.2604011738642058,0.18736372144857744,130076.563856337,-604.104275173591,129472.4595811634,1289,0,192.02173913043478,39,7,20,36.547470131726755,0.6156517094017093,44.97395833333334,1020.1041666666682,26.156517094017133,0
2749,4,0,0,46,0.0,0.0,1.0,46,1850,1600,250,0.8648648648648649,21,16,5,334.3484140672341,0.4496779388083736,0.26418377606216215,0.1907682264621229,130317.1242078495,-485.60231805359956,129831.5218897959,1290,1,193.02173913043478,38,8,20,36.20361166335323,0.6197916666666667,44.73824786324787,1021.0470085470096,26.869658119658148,0
2750,4,0,0,46,0.0,0.0,1.0,46,1700,1200,500,0.7058823529411765,22,12,10,335.02752637320935,0.44890297906602256,0.2667748622551962,0.19209851692046628,130508.09500328744,-455.2391518737532,130052.85585141368,1291,2,194.02173913043478,38,8,18,35.9930468423254,0.6217105263157895,44.55128205128206,1021.7948717948727,26.88933873144402,0
2751,4,0,1,45,0.0,0.021739130434782608,0.9782608695652174,46,1250,800,450,0.64,17,8,9,335.20160445125316,0.44837962962962963,0.2633072375924064,0.19287697853241398,130644.58832137124,-441.5448763605748,130203.04344501065,1292,3,195.02173913043478,38,8,18,35.85057651443898,0.6230811403508771,44.417735042735046,1022.3290598290604,26.90339631129106,0
2752,4,1,0,46,0.021739130434782608,0.0,1.0,46,1500,1100,400,0.7333333333333333,19,11,8,337.3077740091046,0.44876207729468603,0.27456978185930514,0.19463817483961168,130753.83434007235,-379.14303911899594,130374.69130095336,1293,0,189.69565217391303,38,8,19,35.68630523346914,0.6241776315789473,44.31089743589744,1022.7564102564105,26.914642375168697,0
2753,4,0,0,46,0.0,0.0,1.0,46,1300,900,400,0.6923076923076923,17,9,8,334.20749657484987,0.44873188405797104,0.2691517710906306,0.19332073211767842,130848.09570312523,-453.9171006944142,130394.17860243082,1294,1,190.69565217391303,39,7,20,35.67034887667144,0.6233974358974359,44.218750000000014,1023.1250000000018,26.233974358974404,0
2754,4,0,0,46,0.0,0.0,1.0,46,850,600,250,0.7058823529411765,11,6,5,336.91338900147457,0.44885265700483096,0.27021668318934977,0.19515549136500535,130901.38888888912,-379.51388888886527,130521.87500000026,1295,2,191.69565217391303,39,7,20,35.54729913137892,0.6239316239316239,44.16666666666668,1023.3333333333352,26.239316239316288,0
2755,4,0,0,46,0.0,0.0,1.0,46,1300,1200,100,0.9230769230769231,14,12,2,347.77639261668463,0.44849033816425116,0.2531200123069819,0.19511722672613516,129659.75265806359,-45.71590171251154,129614.03675635108,1296,3,192.69565217391303,36,10,17,36.527900633937776,0.6168981481481481,45.38288288288289,1018.4684684684694,28.290790790790815,8
2756,4,0,1,45,0.0,0.021739130434782608,0.9782608695652174,46,1450,900,550,0.6206896551724138,20,9,11,346.7364244070693,0.44812801932367147,0.25048762911362,0.19539007726550303,129831.84831791258,-196.51382801719464,129635.33448989538,1297,4,193.69565217391303,36,10,17,36.37960405156538,0.6186342592592593,45.21396396396397,1019.1441441441448,28.309559559559577,0
2757,4,1,1,45,0.021739130434782608,0.021739130434782608,0.9782608695652174,46,1150,900,250,0.782608695652174,14,9,5,345.747716289212,0.44768518518518513,0.24589179896466584,0.19540573179042006,129946.64216581463,-214.24904634361943,129732.393119471,1298,0,194.58695652173913,36,10,18,36.288288785803694,0.6197916666666667,45.10135135135136,1019.594594594596,28.32207207207211,0
2758,4,0,0,45,0.0,0.0,1.0,45,1450,1000,450,0.6896551724137931,19,10,9,351.5014498654396,0.44770622895622897,0.23916881020830205,0.1990636745638981,130026.38996056246,140.89291838135247,130167.2828789438,1299,1,197.04444444444445,35,10,18,36.06067483734302,0.6226190476190476,45.02314814814815,1019.9074074074078,29.140211640211653,0
2759,4,0,0,45,0.0,0.0,1.0,45,1400,1100,300,0.7857142857142857,17,11,6,352.20661570685127,0.44785353535353534,0.23510079296837705,0.19981282637417946,130094.74068944287,164.04566789781074,130258.78635734068,1300,2,198.04444444444445,37,8,19,35.973326884494114,0.6193693693693694,44.95614035087719,1020.1754385964911,27.572309151256515,0
2760,4,1,1,45,0.021739130434782608,0.021739130434782608,0.9782608695652174,46,1200,700,500,0.5833333333333334,17,7,10,343.9811995900323,0.4490841384863124,0.2351238401963034,0.19700741431065516,130463.84222059917,-224.36179722432314,130239.48042337484,1301,0,194.7173913043478,36,10,20,35.80912882128159,0.625,44.594594594594604,1021.6216216216231,28.37837837837842,0
2761,4,0,2,43,0.0,0.044444444444444446,0.9555555555555556,45,1100,700,400,0.6363636363636364,15,7,8,345.0594904719621,0.44930555555555557,0.22681603917967563,0.19806545705458944,130550.14209733398,9.51310262967462,130559.65519996366,1302,1,195.75555555555556,36,9,16,35.694214876033065,0.6258680555555556,44.510135135135144,1021.9594594594608,28.3877627627628,0
2762,4,0,1,42,0.0,0.023255813953488372,0.9767441860465116,43,1300,800,500,0.6153846153846154,18,8,10,352.75697243928744,0.44855112587670726,0.2211436611702211,0.20190875737672823,130439.87509645052,602.7150848765314,131042.59018132705,637,2,175.27906976744185,35,8,20,35.60927940176751,0.6267857142857143,44.61805555555555,1021.5277777777769,29.186507936507912,0
2763,4,0,1,41,0.0,0.023809523809523808,0.9761904761904762,42,900,500,400,0.5555555555555556,13,5,8,349.8319659402283,0.447432733255904,0.21262251044093294,0.2009541090426275,130578.91506371245,736.135713416131,131315.05077712858,638,3,179.21428571428572,36,6,16,35.543144924342585,0.6261574074074074,44.48198198198199,1022.0720720720728,28.390890890890912,0
2764,4,0,0,41,0.0,0.0,1.0,41,900,600,300,0.6666666666666666,12,6,6,349.56998213612735,0.4458587398373984,0.20357959125086977,0.20161882259496222,130735.62349965703,940.2499142661151,131675.87341392314,639,4,181.85365853658536,35,6,16,35.39120265580202,0.6297619047619047,44.3287037037037,1022.6851851851849,29.21957671957671,0
2765,4,0,0,41,0.0,0.0,1.0,41,1900,1600,300,0.8421052631578947,22,16,6,350.8088623042513,0.445630081300813,0.20507671449857057,0.20287068835354058,130838.01442912502,979.8269976057107,131817.84142673074,640,5,182.85365853658536,36,5,16,35.25591634562466,0.6287615740740741,44.2286036036036,1023.0855855855851,28.419044044044032,0
2766,4,0,0,41,0.0,0.0,1.0,41,950,800,150,0.8421052631578947,11,8,3,342.76085787603097,0.4455538617886179,0.11655102560352715,0.1870851082443354,128572.4639335281,623.166494196897,129195.63042772499,641,6,183.85365853658536,36,5,17,37.76209378932563,0.6059027777777778,46.4527027027027,1014.189189189189,28.171921921921918,8
2767,4,0,0,41,0.0,0.0,1.0,41,1500,1100,400,0.7333333333333333,19,11,8,344.8196787706454,0.445020325203252,0.11311919577968421,0.18888572190895359,128715.26668137732,676.7113819901009,129391.97806336742,642,7,184.85365853658536,36,5,17,37.564273295601666,0.607349537037037,46.31193693693694,1014.7522522522523,28.187562562562565,0
2768,4,0,0,41,0.0,0.0,1.0,41,1250,900,350,0.72,16,9,7,343.93666315061887,0.4446392276422764,0.11914559744599074,0.188945095569947,128829.56594685912,661.8422053810687,129491.40815224018,643,8,185.85365853658536,36,5,17,37.47018857459789,0.6085069444444444,46.19932432432433,1015.2027027027035,28.200075075075098,0
2769,4,2,1,42,0.046511627906976744,0.023255813953488372,0.9767441860465116,43,950,500,450,0.5263157894736842,14,5,9,331.2259596137135,0.4469592100406054,0.11663253206855595,0.18433012761466253,129340.77222077968,-31.25992317674485,129309.51229760294,644,0,178.1627906976744,37,6,19,37.27307229348567,0.6117680180180181,45.69627192982457,1017.2149122807034,27.492294926505497,0
2770,4,2,2,42,0.045454545454545456,0.045454545454545456,0.9545454545454546,44,1100,800,300,0.7272727272727273,14,8,6,321.6673204411072,0.44721194503171247,0.013593758321350125,0.17769777216600968,129050.14349489791,-491.21074243409976,128558.93275246382,645,0,173.97727272727272,41,3,18,37.811218512009354,0.6021341463414633,45.982142857142854,1016.0714285714282,24.782229965156787,7
2771,4,0,1,41,0.0,0.023809523809523808,0.9761904761904762,42,1100,800,300,0.7272727272727273,14,8,6,334.1842666631197,0.4449283778552071,-0.00043965062430362245,0.1838390649792375,128883.87586805546,214.19270833332357,129098.06857638879,646,1,183.21428571428572,39,3,19,37.662426480645614,0.6036324786324787,46.14583333333333,1015.4166666666658,26.036324786324766,0
2772,4,0,1,40,0.0,0.024390243902439025,0.975609756097561,41,1250,1000,250,0.8,15,10,5,341.89352489541915,0.44301321138211386,0.012041143138704413,0.18804143869248027,128875.73964497025,612.3561801446264,129488.09582511487,647,2,188.41463414634146,38,3,19,37.47501052188553,0.6052631578947368,46.153846153846146,1015.384615384614,26.720647773279314,0
2773,4,1,0,41,0.024390243902439025,0.0,1.0,41,1400,1200,200,0.8571428571428571,16,12,4,341.14492445709266,0.4420985772357724,0.024341519831978742,0.1885316314068219,129065.65176647295,606.0184043757595,129671.67017084871,648,0,188.46341463414635,38,3,21,37.30066940034344,0.6071820175438596,45.966880341880334,1016.1324786324776,26.7403283850652,0
2774,4,1,0,42,0.023809523809523808,0.0,1.0,42,1050,700,350,0.6666666666666666,14,7,7,329.23275851467037,0.444722706155633,0.03359227377703111,0.1838377056043813,129473.0771513622,125.42700799909949,129598.5041593613,649,0,184.95238095238096,38,4,15,37.18944642732172,0.6112938596491229,45.566239316239304,1017.7350427350411,26.782501124606345,0
2775,4,0,1,41,0.0,0.023809523809523808,0.9761904761904762,42,1250,900,350,0.72,16,9,7,334.17879198582193,0.44434765776229196,0.03534339362515193,0.187505969629243,129663.428722423,266.15359503980164,129929.5823174628,650,1,185.95238095238096,38,4,16,36.87038882478409,0.6132127192982456,45.3792735042735,1018.4829059829051,26.80218173639224,0
2776,4,1,1,41,0.023809523809523808,0.023809523809523808,0.9761904761904762,42,950,700,250,0.7368421052631579,12,7,5,336.05345313737945,0.4439847077042199,0.03798340472695694,0.18921356765196717,129799.47973738034,323.9126762363908,130123.39241361673,651,0,186.8095238095238,38,4,18,36.68462116446495,0.6145833333333333,45.245726495726494,1019.0170940170938,26.816239316239308,0
2777,4,0,1,40,0.0,0.024390243902439025,0.975609756097561,41,1300,1000,300,0.7692307692307693,16,10,6,343.46627857862757,0.4419461382113821,0.032021547209337475,0.19305173589074595,129731.44531250012,711.6753472222375,130443.12065972235,652,1,192.29268292682926,37,4,18,36.56484321745059,0.6157094594594594,45.31250000000001,1018.7500000000009,27.533783783783807,0
2778,4,0,0,40,0.0,0.0,1.0,40,1100,800,300,0.7272727272727273,14,8,6,348.68069773859537,0.4408386752136752,0.03967175066312989,0.19619794484694125,129774.47041636254,1049.9705786868167,130824.44099504936,653,2,197.375,36,4,19,36.38833628057765,0.6180555555555556,45.27027027027028,1018.9189189189208,28.303303303303355,0
2779,4,1,1,40,0.024390243902439025,0.024390243902439025,0.975609756097561,41,900,600,300,0.6666666666666666,12,6,6,343.5256506688234,0.44110772357723577,0.04294045949594372,0.19502783279276395,130122.707527797,740.0975540550937,130862.8050818521,654,0,193.53658536585365,37,4,20,36.16637560451371,0.6196509009009009,44.92872807017544,1020.2850877192982,27.575272641062114,0
2780,4,0,0,40,0.0,0.0,1.0,40,1250,1100,150,0.88,14,11,3,346.43812732810227,0.44030448717948717,0.04099795987759269,0.1978397150430966,130351.21588059395,1031.801368236144,131383.0172488301,655,1,196.75,35,5,22,35.86046412784768,0.6258928571428571,44.7048611111111,1021.1805555555541,29.176587301587258,0
2781,4,0,0,40,0.0,0.0,1.0,40,850,400,450,0.47058823529411764,13,4,9,344.94397177986855,0.4389957264957265,0.038751699139103035,0.19773801187484902,130498.99798525349,1002.9685356652616,131501.96652091874,656,2,197.75,35,5,18,35.74894275789156,0.6273809523809524,44.56018518518517,1021.759259259257,29.19312169312163,0
2782,4,0,2,38,0.0,0.05,0.95,40,1100,800,300,0.7272727272727273,14,8,6,345.2091502168068,0.4386084401709402,0.043436544775275365,0.1986470634439773,130646.86381440742,1020.0985671724825,131666.9623815799,657,3,198.75,35,5,19,35.592498773538644,0.6288690476190476,44.41550925925925,1022.3379629629617,29.209656084656046,0
2783,4,0,1,37,0.0,0.02631578947368421,0.9736842105263158,38,1300,1000,300,0.7692307692307693,16,10,6,345.84467967486364,0.4368480322427691,0.05791855203619933,0.20008291677524795,130854.01663237282,1451.0330932784314,132305.04972565125,658,4,206.3684210526316,35,3,19,35.366704374057335,0.6309523809523809,44.21296296296295,1023.1481481481458,29.232804232804163,0
2784,4,0,0,37,0.0,0.0,1.0,37,1200,1000,200,0.8333333333333334,14,10,4,354.61914715275475,0.4360297797797798,0.06351791530944606,0.20541146825640713,130901.38888888899,1884.0277777777876,132785.41666666677,659,8,212.83783783783784,34,3,20,35.094326818675334,0.633578431372549,44.16666666666667,1023.3333333333342,30.0980392156863,0
2785,4,0,0,37,0.0,0.0,1.0,37,800,400,400,0.5,12,4,8,352.8354939963598,0.43534159159159164,0.06021585153840592,0.20453990167813244,130931.84700963713,1839.480583900221,132771.32759353734,660,9,213.83783783783784,34,3,20,35.10914660152766,0.6338848039215687,44.13690476190476,1023.4523809523805,30.101540616246485,0
2786,4,0,0,37,0.0,0.0,1.0,37,1150,1000,150,0.8695652173913043,13,10,3,354.15421870471334,0.435279029029029,0.06263425664217093,0.20567919004879767,131002.08340031294,1878.9880990655029,132881.07149937845,661,10,214.83783783783784,35,2,20,35.004357452421324,0.6324404761904762,44.06828703703704,1023.726851851852,29.249338624338627,0
2787,4,1,1,37,0.02631578947368421,0.02631578947368421,0.9736842105263158,38,900,600,300,0.6666666666666666,12,6,6,347.46704205250074,0.43698138928402086,0.06408491837218544,0.20336318647715815,131299.26960321804,1524.4337665367977,132823.70336975483,662,0,210.1578947368421,36,2,21,34.87528842984287,0.6333912037037037,43.77815315315315,1024.887387387387,28.469094094094082,0
2788,4,2,0,39,0.05128205128205128,0.0,1.0,39,1000,600,400,0.6,14,6,8,340.6898234900999,0.4364035087719298,0.07860021161162511,0.20105995282654093,131616.8533398264,1168.1076769336996,132784.9610167601,663,0,205.43589743589743,36,3,18,34.72870024875622,0.6365740740740741,43.46846846846847,1026.1261261261268,28.503503503503524,0
2789,4,0,2,37,0.0,0.05128205128205128,0.9487179487179487,39,900,600,300,0.6666666666666666,12,6,6,339.2967822166373,0.435138326585695,0.08151885143980908,0.20078991625234877,131721.78578985838,1138.5556132656207,132860.341403124,664,1,206.43589743589743,37,2,19,34.658726767784664,0.6356981981981982,43.36622807017544,1026.535087719298,27.744191559981026,0
2790,4,0,0,37,0.0,0.0,1.0,37,1050,700,350,0.6666666666666666,14,7,7,356.4248849848166,0.4334334334334334,0.08139818518879882,0.210063176895307,131565.5006858712,1978.6436899862995,133544.1443758575,665,2,213.02702702702703,35,2,20,34.376880264741274,0.638095238095238,43.518518518518526,1025.925925925927,29.312169312169342,0
2791,4,0,1,36,0.0,0.02702702702702703,0.972972972972973,37,1900,1600,300,0.8421052631578947,22,16,6,360.92457680822235,0.43333958958958957,0.0753685711413139,0.2138785518280391,131773.38023244622,2112.0502989969414,133885.43053144315,666,3,214.02702702702703,35,2,21,34.05161481230977,0.6401785714285715,43.315972222222236,1026.736111111113,29.335317460317512,0
2792,4,0,0,36,0.0,0.0,1.0,36,700,500,200,0.7142857142857143,9,5,4,371.31836203670406,0.43088624338624343,0.07792663908543651,0.21940614113217485,131663.9048327667,2577.8450963719047,134241.7499291386,667,4,220.86111111111111,34,2,21,33.895429764528465,0.6412377450980392,43.42261904761906,1026.309523809526,30.185574229691937,0
2793,4,0,0,36,0.0,0.0,1.0,36,800,500,300,0.625,11,5,6,369.54237110718555,0.4308366402116402,0.06562132392257514,0.20754298571911667,129700.2354863514,2390.0281436103855,132090.2636299618,668,5,221.86111111111111,33,3,22,35.93248716714789,0.6237373737373737,45.34313725490196,1018.6274509803922,30.867498514557337,7
2794,4,0,1,35,0.0,0.027777777777777776,0.9722222222222222,36,700,500,200,0.7142857142857143,9,5,4,371.2435800298936,0.430406746031746,0.06900676235533121,0.20883079325903484,129762.65889321412,2434.710808342943,132197.36970155707,669,6,222.86111111111111,33,3,22,35.82561542779247,0.6243686868686869,45.28186274509804,1018.8725490196076,30.8749257278669,0
2795,4,1,0,36,0.027777777777777776,0.0,1.0,36,950,600,350,0.631578947368421,13,6,7,367.25235654319755,0.43085317460317457,0.1002770963932047,0.20698139725913828,129837.58680555536,2346.0183583236976,132183.60516387905,670,0,222.11111111111111,34,2,19,35.8510493322431,0.6228553921568627,45.20833333333332,1019.166666666665,29.975490196078383,8
2796,4,0,1,35,0.0,0.027777777777777776,0.9722222222222222,36,1050,800,250,0.7619047619047619,13,8,5,368.8030983423824,0.43053902116402115,0.10196864699317465,0.20801660922315382,129867.92091836722,2379.138321995454,132247.05924036267,671,1,223.11111111111111,34,2,19,35.780678190453976,0.6231617647058824,45.17857142857142,1019.2857142857132,29.978991596638622,0
2797,4,1,0,36,0.027777777777777776,0.0,1.0,36,1250,1100,150,0.88,14,11,3,368.4871243612562,0.43131613756613757,0.11548684039932633,0.2091347454156267,130110.72137188193,2388.8251133786684,132499.5464852606,672,0,223.86111111111111,34,2,20,35.54186114352393,0.6256127450980392,44.94047619047618,1020.2380952380939,30.00700280112041,0
2798,4,0,0,36,0.0,0.0,1.0,36,700,500,200,0.7142857142857143,9,5,4,368.83216303225163,0.43068783068783073,0.11442578119937274,0.20982071225451177,130201.83000283444,2404.5245181405853,132606.35452097503,673,1,224.86111111111111,34,2,20,35.440481745013415,0.626531862745098,44.851190476190474,1020.5952380952378,30.017507002801114,0
2799,4,1,0,37,0.02702702702702703,0.0,1.0,37,1050,800,250,0.7619047619047619,13,8,5,359.11446121282523,0.4331206206206206,0.11498261331409276,0.205633057726325,130455.99819214897,1969.769617557794,132425.76780970677,674,0,219.75675675675674,32,5,21,35.43057100482019,0.6337890625,44.60227272727274,1021.5909090909108,31.924715909090963,0
2800,4,0,0,37,0.0,0.0,1.0,37,1350,1200,150,0.8888888888888888,15,12,3,358.63108074691314,0.43236986986986986,0.11714304232289807,0.20599057943727672,130575.52984429078,1965.6886774317707,132541.21852172256,675,1,220.75675675675674,33,4,20,35.32174260591527,0.6325757575757576,44.485294117647065,1022.0588235294127,30.971479500891295,0
2801,4,1,0,38,0.02631578947368421,0.0,1.0,38,1000,700,300,0.7,13,7,6,348.4248242293129,0.4330547652916074,0.11689106487148049,0.20246307353865503,131023.24263038569,1530.350056689364,132553.59268707506,676,0,215.92105263157896,34,4,21,35.12960271317829,0.6348039215686274,44.04761904761906,1023.8095238095254,30.11204481792722,0
2802,4,0,1,37,0.0,0.02631578947368421,0.9736842105263158,38,1700,1500,200,0.8823529411764706,19,15,4,350.5532490180019,0.4324176149834045,0.11569097683182727,0.2041848071294432,131114.67013888914,1592.534722222257,132707.2048611114,677,1,216.92105263157896,34,4,21,34.98270951993491,0.6357230392156863,43.95833333333335,1024.1666666666688,30.122549019607906,0
2803,4,0,0,37,0.0,0.0,1.0,37,1300,1000,300,0.7692307692307693,16,10,6,360.7650012313071,0.4294607107107107,0.12064031970719324,0.21044205480059291,131171.15600069688,2064.3924512206772,133235.54845191757,678,2,223.64864864864865,33,4,21,34.66410954260874,0.6385732323232323,43.9031862745098,1024.387254901961,31.042038027332147,0
2804,4,0,0,37,0.0,0.0,1.0,37,850,400,450,0.47058823529411764,13,4,9,359.8983862814872,0.42902277277277273,0.12546900601426447,0.21062492683499495,131296.72369100823,2050.6957960880313,133347.41948709625,679,3,224.64864864864865,33,4,21,34.55934373629874,0.6398358585858586,43.780637254901954,1024.8774509803918,31.056892453951267,0
2805,4,0,0,37,0.0,0.0,1.0,37,600,500,100,0.8333333333333334,7,5,2,362.46930493100416,0.42874124124124124,0.12151676248239895,0.21248290878951753,131360.48179076094,2122.832260585323,133483.31405134627,680,4,225.64864864864865,32,5,21,34.429014246417886,0.6429036458333333,43.71843434343433,1025.126262626261,32.035195707070656,0
2806,4,0,0,37,0.0,0.0,1.0,37,1300,900,400,0.6923076923076923,17,9,8,363.6046929819169,0.42836586586586584,0.12528354098622385,0.21441594594855268,131587.09092184468,2169.136759004184,133756.22768084885,681,5,226.64864864864865,32,5,19,34.17092255312167,0.6451822916666667,43.49747474747475,1026.010101010101,32.062815656565654,0
2807,4,0,0,37,0.0,0.0,1.0,37,1100,800,300,0.7272727272727273,14,8,6,362.3631004422858,0.4280217717717718,0.12793878616040755,0.21459390893636002,131749.07415378516,2148.2005981532343,133897.27475193838,682,6,227.64864864864865,32,5,19,34.03922231787809,0.6468098958333333,43.33964646464646,1026.641414141413,32.082544191919155,0
2808,4,0,0,37,0.0,0.0,1.0,37,1100,700,400,0.6363636363636364,15,7,8,364.08296269476546,0.42742742742742745,0.13047530288909615,0.21625650675725205,131862.52170138876,2201.77951388887,134064.30121527764,683,7,228.64864864864865,33,4,20,33.88057809330628,0.6455176767676767,43.22916666666666,1027.0833333333321,31.123737373737338,0
2809,4,0,0,37,0.0,0.0,1.0,37,900,600,300,0.6666666666666666,12,6,6,366.8201153778918,0.4274587087087087,0.12980967608830207,0.21842470506592643,131956.93963860045,2280.8919646289814,134237.83160322942,684,8,229.64864864864865,33,4,20,33.715012722646314,0.6464646464646464,43.13725490196078,1027.4509803921562,31.134878193701702,0
2810,4,0,0,37,0.0,0.0,1.0,37,1150,900,250,0.782608695652174,14,9,5,365.5474124543193,0.4273023023023023,0.10296040373161297,0.20554236240368343,129746.60572562348,2086.4430943946127,131833.0488200181,685,9,230.64864864864865,34,3,17,35.987039417309354,0.6219362745098039,45.297619047619044,1018.809523809523,29.964985994397733,8
2811,4,0,0,37,0.0,0.0,1.0,37,1000,600,400,0.6,14,6,8,364.478455389181,0.42705205205205204,0.0911373435692504,0.19116523068371308,126968.47366397524,1857.5025353278404,128825.97619930308,686,10,231.64864864864865,33,4,16,38.85578793774321,0.595959595959596,48.0392156862745,1007.8431372549007,30.540701128936387,8
2812,4,2,1,38,0.05128205128205128,0.02564102564102564,0.9743589743589743,39,1150,800,350,0.6956521739130435,15,8,7,347.97591807693465,0.43339518668466037,0.09782196719288527,0.18505702846175548,127530.03532503851,1075.4762249228324,128605.51154996135,687,0,220.71794871794873,35,4,15,38.69564283258851,0.5973214285714286,47.482638888888886,1010.0694444444439,28.85912698412697,0
2813,4,3,2,39,0.07317073170731707,0.04878048780487805,0.9512195121951219,41,950,600,350,0.631578947368421,13,6,7,331.7900022603388,0.44059959349593497,0.10969666070537043,0.17904249508297526,128116.7778186557,301.57320040781525,128418.35101906351,688,0,210.8780487804878,37,4,18,38.504887360554534,0.5993806306306306,46.90241228070175,1012.3903508771926,27.36190137505926,0
2814,4,1,0,40,0.025,0.0,1.0,40,950,800,150,0.8421052631578947,11,8,3,337.3260598416549,0.44090544871794873,0.11872643126499804,0.18255660789575287,128232.43694540905,651.2315454701982,128883.66849087925,689,0,208.025,35,5,19,38.24670037709976,0.6044642857142857,46.78819444444445,1012.8472222222231,28.938492063492088,0
2815,4,1,3,38,0.024390243902439025,0.07317073170731707,0.926829268292683,41,1100,1000,100,0.9090909090909091,12,10,2,350.8268931091314,0.4409298780487805,0.0732223452025258,0.18958917107917836,128174.66695011323,1071.2922365126456,129245.95918662587,690,0,203.9268292682927,34,7,21,37.963888235755164,0.6060049019607843,46.84523809523809,1012.6190476190463,29.78291316526607,8
2816,4,1,0,39,0.02564102564102564,0.0,1.0,39,850,500,350,0.5882352941176471,12,5,7,364.490722063508,0.43260796221322534,0.14473003331009382,0.19882404252310684,128548.11137843627,1570.9187872453053,130119.03016568157,691,0,215.17948717948718,33,6,19,37.23602719033233,0.6120580808080809,46.47671568627452,1014.0931372549028,30.73009506833039,0
2817,4,1,1,39,0.025,0.025,0.975,40,1100,800,300,0.7272727272727273,14,8,6,361.13853924093036,0.43577724358974357,0.16524833079536094,0.1998081470835921,129110.63102324282,1325.3649376417443,130435.99596088457,692,0,210.775,34,6,20,36.74690562648861,0.6155024509803921,45.92261904761906,1016.3095238095254,29.8914565826331,0
2818,4,0,0,39,0.0,0.0,1.0,39,1250,1000,250,0.8,15,10,5,369.4196321628006,0.43173639226270805,0.16281881228221495,0.20437605133596448,129107.96215698296,1739.0031778642913,130846.96533484725,693,1,217.07692307692307,33,6,20,36.5392248482656,0.617739898989899,45.92524509803922,1016.2990196078438,30.796939988116478,0
2819,4,0,0,39,0.0,0.0,1.0,39,1050,700,350,0.6666666666666666,14,7,7,372.54770223058273,0.4318488529014845,0.16603614964270674,0.2065946348733233,129201.38888888898,1826.7361111111159,131028.12500000009,694,2,218.07692307692307,33,6,20,36.36441256830599,0.6186868686868687,45.833333333333336,1016.6666666666674,30.80808080808083,0
2820,4,1,0,40,0.025,0.0,1.0,40,800,600,200,0.75,10,6,4,363.80219703686623,0.4333199786324786,0.17029459901800337,0.20392948843075726,129625.3472222223,1431.5972222222326,131056.94444444454,695,0,213.6,34,6,21,36.154869067103114,0.6207107843137255,45.41666666666667,1018.333333333334,29.950980392156882,0
2821,4,1,0,41,0.024390243902439025,0.0,1.0,41,1050,800,250,0.7619047619047619,13,8,5,371.1419628636014,0.43579776422764227,0.13505512565165811,0.1966262739426316,127376.05003652317,1311.169446473519,128687.21948299669,696,0,209.3658536585366,36,5,18,38.26881600475978,0.59375,47.635135135135144,1009.4594594594608,28.04054054054058,8
2822,4,3,1,43,0.06818181818181818,0.022727272727272728,0.9772727272727273,44,1150,700,450,0.6086956521739131,16,7,9,349.6510800143045,0.4415961945031712,0.15533072959946792,0.189365485908737,128261.7455418379,178.61645742336037,128440.36199926125,697,0,196.02272727272728,35,9,21,37.904669408897,0.6047619047619048,46.759259259259245,1012.962962962961,28.941798941798886,0
2823,4,0,1,42,0.0,0.023255813953488372,0.9767441860465116,43,1200,900,300,0.75,15,9,6,355.67087364127536,0.44047619047619047,0.15543209269547797,0.1933704864739347,128415.88010204076,534.7576530612166,128950.63775510197,698,1,201.53488372093022,34,9,15,37.594696969696976,0.6084558823529411,46.607142857142854,1013.5714285714281,29.810924369747884,0
2824,4,0,2,40,0.0,0.047619047619047616,0.9523809523809523,42,800,400,400,0.5,12,4,8,356.547340650664,0.43996806039488967,0.15987671914206336,0.19487747849161705,128627.12762188213,772.3320578231319,129399.45967970527,699,2,204.0952380952381,34,8,17,37.356726518796684,0.6106004901960784,46.398809523809526,1014.4047619047623,29.83543417366948,0
2825,4,1,0,41,0.024390243902439025,0.0,1.0,41,600,300,300,0.5,9,3,6,366.608594423886,0.43678861788617884,0.17991310868283517,0.20052878316305256,128657.320011338,1233.3758503401527,129890.69586167815,700,0,209.9512195121951,34,7,18,37.07071892357036,0.610906862745098,46.36904761904763,1014.5238095238105,29.838935574229723,0
2826,4,0,0,41,0.0,0.0,1.0,41,1050,700,350,0.6666666666666666,14,7,7,370.98152776766585,0.4358739837398374,0.191197084384636,0.2035385138833416,128778.12500000041,1354.8611111111545,130132.98611111156,701,1,210.9512195121951,34,7,18,36.83634373289546,0.6121323529411764,46.25000000000002,1015.0000000000033,29.852941176470686,0
2827,4,3,2,42,0.06818181818181818,0.045454545454545456,0.9545454545454546,44,1350,1100,250,0.8148148148148148,16,11,5,346.2943214798989,0.4417943974630021,0.20405810062602336,0.19471253737903382,129745.78622118778,186.7402453129229,129932.5264665007,702,0,197.5,36,8,18,36.47825245937879,0.6177662037037037,45.29842342342344,1018.8063063063094,28.30017517517526,0
2828,4,0,0,42,0.0,0.0,1.0,42,1150,600,550,0.5217391304347826,17,6,11,359.4493746668416,0.4381775067750677,0.21046683812641298,0.20148951185453254,129625.34722222238,918.7500000000241,130544.09722222241,703,1,206.97619047619048,34,8,20,36.265684669940015,0.6207107843137255,45.41666666666668,1018.3333333333346,29.9509803921569,0
2829,4,0,1,41,0.0,0.023809523809523808,0.9761904761904762,42,1050,800,250,0.7619047619047619,13,8,5,345.83683758799543,0.4373669183120403,0.17624636214095957,0.19233979785066363,129315.9037415795,575.3434177420809,129891.24715932159,704,2,207.97619047619048,36,6,20,36.92680653971067,0.6134259259259259,45.72072072072073,1017.1171171171178,28.253253253253273,8
2830,4,0,1,40,0.0,0.024390243902439025,0.975609756097561,41,750,500,250,0.6666666666666666,10,5,5,345.83683758799543,0.43838922764227645,0.16457473697854774,0.19233979785066363,129315.9037415795,744.4406399643026,130060.34438154381,705,3,206.0731707317073,36,5,20,36.92680653971067,0.6134259259259259,45.72072072072073,1017.1171171171178,28.253253253253273,0
2831,4,1,0,41,0.024390243902439025,0.0,1.0,41,1000,600,400,0.6,14,6,8,346.26671719570066,0.4380589430894309,0.1708855123732118,0.1935624524880606,129516.42679419291,769.4455857884997,130285.87237998142,706,0,206.97560975609755,36,5,17,36.71197957001144,0.6154513888888888,45.52364864864865,1017.905405405406,28.275150150150168,0
2832,4,0,0,41,0.0,0.0,1.0,41,1100,800,300,0.7272727272727273,14,8,6,346.2943214798993,0.4375,0.16896586120719181,0.19471253737903366,129745.7862211875,786.0458008684482,130531.83202205595,707,1,207.97560975609755,36,5,19,36.4782524593788,0.6177662037037037,45.29842342342343,1018.8063063063071,28.300175175175198,0
2833,4,0,0,41,0.0,0.0,1.0,41,1250,900,350,0.72,16,9,7,345.42401473927544,0.43704268292682924,0.16553466981703946,0.19507945136835078,129917.9389482389,775.3552116305603,130693.29415986946,708,2,208.97560975609755,36,5,20,36.325665525240254,0.6195023148148149,45.12950450450451,1019.4819819819828,28.318943943943967,0
2834,4,0,0,41,0.0,0.0,1.0,41,1300,1000,300,0.7692307692307693,16,10,6,347.750201241214,0.43671239837398373,0.16461866859039387,0.197552637833645,130147.65346004779,851.7745363606706,130999.42799640846,709,3,209.97560975609755,36,5,20,36.03332045763896,0.6218171296296297,44.90427927927927,1020.3828828828821,28.343968968968948,0
2835,4,0,0,41,0.0,0.0,1.0,41,950,600,350,0.631578947368421,13,6,7,344.13514488322323,0.43633130081300814,0.16668998772953314,0.19593222067974458,130233.84871357834,763.608879149405,130997.45759272775,710,4,210.97560975609755,36,5,20,36.03817299205648,0.6226851851851851,44.81981981981981,1020.7207207207199,28.35335335335333,0
2836,4,0,0,41,0.0,0.0,1.0,41,1300,1100,200,0.8461538461538461,15,11,4,345.68929612661424,0.4364075203252033,0.16764559482329577,0.1969625059326057,130262.58680555547,806.0763888888843,131068.66319444437,711,5,211.97560975609755,36,5,20,35.96938775510205,0.622974537037037,44.791666666666664,1020.8333333333327,28.356481481481463,0
2837,4,0,1,40,0.0,0.024390243902439025,0.975609756097561,41,1450,1000,450,0.6896551724137931,19,10,9,346.15407566183643,0.43622967479674796,0.1705892001043261,0.19810496027309277,130435.08193582103,830.127044274012,131265.20898009505,712,6,212.97560975609755,36,5,21,35.78276007790395,0.6247106481481481,44.62274774774775,1021.5090090090096,28.375250250250264,0
2838,4,0,0,40,0.0,0.0,1.0,40,950,800,150,0.8421052631578947,11,8,3,343.60101103900735,0.435403311965812,0.15376901035926793,0.19708189470088183,130521.37230135538,969.4550969888749,131490.82739834426,713,7,211.275,36,4,15,35.760598045698316,0.6255787037037037,44.538288288288285,1021.8468468468467,28.38463463463463,0
2839,4,1,1,40,0.024390243902439025,0.024390243902439025,0.975609756097561,41,850,400,450,0.47058823529411764,13,4,9,326.6757200538948,0.4346544715447154,0.06210142802467322,0.18792470789032392,130635.03146701395,396.3138946590208,131031.34536167297,714,0,207.09756097560975,39,2,18,36.07813667549759,0.6212606837606838,44.427083333333336,1022.2916666666672,26.212606837606852,8
2840,4,0,0,40,0.0,0.0,1.0,40,1250,800,450,0.64,17,8,9,323.41571069092026,0.43186431623931626,0.07942524496891767,0.17630893223248284,128523.41666894966,315.1321958438453,128838.54886479351,715,1,213.075,38,2,13,38.30251466301408,0.6016995614035088,46.50106837606838,1013.9957264957277,26.684098065677045,7
2841,4,1,0,41,0.024390243902439025,0.0,1.0,41,900,300,600,0.3333333333333333,15,3,12,314.81103076397517,0.4350863821138211,0.08174622835794354,0.17306616564334304,128857.43408203153,-86.85167100691609,128770.58241102462,716,0,208.85365853658536,39,2,14,38.18108563318628,0.6033653846153846,46.171875000000014,1015.3125000000022,26.0336538461539,0
2842,4,0,0,41,0.0,0.0,1.0,41,1150,900,250,0.782608695652174,14,9,5,314.4027835112638,0.43467987804878044,0.0813558304761759,0.17353539035570814,129016.12548828151,-87.3942057291381,128928.73128255237,717,1,209.85365853658536,39,2,15,38.03028555316315,0.6049679487179487,46.015625000000014,1015.937500000002,26.04967948717954,0
2843,4,1,0,42,0.023809523809523808,0.0,1.0,42,1150,800,350,0.6956521739130435,15,8,7,311.6829437668773,0.435334397986837,0.08634140486692488,0.17355818658176628,129364.36760355023,-335.6007753431204,129028.76682820711,718,0,205.83333333333334,38,4,17,37.746140516698176,0.6101973684210527,45.67307692307692,1017.3076923076917,26.77125506072873,0
2844,4,1,0,43,0.023255813953488372,0.0,1.0,43,1300,900,400,0.6923076923076923,17,9,8,304.7006966009658,0.4347775932078258,0.10164734481046889,0.1714326141482202,129770.27253123141,-691.781512327321,129078.4910189041,719,0,202.02325581395348,40,3,14,37.51288317042356,0.6109375,45.27439024390244,1018.9024390243903,25.47256097560976,0
2845,4,0,0,43,0.0,0.0,1.0,43,1500,1000,500,0.6666666666666666,20,10,10,306.856774430276,0.4342700258397933,0.09676940766292041,0.17333261042142611,129925.63950029737,-626.2874694295807,129299.3520308678,720,1,203.02325581395348,40,3,15,37.30084562732588,0.6125,45.12195121951219,1019.5121951219506,25.487804878048767,0
2846,4,1,1,43,0.022727272727272728,0.022727272727272728,0.9772727272727273,44,1100,700,400,0.6363636363636364,15,7,8,305.5221006953374,0.4357492071881606,0.109579164077787,0.174434079971834,130342.35161675332,-834.6334818090643,129507.71813494425,721,0,199.38636363636363,39,5,16,36.91397616375941,0.6183226495726496,44.71354166666666,1021.1458333333321,26.183226495726466,0
2847,4,0,1,42,0.0,0.023255813953488372,0.9767441860465116,43,1450,900,550,0.6206896551724138,20,9,11,316.2436314470127,0.4324473975636766,0.11393119542377872,0.18092678237861168,130422.14084201374,-350.9657118055736,130071.17513020817,722,1,204.90697674418604,39,4,16,36.559674349038,0.6191239316239316,44.63541666666666,1021.4583333333321,26.191239316239287,0
2848,4,0,0,42,0.0,0.0,1.0,42,850,500,350,0.5882352941176471,12,5,7,316.0699692219893,0.4312693573364305,0.11044730174516393,0.18129398405745023,130522.07396597594,-149.1784197567548,130372.89554621918,723,2,207.3095238095238,40,2,13,36.46320238687221,0.6184895833333333,44.53760162601626,1021.849593495935,25.546239837398375,0
2849,4,1,0,43,0.023255813953488372,0.0,1.0,43,850,500,350,0.5882352941176471,12,5,7,311.9353473175105,0.4321244001476559,0.12831851422566687,0.1804256442448391,130845.55820302645,-436.9290713970917,130408.62913162935,724,0,203.46511627906978,41,2,15,36.24258621804196,0.6201727642276422,44.22123015873015,1023.1150793650783,24.95402632597752,0
2850,4,0,0,43,0.0,0.0,1.0,43,1150,700,450,0.6086956521739131,16,7,9,314.3588827786564,0.43136304909560724,0.14123883752484945,0.182427162683362,130972.46334876539,-365.5285493827176,130606.93479938268,725,1,204.46511627906978,41,2,16,36.05269109000452,0.6214430894308943,44.09722222222222,1023.6111111111109,24.966124661246607,0
2851,4,0,2,41,0.0,0.046511627906976744,0.9534883720930233,43,1050,500,550,0.47619047619047616,16,5,11,316.57582153968264,0.43064784053156147,0.1388184884058854,0.18432104939391653,131099.4300063774,-299.41804846940386,130800.01195790799,726,2,205.46511627906978,41,2,18,35.86802528334787,0.6227134146341464,43.97321428571428,1024.1071428571415,24.978222996515647,0
2852,4,1,0,42,0.023809523809523808,0.0,1.0,42,1100,900,200,0.8181818181818182,13,9,4,315.3326225414634,0.43155971738288806,0.12953410706609825,0.184068799527533,131197.94894118918,-125.8013376627556,131072.14760352642,727,0,209.21428571428572,40,2,19,35.800639817478434,0.6252604166666667,43.87703252032521,1024.4918699186999,25.6122967479675,0
2853,4,0,1,41,0.0,0.023809523809523808,0.9761904761904762,42,1000,400,600,0.4,16,4,12,314.3445884575419,0.43064024390243905,0.12756882043539908,0.1842444964270799,131354.8190646703,-141.80014279537713,131213.01892187493,728,1,210.21428571428572,39,3,19,35.66805964840972,0.6284722222222222,43.72395833333334,1025.104166666668,26.28472222222226,0
2854,4,0,0,41,0.0,0.0,1.0,41,1500,1200,300,0.8,18,12,6,325.4817145988007,0.4297764227642276,0.12862251160804838,0.1910488082571677,131410.26925131504,354.3279503616208,131764.59720167666,729,2,215.41463414634146,38,3,19,35.32679483171825,0.6307565789473684,43.6698717948718,1025.3205128205138,26.982118758434574,0
2855,4,1,0,42,0.023809523809523808,0.0,1.0,42,600,200,400,0.3333333333333333,10,2,8,316.82824978396775,0.4329631242740999,0.13206626267312327,0.18739649299947322,131702.08875868077,-54.61154513886308,131647.4772135419,730,0,211.26190476190476,39,3,17,35.25514173601245,0.6319444444444444,43.38541666666668,1026.458333333335,26.31944444444449,0
2856,4,0,0,42,0.0,0.0,1.0,42,1300,1000,300,0.7692307692307693,16,10,6,316.2736732099285,0.43215253581107244,0.13054187192118216,0.18785894083433136,131862.52170138914,-59.07118055553008,131803.4505208336,731,1,212.26190476190476,39,3,17,35.10818120351589,0.6335470085470085,43.22916666666668,1027.0833333333353,26.335470085470135,0
2857,4,0,1,41,0.0,0.023809523809523808,0.9761904761904762,42,1150,900,250,0.782608695652174,14,9,5,322.4759166171251,0.43153552071234996,0.13307706785967666,0.192490615200313,132049.81689453125,116.57714843750054,132166.39404296875,732,2,213.26190476190476,39,3,17,34.760755548799025,0.6354166666666667,43.046875,1027.8125,26.354166666666668,0
2858,4,0,0,41,0.0,0.0,1.0,41,1500,1000,500,0.6666666666666666,20,10,10,330.5016444136053,0.42947154471544713,0.14296365047243698,0.1969494929349476,131985.99810979606,524.3178829717126,132510.31599276778,733,3,219.34146341463415,38,3,18,34.61868371802869,0.6365131578947368,43.10897435897435,1027.5641025641016,27.04116059379215,0
2859,4,0,0,41,0.0,0.0,1.0,41,1550,1000,550,0.6451612903225806,21,10,11,328.412525419618,0.4286839430894309,0.14340672708472701,0.1965573473033833,132150.72320841538,479.99054898091924,132630.7137573963,734,4,220.34146341463415,38,3,19,34.50683187863673,0.638157894736842,42.94871794871794,1028.2051282051273,27.058029689608613,0
2860,4,0,0,41,0.0,0.0,1.0,41,1350,800,550,0.5925925925925926,19,8,11,329.975324467233,0.42802337398373985,0.1413275702377279,0.19808549113154544,132264.0313042533,528.7733289930361,132792.80463324633,735,5,221.34146341463415,39,2,19,34.35284810126582,0.6375534188034189,42.83854166666666,1028.645833333332,26.375534188034152,0
2861,4,0,0,41,0.0,0.0,1.0,41,1000,800,200,0.8,12,8,4,328.81008234841266,0.4282520325203252,0.13989633467257034,0.1976662923527247,132317.61203341992,501.4729817708088,132819.08501519074,736,6,222.34146341463415,39,2,19,34.329017751679,0.6380876068376069,42.78645833333332,1028.854166666665,26.380876068376022,0
2862,4,0,0,41,0.0,0.0,1.0,41,950,600,350,0.631578947368421,13,6,7,328.6400367158943,0.4276930894308943,0.13804680556927007,0.19798558309469744,132398.0034722223,502.3301866319498,132900.33365885424,737,7,223.34146341463415,36,5,20,34.25269905533062,0.6443865740740741,42.708333333333336,1029.1666666666672,28.587962962962976,0
2863,4,0,1,40,0.0,0.024390243902439025,0.975609756097561,41,1350,1000,350,0.7407407407407407,17,10,7,329.93281784830236,0.42652439024390243,0.14448559703701314,0.19999307388061138,132629.89921932085,551.7912760733939,133181.69049539426,738,8,224.34146341463415,36,5,17,33.98678072956526,0.6467013888888888,42.48310810810812,1030.067567567569,28.61298798798803,0
2864,4,0,0,40,0.0,0.0,1.0,40,1350,700,650,0.5185185185185185,20,7,13,341.06931831150894,0.4259481837606838,0.15702966958867148,0.2064513465534563,132576.73852237663,1043.5715663580372,133620.31008873467,739,9,230.35,35,5,20,33.75337154416723,0.6482142857142856,42.53472222222223,1029.8611111111118,29.42460317460319,0
2865,4,0,1,39,0.0,0.025,0.975,40,1550,1400,150,0.9032258064516129,17,14,3,338.7693869628833,0.42530715811965814,0.15849726775956285,0.20582602195952093,132716.9124360849,992.0854131158416,133708.99784920076,740,10,231.35,36,4,18,33.671903460837896,0.6475694444444444,42.39864864864866,1030.4054054054068,28.62237237237241,0
2866,4,0,0,39,0.0,0.0,1.0,39,1000,800,200,0.8,12,8,4,349.46358307631385,0.4240609536662168,0.15362194551176933,0.2121594108536961,132687.90486009675,1473.9181326597006,134161.82299275644,741,11,237.15384615384616,36,3,18,33.42555652712498,0.6472800925925926,42.42680180180181,1030.292792792794,28.61924424424428,0
2867,4,0,0,39,0.0,0.0,1.0,39,1100,800,300,0.7272727272727273,14,8,6,353.06857007239273,0.4242015294646873,0.1593368574686176,0.2150124166249243,132803.95418645002,1577.7804409138953,134381.7346273639,742,12,238.15384615384616,36,3,18,33.21611311409739,0.6484375,42.31418918918919,1030.7432432432436,28.631756756756765,0
2868,4,0,0,39,0.0,0.0,1.0,39,800,400,400,0.5,12,4,8,354.23637567790286,0.42377980206927574,0.1671188918103843,0.21639376198015747,132920.0542392056,1617.023653721306,134537.07789292693,743,13,239.15384615384616,36,3,18,33.06941865967749,0.6495949074074074,42.201576576576585,1031.1936936936952,28.644269269269312,0
2869,4,0,0,39,0.0,0.0,1.0,39,800,400,400,0.5,12,4,8,357.8709883488111,0.42363922627080525,0.17471167842346924,0.21912421479111693,133007.16256797337,1719.880945134326,134727.0435131077,744,14,240.15384615384616,36,3,18,32.88823689956334,0.650462962962963,42.11711711711712,1031.5315315315315,28.653653653653652,0
2870,4,0,0,39,0.0,0.0,1.0,39,1300,1000,300,0.7692307692307693,16,10,6,357.17992811601823,0.4228238866396761,0.1758801422666969,0.21921230283503523,133094.29943034257,1707.7224606363138,134802.02189097888,745,15,241.15384615384616,36,3,18,32.818581978245845,0.6513310185185186,42.03265765765766,1031.8693693693697,28.663038038038046,0
2871,4,0,0,39,0.0,0.0,1.0,39,1100,700,400,0.6363636363636364,15,7,8,360.9118935338098,0.42175551057130006,0.18157661399725322,0.22219471645563715,133210.52629910325,1815.4526570489518,135025.9789561522,746,16,242.15384615384616,36,3,18,32.60563252245373,0.6524884259259259,41.92004504504505,1032.3198198198206,28.67555055055057,0
2872,4,1,0,40,0.025,0.0,1.0,40,950,700,250,0.7368421052631579,12,7,5,352.937593657841,0.4233840811965812,0.1846483368798304,0.21899789949762744,133502.12358806998,1424.0972542980448,134926.22084236803,747,0,237.075,35,5,19,32.51915574719081,0.6574404761904762,41.637731481481474,1033.4490740740728,29.527116402116366,0
2873,4,0,1,39,0.0,0.025,0.975,40,1450,1200,250,0.8275862068965517,17,12,5,347.21614386667756,0.4230902777777778,0.16444853345051058,0.20352276610549697,131356.98356718215,1190.3363480824826,132547.31991526464,748,1,238.075,36,4,20,34.82345563733568,0.6339699074074074,43.72184684684685,1025.1126126126135,28.475350350350375,8
2874,4,0,0,39,0.0,0.0,1.0,39,1400,800,600,0.5714285714285714,20,8,12,348.9322845522195,0.4231612685560054,0.1647185508102198,0.2046915348717588,131387.44882758908,1369.0645361796905,132756.51336376875,749,2,240.51282051282053,35,4,20,34.7487205539249,0.6363095238095238,43.692129629629626,1025.2314814814808,29.292328042328023,0
2875,4,0,1,38,0.0,0.02564102564102564,0.9743589743589743,39,1200,800,400,0.6666666666666666,16,8,8,353.0563002814071,0.42217723796671164,0.1626120691899775,0.20791614547469167,131535.81700370798,1487.9097811642641,133023.72678487224,750,3,241.51282051282053,35,4,21,34.49323498439203,0.6377976190476191,43.5474537037037,1025.810185185185,29.30886243386243,0
2876,4,1,0,39,0.02564102564102564,0.0,1.0,39,1200,800,400,0.6666666666666666,16,8,8,353.65711137092137,0.42167116509221775,0.1729822827534988,0.20989963539760434,131832.8045294282,1524.7217667609805,133357.52629618917,751,0,238.46153846153845,35,4,18,34.17824204515571,0.6407738095238096,43.258101851851855,1026.9675925925928,29.341931216931226,0
2877,4,0,0,39,0.0,0.0,1.0,39,1500,1000,500,0.6666666666666666,20,10,10,358.1262341727904,0.4207433648223122,0.18215781891043736,0.21388830435027215,132070.63567654727,1659.591879929678,133730.22755647695,752,1,239.46153846153845,35,4,21,33.823729497428964,0.643154761904762,43.02662037037036,1027.8935185185169,29.368386243386198,0
2878,4,0,0,39,0.0,0.0,1.0,39,1150,900,250,0.782608695652174,14,9,5,360.8716762697236,0.4205184435447593,0.18216299067362973,0.21586687544134342,132130.12695312474,1736.4040798610827,133866.53103298583,753,2,240.46153846153845,35,4,21,33.69322019587977,0.64375,42.968749999999986,1028.124999999998,29.374999999999943,0
2879,4,0,0,39,0.0,0.0,1.0,39,950,600,350,0.631578947368421,13,6,7,361.3197617704072,0.419899910031489,0.17739538882781858,0.21681625407519275,132249.14969403695,1756.8462523576538,134005.9959463946,754,3,241.46153846153845,35,4,21,33.561780315817124,0.6449404761904762,42.853009259259245,1028.587962962961,29.388227513227456,0
2880,4,0,0,39,0.0,0.0,1.0,39,1000,600,400,0.6,14,6,8,362.9286930868377,0.4195062977957715,0.1765772936619867,0.21846980434902286,132368.22601862543,1808.0454550325514,134176.27147365798,755,4,242.46153846153845,35,4,22,33.400465826866125,0.6461309523809524,42.737268518518505,1029.0509259259238,29.401455026454965,0
2881,4,0,0,39,0.0,0.0,1.0,39,1300,900,400,0.6923076923076923,17,9,8,362.13430317927305,0.4197312190733244,0.179801538580165,0.21834122631018085,132428.63520408154,1791.3936551022061,134220.02885918375,756,5,243.46153846153845,34,5,22,33.360079805690496,0.6488970588235294,42.67857142857142,1029.2857142857135,30.27310924369746,0
2882,4,0,0,39,0.0,0.0,1.0,39,1000,700,300,0.7,13,7,6,360.9628785624379,0.41992802519118305,0.17193210211358423,0.21852273355099006,132581.84700963704,1771.425028344658,134353.2720379817,757,6,244.46153846153845,34,5,22,33.23604207606056,0.6504289215686274,42.5297619047619,1029.8809523809514,30.29061624649857,0
2883,4,0,1,38,0.0,0.02564102564102564,0.9743589743589743,39,1500,900,600,0.6,21,9,12,359.8806699956608,0.4195344129554656,0.17692781648419365,0.21875892412095774,132735.14739229012,1753.7627551020237,134488.91014739213,758,7,245.46153846153845,34,5,20,33.10974083487369,0.6519607843137255,42.38095238095237,1030.4761904761895,30.30812324929969,0
2884,4,0,2,36,0.0,0.05263157894736842,0.9473684210526316,38,1450,1100,350,0.7586206896551724,18,11,7,352.30906114011793,0.41807432432432434,0.042259432590650015,0.2062050532957381,131300.7492900319,1651.688741873013,132952.43803190492,759,8,248.73684210526315,38,0,19,34.749730706417886,0.6296600877192983,43.77670940170939,1024.8931623931605,26.970872694556856,8
2885,4,1,0,37,0.02702702702702703,0.0,1.0,37,950,600,350,0.631578947368421,13,6,7,345.6562039837283,0.4181056056056056,0.06247765519058146,0.2037527473277544,131572.2859977324,1695.7639461931994,133268.0499439256,760,0,251.1891891891892,34,3,17,34.64623462520305,0.6403186274509804,43.51190476190476,1025.9523809523807,30.1750700280112,0
2886,4,0,0,37,0.0,0.0,1.0,37,1050,700,350,0.6666666666666666,14,7,7,348.5357676340687,0.4177615115115115,0.058016262609164704,0.20610942308236904,131694.45153061222,1780.0453514739156,133474.49688208612,761,1,252.1891891891892,34,3,18,34.4491803912472,0.6415441176470589,43.39285714285714,1026.428571428571,30.18907563025209,0
2887,4,0,0,37,0.0,0.0,1.0,37,850,400,450,0.47058823529411764,13,4,9,348.00396746677274,0.4176363863863864,0.06271488389798319,0.2068677301585804,131892.24222232922,1779.8047142918228,133672.04693662105,762,2,253.1891891891892,35,2,19,34.26349765258217,0.6413690476190477,43.200231481481474,1027.1990740740728,29.348544973544936,0
2888,4,0,0,37,0.0,0.0,1.0,37,1700,1300,400,0.7647058823529411,21,13,8,348.7613055403874,0.41694819819819817,0.056623264377070104,0.20882226104192,132166.31063073222,1818.8990088061196,133985.20963953834,763,3,254.1891891891892,36,1,19,33.96807578578469,0.6420717592592593,42.933558558558566,1028.265765765767,28.56293793793797,0
2889,4,0,0,37,0.0,0.0,1.0,37,1100,800,300,0.7272727272727273,14,8,6,349.09433960275703,0.4165728228228229,0.056290039218469756,0.21014651352371522,132369.03077063573,1841.85587614644,134210.88664678216,764,4,255.1891891891892,36,1,19,33.75556285109798,0.6440972222222222,42.7364864864865,1029.054054054056,28.58483483483489,0
2890,4,0,0,37,0.0,0.0,1.0,37,950,600,350,0.631578947368421,13,6,7,353.99872548004737,0.41669794794794796,0.05602274936807272,0.2139383601814201,132517.1467764061,1982.1833830201626,134499.33015942626,765,5,256.18918918918916,35,2,20,33.48040317745804,0.6476190476190475,42.592592592592595,1029.6296296296302,29.417989417989435,0
2891,4,0,0,37,0.0,0.0,1.0,37,900,600,300,0.6666666666666666,12,6,6,356.583259689433,0.4158533533533533,0.06192529608259956,0.21618467378991507,132636.34366426617,2059.179955418387,134695.52361968457,766,6,257.18918918918916,35,2,18,33.2940074906367,0.6488095238095238,42.476851851851855,1030.092592592593,29.431216931216944,0
2892,4,0,0,37,0.0,0.0,1.0,37,1150,900,250,0.782608695652174,14,9,5,356.9599262258965,0.4157282282282282,0.06575028010821793,0.21658488775301313,132666.15125868047,2071.2999131944393,134737.4511718749,767,7,258.18918918918916,35,2,18,33.254339400067416,0.6491071428571429,42.447916666666664,1030.2083333333328,29.434523809523796,0
2893,4,0,0,37,0.0,0.0,1.0,37,800,500,300,0.625,11,5,6,368.3578551366953,0.4157907907907908,0.038304294141857875,0.217264962460865,131595.1877170138,2297.265624999991,133892.4533420138,768,8,259.18918918918916,35,2,16,34.04082064297802,0.6383928571428572,43.48958333333333,1026.0416666666658,29.315476190476165,8
2894,4,0,0,37,0.0,0.0,1.0,37,750,400,350,0.5333333333333333,11,4,7,367.1723627970047,0.41500875875875876,0.033460001889362934,0.217241606780963,131713.9693313828,2272.3458665552043,133986.315197938,769,9,260.18918918918916,35,2,17,33.951239335513215,0.6395833333333334,43.37384259259259,1026.504629629629,29.328703703703688,0
2895,4,0,2,35,0.0,0.05405405405405406,0.9459459459459459,37,1450,1000,450,0.6896551724137931,19,10,9,367.64587471836876,0.4142892892892893,0.024222938721079945,0.21888614553151953,131951.69331114952,2302.2991415894844,134253.992452739,770,10,261.18918918918916,35,2,17,33.699095978371076,0.6419642857142858,43.1423611111111,1027.430555555554,29.35515873015869,0
2896,4,0,0,35,0.0,0.0,1.0,35,900,500,400,0.5555555555555556,13,5,8,382.20604496222995,0.4096288515406163,0.05037262760425332,0.22674754771968292,131816.67375283423,3076.2259070294526,134892.89965986367,771,24,276.2857142857143,34,1,17,33.461579333797054,0.6427696078431373,43.27380952380951,1026.90476190476,30.203081232492945,0
2897,4,0,0,35,0.0,0.0,1.0,35,1000,800,200,0.8,12,8,4,383.0919385742427,0.40976890756302525,0.049495116702532815,0.22800575378591104,131938.9526643989,3108.9498299319457,135047.90249433086,772,25,277.2857142857143,34,1,18,33.31522788721513,0.6439950980392157,43.15476190476189,1027.3809523809507,30.217086834733845,0
2898,4,0,0,35,0.0,0.0,1.0,35,800,700,100,0.875,9,7,2,379.3802142420624,0.4093837535014006,0.04588373516903599,0.2263434270595521,132030.69905045326,3017.966978458021,135048.66602891128,773,26,278.2857142857143,34,1,18,33.31788872157225,0.6449142156862745,43.065476190476176,1027.7380952380931,30.227591036414506,0
2899,4,0,0,35,0.0,0.0,1.0,35,950,600,350,0.631578947368421,13,6,7,378.54320518329615,0.4090336134453782,0.047369814067359295,0.22639190581460822,132122.4773242629,3002.8132086167634,135125.29053287968,774,27,279.2857142857143,34,1,18,33.24672880963408,0.6458333333333333,42.97619047619047,1028.0952380952372,30.238095238095212,0
2900,4,0,1,34,0.0,0.02857142857142857,0.9714285714285714,35,800,500,300,0.625,11,5,6,378.54320518329615,0.4090336134453782,0.047369814067359295,0.22639190581460822,132122.4773242629,3002.8132086167634,135125.29053287968,775,28,280.2857142857143,34,1,18,33.24672880963408,0.6458333333333333,42.97619047619047,1028.0952380952372,30.238095238095212,0
2901,4,0,1,33,0.0,0.029411764705882353,0.9705882352941176,34,1400,1100,300,0.7857142857142857,17,11,6,377.4788660399053,0.40899806892453955,0.03634866692358907,0.22683858843271312,132303.4278432572,3188.3495830930206,135491.77742635022,776,29,273.8529411764706,33,1,19,33.09149791542585,0.6499368686868687,42.800245098039206,1028.7990196078417,31.175727866904296,0
2902,4,0,0,33,0.0,0.0,1.0,33,1050,800,250,0.7619047619047619,13,8,5,381.57596155816816,0.40723642676767674,0.03567643548009247,0.22948062809870948,132333.03880025004,3499.0213052239656,135832.060105474,777,30,277.24242424242425,32,1,19,32.95624207469219,0.6526692708333333,42.77146464646465,1028.914141414142,32.15356691919194,0
2903,4,0,0,33,0.0,0.0,1.0,33,550,200,350,0.36363636363636365,9,2,7,381.57596155816816,0.40723642676767674,0.03567643548009247,0.22948062809870948,132333.03880025004,3499.0213052239656,135832.060105474,778,31,278.24242424242425,32,1,19,32.95624207469219,0.6526692708333333,42.77146464646465,1028.914141414142,32.15356691919194,0
2904,4,0,0,33,0.0,0.0,1.0,33,1200,900,300,0.75,15,9,6,379.4694947860743,0.40561868686868685,0.04646910607175481,0.22919957485078915,132495.48037190098,3455.598599632711,135951.0789715337,779,32,279.24242424242425,32,1,20,32.84660902624479,0.654296875,42.613636363636374,1029.5454545454559,32.173295454545496,0
2905,4,0,0,33,0.0,0.0,1.0,33,950,600,350,0.631578947368421,13,6,7,380.8634299307958,0.40502683080808083,0.04371657754010694,0.23123851102941181,132690.54178145094,3507.3949724517997,136197.93675390273,780,33,280.24242424242425,32,1,19,32.61412377450981,0.65625,42.42424242424243,1030.303030303031,32.19696969696972,0
2906,4,0,0,33,0.0,0.0,1.0,33,700,500,200,0.7142857142857143,9,5,4,378.52093489585224,0.4043955176767677,0.046312178387649894,0.23021519155141187,132755.59413580253,3450.1543209876604,136205.7484567902,781,34,281.24242424242425,32,1,19,32.60893980233604,0.6569010416666667,42.361111111111114,1030.5555555555559,32.20486111111112,0
2907,4,0,0,33,0.0,0.0,1.0,33,800,400,400,0.5,12,4,8,378.70033037086455,0.4041982323232323,0.04997940714850202,0.23132726986827615,132918.2947690287,3467.2404282726297,136385.53519730133,782,35,282.24242424242425,32,1,20,32.440512632137455,0.6585286458333333,42.20328282828283,1031.186868686869,32.22458964646466,0
2908,4,0,0,33,0.0,0.0,1.0,33,600,300,300,0.5,9,3,6,378.9505801479641,0.40277777777777773,0.05315267209540342,0.23249130187456185,133081.09504132232,3486.2316345270915,136567.3266758494,783,36,283.24242424242425,32,1,20,32.27025208027411,0.66015625,42.04545454545455,1031.818181818182,32.24431818181819,0
2909,4,0,0,33,0.0,0.0,1.0,33,1200,700,500,0.5833333333333334,17,7,10,379.6186681653333,0.4016335227272727,0.05930884184308827,0.23371703546082565,133211.40699928577,3513.9073818998013,136725.31438118557,784,37,284.24242424242425,32,1,21,32.121962654924985,0.6614583333333333,41.91919191919192,1032.323232323232,32.260101010101,0
2910,4,0,0,33,0.0,0.0,1.0,33,1050,900,150,0.8571428571428571,12,9,3,377.9371924065909,0.401791351010101,0.05749349696525052,0.2330897707014404,133276.58689164364,3474.0358126721676,136750.6227043158,785,38,285.24242424242425,32,1,21,32.09984103692834,0.662109375,41.8560606060606,1032.575757575757,32.26799242424241,0
2911,4,0,0,33,0.0,0.0,1.0,33,1150,900,250,0.782608695652174,14,9,5,374.701195787328,0.4005681818181818,0.05943585926477302,0.23211051363570806,133439.60636988562,3399.996014437292,136839.6023843229,786,39,286.24242424242425,32,1,21,32.01963420098578,0.6637369791666667,41.69823232323232,1033.20707070707,32.28772095959594,0
2912,4,0,0,33,0.0,0.0,1.0,33,1100,900,200,0.8181818181818182,13,9,4,372.77149422756963,0.4003314393939394,0.060502409879394925,0.2315256033191871,133537.46588358335,3355.7921385572977,136893.25802214065,787,40,287.24242424242425,32,1,21,31.97125173059694,0.6647135416666667,41.60353535353536,1033.585858585859,32.29955808080809,0
2913,4,0,0,33,0.0,0.0,1.0,33,1250,700,550,0.56,18,7,11,369.42414321845996,0.3997395833333333,0.02112131301920428,0.2147426793805371,131037.09323347114,3081.6531795225083,134118.74641299364,788,41,288.24242424242425,32,1,19,34.578092243186596,0.6396484375,44.034090909090914,1023.8636363636368,31.99573863636365,8
2914,4,0,0,33,0.0,0.0,1.0,33,1100,1000,100,0.9090909090909091,12,10,2,368.71822037566864,0.39922664141414144,0.019158805207610374,0.21523594533296214,131198.73769258228,3075.073015508616,134273.8107080909,789,42,289.24242424242425,32,1,19,34.43251376222169,0.6412760416666667,43.87626262626262,1024.4949494949487,32.01546717171715,0
2915,4,0,0,33,0.0,0.0,1.0,33,750,500,250,0.6666666666666666,10,5,5,370.2817888764713,0.3999368686868687,0.017339486536135373,0.21651347251595388,131263.4233751657,3120.891044281187,134384.3144194469,790,43,290.24242424242425,32,1,19,34.3269981107278,0.6419270833333333,43.81313131313131,1024.747474747474,32.02335858585856,0
2916,4,0,0,33,0.0,0.0,1.0,33,1100,900,200,0.8181818181818182,13,9,4,372.38159602177006,0.4002919823232323,0.017445050330873624,0.21829358686648023,131360.48179076108,3183.2451726864515,134543.72696344752,791,44,291.24242424242425,32,1,19,34.17498049841935,0.6429036458333333,43.71843434343434,1025.1262626262621,32.03519570707069,0
2917,4,1,0,34,0.029411764705882353,0.0,1.0,34,1100,800,300,0.7272727272727273,14,8,6,361.7152127388717,0.40476455733808675,0.02507215133875018,0.21414051852392413,131736.6836823577,2730.2325127354848,134466.91619509316,792,0,283.6470588235294,33,1,20,34.06835681031397,0.6442550505050505,43.35171568627451,1026.5931372549016,31.108882947118232,0
2918,4,0,0,34,0.0,0.0,1.0,34,1000,500,500,0.5,15,5,10,359.44790876271225,0.40379901960784315,0.019054669464111162,0.21385747474505457,131925.46323829787,2684.0663747116573,134609.52961300954,793,1,284.6470588235294,33,1,20,33.936115750129225,0.6461489898989898,43.16789215686275,1027.3284313725499,31.131164587046964,0
2919,4,0,0,34,0.0,0.0,1.0,34,850,700,150,0.8235294117647058,10,7,3,357.95986307936016,0.4030934343434343,0.02100940531214235,0.2136803823236011,132051.39136690221,2653.81959462707,134705.2109615293,794,2,285.6470588235294,33,1,20,33.847397758435655,0.6474116161616161,43.0453431372549,1027.818627450981,31.14601901366609,0
2920,4,0,1,33,0.0,0.029411764705882353,0.9705882352941176,34,900,600,300,0.6666666666666666,12,6,6,358.06037918982634,0.40316770647653,0.02667839446036968,0.21481063349108026,132240.39619677534,2670.009281286055,134910.4054780614,795,3,286.6470588235294,33,1,21,33.654409428492,0.6493055555555556,42.86151960784314,1028.553921568628,31.16830065359479,0
2921,4,0,0,33,0.0,0.0,1.0,33,1300,900,400,0.6923076923076923,17,9,8,368.27740290158806,0.4006076388888889,0.04122491797424277,0.22091220353728558,132235.62168401192,3139.8782649729683,135375.49994898489,796,4,294.3636363636364,32,1,21,33.39650339634995,0.6516927083333333,42.86616161616162,1028.535353535354,32.141729797979814,0
2922,4,0,0,33,0.0,0.0,1.0,33,850,400,450,0.47058823529411764,13,4,9,369.8545110997043,0.3998974116161616,0.04092693371398015,0.22300695077550228,132430.49178655245,3196.0029588817583,135626.4947454342,797,5,295.3636363636364,32,1,21,33.159551848217205,0.6536458333333333,42.67676767676768,1029.2929292929298,32.165404040404056,0
2923,4,1,0,34,0.029411764705882353,0.0,1.0,34,1150,800,350,0.6956521739130435,15,8,7,361.29127571599975,0.4030377302436126,0.0480177812569893,0.22097582677513494,132966.16685890066,2807.903210303757,135774.0700692044,798,0,287.6470588235294,33,1,20,32.84121514575412,0.6565656565656566,42.15686274509805,1031.3725490196098,31.25371360665484,0
2924,4,0,0,34,0.0,0.0,1.0,34,850,700,150,0.8235294117647058,10,7,3,362.4217872839804,0.4021464646464647,0.051851334357971846,0.2224192018171371,133092.5905901579,2847.130911188043,135939.72150134595,799,1,288.6470588235294,33,1,20,32.685075217735566,0.6578282828282829,42.034313725490215,1031.8627450980414,31.268568033273983,0
2925,4,0,0,34,0.0,0.0,1.0,34,700,600,100,0.8571428571428571,8,6,2,394.7161965356784,0.4006238859180036,0.01796961837717692,0.227151175788869,130649.55305899901,3562.693266416911,134212.2463254159,800,2,289.6470588235294,32,2,18,34.32444115104359,0.6357421875,44.41287878787878,1022.3484848484843,31.948390151515135,8
2926,4,3,0,37,0.08108108108108109,0.0,1.0,37,1050,800,250,0.7619047619047619,13,8,5,361.13176887234715,0.4128503503503504,0.03666770329852409,0.20414372758321878,129954.95158366008,1986.1723078254572,131941.12389148553,801,0,267.0810810810811,37,0,14,35.887707459583474,0.6179617117117118,45.09320175438595,1019.6271929824538,27.557491702228482,8
2927,4,0,0,37,0.0,0.0,1.0,37,850,600,250,0.7058823529411765,11,6,5,361.9296026685948,0.4128503503503504,0.03110570178291061,0.1924777356787831,127530.03532503877,1838.9594601490867,129368.99478518785,802,1,268.0810810810811,35,2,13,38.34328807150224,0.5973214285714286,47.4826388888889,1010.069444444446,28.85912698412703,8
2928,4,0,0,37,0.0,0.0,1.0,37,750,400,350,0.5333333333333333,11,4,7,391.8469146951569,0.4125688188188188,0.028098012196952293,0.19651866785091276,125126.29451076416,2555.1771164134975,127681.47162717766,803,2,269.0810810810811,32,5,17,40.07261694430422,0.5794270833333333,49.87373737373737,1000.50505050505,31.265782828282813,7
2929,4,3,0,40,0.075,0.0,1.0,40,1400,1200,200,0.8571428571428571,16,12,4,373.5886317367703,0.4205128205128205,0.0628355028222558,0.19224202205731472,126189.15741008641,1428.5669313700073,127617.72434145641,804,0,249.825,35,5,19,39.42962120339438,0.5836309523809524,48.8136574074074,1004.7453703703688,28.70701058201054,0
2930,4,1,1,40,0.024390243902439025,0.024390243902439025,0.975609756097561,41,1150,900,250,0.782608695652174,14,9,5,367.99434795049063,0.42367886178861786,0.08030001965194256,0.19118590077241798,126581.5477639804,1116.258826393989,127697.80659037438,805,0,244.70731707317074,36,5,17,39.165547597732036,0.5856481481481481,48.423423423423436,1006.306306306308,27.952952952952998,0
2931,4,0,0,40,0.0,0.0,1.0,40,500,200,300,0.4,8,2,6,374.8090804477454,0.4201655982905983,0.07071921749136933,0.19410553689457152,126450.94548396788,1478.9925197188074,127929.9380036867,806,1,251.8,35,5,18,39.12878787878788,0.5863095238095238,48.55324074074075,1005.7870370370381,28.736772486772516,0
2932,4,1,0,41,0.024390243902439025,0.0,1.0,41,1050,600,450,0.5714285714285714,15,6,9,364.5192767052609,0.4251524390243902,0.08006107786063854,0.19056837698004467,126836.65242522953,1046.8809603522698,127883.5333855818,807,0,246.6341463414634,36,5,19,38.99035774175516,0.5882523148148149,48.17004504504506,1007.3198198198219,27.981106106106164,0
2933,4,5,5,41,0.10869565217391304,0.10869565217391304,0.8913043478260869,46,1250,1100,150,0.88,14,11,3,329.7865003263047,0.4391505636070854,0.10613194156312034,0.1771734814219304,127938.82118985092,-761.2439783746993,127177.57721147622,808,0,220.7173913043478,40,6,16,38.73723422065963,0.5924479166666667,47.07825203252034,1011.6869918699211,25.29217479674803,0
2934,4,0,2,39,0.0,0.04878048780487805,0.9512195121951219,41,1100,800,300,0.7272727272727273,14,8,6,347.6000439101874,0.4285060975609756,0.00996341715016058,0.18453640885352476,127459.90125868075,661.0134548611308,128120.91471354188,809,1,245.97560975609755,39,2,15,38.77699264149645,0.5892094017094017,47.55208333333334,1009.7916666666682,25.892094017094056,6
2935,4,0,1,38,0.0,0.02564102564102564,0.9743589743589743,39,1500,900,600,0.6,21,9,12,341.7723623843655,0.42153058929374715,0.13485612894350418,0.17235819909753783,125356.61363352185,782.3353700176955,126138.94900353954,810,5,259.53846153846155,37,2,16,41.087151903354126,0.5712274774774775,49.64364035087719,1001.4254385964913,27.065552394499765,8
2936,4,4,1,41,0.09523809523809523,0.023809523809523808,0.9761904761904762,42,1400,1100,300,0.7857142857142857,17,11,6,329.801239607473,0.43018050716221445,0.18276984537989227,0.1707362449549677,126436.39458550327,-58.34548400712214,126378.04910149614,811,0,241.76190476190476,39,3,15,40.27544018643188,0.5787927350427351,48.56770833333332,1005.7291666666649,25.787927350427307,0
2937,4,4,0,45,0.08888888888888889,0.0,1.0,45,800,300,500,0.375,13,3,10,315.12371327107763,0.4385311447811448,0.2024467501650944,0.16630691662105182,127220.13728807241,-978.592744971387,126241.54454310102,812,0,226.55555555555554,40,5,19,39.841887445015274,0.58515625,47.789634146341456,1008.8414634146328,25.22103658536582,0
2938,4,1,1,45,0.021739130434782608,0.021739130434782608,0.9782608695652174,46,1100,700,400,0.6363636363636364,15,7,8,309.062003664331,0.4402475845410628,0.2069648065663665,0.16431124069485892,127517.50996984415,-1317.8365732867492,126199.6733965574,813,0,222.6086956521739,41,5,13,39.69107078545004,0.5866361788617886,47.49503968253967,1010.019841269839,24.634630274874123,0
2939,4,4,1,48,0.08163265306122448,0.02040816326530612,0.9795918367346939,49,1050,700,350,0.6666666666666666,14,7,7,298.4065129093384,0.4458793934240363,0.2357530403340906,0.16153512581259985,128242.66049403537,-2143.2353814883836,126099.42511254699,814,0,209.87755102040816,42,7,17,39.221794381198386,0.5925099206349207,46.77810077519378,1012.8875968992212,24.11637135474336,0
2940,4,2,2,48,0.04,0.04,0.96,50,1500,1300,200,0.8666666666666667,17,13,4,293.65297101835273,0.44677721088435374,0.23021944159118468,0.16020018678734266,128552.3480992451,-2450.044209854245,126102.30388939085,815,0,206.58,43,7,11,39.02762863012417,0.594234496124031,46.47253787878787,1014.1098484848469,23.58394996476388,0
2941,4,0,1,47,0.0,0.020833333333333332,0.9791666666666666,48,1200,900,300,0.75,15,9,6,303.9367260291405,0.44262522163120566,0.2173213411649546,0.16505654738903042,128370.63536352008,-1796.6898738662394,126573.94548965384,816,1,216.16666666666666,41,7,12,38.95160303475282,0.5952743902439024,46.6517857142857,1013.3928571428545,24.71689895470377,0
2942,4,2,2,47,0.04081632653061224,0.04081632653061224,0.9591836734693877,49,1700,1300,400,0.7647058823529411,21,13,8,300.03993181679533,0.44228316326530615,0.2392686345723185,0.1647139595647233,128801.62144204378,-2070.8740569273064,126730.74738511647,817,0,212.48979591836735,44,5,14,38.612644045121456,0.595407196969697,46.22685185185185,1015.0925925925916,23.070286195286172,0
2943,4,0,0,47,0.0,0.0,1.0,47,1550,1100,450,0.7096774193548387,20,11,9,311.80297593699044,0.43908032685784765,0.23836777491371497,0.17061578570934166,128672.41753472199,-1375.9114583333549,127296.50607638863,818,1,222.31914893617022,43,4,14,38.445414099931554,0.5954457364341086,46.35416666666666,1014.5833333333314,23.594961240310035,0
2944,4,0,0,47,0.0,0.0,1.0,47,1650,1200,450,0.7272727272727273,21,12,9,313.3133793007425,0.43909959913660196,0.2359814799746769,0.17216979700067933,128840.60890330836,-1326.5026866678481,127514.1062166405,819,2,223.31914893617022,43,4,14,38.236191431147596,0.5971414728682171,46.188446969696955,1015.2462121212096,23.61037702607464,0
2945,4,0,0,47,0.0,0.0,1.0,47,1150,900,250,0.782608695652174,14,9,5,313.09722291420974,0.4385599753314832,0.23632374702948922,0.17257352584675287,128960.81285152645,-1324.545526285599,127636.26732524086,820,3,224.31914893617022,43,4,16,38.11960034806389,0.5983527131782946,46.07007575757575,1015.7196969696955,23.621388301620826,0
2946,4,0,0,47,0.0,0.0,1.0,47,1200,800,400,0.6666666666666666,16,8,8,312.3802145173104,0.43908032685784765,0.23314231325970192,0.17259730699128398,129057.01636392318,-1337.028308654741,127719.98805526843,821,4,225.31914893617022,43,4,17,38.040152221186716,0.5993217054263567,45.97537878787878,1016.0984848484836,23.630197322057757,0
2947,4,2,0,49,0.04081632653061224,0.0,1.0,49,900,600,300,0.6666666666666666,12,6,6,307.44544324169397,0.44146825396825395,0.25017583645261343,0.17223522869734642,129601.77576303156,-1830.8242134801974,127770.95154955136,822,0,217.08163265306123,44,5,15,37.61347791822013,0.6034564393939394,45.43981481481482,1018.2407407407408,23.141835016835017,0
2948,4,1,2,48,0.02,0.04,0.96,50,1850,1400,450,0.7567567567567568,23,14,9,302.9117580340259,0.4417687074829932,0.24710260869565137,0.17109455881096783,129923.43506362893,-2128.9327750112907,127794.50228861764,823,0,213.72,46,4,17,37.403623188405795,0.6041666666666667,45.12411347517732,1019.5035460992935,22.163120567375948,0
2949,4,1,1,48,0.02040816326530612,0.02040816326530612,0.9795918367346939,49,1150,500,650,0.43478260869565216,18,5,13,308.80012810850207,0.4403167517006803,0.24705152979649836,0.17469707749977464,129985.33412754678,-1772.1024338374218,128213.23169370936,824,0,218.26530612244898,45,4,19,37.190960502161445,0.6060185185185185,45.06340579710145,1019.7463768115946,22.661030595813212,0
2950,4,1,0,49,0.02040816326530612,0.0,1.0,49,1150,700,450,0.6086956521739131,16,7,9,309.96648071524686,0.44214143990929705,0.25161493676114133,0.17618982703017003,130170.13642748362,-1730.3241834698729,128439.81224401375,825,0,215.6734693877551,45,4,21,36.97445115095566,0.6078703703703704,44.88224637681159,1020.4710144927528,22.677133655394506,0
2951,4,1,0,50,0.02,0.0,1.0,50,1600,1200,400,0.75,20,12,8,302.1339177025016,0.4421768707482993,0.24834107938916783,0.17302541522745665,130460.4978385465,-2116.560461581996,128343.9373769645,826,0,212.34,42,8,22,36.881303550539066,0.6148313492063492,44.59786821705427,1021.608527131784,24.32401255075676,0
2952,4,1,1,50,0.0196078431372549,0.0196078431372549,0.9803921568627451,51,1450,800,650,0.5517241379310345,21,8,13,300.35066979751105,0.442843137254902,0.26086909164184124,0.17338789868962684,130770.59771184866,-2344.5926774850705,128426.0050343636,827,0,209.15686274509804,43,8,13,36.614375983705216,0.6165213178294573,44.29450757575758,1022.8219696969701,23.786557434813258,0
2953,4,0,2,48,0.0,0.04,0.96,50,1500,1200,300,0.8,18,12,6,323.5200727806165,0.4421938775510204,0.27704697986577154,0.17853515127522915,129008.91012396698,-1642.5418065599147,127366.36831740708,828,1,214.32,43,7,17,37.80605269699229,0.5988372093023255,46.02272727272727,1015.9090909090912,23.625792811839332,8
2954,4,1,1,48,0.02040816326530612,0.02040816326530612,0.9795918367346939,49,1250,800,450,0.64,17,8,9,329.71979847926417,0.4414505385487528,0.29203114448792733,0.18227577894844732,129078.27546609286,-1288.0674050537757,127790.20806103908,829,0,219.48979591836735,42,7,18,37.57807285210259,0.6009424603174602,45.95445736434109,1016.1821705426363,24.194813584348484,0
2955,4,0,1,47,0.0,0.020833333333333332,0.9791666666666666,48,700,400,300,0.5714285714285714,10,4,6,383.249639011642,0.441156914893617,0.34575739678254,0.1927960408134966,125253.50677958364,87.22429178535415,125340.731071369,830,1,224.41666666666666,36,12,15,40.15566992912588,0.5720486111111112,49.74662162162162,1001.0135135135134,27.805930930930927,8
2956,4,3,0,50,0.06,0.0,1.0,50,1500,800,700,0.5333333333333333,22,8,14,372.6212670591058,0.44689625850340137,0.36563218390804586,0.19069441314201283,125963.3875739644,-612.6725838264417,125350.71499013796,831,0,216.36,38,12,18,39.687100893997446,0.575657894736842,49.03846153846153,1003.8461538461531,26.417004048582978,0
2957,4,1,2,49,0.0196078431372549,0.0392156862745098,0.9607843137254902,51,1500,1100,400,0.7333333333333333,19,11,8,359.76840366637856,0.44995098039215686,0.3574809133934429,0.18553743062409878,126279.29823133688,-1113.7396918402733,125165.55853949662,832,0,213.09803921568627,39,12,14,39.683840294331006,0.577190170940171,48.723958333333336,1005.1041666666673,25.771901709401725,0
2958,4,0,1,48,0.0,0.02040816326530612,0.9795918367346939,49,2100,1800,300,0.8571428571428571,24,18,6,365.53004811555985,0.4473143424036281,0.34873528403494136,0.18829001273685378,126231.65155416734,-571.707666739744,125659.9438874276,833,2,214.08163265306123,38,11,19,39.58820610957543,0.5783991228070176,48.77136752136751,1004.914529914528,26.445119208277053,0
2959,4,3,2,49,0.058823529411764705,0.0392156862745098,0.9607843137254902,51,1100,800,300,0.7272727272727273,14,8,6,337.7677100183346,0.4528758169934641,0.3053525493603171,0.17915697430004748,127423.91889812246,-1537.3058153710072,125886.61308275146,834,0,206.31372549019608,37,14,13,39.062047494931925,0.5923423423423424,47.58771929824561,1009.6491228070172,27.287814129919383,7
2960,4,1,1,49,0.02,0.02,0.98,50,1350,700,650,0.5185185185185185,20,7,13,341.5629700421229,0.45051020408163267,0.3403253844439491,0.18223460720321102,127660.40322417002,-1279.186703595506,126381.21652057451,835,0,211.36,36,14,14,38.72413825124432,0.5966435185185186,47.353603603603595,1010.5855855855848,28.0718218218218,0
2961,4,2,0,51,0.0392156862745098,0.0,1.0,51,1400,1200,200,0.8571428571428571,16,12,4,334.704908189782,0.4520915032679738,0.33591625377193335,0.18037510239988572,128063.41428336607,-1627.3093359631962,126436.10494740288,836,0,208.09803921568627,38,13,16,38.48559214692844,0.5970394736842105,46.9551282051282,1012.1794871794862,26.636302294197005,0
2962,4,1,4,48,0.019230769230769232,0.07692307692307693,0.9230769230769231,52,1350,700,650,0.5185185185185185,20,7,13,331.98663750824704,0.45213518099547506,0.33990598583203946,0.1812584987217921,128584.36113522346,-1862.2393336461178,126722.12180157733,837,0,205.07692307692307,35,17,16,38.023151318041776,0.6080357142857142,46.44097222222221,1014.2361111111086,28.97817460317453,0
2963,4,0,4,44,0.0,0.08333333333333333,0.9166666666666666,48,1700,1000,700,0.5882352941176471,24,10,14,358.2129329479592,0.4486646719858156,0.3552956534010725,0.19418664371677255,128299.67928501073,-408.279117406742,127891.40016760399,838,1,218.9375,33,15,17,37.649061529777015,0.6095328282828283,46.72181372549021,1013.1127450980406,30.700386215092138,0
2964,4,0,0,44,0.0,0.0,1.0,44,950,800,150,0.8421052631578947,11,8,3,380.73241755251473,0.4482910500352361,0.35534589513533144,0.20497823189448564,128024.02388038553,948.5792233560128,128972.60310374154,839,2,232.36363636363637,34,10,17,37.36129082852997,0.6044730392156863,46.99404761904762,1012.0238095238099,29.765406162464995,0
2965,4,0,0,44,0.0,0.0,1.0,44,1050,900,150,0.8571428571428571,12,9,3,379.5153177869226,0.44781756518675125,0.3547512158623267,0.20493827160493838,128144.53125000012,926.5625000000152,129071.09375000013,840,3,233.36363636363637,35,9,18,37.268518518518526,0.6035714285714286,46.87500000000001,1012.5000000000009,28.928571428571455,0
2966,4,1,2,43,0.022222222222222223,0.044444444444444446,0.9555555555555556,45,1500,1100,400,0.7333333333333333,19,11,8,344.57471032071186,0.4492213804713805,0.331919958342632,0.1822950740197296,127319.21744379516,-156.3590617644649,127162.8583820307,841,0,229.15555555555557,36,9,14,38.99752659376628,0.5931712962962963,47.69144144144144,1009.2342342342343,28.034284284284286,8
2967,4,3,1,45,0.06521739130434782,0.021739130434782608,0.9782608695652174,46,1150,800,350,0.6956521739130435,15,8,7,339.34344907355495,0.4506743156199678,0.3465861408918183,0.18173201436447847,127811.68845221588,-525.5881617420972,127286.10029047378,842,0,224.41304347826087,37,9,17,38.62547892720306,0.5962837837837838,47.20394736842104,1011.1842105263142,27.329302987197682,0
2968,4,0,3,42,0.0,0.06666666666666667,0.9333333333333333,45,1350,1000,350,0.7407407407407407,17,10,7,338.1400810184098,0.44970538720538716,0.282687438307369,0.1726715324963832,125873.61411573822,-487.41718496484623,125386.19693077338,843,1,229.77777777777777,42,3,16,40.644915990730006,0.5684523809523809,49.127906976744185,1003.4883720930231,23.89258028792912,8
2969,4,2,0,44,0.045454545454545456,0.0,1.0,44,1400,900,500,0.6428571428571429,19,9,10,351.40579535476274,0.44959038054968287,0.32996982270841113,0.18018892910744244,126043.83680555578,58.506944444463244,126102.34375000025,844,0,235.88636363636363,41,3,18,40.13658367911478,0.5716463414634146,48.95833333333334,1004.1666666666684,24.49186991869923,0
2970,4,2,2,44,0.043478260869565216,0.043478260869565216,0.9565217391304348,46,1200,800,400,0.6666666666666666,16,8,8,332.84851658041214,0.4547202093397746,0.3135398711988582,0.1729773813170182,126593.58859592034,-772.7023654513673,125820.88623046898,845,0,226.58695652173913,39,7,16,40.0373710450954,0.5803952991452992,48.41145833333334,1006.3541666666683,25.803952991453034,0
2971,4,3,0,47,0.06382978723404255,0.0,1.0,47,1000,700,300,0.7,13,7,6,326.9558346420513,0.45534613012642616,0.3242070324477193,0.17211579560493787,127117.63340480221,-1087.6296144821079,126030.0037903201,846,0,222.68085106382978,40,7,19,39.64841781719238,0.5841145833333333,47.89126016260163,1008.4349593495949,25.210873983739873,0
2972,4,2,3,46,0.04081632653061224,0.061224489795918366,0.9387755102040817,49,1300,900,400,0.6923076923076923,17,9,8,316.95632173384695,0.45704010770975056,0.32399769806253675,0.1687735756076141,127581.01695360838,-1712.4780286641535,125868.53892494424,847,0,214.55102040816325,42,7,14,39.42687352132491,0.5858134920634921,47.43217054263565,1010.2713178294559,24.054078995939427,0
2973,4,1,0,47,0.02127659574468085,0.0,1.0,47,1100,700,400,0.6363636363636364,15,7,8,329.90700167309177,0.45453669441874806,0.33446705704457913,0.17488239885915122,127399.61848932512,-993.9947699781909,126405.62371934693,848,0,224.63829787234042,40,7,15,39.285324810415396,0.5869791666666666,47.61178861788618,1009.5528455284552,25.23882113821138,0
2974,4,1,2,46,0.020833333333333332,0.041666666666666664,0.9583333333333334,48,1650,1300,350,0.7878787878787878,20,13,7,341.05882352941205,0.45499963061465726,0.3652696078431372,0.18348101265822778,127993.90589569148,-869.3098072562475,127124.59608843524,849,0,220.9375,41,7,18,38.39583333333335,0.5914634146341464,47.02380952380952,1011.9047619047609,24.680603948896607,0
2975,4,1,0,47,0.02127659574468085,0.0,1.0,47,1300,800,500,0.6153846153846154,18,8,10,348.7669776801746,0.4559242984890533,0.3671852138232723,0.18809246695572387,128093.08824319184,-465.0721503404177,127628.01609285142,850,0,212.2340425531915,40,7,20,38.09942107552788,0.5940104166666667,46.92581300813008,1012.2967479674794,25.307418699186986,0
2976,4,0,0,47,0.0,0.0,1.0,47,2000,1300,700,0.65,27,13,14,344.9270460353925,0.4547101449275362,0.35375539461337024,0.1871224415385537,128329.16802300363,-547.1495028819663,127782.01852012167,851,1,213.2340425531915,39,8,20,37.95545474795244,0.5980235042735043,46.69270833333334,1013.229166666668,25.980235042735078,0
2977,4,0,0,47,0.0,0.0,1.0,47,1450,1200,250,0.8275862068965517,17,12,5,345.51952523310416,0.45467160037002774,0.3590198731667431,0.18818922994369355,128487.53390842021,-521.0096571180511,127966.52425130217,852,2,214.2340425531915,39,8,15,37.77879807527654,0.5996260683760684,46.536458333333336,1013.8541666666673,25.9962606837607,0
2978,4,0,0,47,0.0,0.0,1.0,47,1200,900,300,0.75,15,9,6,345.8129663894186,0.45509559050262105,0.359197198676279,0.1884738754106719,128513.93771701385,-511.6427951388938,128002.29492187496,853,3,215.2340425531915,39,8,16,37.744418190534894,0.5998931623931624,46.510416666666664,1013.9583333333329,25.998931623931615,0
2979,4,0,1,46,0.0,0.02127659574468085,0.9787234042553191,47,1500,1100,400,0.7333333333333333,19,11,8,346.13643005115546,0.4548065063213074,0.3574616643327013,0.1892769619465581,128645.99745008671,-494.18674045139727,128151.81070963532,854,4,216.2340425531915,39,8,17,37.60150340555156,0.6012286324786325,46.38020833333333,1014.4791666666658,26.012286324786302,0
2980,4,0,0,46,0.0,0.0,1.0,46,1150,1000,150,0.8695652173913043,13,10,3,347.2438049926852,0.453280998389694,0.31927316481723045,0.1818354428032211,126903.55994091959,-375.41484823012047,126528.14509268946,855,6,221.84782608695653,38,8,17,39.35668716643691,0.5852521929824561,48.10363247863247,1007.5854700854691,26.515407107512345,8
2981,4,1,1,46,0.02127659574468085,0.02127659574468085,0.9787234042553191,47,1700,1100,600,0.6470588235294118,23,11,12,344.40802044221266,0.4551341350601295,0.3195632983227348,0.18239725208172725,127361.47636788618,-626.9973838483937,126734.47898403778,856,0,218.10638297872342,38,9,15,38.95842153542195,0.5899122807017544,47.649572649572626,1009.4017094017058,26.563202878992257,0
2982,4,1,0,47,0.02127659574468085,0.0,1.0,47,1900,1700,200,0.8947368421052632,21,17,4,347.22963528456387,0.45372725871106995,0.3273585478729035,0.18500003723302047,127604.23657909605,-538.4054943750755,127065.83108472097,857,0,219.08510638297872,38,9,16,38.63848648267597,0.5923793859649122,47.40918803418802,1010.3632478632454,26.588506522716983,0
2983,4,1,0,48,0.020833333333333332,0.0,1.0,48,1700,1200,500,0.7058823529411765,22,12,10,340.1489492104966,0.45491651891252954,0.32230589022757683,0.18332703106799492,128067.37061273056,-887.603691585693,127179.76692114487,858,0,215.5,40,8,18,38.34379183400269,0.59375,46.951219512195124,1012.1951219512198,25.304878048780495,0
2984,4,1,0,49,0.02040816326530612,0.0,1.0,49,1100,600,500,0.5454545454545454,16,6,10,332.063273918999,0.45590632086167804,0.31342445234974714,0.1800432262192035,128306.8422296187,-1278.73226763639,127028.10996198232,859,0,212.08163265306123,38,11,19,38.304070441843294,0.5995065789473684,46.71474358974359,1013.1410256410259,26.661605937921735,0
2985,4,0,1,48,0.0,0.02040816326530612,0.9795918367346939,49,1500,1100,400,0.7333333333333333,19,11,8,333.7365157859373,0.4553217120181406,0.31828475936691425,0.18168822709654395,128469.25593770553,-1225.0236275476605,127244.23231015787,860,1,213.08163265306123,38,11,15,38.09608494045738,0.6011513157894737,46.55448717948718,1013.7820512820518,26.678475033738206,0
2986,4,1,0,49,0.02040816326530612,0.0,1.0,49,1750,1200,550,0.6857142857142857,23,12,11,337.15018865819206,0.45530399659863946,0.32341469808940726,0.1845484346793571,128685.967348327,-1122.7003661699312,127563.26698215707,861,0,214.0408163265306,38,11,18,37.78868765575093,0.6033442982456141,46.34081196581196,1014.6367521367512,26.700967161493452,0
2987,4,0,1,48,0.0,0.02040816326530612,0.9795918367346939,49,1750,1400,350,0.8,21,14,7,333.762026906481,0.4540639172335601,0.31725036923647276,0.18402743099060084,128974.55401431394,-1190.6382865646362,127783.9157277493,862,1,215.0408163265306,41,8,18,37.580879480418,0.6013719512195121,46.05654761904761,1015.7738095238086,24.774970963995333,0
2988,4,2,0,50,0.04,0.0,1.0,50,1700,1100,600,0.6470588235294118,23,11,12,325.62011548995855,0.4540391156462585,0.3247513812154694,0.18228012650623449,129572.314453125,-1561.1317052862823,128011.18274783871,863,0,210.96,39,11,17,37.18070049791965,0.6105769230769231,45.46875,1018.125,26.10576923076923,0
2989,4,0,1,49,0.0,0.02,0.98,50,1450,900,550,0.6206896551724138,20,9,11,324.9144261823693,0.45365646258503406,0.3235116065037331,0.18250075667072876,129704.91672092004,-1571.40028211806,128133.51643880198,864,1,211.96,39,11,18,37.064223506152665,0.6119123931623931,45.338541666666664,1018.6458333333325,26.11912393162391,0
2990,4,0,1,48,0.0,0.02040816326530612,0.9795918367346939,49,2250,1800,450,0.8,27,18,9,325.3095209841386,0.4518494897959184,0.32197407264792743,0.18341919800169484,129853.92011834292,-1351.456689677871,128502.46342866505,865,2,216.69387755102042,38,11,19,36.90317085953879,0.6151315789473684,45.19230769230768,1019.230769230767,26.82186234817808,0
2991,4,0,0,48,0.0,0.0,1.0,48,1600,1100,500,0.6875,21,11,10,337.7043889069027,0.4512596040189125,0.33573692759090434,0.19080597888327847,129935.60209155164,-824.0353796844148,129111.56671186723,866,3,211.5,38,10,19,36.504505920570054,0.615953947368421,45.11217948717949,1019.5512820512823,26.830296896086377,0
2992,4,1,1,48,0.02040816326530612,0.02040816326530612,0.9795918367346939,49,1650,1400,250,0.8484848484848485,19,14,5,337.4863283418128,0.45261125283446707,0.2803977147556871,0.1830858625644627,128329.16802300354,-1130.2990072577609,127198.86901574577,867,0,208.16326530612244,39,10,16,38.14393355265413,0.5980235042735043,46.692708333333336,1013.2291666666673,25.98023504273506,8
2993,4,0,0,48,0.0,0.0,1.0,48,1450,800,650,0.5517241379310345,21,8,13,340.85837948478587,0.4518783244680851,0.2905660128651273,0.18481189323351763,128306.84222961869,-853.1075361604179,127453.73469345827,868,1,213.41666666666666,38,10,16,38.08130338500473,0.5995065789473684,46.71474358974359,1013.1410256410257,26.66160593792173,0
2994,4,1,1,48,0.02040816326530612,0.02040816326530612,0.9795918367346939,49,1850,1600,250,0.8648648648648649,21,16,5,341.8616753082526,0.4506448412698412,0.3104118494688515,0.1875619461826358,128778.12499999999,-995.1388888888898,127782.9861111111,869,0,210.0408163265306,39,10,15,37.57525998905308,0.6025641025641026,46.25,1014.9999999999999,26.025641025641022,0
2995,4,1,1,48,0.02040816326530612,0.02040816326530612,0.9795918367346939,49,1300,1100,200,0.8461538461538461,15,11,4,338.0222213032069,0.4510168650793651,0.306208122221846,0.186851679050661,129075.34490937581,-1073.933039651042,128001.41186972476,870,0,207.6122448979592,41,8,17,37.3701348888672,0.6023882113821138,45.95734126984127,1016.170634920635,24.784649632210613,0
2996,4,1,1,48,0.02040816326530612,0.02040816326530612,0.9795918367346939,49,1500,900,600,0.6,21,9,12,340.7890847984036,0.45034367913832196,0.3166474005355491,0.18936390636806016,129280.82817925357,-988.3779528159606,128292.4502264376,871,0,208.40816326530611,39,10,18,37.09082334664891,0.6076388888888888,45.755208333333336,1016.9791666666674,26.076388888888907,0
2997,4,0,1,47,0.0,0.020833333333333332,0.9791666666666666,48,1450,900,550,0.6206896551724138,20,9,11,350.30673824011785,0.44968971631205673,0.3191957252389457,0.19493106106277958,129337.19735051852,-538.4616526042978,128798.73569791422,872,1,212.52083333333334,38,10,18,36.7914784861534,0.6099232456140351,45.69978632478632,1017.2008547008535,26.768443544759304,0
2998,4,1,1,47,0.020833333333333332,0.020833333333333332,0.9791666666666666,48,850,400,450,0.47058823529411764,13,4,9,387.16046234296084,0.4502160904255319,0.34249400936717134,0.20161770872210552,126677.74128818467,316.3794083539411,126994.12069653861,873,0,198.97916666666666,37,11,18,38.58410031586972,0.584740990990991,48.32785087719297,1006.6885964912268,27.207799905168294,8
2999,4,0,1,46,0.0,0.02127659574468085,0.9787234042553191,47,1000,600,400,0.6,14,6,8,384.4033415822879,0.4502967930928153,0.33599184609504396,0.20072454192344014,126788.1478555901,347.55754174359987,127135.7053973337,874,1,201.04255319148936,37,10,20,38.5396252948648,0.5858671171171171,48.21820175438596,1007.1271929824555,27.21965386439069,0
3000,4,1,1,46,0.02127659574468085,0.02127659574468085,0.9787234042553191,47,1300,900,400,0.6923076923076923,17,9,8,374.2913735400591,0.45023897625655257,0.32495164410058086,0.19690980955803083,127092.0138888887,114.97996979837853,127206.99385868708,875,0,200.68085106382978,34,13,21,38.48140495867769,0.5949754901960784,47.91666666666666,1008.3333333333318,29.656862745097992,0
3001,4,0,1,45,0.0,0.021739130434782608,0.9782608695652174,46,1250,1000,250,0.8,15,10,5,373.0179862688283,0.44834943639291464,0.33293574451712193,0.19696744134755864,127242.10778061206,292.71896258501033,127534.82674319707,876,1,205.41304347826087,34,12,22,38.35914454277284,0.5965073529411764,47.76785714285713,1008.92857142857,29.674369747899117,0
3002,4,2,2,45,0.0425531914893617,0.0425531914893617,0.9574468085106383,47,1050,600,450,0.5714285714285714,15,6,9,361.9938356892339,0.45210838729571384,0.3171748190392629,0.19293078055964635,127617.73003472204,-160.6336805555818,127457.09635416647,877,0,200.46808510638297,35,12,17,38.25171821305841,0.5982142857142857,47.39583333333332,1010.4166666666652,28.869047619047574,0
3003,4,1,1,45,0.021739130434782608,0.021739130434782608,0.9782608695652174,46,1800,1500,300,0.8333333333333334,21,15,6,367.0645839091777,0.4500805152979066,0.31737934882238084,0.19534998099751838,127559.26354595333,164.49759945129932,127723.76114540463,878,0,205.80434782608697,35,11,19,38.1836235869233,0.5976190476190476,47.4537037037037,1010.185185185185,28.862433862433857,0
3004,4,2,0,47,0.0425531914893617,0.0,1.0,47,1400,1100,300,0.7857142857142857,17,11,6,358.5588734539367,0.4531490903484428,0.3261273643864937,0.19255321108766096,127922.58795975668,-226.44419436751497,127696.14376538916,879,0,202.31914893617022,37,10,21,38.02613989450106,0.5974099099099099,47.09429824561403,1011.6228070175425,27.341156946420067,0
3005,4,1,1,47,0.020833333333333332,0.020833333333333332,0.9791666666666666,48,1050,600,450,0.5714285714285714,15,6,9,355.4701438634614,0.4542885638297873,0.3355180330296974,0.19346688240984736,128458.27880245095,-466.9986969638019,127991.28010548715,880,0,199.08333333333334,36,12,17,37.55646893282974,0.6047453703703703,46.56531531531531,1013.7387387387375,28.159409409409378,0
3006,4,0,0,47,0.0,0.0,1.0,47,1300,1000,300,0.7692307692307693,16,10,6,367.52200356692146,0.4530334566759174,0.34929766341290436,0.19992283895895002,128437.66744898826,40.7337748628201,128478.40122385108,881,1,204.12765957446808,35,12,18,37.27211311562762,0.6065476190476191,46.585648148148145,1013.6574074074068,28.961640211640194,0
3007,4,0,0,47,0.0,0.0,1.0,47,1700,1200,500,0.7058823529411765,22,12,10,368.8087397594122,0.4523011100832563,0.35134780899121854,0.20180882726161067,128672.41753472206,91.10243055553559,128763.51996527759,882,2,205.12765957446808,35,12,19,36.99948665297742,0.6089285714285715,46.35416666666666,1014.583333333332,28.9880952380952,0
3008,4,1,0,48,0.020833333333333332,0.0,1.0,48,1300,700,600,0.5384615384615384,19,7,12,360.2838668068265,0.4529218380614657,0.34485147417424056,0.19892784861268006,129029.71172185715,-302.53530557582667,128727.17641628132,883,0,201.83333333333334,36,12,20,36.8511231803739,0.6105324074074074,46.00225225225226,1015.9909909909924,28.22197197197201,0
3009,4,0,0,48,0.0,0.0,1.0,48,1650,900,750,0.5454545454545454,24,9,15,355.66568451978566,0.4525247488179669,0.291244526089216,0.19083567373696014,127888.11404309701,-496.826936734045,127391.28710636297,884,1,202.83333333333334,36,12,14,38.13460253841015,0.5989583333333333,47.12837837837837,1011.4864864864854,28.096846846846816,8
3010,4,2,4,46,0.04,0.08,0.92,50,1150,700,450,0.6086956521739131,16,7,9,338.5000341027278,0.4563265306122449,0.2858227848101267,0.18393626191719634,128394.44739006221,-1307.4382335620999,127087.0091565001,885,0,195.68,37,13,13,38.05165620830178,0.6021959459459459,46.628289473684205,1013.4868421052623,27.391536273115197,0
3011,4,1,1,46,0.02127659574468085,0.02127659574468085,0.9787234042553191,47,1200,900,300,0.75,15,9,6,361.9971313434872,0.45260946654332407,0.19887462634077702,0.19044196909809558,127092.01388888899,-137.14688654200336,126954.86700234699,886,0,208.70212765957447,39,8,18,38.79132231404957,0.5854700854700854,47.91666666666667,1008.3333333333343,25.85470085470088,8
3012,4,1,0,47,0.02127659574468085,0.0,1.0,47,1550,1100,450,0.7096774193548387,20,11,9,354.43611751390443,0.45295636756090035,0.2081696644663289,0.18788518630646375,127399.61848932522,-368.99476997817806,127030.62371934704,887,0,209.53191489361703,40,7,14,38.666238843030676,0.5869791666666666,47.611788617886184,1009.552845528456,25.2388211382114,0
3013,4,0,0,47,0.0,0.0,1.0,47,1300,900,400,0.6923076923076923,17,9,8,349.6750939182154,0.45278291705211227,0.20436747020185053,0.1861874723428487,127579.22620670598,-477.7444188313476,127101.48178787463,888,1,210.53191489361703,40,7,14,38.602337122355245,0.5888020833333334,47.43394308943091,1010.2642276422789,25.256605691056972,0
3014,4,1,1,47,0.020833333333333332,0.020833333333333332,0.9791666666666666,48,1550,1400,150,0.9032258064516129,17,14,3,343.0934256055365,0.4539745862884161,0.20651960784313728,0.18457557706626943,127993.9058956915,-817.2264739229133,127176.67942176858,889,0,207.125,41,7,16,38.34436274509804,0.5914634146341464,47.02380952380952,1011.904761904761,24.68060394889661,0
3015,4,2,0,49,0.04081632653061224,0.0,1.0,49,1300,800,500,0.6153846153846154,18,8,10,345.88542177034793,0.4548079648526077,0.2415763659643051,0.18859260865707841,128530.68300118987,-908.4449457454892,127622.23805544438,890,0,203.73469387755102,40,9,16,37.72549609140107,0.5984375,46.493902439024396,1014.0243902439033,25.350609756097583,0
3016,4,0,2,47,0.0,0.04081632653061224,0.9591836734693877,49,1400,1000,400,0.7142857142857143,18,10,8,343.4068909834286,0.4545599489795918,0.23181040421778243,0.18784827357192152,128659.52934967613,-963.486206127304,127696.04314354883,891,1,204.73469387755102,40,9,16,37.656933453537675,0.5997395833333333,46.36686991869919,1014.5325203252033,25.363313008130085,0
3017,4,0,2,45,0.0,0.0425531914893617,0.9574468085106383,47,950,700,250,0.7368421052631579,12,7,5,358.22594202210837,0.45141458526056116,0.2358703623547569,0.19475584595780737,128415.10662073549,-199.67549218351883,128215.43112855197,892,2,214.12765957446808,38,9,16,37.530743824883174,0.6006030701754386,46.607905982905976,1013.568376068375,26.672852001799342,0
3018,4,0,1,44,0.0,0.022222222222222223,0.9777777777777777,45,1300,900,400,0.6923076923076923,17,9,8,350.78243038384187,0.4513257575757576,0.2488113805000236,0.18045721965698291,126177.97592957848,-145.39673734385514,126032.57919223463,893,3,217.95555555555555,38,7,19,40.01400113426911,0.5778508771929824,48.824786324786324,1004.7008547008545,26.439496176338277,8
3019,4,3,0,47,0.06382978723404255,0.0,1.0,47,1100,700,400,0.6363636363636364,15,7,8,345.1628927247492,0.4562711995066297,0.2843672041407743,0.18124249512635193,127015.17083292021,-631.8152430762133,126383.355589844,894,0,208.6595744680851,40,7,19,39.29453573948986,0.5830729166666666,47.99288617886179,1008.0284552845528,25.20071138211382,0
3020,4,1,1,47,0.020833333333333332,0.020833333333333332,0.9791666666666666,48,1450,1000,450,0.6896551724137931,19,10,9,338.671029358925,0.45755762411347517,0.2873729755477934,0.1792395078069335,127334.5172789283,-975.0278790762377,126359.48939985206,895,0,205.29166666666666,38,10,17,39.13080872234571,0.5896381578947368,47.67628205128205,1009.2948717948715,26.560391363022934,0
3021,4,1,0,48,0.020833333333333332,0.0,1.0,48,1500,1100,400,0.7333333333333333,19,11,8,340.07915317450255,0.4592290927895981,0.28620009051594053,0.18130868740021885,127630.56593504209,-919.1010435256667,126711.46489151643,896,0,205.60416666666666,40,8,19,38.79215696134635,0.5893229166666667,47.38313008130082,1010.4674796747977,25.261686991869944,0
3022,4,0,2,46,0.0,0.041666666666666664,0.9583333333333334,48,1400,800,600,0.5714285714285714,20,8,12,334.31948262044256,0.45951536643026003,0.27956205602466166,0.17880700070474007,127758.9604402143,-1057.5380891003883,126701.42235111391,897,1,206.60416666666666,40,8,19,38.80637649108701,0.590625,47.25609756097562,1010.9756097560987,25.274390243902467,0
3023,4,1,0,47,0.02127659574468085,0.0,1.0,47,1300,900,400,0.6923076923076923,17,9,8,338.1654466468959,0.46031837804502,0.27744540700577214,0.182129461176344,128039.08420138911,-740.3211805555329,127298.76302083358,898,0,209.4255319148936,39,8,21,38.42287635515301,0.5950854700854701,46.97916666666668,1012.0833333333352,25.950854700854748,0
3024,4,0,1,46,0.0,0.02127659574468085,0.9787234042553191,47,1000,500,500,0.5,15,5,10,340.9033175837016,0.45966312056737585,0.28351282724805205,0.18408779149519902,128144.53125000012,-663.0208333333201,127481.5104166668,899,1,210.4255319148936,39,8,21,38.24588477366257,0.5961538461538461,46.87500000000001,1012.5000000000009,25.961538461538485,0
3025,4,2,2,46,0.041666666666666664,0.041666666666666664,0.9583333333333334,48,1650,1200,450,0.7272727272727273,21,12,9,328.4145439561861,0.46234116430260047,0.2837051966724864,0.17934786396530505,128593.16541883702,-1153.626844618033,127439.53857421898,900,0,206.375,39,9,16,38.10475933723598,0.6006944444444444,46.43229166666668,1014.2708333333351,26.00694444444449,0
3026,4,1,1,46,0.02127659574468085,0.02127659574468085,0.9787234042553191,47,1000,800,200,0.8,12,8,4,332.09750161144734,0.46053037311131667,0.2863100931117051,0.18203082330104658,128740.17373666806,-849.1419890057779,127891.03174766229,901,0,209.7659574468085,38,9,18,37.86166087658349,0.6038925438596492,46.28739316239316,1014.8504273504268,26.706590193432284,0
3027,4,0,0,46,0.0,0.0,1.0,46,1350,1100,250,0.8148148148148148,16,11,5,332.2408732522903,0.4597725442834138,0.27001578116780633,0.1828575275195726,128902.86138733651,-634.6401535904804,128268.22123374604,902,1,210.8913043478261,38,8,19,37.692442574083806,0.6055372807017544,46.12713675213675,1015.4914529914527,26.723459289248755,0
3028,4,0,0,46,0.0,0.0,1.0,46,1150,700,450,0.6086956521739131,16,7,9,331.288673657594,0.459530998389694,0.26555804755811074,0.1826114107877443,128963.21750217001,-655.1893446180654,128308.02815755195,903,2,211.8913043478261,39,7,19,37.655219122825024,0.6044337606837606,46.06770833333333,1015.7291666666656,26.04433760683758,0
3029,4,0,2,44,0.0,0.043478260869565216,0.9565217391304348,46,1500,1300,200,0.8666666666666667,17,13,4,331.2291835505481,0.458756038647343,0.2612884824500419,0.18319001784122152,129095.5078125,-647.960069444445,128447.54774305556,904,3,212.8913043478261,39,7,19,37.522208555418885,0.6057692307692308,45.9375,1016.25,26.057692307692307,0
3030,4,0,1,43,0.0,0.022727272727272728,0.9772727272727273,44,1000,700,300,0.7,13,7,6,345.138191924053,0.4569789464411558,0.25910429776409205,0.19008595900521683,128929.985983271,99.73244941191172,129029.71843268292,905,4,222.0,38,6,19,37.33738340697104,0.6058114035087719,46.10042735042734,1015.5982905982887,26.726270805218125,0
3031,4,0,0,43,0.0,0.0,1.0,43,1650,1200,450,0.7272727272727273,21,12,9,347.71957554547913,0.45542635658914726,0.2602983935359793,0.19147316936398462,128922.84765504742,365.79957294549274,129288.64722799291,906,5,227.90697674418604,37,6,21,37.27911538184697,0.607545045045045,46.10745614035086,1015.5701754385941,27.44784257942146,0
3032,4,1,0,44,0.022727272727272728,0.0,1.0,44,1200,700,500,0.5833333333333334,17,7,10,340.73697984692365,0.45629624735729385,0.2633897110641299,0.18922847035779314,129258.63997443371,9.240867308480858,129267.8808417422,907,0,223.70454545454547,36,8,22,37.114710225175344,0.6128472222222222,45.77702702702702,1016.8918918918905,28.24699699699696,0
3033,4,0,1,43,0.0,0.022727272727272728,0.9772727272727273,44,950,800,150,0.8421052631578947,11,8,3,341.640612911137,0.4561971458773784,0.25679529610590723,0.19069834582322073,129459.11864144547,45.69852791980213,129504.81716936527,908,1,224.70454545454547,36,8,15,36.88793294234811,0.6148726851851851,45.57995495495495,1017.68018018018,28.26889389389389,0
3034,4,0,1,42,0.0,0.023255813953488372,0.9767441860465116,43,900,400,500,0.4444444444444444,14,4,10,346.6880427731591,0.45429586563307495,0.25139963099435914,0.1942777961986146,129613.56122470829,387.0943715706161,130000.6555962789,909,2,229.04651162790697,35,8,16,36.60254224444949,0.618452380952381,45.428240740740726,1018.2870370370354,29.093915343915295,0
3035,4,0,0,42,0.0,0.0,1.0,42,1150,600,550,0.5217391304347826,17,6,11,356.5334477674964,0.451945412311266,0.2600053473255026,0.1990858553209878,129473.85381235811,832.3518990929547,130306.20571145107,910,9,235.45238095238096,34,8,17,36.49403438998714,0.6191789215686274,45.56547619047618,1017.7380952380938,29.9334733893557,0
3036,4,1,0,43,0.023255813953488372,0.0,1.0,43,1000,700,300,0.7,13,7,6,347.6609909771342,0.45212716869693614,0.26536191117626173,0.1958512492356789,129819.89354263098,426.6625675154136,130246.55611014638,911,0,230.95348837209303,35,8,19,36.36818568994891,0.6205357142857143,45.225694444444436,1019.0972222222206,29.117063492063444,0
3037,4,0,0,43,0.0,0.0,1.0,43,850,500,350,0.5882352941176471,12,5,7,350.69167350588356,0.4521040974529347,0.2667687353166328,0.1983051119118635,129967.3742391118,515.6951946159139,130483.06943372771,912,1,231.95348837209303,35,8,19,36.141222096102915,0.6220238095238095,45.08101851851852,1019.675925925926,29.133597883597886,0
3038,4,0,1,42,0.0,0.023255813953488372,0.9767441860465116,43,1300,1000,300,0.7692307692307693,16,10,6,353.0044367442796,0.45125046142488,0.27092390157430457,0.20052107695474025,130144.46159122081,588.3144718792817,130732.77606310009,913,2,232.95348837209303,35,8,20,35.9025257108288,0.6238095238095238,44.907407407407405,1020.37037037037,29.15343915343914,0
3039,4,1,1,42,0.023255813953488372,0.023255813953488372,0.9767441860465116,43,1900,1600,300,0.8421052631578947,22,16,6,353.0138565437013,0.4498892580287929,0.2726453244176279,0.2016219648100524,130356.43029423783,603.6324040403558,130960.06269827818,914,0,233.62790697674419,33,10,22,35.68730249209969,0.6303661616161615,44.69975490196079,1021.2009803921571,30.945484254307793,0
3040,4,1,1,42,0.023255813953488372,0.023255813953488372,0.9767441860465116,43,1350,1100,250,0.8148148148148148,16,11,5,354.5664015771202,0.4485280546327058,0.28335323439661875,0.2042502228803411,130688.28124999999,667.5347222222224,131355.81597222222,915,0,234.2325581395349,34,9,17,35.31139635968487,0.6314338235294117,44.375,1022.4999999999999,30.073529411764703,0
3041,4,0,1,41,0.0,0.023809523809523808,0.9761904761904762,42,1900,1400,500,0.7368421052631579,24,14,10,364.17278500968405,0.4480618466898955,0.28449299182760357,0.20985205235640936,130700.81218762032,1119.5357554786845,131820.347943099,916,1,240.78571428571428,33,9,17,35.053131991051465,0.6338383838383839,44.36274509803923,1022.5490196078446,30.98633392751044,0
3042,4,1,0,42,0.023809523809523808,0.0,1.0,42,1500,1200,300,0.8,18,12,6,360.8216445736263,0.4482917150600077,0.284323116219668,0.2092765538527034,130951.5570934257,1050.031237985403,132001.5883314111,917,0,239.85714285714286,33,9,19,34.8848579182631,0.6363636363636364,44.117647058823536,1023.5294117647067,31.016042780748688,0
3043,4,0,0,42,0.0,0.0,1.0,42,900,600,300,0.6666666666666666,12,6,6,360.76500123130756,0.44725125822686795,0.2877337799577304,0.21044205480059333,131171.15600069694,1064.3924512207036,132235.54845191765,918,1,240.85714285714286,33,9,20,34.66410954260877,0.6385732323232323,43.903186274509814,1024.3872549019616,31.04203802733217,0
3044,4,0,0,42,0.0,0.0,1.0,42,1750,1100,650,0.6285714285714286,24,11,13,340.08436324932717,0.4467673248161053,0.1991767078042479,0.19216184450694793,129937.87140185588,601.6479367614418,130539.51933861732,919,2,241.85714285714286,35,7,16,36.44154179437695,0.6217261904761905,45.10995370370369,1019.5601851851832,29.130291005290946,7
3045,4,0,0,42,0.0,0.0,1.0,42,1400,1100,300,0.7857142857142857,17,11,6,340.6912934360528,0.44623499806426636,0.2040110213696793,0.19283127208480536,130004.05811216582,458.25014203387855,130462.3082541997,920,3,242.85714285714286,36,6,16,36.35895170789163,0.6203703703703703,45.04504504504502,1019.8198198198165,28.328328328328237,0
3046,4,0,0,42,0.0,0.0,1.0,42,1050,500,550,0.47619047619047616,16,5,11,341.60902475794376,0.4455332946186605,0.20489123006235,0.19363545345791294,130061.48674011824,486.03552877198746,130547.52226889023,921,4,243.85714285714286,36,6,16,36.277323912563475,0.6209490740740741,44.988738738738725,1020.045045045043,28.33458458458453,0
3047,4,1,1,42,0.023255813953488372,0.023255813953488372,0.9767441860465116,43,1200,800,400,0.6666666666666666,16,8,8,331.5592178505319,0.44608250276854927,0.2111910339992462,0.1904167264069505,130570.58572108718,58.376255193894394,130628.96197628108,922,0,239.1627906976744,37,6,16,36.0184663662697,0.6241554054054055,44.49013157894736,1022.03947368421,27.62268847795162,0
3048,4,0,0,42,0.0,0.0,1.0,42,1400,1100,300,0.7857142857142857,17,11,6,339.07622275934114,0.44596883468834686,0.2216294757603421,0.19506552282695144,130636.47050766961,459.1441948705191,131095.61470254013,923,1,245.73809523809524,36,6,16,35.75975802305941,0.6267361111111112,44.42567567567566,1022.2972972972956,28.3971471471471,0
3049,4,0,1,41,0.0,0.023809523809523808,0.9761904761904762,42,1000,600,400,0.6,14,6,8,338.06327734762993,0.44520663956639567,0.22415347993414514,0.1950629405890197,130751.61944038606,440.46419730538133,131192.08363769145,924,2,246.73809523809524,36,6,16,35.66922667547528,0.6278935185185186,44.31306306306305,1022.7477477477456,28.4096596596596,0
3050,4,0,0,41,0.0,0.0,1.0,41,1700,1200,500,0.7058823529411765,22,12,10,341.21621801680897,0.4444867886178862,0.21679023745993575,0.19747073610832627,130866.81909950473,730.7762154045713,131597.5953149093,925,3,247.70731707317074,36,5,17,35.47215496368038,0.6290509259259259,44.20045045045044,1023.1981981981968,28.422172172172132,0
3051,4,0,0,41,0.0,0.0,1.0,41,1000,500,500,0.5,15,5,10,339.5765780694305,0.4445121951219512,0.21309992565095692,0.19666872944021108,130895.62694028464,689.8178161269099,131585.44475641154,926,4,248.70731707317074,36,5,17,35.484987711382566,0.6293402777777778,44.172297297297284,1023.3108108108089,28.425300300300247,0
3052,4,0,0,41,0.0,0.0,1.0,41,1100,700,400,0.6363636363636364,15,7,8,336.9577029555782,0.44367378048780487,0.2073980431387097,0.19592223102111977,131047.29940943334,631.4793975068902,131678.77880694024,927,5,249.70731707317074,37,4,18,35.3988184479189,0.6289414414414414,44.02412280701753,1023.9035087719272,27.67306780464668,0
3053,4,0,0,41,0.0,0.0,1.0,41,1350,1000,350,0.7407407407407407,17,10,7,341.64203171190513,0.4437245934959349,0.13814474210315852,0.18945603576751124,129201.38888888908,650.3553978147313,129851.7442867038,928,6,250.70731707317074,37,4,19,37.14993169398907,0.6103603603603603,45.83333333333334,1016.6666666666682,27.47747747747752,8
3054,4,0,1,40,0.0,0.024390243902439025,0.975609756097561,41,1250,800,450,0.64,17,8,9,343.3066615673694,0.44367378048780487,0.05462200811743756,0.18684682995341367,128458.27880245123,641.8179581608807,129100.09676061211,929,7,251.70731707317074,36,5,13,37.864733762867516,0.6047453703703703,46.565315315315324,1013.7387387387398,28.159409409409438,8
3055,4,3,0,43,0.06976744186046512,0.0,1.0,43,1450,1000,450,0.6896551724137931,19,10,9,323.2585863331468,0.4486895533407161,0.071910208770805,0.17890153300354608,129121.97401258697,-252.042643229148,128869.93136935783,930,0,240.02325581395348,39,4,16,37.697828055071575,0.6060363247863247,45.91145833333334,1016.354166666668,26.060363247863283,0
3056,4,0,1,42,0.0,0.023255813953488372,0.9767441860465116,43,1250,900,350,0.72,16,9,7,319.1346412254769,0.44836655592469543,0.07567670606176158,0.1769746646795829,129201.38888888905,-353.472222222204,128847.91666666685,931,1,241.02325581395348,39,4,16,37.72199453551914,0.6068376068376069,45.83333333333334,1016.666666666668,26.068376068376104,0
3057,4,2,1,43,0.045454545454545456,0.022727272727272728,0.9772727272727273,44,1100,800,300,0.7272727272727273,14,8,6,335.51191800677583,0.45295983086680763,0.1072217367506263,0.17995984859887537,127874.24123612038,-201.9725007304981,127672.26873538988,932,0,235.6590909090909,38,6,19,38.658409915143835,0.5951206140350878,47.142094017094024,1011.431623931625,26.616621682411186,8
3058,4,1,0,44,0.022727272727272728,0.0,1.0,44,850,600,250,0.7058823529411765,11,6,5,332.4357736794865,0.4525634249471459,0.11588103254769955,0.1795153177869229,128144.53125000012,-280.0347222222068,127864.49652777791,933,0,236.5909090909091,38,6,21,38.46021947873801,0.5978618421052632,46.87500000000001,1012.5000000000009,26.64473684210529,0
3059,4,1,2,43,0.022222222222222223,0.044444444444444446,0.9555555555555556,45,650,500,150,0.7692307692307693,8,5,3,326.6779281695633,0.45359848484848486,0.12639873916469702,0.17745670369411978,128381.9458007815,-612.0903862846932,127769.85541449681,934,0,232.3111111111111,39,6,16,38.36393342926648,0.5985576923076923,46.640625000000014,1013.4375000000019,25.985576923076973,0
3060,4,1,1,43,0.022727272727272728,0.022727272727272728,0.9772727272727273,44,650,500,150,0.7692307692307693,8,5,3,323.7775594618182,0.45287174066243835,0.13510360276274014,0.17716817017742215,128672.41753472244,-467.75173611108687,128204.66579861136,935,0,235.0681818181818,39,5,17,38.1416837782341,0.6014957264957265,46.35416666666668,1014.5833333333351,26.01495726495731,0
3061,4,0,0,43,0.0,0.0,1.0,43,1150,600,550,0.5217391304347826,17,6,11,334.29054519174656,0.4513658176448874,0.1464249511525073,0.18310793530745129,128713.06911571318,5.512409598928855,128718.58152531211,936,1,241.48837209302326,38,5,17,37.83362286797222,0.6036184210526316,46.314102564102555,1014.7435897435884,26.70377867746285,0
3062,4,0,0,43,0.0,0.0,1.0,43,1550,900,650,0.5806451612903226,22,9,13,337.15403869590637,0.45168881506090813,0.15089493421004319,0.18581585193518724,128957.11343277436,95.68232248519263,129052.79575525956,937,2,242.48837209302326,38,5,18,37.51249079625536,0.6060855263157895,46.07371794871794,1015.7051282051273,26.72908232118756,0
3063,4,0,0,43,0.0,0.0,1.0,43,1150,900,250,0.782608695652174,14,9,5,337.44579499064554,0.45134274640088595,0.150420687918273,0.18648733039837473,129065.65176647308,110.53229326466328,129176.18405973774,938,3,243.48837209302326,38,5,18,37.39463954018154,0.6071820175438596,45.96688034188034,1016.1324786324786,26.740328385065226,0
3064,4,3,1,45,0.06521739130434782,0.021739130434782608,0.9782608695652174,46,1300,800,500,0.6153846153846154,18,8,10,321.65586145618596,0.4539553140096619,0.17062462227594266,0.18128346477461552,129837.58680555565,-847.2531549053931,128990.33365065025,939,0,228.54347826086956,39,7,15,37.0128100299809,0.6132478632478633,45.208333333333336,1019.1666666666674,26.13247863247865,0
3065,4,1,1,45,0.021739130434782608,0.021739130434782608,0.9782608695652174,46,1050,700,350,0.6666666666666666,14,7,7,320.0092650460485,0.45278784219001605,0.1750455211617883,0.18109194825438263,129996.88042534742,-879.958767361092,129116.92165798633,940,0,229.52173913043478,39,7,17,36.89351378958119,0.6148504273504274,45.05208333333334,1019.7916666666682,26.14850427350431,0
3066,4,0,0,45,0.0,0.0,1.0,45,1150,800,350,0.6956521739130435,15,8,7,326.5671287187522,0.45252525252525255,0.17220708446866473,0.18438482498427994,129908.3719135802,-515.2391975308709,129393.13271604932,941,1,235.51111111111112,38,7,17,36.815962761126244,0.6156798245614035,45.138888888888886,1019.444444444444,26.827485380116947,0
3067,4,0,1,44,0.0,0.022222222222222223,0.9777777777777777,45,1850,1300,550,0.7027027027027027,24,13,11,331.0276835664227,0.45149410774410775,0.18201479000976706,0.18874108258715624,130289.85407991837,-374.0902823434675,129915.7637975749,942,2,236.51111111111112,38,7,19,36.315970768801456,0.6195175438596492,44.764957264957275,1020.9401709401724,26.866846603688746,0
3068,4,1,1,44,0.022222222222222223,0.022222222222222223,0.9777777777777777,45,1050,900,150,0.8571428571428571,12,9,3,324.30693341210366,0.45212542087542085,0.17271766277516365,0.1860825325786907,130535.3879597671,-533.2937258017294,130002.09423396537,943,0,232.57777777777778,38,7,16,36.239327408956264,0.621984649122807,44.524572649572654,1021.9017094017105,26.892150247413433,0
3069,4,0,1,43,0.0,0.022727272727272728,0.9772727272727273,44,1600,1300,300,0.8125,19,13,6,306.7912868505616,0.4510108350951374,0.10663619517125844,0.1706745015777975,129327.49438027525,-767.0269308619208,128560.46744941334,944,4,238.86363636363637,41,3,17,37.907909067264875,0.6049288617886179,45.7093253968254,1017.1626984126983,24.80884630274874,8
3070,4,1,1,43,0.022727272727272728,0.022727272727272728,0.9772727272727273,44,1900,1500,400,0.7894736842105263,23,15,8,305.0805448411496,0.4498436398872445,0.10765383347003676,0.17074028826586163,129562.67329724817,-894.5898078799239,128668.08348936825,945,0,239.5681818181818,43,1,15,37.71325535609092,0.6044089147286822,45.4782196969697,1018.0871212121222,23.67644467935168,0
3071,4,1,0,44,0.022727272727272728,0.0,1.0,44,950,600,350,0.631578947368421,13,6,7,305.5775109672508,0.44959038054968287,0.11912065439672825,0.1717556354746963,129731.44531250015,-871.3975694444298,128860.04774305572,946,0,240.54545454545453,43,1,16,37.52982276755283,0.6061046511627908,45.31250000000001,1018.7500000000011,23.691860465116307,0
3072,4,0,1,43,0.0,0.022727272727272728,0.9772727272727273,44,950,700,250,0.7368421052631579,12,7,5,303.5407055757694,0.44937015503875966,0.11969302765623158,0.17103167923593884,129827.93578541106,-918.3873536501221,128909.54843176094,947,1,241.54545454545453,43,1,16,37.4841262466704,0.6070736434108528,45.21780303030304,1019.1287878787889,23.70066948555323,0
3073,4,0,0,43,0.0,0.0,1.0,43,1100,800,300,0.7272727272727273,14,8,6,310.8955256715719,0.4473975636766334,0.12208329911877724,0.17517579305117575,129827.93578541094,-527.4151314279151,129300.52065398303,948,2,247.7674418604651,43,0,16,37.29673852443784,0.6070736434108528,45.21780303030303,1019.128787878788,23.70066948555321,0
3074,4,0,0,43,0.0,0.0,1.0,43,1750,1300,450,0.7428571428571429,22,13,9,313.7428848409837,0.4469822812846069,0.12146766953674115,0.17721699360955032,129924.46212838605,-447.4248880854109,129477.03724030063,949,3,248.7674418604651,43,0,18,37.12652486222058,0.6080426356589148,45.123106060606055,1019.5075757575751,23.709478505990116,0
3075,4,0,0,43,0.0,0.0,1.0,43,1500,1200,300,0.8,18,12,6,311.3804937592715,0.44631321520856404,0.11396946136478414,0.17675518649959904,130117.62242452933,-496.7820965335244,129620.8403279958,950,4,249.7674418604651,43,0,18,36.99144545510795,0.6099806201550387,44.93371212121212,1020.265151515151,23.72709654686398,0
3076,4,1,1,43,0.022727272727272728,0.022727272727272728,0.9772727272727273,44,1250,900,350,0.72,16,9,7,305.55476486420673,0.44717891120507397,0.11615852527725234,0.17457219782801178,130368.9453125,-832.6259756657485,129536.31933683425,951,0,245.0681818181818,39,5,19,36.88630490956071,0.6185897435897436,44.6875,1021.25,26.185897435897434,0
3077,4,0,1,42,0.0,0.023255813953488372,0.9767441860465116,43,1150,400,750,0.34782608695652173,19,4,15,306.5928118282772,0.4442137320044297,0.11696683093881743,0.17540543248471935,130422.140842014,-602.701822916656,129819.43901909735,952,1,251.32558139534885,39,4,19,36.806122102114344,0.6191239316239316,44.63541666666667,1021.4583333333343,26.19123931623934,0
3078,4,0,0,42,0.0,0.0,1.0,42,1100,800,300,0.7272727272727273,14,8,6,312.255864170122,0.444008904374758,0.11744526504391928,0.17876784938215923,130448.74267578138,-253.32302517359545,130195.41965060779,953,2,257.0952380952381,39,3,19,36.63465296896775,0.6193910256410257,44.60937500000001,1021.562500000001,26.193910256410284,0
3079,4,0,1,41,0.0,0.023809523809523808,0.9761904761904762,42,1800,1500,300,0.8333333333333334,21,15,6,315.1477703367126,0.4433192992644212,0.11613573272766109,0.18104390647212099,130581.7925347223,-169.48784722221177,130412.30468750009,954,3,258.0952380952381,39,3,16,36.426484576708795,0.6207264957264957,44.47916666666667,1022.083333333334,26.207264957264975,0
3080,4,0,0,41,0.0,0.0,1.0,41,1400,1100,300,0.7857142857142857,17,11,6,315.3794052149684,0.44275914634146346,0.12329822503442056,0.18142634717348788,130635.03146701411,39.91970486113226,130674.95117187525,955,4,263.2682926829268,39,2,16,36.36683988859452,0.6212606837606838,44.42708333333334,1022.2916666666684,26.212606837606884,0
3081,4,1,1,41,0.023809523809523808,0.023809523809523808,0.9761904761904762,42,1500,1200,300,0.8,18,12,6,312.7028681814996,0.4435249709639954,0.12582264836037682,0.1814253046269625,130963.79469892281,-209.44915394273622,130754.34554498007,956,0,257.9761904761905,40,2,18,36.10380262112787,0.6229166666666667,44.10569105691058,1023.5772357723595,25.589430894308986,0
3082,4,0,0,41,0.0,0.0,1.0,41,1650,1400,250,0.8484848484848485,19,14,5,322.626046658919,0.44192073170731705,0.13254596432027443,0.1876576354235013,131061.33355034713,256.7599826388836,131318.093532986,957,1,264.7317073170732,39,2,19,35.751525940996956,0.625534188034188,44.010416666666664,1023.9583333333326,26.25534188034186,0
3083,4,0,1,40,0.0,0.024390243902439025,0.975609756097561,41,1200,900,300,0.75,15,9,6,324.4620517219114,0.4417936991869919,0.1316076070068104,0.1890132114019319,131119.87428944412,308.68468669442746,131428.55897613856,958,2,265.7317073170732,40,1,19,35.64550671429515,0.6244791666666667,43.953252032520325,1024.1869918699188,25.604674796747968,0
3084,4,0,0,40,0.0,0.0,1.0,40,900,600,300,0.6666666666666666,12,6,6,327.23477147202436,0.439596688034188,0.12951116625310188,0.19024179587886011,131041.8228753553,576.288192378878,131618.11106773416,959,3,273.075,40,0,19,35.65322580645162,0.6236979166666667,44.02947154471545,1023.8821138211383,25.59705284552846,0
3085,4,0,0,40,0.0,0.0,1.0,40,1150,900,250,0.782608695652174,14,9,5,330.07408982111343,0.4393162393162393,0.1317857142857144,0.19254321906231647,131171.9214753125,659.2905182100817,131831.2119935226,960,4,274.075,40,0,19,35.44932208994709,0.625,43.902439024390254,1024.3902439024405,25.60975609756101,0
3086,4,1,0,41,0.024390243902439025,0.0,1.0,41,1400,1000,400,0.7142857142857143,18,10,8,323.75288337248116,0.43978658536585363,0.13129924611049382,0.19030642544350554,131465.04635336762,312.71641579381287,131777.76276916143,961,0,268.3658536585366,38,3,21,35.31596173212486,0.6313048245614035,43.61645299145299,1025.5341880341878,26.987741790373363,0
3087,4,0,0,41,0.0,0.0,1.0,41,800,600,200,0.75,10,6,4,323.73754098363503,0.4392530487804878,0.1281579829542565,0.19098128646233592,131602.03904594918,320.9041018335738,131922.94314778276,962,1,269.3658536585366,38,3,17,35.17848465916979,0.6326754385964912,43.482905982905976,1026.068376068375,27.001799370220397,0
3088,4,0,1,40,0.0,0.024390243902439025,0.975609756097561,41,1150,800,350,0.6956521739130435,15,8,7,324.08568797024844,0.43894817073170733,0.12647282088517753,0.1915994587280107,131684.26890432087,335.3973765431972,132019.66628086407,963,2,270.3658536585366,38,3,18,35.08682904826342,0.6334978070175439,43.40277777777777,1026.388888888888,27.01023391812863,0
3089,4,0,0,40,0.0,0.0,1.0,40,1550,1200,350,0.7741935483870968,19,12,7,332.9016554345468,0.436605235042735,0.12281836631151699,0.19704179064909666,131728.82080078125,770.5485026041672,132499.3693033854,964,8,278.075,39,1,18,34.81576610857432,0.6322115384615384,43.359375,1026.5625,26.322115384615383,0
3090,4,0,0,40,0.0,0.0,1.0,40,1100,700,400,0.6363636363636364,15,7,8,332.7270544004998,0.4363915598290598,0.12645074566298065,0.19721530819156521,131782.29302300356,769.5068359375109,132551.79985894106,965,9,279.075,39,1,18,34.76643079368299,0.6327457264957265,43.30729166666667,1026.7708333333342,26.327457264957285,0
3091,4,0,0,40,0.0,0.0,1.0,40,1100,600,500,0.5454545454545454,16,6,10,333.83569677415534,0.4362847222222222,0.12805304797646788,0.19815088106540626,131835.77609592024,802.2976345486172,132638.07373046887,966,10,280.075,39,1,19,34.684150691415624,0.6332799145299146,43.255208333333336,1026.9791666666674,26.332799145299166,0
3092,4,0,0,40,0.0,0.0,1.0,40,1200,800,400,0.6666666666666666,16,8,8,337.5954209430751,0.43556356837606836,0.11560504712678643,0.2015156695974182,132049.81689453125,915.8827039930562,132965.6995985243,967,11,281.075,39,1,19,34.37225516029865,0.6354166666666667,43.046875,1027.8125,26.354166666666668,0
3093,4,0,1,39,0.0,0.025,0.975,40,1350,1000,350,0.7407407407407407,17,10,7,336.88856700864244,0.43532318376068374,0.11558668558111296,0.20137815068493578,132103.35422092004,900.8219401041624,133004.1761610242,968,12,282.075,39,1,19,34.33658003174926,0.6359508547008548,42.994791666666664,1028.0208333333326,26.359508547008527,0
3094,4,0,1,38,0.0,0.02564102564102564,0.9743589743589743,39,1450,900,550,0.6206896551724138,20,9,11,336.42950100032994,0.43302968960863697,0.014614732171984057,0.1950100204913419,130928.03955078141,1009.6110026041815,131937.65055338558,969,18,290.0,39,0,19,35.53276081424936,0.624198717948718,44.14062500000001,1023.4375000000013,26.24198717948721,7
3095,4,0,0,38,0.0,0.0,1.0,38,900,600,300,0.6666666666666666,12,6,6,345.44091222510576,0.4308469653864391,0.004311626523936907,0.19142388671921637,129172.76810171679,1349.4040004426117,130522.1721021594,970,19,297.60526315789474,36,2,17,37.082502492522444,0.6119791666666667,45.8614864864865,1016.5540540540558,28.23761261261266,8
3096,4,0,0,38,0.0,0.0,1.0,38,1100,700,400,0.6363636363636364,15,7,8,346.2515297373481,0.4303579895685159,0.012852454303715621,0.19258597742606456,129319.08543381358,1355.3894015386952,130674.47483535227,971,20,298.60526315789474,35,3,18,36.91302533758155,0.6154761904761905,45.7175925925926,1017.1296296296308,29.060846560846596,0
3097,4,0,0,38,0.0,0.0,1.0,38,1100,900,200,0.8181818181818182,13,9,4,343.0105330405122,0.4301653627311522,0.006917542888766004,0.19118446428260516,129401.8231702988,1277.2376684116687,130679.06083871047,972,21,299.60526315789474,36,2,19,36.911317100166016,0.6142939814814814,45.63626126126127,1017.454954954956,28.262637637637667,0
3098,4,0,0,38,0.0,0.0,1.0,38,1100,700,400,0.6363636363636364,15,7,8,343.7061927323985,0.42975047415836887,0.004558686539357426,0.19227128603347082,129545.085626167,1305.0896335525053,130850.1752597195,973,22,300.60526315789474,36,2,14,36.7480180678466,0.6157407407407407,45.49549549549551,1018.0180180180204,28.278278278278343,0
3099,4,0,0,38,0.0,0.0,1.0,38,1050,800,250,0.7619047619047619,13,8,5,345.171874183532,0.42911332385016593,-0.005548281981903269,0.1937976165108662,129688.42734203833,1352.9595051132596,131041.38684715159,974,23,301.60526315789474,36,2,14,36.56509121061359,0.6171875,45.35472972972975,1018.5810810810838,28.293918918918994,0
3100,4,0,1,37,0.0,0.02631578947368421,0.9736842105263158,38,1350,1100,250,0.8148148148148148,16,11,5,345.0908864753337,0.428505808440019,-0.0033723283019746475,0.19474829827772608,129889.23890106342,1364.7185191948888,131253.95742025832,975,24,302.60526315789474,36,2,14,36.36328067462071,0.619212962962963,45.157657657657666,1019.3693693693709,28.31581581581586,0
3101,4,1,0,38,0.02631578947368421,0.0,1.0,38,1100,800,300,0.7272727272727273,14,8,6,343.9449925533257,0.4300171882408725,0.01492138383051933,0.19495955835719816,130061.48674011862,1346.7994176609216,131408.28615777954,976,0,301.07894736842104,36,2,17,36.21775410318688,0.6209490740740741,44.988738738738746,1020.045045045046,28.33458458458461,0
3102,4,1,1,38,0.02564102564102564,0.02564102564102564,0.9743589743589743,39,900,400,500,0.4444444444444444,14,4,10,336.15528779244016,0.43089293747188484,0.02249405986118136,0.1919444632256894,130346.5504410011,963.3364352493104,131309.8868762504,977,0,294.3333333333333,37,2,18,36.12770231575932,0.6219031531531531,44.709429824561404,1021.1622807017545,27.598980559506877,0
3103,4,0,0,38,0.0,0.0,1.0,38,550,400,150,0.7272727272727273,7,4,3,336.669709681772,0.42801683262209583,0.04134509371554529,0.19253431694915948,130406.32482144298,1180.7719036604037,131587.0967251034,978,1,302.07894736842104,36,2,18,36.05407019478131,0.6244212962962963,44.65090090090089,1021.3963963963956,28.3721221221221,0
3104,4,1,0,39,0.02564102564102564,0.0,1.0,39,1100,500,600,0.45454545454545453,17,5,12,331.4803896302883,0.4299651372019793,0.04941265089222657,0.19120084069769308,130738.73842191815,867.4655903739488,131606.20401229212,979,0,295.3076923076923,37,2,17,35.850554840784845,0.6258445945945945,44.325657894736835,1022.6973684210516,27.640469416785177,0
3105,4,0,0,39,0.0,0.0,1.0,39,1200,1000,200,0.8333333333333334,14,10,4,333.98715277860737,0.4295715249662618,0.050743512809522606,0.1933478976259279,130878.94833025518,942.3774622960597,131821.32579255124,980,1,296.3076923076923,37,2,17,35.644824260608644,0.6272522522522522,44.188596491228054,1023.2456140350855,27.65528686581312,0
3106,4,0,0,39,0.0,0.0,1.0,39,1500,1200,300,0.8,18,12,6,334.99244945828804,0.4289529914529915,0.05435710736064081,0.19492177479694373,131075.36844269367,981.8517476530915,132057.22019034676,981,2,297.3076923076923,37,2,19,35.4207936252989,0.629222972972973,43.99671052631577,1024.0131578947348,27.676031294452294,0
3107,4,0,0,39,0.0,0.0,1.0,39,850,500,350,0.5882352941176471,12,5,7,339.235322963929,0.4285874943769681,0.05724163476972488,0.19825854240762414,131243.8457626382,1104.5096808633073,132348.3554435015,982,3,298.3076923076923,37,2,19,35.14212145532369,0.6309121621621622,43.832236842105246,1024.6710526315765,27.69381223328585,0
3108,4,0,1,38,0.0,0.02564102564102564,0.9743589743589743,39,800,500,300,0.625,11,5,6,339.0838786436643,0.42909356725146197,0.050031269543464596,0.19860627177700332,131328.1249999999,1106.277051592783,132434.40205159268,983,4,299.3076923076923,36,3,19,35.06097560975609,0.6336805555555556,43.74999999999999,1024.9999999999993,28.472222222222204,0
3109,4,0,1,37,0.0,0.02631578947368421,0.9736842105263158,38,1150,800,350,0.6956521739130435,15,8,7,345.7474471082062,0.42792792792792794,0.06773664605129537,0.20298055890865438,131417.11576485317,1487.4264564043028,132904.54222125746,984,5,306.57894736842104,35,3,19,34.80041483237387,0.6366071428571429,43.663194444444436,1025.3472222222206,29.295634920634875,0
3110,4,0,0,37,0.0,0.0,1.0,37,700,300,400,0.42857142857142855,11,3,8,349.1353700407779,0.4281156156156156,0.07855139773396536,0.20465201670755578,131357.78523930462,1772.3297914523203,133130.11503075695,985,6,314.64864864864865,35,2,19,34.77346072786121,0.6360119047619048,43.72106481481481,1025.11574074074,29.289021164021143,0
3111,4,0,0,37,0.0,0.0,1.0,37,1200,800,400,0.6666666666666666,16,8,8,349.4886598148272,0.4276463963963964,0.08436337014215112,0.2053361754614964,131446.78605109727,1787.8322187928516,133234.6182698901,986,7,315.64864864864865,35,2,21,34.67456734386758,0.6369047619047619,43.63425925925925,1025.462962962962,29.29894179894177,0
3112,4,0,0,37,0.0,0.0,1.0,37,800,500,300,0.625,11,5,6,348.0265446849436,0.4272084584584585,0.0841369466961881,0.2047949029879127,131506.13667052455,1753.525270061707,133259.66194058626,987,8,316.64864864864865,35,2,21,34.6521665538253,0.6375,43.57638888888888,1025.6944444444432,29.30555555555552,0
3113,4,0,0,37,0.0,0.0,1.0,37,850,600,250,0.7058823529411765,11,6,5,349.09666901748545,0.4267705205205205,0.08753670741710895,0.20558430415295503,131535.817003708,1783.7431144975963,133319.5601182056,988,9,317.64864864864865,35,2,21,34.59478073639474,0.6377976190476191,43.5474537037037,1025.8101851851852,29.308862433862434,0
3114,4,0,0,37,0.0,0.0,1.0,37,700,400,300,0.5714285714285714,10,4,6,345.3996458660259,0.42627002002002,0.08236111619061548,0.20420027063599458,131684.268904321,1696.7399691358037,133381.00887345683,989,10,318.64864864864865,35,2,18,34.53991880920163,0.6392857142857142,43.40277777777778,1026.3888888888891,29.325396825396833,0
3115,4,0,0,37,0.0,0.0,1.0,37,1050,800,250,0.7619047619047619,13,8,5,342.80552346121294,0.42583208208208206,0.084761045987376,0.20330017407405618,131803.0907064472,1636.5655006858726,133439.65620713308,990,11,319.64864864864865,35,2,19,34.48677487225729,0.6404761904761904,43.28703703703704,1026.851851851852,29.338624338624342,0
3116,4,1,0,38,0.02631578947368421,0.0,1.0,38,950,600,350,0.631578947368421,13,6,7,370.5604843132733,0.42863916548127073,0.07988499903977564,0.2123544030031414,130486.5499480609,2070.631829024311,132557.1817770852,991,0,312.2105263157895,37,1,20,35.10722973456393,0.6233108108108107,44.57236842105263,1021.7105263157891,27.613798008534843,8
3117,4,0,1,37,0.0,0.02631578947368421,0.9736842105263158,38,1300,1200,100,0.9230769230769231,14,12,2,371.4407579096462,0.4282983641536273,0.07518756668567206,0.21362999296678795,130626.62459843412,2104.0104888042397,132730.63508723836,992,1,313.2105263157895,37,1,14,34.94259269190888,0.6247184684684685,44.435307017543856,1022.2587719298244,27.628615457562823,0
3118,4,0,0,37,0.0,0.0,1.0,37,850,500,350,0.5882352941176471,12,5,7,378.5197212702708,0.4262074574574575,0.08409731754449123,0.2175949024680338,130607.69120049129,2487.5173737927344,133095.208574284,993,2,322.3243243243243,36,1,15,34.78090228048913,0.6264467592592593,44.45382882882884,1022.1846846846868,28.394019019019076,0
3119,4,0,0,37,0.0,0.0,1.0,37,1100,800,300,0.7272727272727273,14,8,6,379.0289544089627,0.42558183183183185,0.08340601864117692,0.21821204039815947,130665.25298524887,2505.1828433163023,133170.43582856515,994,3,323.3243243243243,36,1,16,34.709448544259644,0.627025462962963,44.39752252252253,1022.4099099099108,28.4002752752753,0
3120,4,0,0,37,0.0,0.0,1.0,37,1300,1100,200,0.8461538461538461,15,11,4,377.3471909190066,0.42520645645645644,0.08001308958931408,0.2182176466899538,130838.01442912505,2474.2714420501566,133312.2858711752,995,4,324.3243243243243,36,1,17,34.57714180884241,0.6287615740740741,44.2286036036036,1023.0855855855854,28.41904404404404,0
3121,4,0,0,37,0.0,0.0,1.0,37,750,500,250,0.6666666666666666,10,5,5,377.3471909190066,0.42520645645645644,0.08001308958931408,0.2182176466899538,130838.01442912505,2474.2714420501566,133312.2858711752,996,5,325.3243243243243,36,1,17,34.57714180884241,0.6287615740740741,44.2286036036036,1023.0855855855854,28.41904404404404,0
3122,4,0,0,37,0.0,0.0,1.0,37,1100,900,200,0.8181818181818182,13,9,4,376.3586479660068,0.42492492492492495,0.08037938929028043,0.21846105427911888,130982.06948502557,2459.246915834755,133441.31640086032,997,6,326.3243243243243,36,1,18,34.45636230289696,0.6302083333333333,44.08783783783784,1023.6486486486486,28.434684684684683,0
3123,4,0,0,37,0.0,0.0,1.0,37,1100,900,200,0.8181818181818182,13,9,4,373.6030518325555,0.42558183183183185,0.08077493527839974,0.21734949138281673,131068.54056336732,2393.521350742621,133462.06191410995,998,7,327.3243243243243,36,1,18,34.43926646871219,0.6310763888888888,44.00337837837837,1023.9864864864858,28.444069069069048,0
3124,4,0,1,36,0.0,0.02702702702702703,0.972972972972973,37,1350,1100,250,0.8148148148148148,16,11,5,334.6035225921522,0.4254567067067067,0.06795200372786603,0.18660581067639267,129424.43828870427,1261.1745921822167,130685.61288088649,999,8,328.3243243243243,37,0,17,37.10219109195401,0.6126126126126126,45.6140350877193,1017.5438596491232,27.50118539592225,8
3125,4,0,0,36,0.0,0.0,1.0,36,950,400,550,0.42105263157894735,15,4,11,338.8174328168366,0.4241402116402116,0.06757803852114264,0.1887100300904627,129373.1801903256,1566.7777574872352,130939.95794781283,1000,9,316.80555555555554,36,0,17,37.04708139620693,0.6140046296296297,45.66441441441442,1017.3423423423434,28.259509509509538,0
3126,4,2,0,38,0.05263157894736842,0.0,1.0,38,1300,900,400,0.6923076923076923,17,9,8,325.7849695205264,0.42917259364627786,0.07760787599497276,0.1847146608659136,130071.79578493677,875.0872050551503,130946.88298999192,1001,0,301.07894736842104,38,0,18,36.67041963412932,0.6173245614035088,44.97863247863248,1020.0854700854698,26.844354475933415,0
3127,4,2,1,39,0.05,0.025,0.975,40,850,600,250,0.7058823529411765,11,6,5,310.1269764430847,0.4310496794871795,0.08877150243611465,0.1781237579719073,130574.00238160131,98.90411213561407,130672.90649373693,1002,0,286.975,40,0,15,36.56263464916644,0.6190104166666667,44.48678861788617,1022.0528455284533,25.551321138211332,0
3128,4,0,0,39,0.0,0.0,1.0,39,1250,1000,250,0.8,15,10,5,318.20699300989963,0.4297121007647324,0.0892861810293002,0.18255032756883718,130528.564453125,507.0203993055557,131035.58485243056,1003,1,295.3333333333333,39,0,15,36.402055725450225,0.6201923076923077,44.53125,1021.875,26.201923076923077,0
3129,4,1,2,38,0.025,0.05,0.95,40,1050,800,250,0.7619047619047619,13,8,5,317.96080266487695,0.43064903846153846,0.11791315136476443,0.18485026467678237,131041.82287535543,333.23263682333726,131375.05551217878,1004,0,288.925,40,0,16,35.89061207609596,0.6236979166666667,44.029471544715456,1023.8821138211393,25.597052845528484,0
3130,4,0,0,38,0.0,0.0,1.0,38,1250,1100,150,0.88,14,11,3,327.5039628550232,0.4274982219061167,0.11236877811897483,0.19005544931035592,130972.46334876538,978.8001543209866,131951.26350308637,1005,1,299.7105263157895,38,0,17,35.71630483943917,0.6263706140350878,44.09722222222222,1023.6111111111107,26.937134502923968,0
3131,4,0,0,38,0.0,0.0,1.0,38,1000,500,500,0.5,15,5,10,326.72646189463984,0.4265647226173542,0.0997628614715762,0.19055068836045072,131163.91354372134,970.9442800789092,132134.85782380024,1006,2,300.7105263157895,38,0,17,35.543126825198165,0.6282894736842105,43.910256410256416,1024.3589743589753,26.956815114709876,0
3132,4,0,0,38,0.0,0.0,1.0,38,1050,800,250,0.7619047619047619,13,8,5,367.08334777512715,0.42588311996206735,0.12494466823071138,0.20300562814168613,129092.79348381881,1877.5629611366426,130970.35644495545,1007,3,301.7105263157895,38,0,20,36.61405768152509,0.6074561403508771,45.94017094017092,1016.2393162393137,26.74313990103457,8
3133,4,1,0,39,0.02564102564102564,0.0,1.0,39,1050,700,350,0.6666666666666666,14,7,7,355.2487354683578,0.4262539361223572,0.12134185251900287,0.19795399109802014,129391.54071015015,1393.28190061359,130784.82261076373,1008,0,294.94871794871796,38,1,21,36.61048689138575,0.6104714912280702,45.6463675213675,1017.4145299145272,26.774066576698083,0
3134,4,0,1,38,0.0,0.02564102564102564,0.9743589743589743,39,1550,1100,450,0.7096774193548387,20,11,9,358.397444716206,0.4263663967611336,0.12458211534424035,0.2001227466803384,129473.07715136219,1480.5640021184652,130953.64115348065,1009,1,295.94871794871796,38,1,18,36.44739834837986,0.6112938596491229,45.566239316239304,1017.735042735041,26.78250112460634,0
3135,4,1,0,39,0.02564102564102564,0.0,1.0,39,550,300,250,0.5454545454545454,8,3,5,358.1319970010945,0.4290654520917679,0.14300237207726196,0.20108542163771675,129690.63321827732,1489.2730933596158,131179.90631163694,1010,0,296.8974358974359,38,1,19,36.232824627648405,0.6134868421052632,45.352564102564095,1018.5897435897425,26.804993252361644,0
3136,4,0,0,39,0.0,0.0,1.0,39,800,600,200,0.75,10,6,4,360.94010407734527,0.42830634278002694,0.1424435717338537,0.20336725651469548,129826.69850107742,1571.9324137993926,131398.63091487682,1011,1,297.8974358974359,38,1,19,36.02294964531571,0.6148574561403508,45.21901709401709,1019.123931623931,26.81905083220871,0
3137,4,1,1,39,0.025,0.025,0.975,40,1400,1000,400,0.7142857142857143,18,10,8,354.4717187910203,0.42891292735042735,0.14538661634193617,0.20238126146234,130342.35161675369,1240.535481770858,131582.88709852454,1012,0,291.425,39,1,20,35.66435869971777,0.6183226495726496,44.71354166666668,1021.1458333333351,26.18322649572654,0
3138,4,0,1,38,0.0,0.02564102564102564,0.9743589743589743,39,1250,800,450,0.64,17,8,9,351.46529473910607,0.4292622582096266,0.15473106688333593,0.20124018852067885,130453.51765103391,1369.9768061947786,131823.4944572287,1013,1,298.05128205128204,38,1,20,35.62844244579236,0.6211622807017544,44.604700854700866,1021.5811965811985,26.883715699505224,0
3139,4,0,1,37,0.0,0.02631578947368421,0.9736842105263158,38,900,600,300,0.6666666666666666,12,6,6,354.86866254734264,0.42893551446183026,0.11774069044788393,0.2067890316191345,131131.51552641194,1709.8151607368852,132841.33068714882,1014,2,303.6578947368421,37,1,20,34.855185918709644,0.6297860360360361,43.94188596491228,1024.2324561403507,27.681958274063533,7
3140,4,0,0,37,0.0,0.0,1.0,37,1400,1100,300,0.7857142857142857,17,11,6,360.81597961998875,0.42623873873873874,0.12796611640542288,0.21040841957615064,131159.5935768697,2064.895448599557,133224.48902546926,1015,5,312.81081081081084,37,0,20,34.67449867979734,0.6300675675675675,43.91447368421052,1024.342105263157,27.68492176386911,0
3141,4,1,0,38,0.02631578947368421,0.0,1.0,38,1000,700,300,0.7,13,7,6,352.13020193733496,0.4294689426268374,0.12212189616252878,0.20688816904275764,131446.78605109724,1657.60128235087,133104.3873334481,1016,0,305.55263157894734,35,3,22,34.606847253574124,0.6369047619047619,43.63425925925925,1025.4629629629617,29.29894179894176,0
3142,4,0,0,38,0.0,0.0,1.0,38,1050,700,350,0.6666666666666666,14,7,7,349.8879125975935,0.4285947131341868,0.1223350253807105,0.2063710143165444,131595.1877170137,1608.7131076388641,133203.90082465258,1017,1,306.55263157894734,35,3,17,34.514593908629436,0.6383928571428572,43.48958333333332,1026.0416666666652,29.315476190476147,0
3143,4,0,1,37,0.0,0.02631578947368421,0.9736842105263158,38,950,900,50,0.9473684210526315,10,9,1,348.060030795396,0.4279427453769559,0.1214371762080817,0.20593358326380026,131713.96933138274,1568.8736443329801,133282.84297571573,1018,2,307.55263157894734,35,3,17,34.441711767579974,0.6395833333333334,43.37384259259259,1026.5046296296287,29.328703703703678,0
3144,4,0,0,37,0.0,0.0,1.0,37,1250,900,350,0.72,16,9,7,342.17445733376104,0.4248310810810811,0.11182709410052638,0.18947648171132075,129144.1504849445,1449.6237205713428,130593.77420551585,1019,9,316.81081081081084,36,1,18,37.19463217372036,0.6116898148148149,45.88963963963965,1016.4414414414423,28.234484484484508,8
3145,4,1,1,37,0.02631578947368421,0.02631578947368421,0.9736842105263158,38,1200,900,300,0.75,15,9,6,336.3951088012191,0.4258534850640114,0.11710584510812572,0.18873184640187554,129659.75265806388,1123.3940021102596,130783.14666017414,1020,0,309.44736842105266,36,2,17,36.81768760135631,0.6168981481481481,45.3828828828829,1018.4684684684718,28.290790790790883,0
3146,4,0,1,36,0.0,0.02702702702702703,0.972972972972973,37,1000,700,300,0.7,13,7,6,346.3776588380407,0.4225788288288288,0.11638300421116599,0.19424965074033929,129643.02722318692,1581.089650848783,131224.1168740357,1021,11,318.81081081081084,35,2,17,36.58050630753494,0.61875,45.399305555555564,1018.4027777777793,29.097222222222268,0
3147,4,0,0,36,0.0,0.0,1.0,36,450,200,250,0.4444444444444444,7,2,5,356.16945494289695,0.42123015873015873,0.12202473755326881,0.19934300907537023,129564.73922902503,2029.4005102040921,131594.1397392291,1022,12,309.02777777777777,34,2,18,36.410829825381995,0.6200980392156863,45.47619047619048,1018.0952380952388,29.943977591036433,0
3148,4,0,0,36,0.0,0.0,1.0,36,950,700,250,0.7368421052631579,12,7,5,354.42688731681307,0.42146164021164023,0.120430987452264,0.1986741542665807,129625.34722222229,1988.541666666676,131613.88888888896,1023,13,310.02777777777777,34,2,18,36.39354882705946,0.6207107843137255,45.41666666666667,1018.3333333333339,29.95098039215688,0
3149,4,1,0,37,0.02702702702702703,0.0,1.0,37,1050,800,250,0.7619047619047619,13,8,5,346.0515872175413,0.42511261261261263,0.13111466169448693,0.19612557158509272,130055.90284475745,1601.2103212877355,131657.1131660452,1024,0,302.6216216216216,35,2,19,36.16969722758048,0.6229166666666667,44.99421296296297,1020.0231481481487,29.143518518518533,0
3150,4,0,0,37,0.0,0.0,1.0,37,1200,800,400,0.6666666666666666,16,8,8,345.237779132328,0.425269019019019,0.13389158771482523,0.19641493987923983,130205.1137920016,1590.3448634445463,131795.45865544616,1025,1,303.6216216216216,36,1,20,36.039161057780724,0.6223958333333333,44.84797297297298,1020.6081081081093,28.35022522522526,0
3151,4,0,0,37,0.0,0.0,1.0,37,800,700,100,0.875,9,7,2,344.6897126197417,0.4249562062062062,0.12774407060121362,0.19639297579496937,130262.58680555574,1580.0347222222472,131842.62152777798,1026,2,304.6216216216216,36,1,20,35.99489795918369,0.622974537037037,44.79166666666668,1020.8333333333348,28.356481481481524,0
3152,4,0,0,37,0.0,0.0,1.0,37,1450,800,650,0.5517241379310345,21,8,13,342.94842644475307,0.42401776776776773,0.11687627818121693,0.19659407199053786,130498.9979852539,1550.8852023319741,132049.88318758586,1027,3,305.6216216216216,35,2,16,35.79991693097718,0.6273809523809524,44.56018518518519,1021.7592592592603,29.19312169312172,0
3153,4,0,0,37,0.0,0.0,1.0,37,1300,900,400,0.6923076923076923,17,9,8,342.5948248673954,0.42292292292292294,0.12077597570411869,0.19774725456258502,130765.21675936655,1559.8973068844466,132325.114066251,1028,4,306.6216216216216,35,2,18,35.53961091622345,0.6300595238095238,44.299768518518526,1022.800925925927,29.22288359788363,0
3154,4,1,0,38,0.02631578947368421,0.0,1.0,38,1200,1000,200,0.8333333333333334,14,10,4,338.99932045090816,0.42454954954954954,0.12888256260704511,0.19766268069368334,131155.04017531045,1292.29389862836,132447.3340739388,1029,0,299.5263157894737,36,2,19,35.23778767223687,0.6319444444444444,43.91891891891892,1024.3243243243244,28.453453453453456,0
3155,4,0,0,38,0.0,0.0,1.0,38,1300,1000,300,0.7692307692307693,16,10,6,342.0582986317668,0.4236160502607871,0.1313649978605047,0.20034843205574923,131328.12500000015,1384.3750000000155,132712.50000000017,1030,1,300.5263157894737,37,1,20,34.98475609756098,0.6317567567567568,43.75000000000001,1025.0000000000011,27.702702702702734,0
3156,4,1,0,39,0.02564102564102564,0.0,1.0,39,900,400,500,0.4444444444444444,14,4,10,337.75192973899664,0.4245670265407107,0.10863886633862974,0.18916552590810135,129591.85157933201,993.0420898737975,130584.8936692058,1031,0,293.79487179487177,37,2,15,36.85207121832149,0.6143018018018018,45.44956140350877,1018.2017543859641,27.51896633475579,8
3157,4,2,1,40,0.04878048780487805,0.024390243902439025,0.975609756097561,41,1150,1000,150,0.8695652173913043,13,10,3,326.1504030439956,0.4290904471544716,0.12356196645563444,0.18544953561358252,130182.84640842027,291.83756510417754,130474.68397352444,1032,0,280.4146341463415,39,2,17,36.548709639005125,0.6167200854700854,44.86979166666667,1020.5208333333344,26.167200854700884,0
3158,4,0,0,40,0.0,0.0,1.0,40,1150,900,250,0.782608695652174,14,9,5,326.68814765975327,0.42861912393162394,0.12959349168149004,0.18639752998114986,130317.12420784928,514.636397224149,130831.76060507343,1033,1,285.125,38,2,20,36.39914896585399,0.6197916666666667,44.73824786324786,1021.0470085470079,26.8696581196581,0
3159,4,1,0,41,0.024390243902439025,0.0,1.0,41,1050,600,450,0.5714285714285714,15,6,9,319.7734705619317,0.4305386178861788,0.13600143557609723,0.18378751810925198,130599.9704623571,152.48116200674107,130752.45162436384,1034,0,279.1463414634146,40,1,13,36.28993504341484,0.6192708333333333,44.46138211382114,1022.1544715447158,25.553861788617894,0
3160,4,1,1,41,0.023809523809523808,0.023809523809523808,0.9761904761904762,42,1250,900,350,0.72,16,9,7,316.5292049756629,0.4313419473480449,0.14792358803986771,0.18392913262099297,131023.24263038524,-105.46343537417187,130917.77919501107,1035,0,273.4761904761905,41,1,17,35.94597868217054,0.6219512195121951,44.04761904761904,1023.8095238095218,24.97096399535419,0
3161,4,1,0,42,0.023809523809523808,0.0,1.0,42,1100,700,400,0.6363636363636364,15,7,8,322.2249788651821,0.4303256871854433,0.16591051602670537,0.18823187679409475,131226.45817586276,56.88854245400077,131283.34671831675,1036,0,274.3809523809524,41,1,18,35.5953879421637,0.6239837398373984,43.84920634920634,1024.603174603173,24.99032133178471,0
3162,4,0,2,40,0.0,0.047619047619047616,0.9523809523809523,42,950,600,350,0.631578947368421,13,6,7,322.4052425363205,0.43043457220286485,0.16618729574880997,0.1887120997531289,131302.70460325322,66.53606465733205,131369.24066791055,1037,1,275.3809523809524,41,1,18,35.51396686348531,0.6247459349593496,43.77480158730158,1024.9007936507926,24.99758033294616,0
3163,4,0,0,40,0.0,0.0,1.0,40,950,700,250,0.7368421052631579,12,7,5,336.259829569859,0.4275641025641026,0.1828275897123104,0.1965411731122224,131248.05908203125,826.6899956597213,132074.74907769097,1038,2,288.45,39,1,19,35.21409389719088,0.6274038461538461,43.828125,1024.6875,26.27403846153846,0
3164,4,0,0,40,0.0,0.0,1.0,40,650,400,250,0.6153846153846154,9,4,5,336.7704408751405,0.42712339743589745,0.18089430894308944,0.197251258226868,131328.12500000012,845.486111111125,132173.61111111124,1039,3,289.45,39,1,19,35.12025745257453,0.6282051282051282,43.75000000000001,1025.000000000001,26.282051282051306,0
3165,4,0,0,40,0.0,0.0,1.0,40,1600,1200,400,0.75,20,12,8,337.9931429865329,0.4269230769230769,0.17633112370362447,0.19869578041188177,131468.650510253,887.1004780316839,132355.75098828468,1040,4,290.45,37,3,19,34.9472317260059,0.6331644144144144,43.61293859649122,1025.548245614034,27.717520151730646,0
3166,4,0,1,39,0.0,0.025,0.975,40,1150,900,250,0.782608695652174,14,9,5,340.63929264098164,0.42693643162393163,0.17461530241504675,0.20099006939056122,131609.25116381937,966.2564442905277,132575.5076081099,1041,5,291.45,37,3,15,34.737657619149395,0.634572072072072,43.475877192982445,1026.096491228068,27.732337600758598,0
3167,4,0,0,39,0.0,0.0,1.0,39,1050,700,350,0.6666666666666666,14,7,7,351.5244755153735,0.4245389113810167,0.1810719744631264,0.20698361004974372,131530.20154867697,1447.2170227660026,132977.41857144298,1042,6,299.12820512820514,36,3,19,34.5381856771691,0.6357060185185186,43.552927927927925,1025.7882882882877,28.494119119119105,0
3168,4,0,0,39,0.0,0.0,1.0,39,950,700,250,0.7368421052631579,12,7,5,349.7013833253403,0.4238922627080522,0.18355294071304162,0.2065345888686861,131645.7436110097,1407.3397299326384,133053.08334094234,1043,7,300.12820512820514,36,3,16,34.468387651340564,0.6368634259259259,43.44031531531532,1026.2387387387391,28.50663163163164,0
3169,4,0,0,39,0.0,0.0,1.0,39,1400,1200,200,0.8571428571428571,16,12,4,359.11259725220424,0.42327372919478184,0.12898180209917687,0.19805351361217852,128984.24373584629,1463.9733545182228,130448.21709036452,1044,8,301.12820512820514,38,1,18,36.92723671294348,0.606359649122807,46.047008547008545,1015.8119658119657,26.731893837156992,8
3170,4,0,0,39,0.0,0.0,1.0,39,1050,500,550,0.47619047619047616,16,5,11,357.75566913320205,0.4223459289248763,0.12483393292641853,0.19825539847422344,129174.23575726856,1442.5630296223194,130616.79878689088,1045,9,302.12820512820514,38,1,18,36.768041688561915,0.6082785087719298,45.86004273504273,1016.5598290598286,26.751574448942858,0
3171,4,0,0,39,0.0,0.0,1.0,39,1150,700,450,0.6086956521739131,16,7,9,356.72045895729343,0.42240215924426455,0.130473667623485,0.19824876706728115,129287.27027280674,1423.8885849473788,130711.15885775411,1046,10,303.12820512820514,36,3,19,36.67921603366184,0.6131365740740741,45.74887387387388,1017.0045045045057,28.25012512512516,0
3172,4,1,0,40,0.025,0.0,1.0,40,1200,700,500,0.5833333333333334,17,7,10,351.54323890203364,0.42311698717948715,0.14443518020441082,0.19815611919917558,129843.17440222,1129.0980157356194,130972.27241795562,1047,0,296.525,37,3,18,36.24562937062936,0.6168355855855856,45.202850877192986,1019.1885964912287,27.545637743006182,0
3173,4,0,0,40,0.0,0.0,1.0,40,1350,1000,350,0.7407407407407407,17,10,7,352.4482042334432,0.422636217948718,0.142501881922787,0.19923500614995698,129954.95158366053,1160.4778633810565,131115.4294470416,1048,1,297.525,37,3,18,36.10905742552962,0.6179617117117118,45.09320175438597,1019.6271929824575,27.55749170222858,0
3174,4,0,0,40,0.0,0.0,1.0,40,1300,700,600,0.5384615384615384,19,7,12,357.8495907398328,0.42243589743589743,0.14325703846980442,0.20330575649724583,130150.67737188369,1314.8733264081272,131465.55069829183,1049,2,298.525,37,3,18,35.772619815173,0.6199324324324325,44.901315789473685,1020.3947368421057,27.57823613086772,0
3175,4,0,1,39,0.0,0.025,0.975,40,800,600,200,0.75,10,6,4,357.40584243384586,0.42252938034188037,0.1463503061553333,0.2034918034994907,130234.60493853885,1309.3217384195211,131543.92667695836,1050,3,299.525,37,3,18,35.69876374118236,0.620777027027027,44.819078947368425,1020.7236842105269,27.587126600284513,0
3176,4,0,0,39,0.0,0.0,1.0,39,1000,500,500,0.5,15,5,10,358.28675196959193,0.4215024741340531,0.1443839517086214,0.20428707578621388,130290.57167830499,1536.2771477762508,131826.84882608123,1051,4,304.02564102564105,37,2,18,35.61949575770593,0.6213400900900901,44.76425438596492,1020.9429824561414,27.593053579895713,0
3177,4,0,0,39,0.0,0.0,1.0,39,1050,600,450,0.5714285714285714,15,6,9,355.46812041128703,0.421474358974359,0.14220540903672063,0.20297207880995186,130346.55044100106,1466.8086574715314,131813.3590984726,1052,5,305.02564102564105,37,2,18,35.63466391066252,0.6219031531531531,44.709429824561404,1021.1622807017542,27.59898055950687,0
3178,4,0,0,39,0.0,0.0,1.0,39,1250,900,350,0.72,16,9,7,353.48110705485897,0.4219523166891588,0.1640301396955388,0.18710716448763542,127340.90206842503,1202.52060730226,128543.42267572728,1053,6,306.02564102564105,37,2,16,38.750565815679884,0.5914977477477478,47.669956140350884,1009.3201754385975,27.278923660502635,8
3179,4,1,0,40,0.025,0.0,1.0,40,1400,900,500,0.6428571428571429,19,9,10,350.9328596076721,0.42513354700854705,0.18208693860733405,0.1880163466374881,127828.32031250013,971.831597222238,128800.15190972236,1054,0,299.35,39,1,17,38.315478643043534,0.592948717948718,47.18750000000001,1011.250000000001,25.929487179487207,0
3180,4,1,0,41,0.024390243902439025,0.0,1.0,41,1000,600,400,0.6,14,6,8,356.6766924501844,0.4277439024390244,0.14483372115814674,0.19084365914671955,127775.65646701407,945.2148437500191,128720.87131076408,1055,0,293.0243902439024,39,2,18,38.224208393433614,0.5924145299145299,47.23958333333334,1011.0416666666681,25.924145299145337,8
3181,4,0,1,40,0.0,0.024390243902439025,0.975609756097561,41,1050,600,450,0.5714285714285714,15,6,9,358.4890898807083,0.4277693089430894,0.1501081025429829,0.1926953254018443,127960.02739800373,974.4547526041911,128934.48215060792,1056,1,294.0243902439024,39,2,18,37.989571536428834,0.594284188034188,47.05729166666668,1011.7708333333354,25.942841880341934,0
3182,4,0,1,39,0.0,0.025,0.975,40,900,400,500,0.4444444444444444,14,4,10,366.7401149573944,0.4280849358974359,0.15268451061134036,0.19723995620451357,127982.32299884951,1387.2503698224973,129369.57336867202,1057,2,296.525,38,2,19,37.758024495829396,0.596217105263158,47.035256410256416,1011.8589743589749,26.627867746288814,0
3183,4,0,1,38,0.0,0.02564102564102564,0.9743589743589743,39,900,600,300,0.6666666666666666,12,6,6,372.619748378076,0.42597278452541615,0.16322232958990068,0.20067236363760763,128036.38100162556,1741.77681441305,129778.15781603861,1058,3,304.56410256410254,38,1,19,37.55388120623526,0.596765350877193,46.981837606837615,1012.0726495726509,26.633490778227657,0
3184,4,1,1,38,0.02564102564102564,0.02564102564102564,0.9743589743589743,39,1650,1100,550,0.6666666666666666,22,11,11,373.4420263617188,0.42898110661268557,0.1685349826053344,0.2028448128302236,128379.01341735231,1788.5607538696647,130167.57417122198,1059,0,294.2564102564103,35,4,18,37.182122734886555,0.605952380952381,46.643518518518505,1013.425925925924,28.955026455026402,0
3185,4,0,0,38,0.0,0.0,1.0,38,1300,1000,300,0.7692307692307693,16,10,6,377.2159889770468,0.4281205547652916,0.1347734391961044,0.20066944617368287,127542.56129535148,2137.637917821449,129680.19921317293,1060,1,300.8157894736842,34,4,17,37.94441170693379,0.5995710784313726,47.470238095238095,1010.1190476190477,29.709383753501402,8
3186,4,1,2,37,0.02564102564102564,0.05128205128205128,0.9487179487179487,39,1050,700,350,0.6666666666666666,14,7,7,374.131927171426,0.431455240665767,0.14478671595376436,0.20085460955026177,127910.2634173524,1771.0626714677487,129681.32608882015,1061,0,294.0769230769231,35,4,18,37.64492753623189,0.6011904761904762,47.106481481481474,1011.5740740740729,28.902116402116366,0
3187,4,0,0,37,0.0,0.0,1.0,37,1200,900,300,0.75,15,9,6,383.34184721658914,0.42955455455455455,0.15892586320413304,0.20525331482051093,127803.53597474514,2398.4887122741093,130202.02468701925,1062,1,307.8378378378378,33,4,18,37.52158829232821,0.6044823232323233,47.21200980392156,1011.1519607843125,30.64096850861553,0
3188,4,0,0,37,0.0,0.0,1.0,37,1150,1000,150,0.8695652173913043,13,10,3,384.0547473542504,0.429710960960961,0.15653016719166457,0.2061110458167737,127896.48963139164,2423.850802575913,130320.34043396755,1063,2,308.8378378378378,33,4,19,37.408125353364014,0.6054292929292929,47.12009803921568,1011.5196078431362,30.652109328579886,0
3189,4,2,1,38,0.05128205128205128,0.02564102564102564,0.9743589743589743,39,1250,900,350,0.72,16,9,7,363.4404246779976,0.4330859199280252,0.14969156709206022,0.19804364024200272,128506.39349489778,1541.1239373200035,130047.51743221779,1064,0,293.94871794871796,34,5,16,37.305291378028244,0.609375,46.51785714285713,1013.9285714285701,29.82142857142853,0
3190,4,2,0,40,0.05,0.0,1.0,40,1000,800,200,0.8,12,8,4,361.9050599678589,0.4328125,0.18053031142635478,0.19996750496570678,129058.31665702867,1341.3715658225797,130399.68822285125,1065,0,287.55,36,4,18,36.780773209206096,0.6108217592592593,45.9740990990991,1016.1036036036038,28.225100100100107,0
3191,4,0,1,39,0.0,0.025,0.975,40,1750,1400,350,0.8,21,14,7,360.80058543995807,0.4318108974358974,0.17387359198998764,0.20082814093931528,129348.51794249383,1333.8834598917713,130682.4014023856,1066,1,288.55,35,5,19,36.513089278264495,0.6157738095238094,45.6886574074074,1017.245370370369,29.064153439153397,0
3192,4,2,3,38,0.04878048780487805,0.07317073170731707,0.926829268292683,41,1150,700,450,0.6086956521739131,16,7,9,355.943036913207,0.43135162601626015,0.16918945444152622,0.19999134856626502,129717.10519641243,1034.3800726401814,130751.48526905262,1067,0,282.3414634146341,36,5,14,36.26165340113493,0.6174768518518519,45.326576576576564,1018.6936936936921,28.297047047047002,0
3193,4,1,1,38,0.02564102564102564,0.02564102564102564,0.9743589743589743,39,1550,800,750,0.5161290322580645,23,8,15,364.66526626978737,0.4287561853351327,0.1823465352877116,0.2055852967203421,129849.38298396756,1670.3119641632086,131519.69494813078,1068,0,296.1794871794872,35,4,16,35.90497009614656,0.6208333333333333,45.196759259259245,1019.2129629629612,29.12037037037032,0
3194,4,0,0,38,0.0,0.0,1.0,38,1100,700,400,0.6363636363636364,15,7,8,363.8002914000342,0.4275426742532005,0.1605624630312299,0.2055623327096149,129937.87140185588,1854.2870959790496,131792.15849783493,1069,1,287.1842105263158,35,3,16,35.837046391947624,0.6217261904761905,45.10995370370369,1019.5601851851832,29.130291005290946,0
3195,4,0,1,37,0.0,0.02631578947368421,0.9736842105263158,38,900,700,200,0.7777777777777778,11,7,4,362.299025231329,0.42643136557610245,0.16005624571475074,0.20536323970872156,130061.48674011813,1824.2299732164165,131885.71671333455,1070,2,288.1842105263158,36,2,17,35.74970560094206,0.6209490740740741,44.98873873873872,1020.0450450450421,28.334584584584505,0
3196,4,0,0,37,0.0,0.0,1.0,37,950,800,150,0.8421052631578947,11,8,3,360.26811050986214,0.4247372372372373,0.12124566141926474,0.19385444557135448,128002.04554216375,1823.0110177745266,129825.05655993827,1071,3,296.81081081081084,36,1,18,37.90155056013059,0.6001157407407407,47.015765765765764,1011.9369369369366,28.10935935935935,8
3197,4,1,1,37,0.02631578947368421,0.02631578947368421,0.9736842105263158,38,1000,500,500,0.5,15,5,10,349.9021224880571,0.4288614272166904,0.12595144475307496,0.18977962702976758,128320.37278163565,1380.0726789570897,129700.44546059275,1072,0,289.9736842105263,35,3,19,37.838416723783396,0.6053571428571429,46.70138888888888,1013.1944444444433,28.948412698412668,0
3198,4,0,0,37,0.0,0.0,1.0,37,1350,1200,150,0.8888888888888888,15,12,3,355.80899061212415,0.42833458458458457,0.05726299482696606,0.19864307647316845,129466.28146701372,1847.8961709104728,131314.17763792418,1073,1,296.6216216216216,35,2,16,36.520172296144644,0.6169642857142856,45.57291666666666,1017.7083333333319,29.07738095238091,8
3199,4,0,0,37,0.0,0.0,1.0,37,550,400,150,0.7272727272727273,7,4,3,355.20890072826046,0.42792792792792794,0.05567678208114901,0.1984566120078983,129495.73072059313,1799.607231652932,131295.33795224607,1074,2,297.6216216216216,35,2,16,36.5054772193162,0.6172619047619048,45.543981481481474,1017.8240740740729,29.080687830687797,0
3200,4,0,2,35,0.0,0.05405405405405406,0.9459459459459459,37,600,400,200,0.6666666666666666,8,4,4,357.615330691084,0.4279904904904905,0.058516048737765614,0.19995084764323473,129525.18332315232,1864.038253386475,131389.22157653878,1075,3,298.6216216216216,35,2,16,36.414274208830776,0.6175595238095238,45.51504629629629,1017.939814814814,29.083994708994684,0
3201,4,0,1,34,0.0,0.02857142857142857,0.9714285714285714,35,1050,800,250,0.7619047619047619,13,8,5,364.23051597341185,0.4258053221288515,0.07793908816011519,0.2036975240084134,129534.44054705203,2436.079223355991,131970.51977040802,1076,4,314.62857142857143,34,1,16,36.236502553307595,0.6197916666666667,45.50595238095237,1017.9761904761895,29.94047619047616,0
3202,4,0,1,33,0.0,0.029411764705882353,0.9705882352941176,34,1100,900,200,0.8181818181818182,13,9,4,370.2173468490252,0.42474376114081996,0.09092647412926169,0.20693306076231516,129513.05537533636,2789.5959486735796,132302.65132400993,1077,5,324.55882352941177,33,1,16,36.10592744200978,0.6218434343434344,45.52696078431372,1017.8921568627447,30.84521687462863,0
3203,4,2,0,35,0.05714285714285714,0.0,1.0,35,800,500,300,0.625,11,5,6,359.3435185910134,0.4290966386554622,0.11437907407098646,0.2037865394312637,130080.3589143991,2348.706774376416,132429.0656887755,1078,0,315.0,34,1,18,35.80590889640954,0.6253063725490196,44.970238095238095,1020.1190476190477,30.003501400560225,0
3204,4,0,1,34,0.0,0.02857142857142857,0.9714285714285714,35,700,200,500,0.2857142857142857,12,2,10,357.2629323091728,0.42878151260504205,0.11157985937552062,0.2033979005058996,130232.20663265303,2305.4280045351434,132537.63463718817,1079,1,316.0,34,1,19,35.70484410232487,0.6268382352941176,44.82142857142857,1020.7142857142854,30.021008403361336,0
3205,4,0,1,33,0.0,0.029411764705882353,0.9705882352941176,34,1050,800,250,0.7619047619047619,13,8,5,365.6048682263323,0.42420528817587644,0.11264914276026272,0.20780830974202485,130168.77710796305,2718.067720347912,132886.84482831095,1080,2,326.0882352941176,33,1,19,35.55639786237539,0.6284722222222222,44.883578431372534,1020.4656862745079,30.923202614379026,0
3206,4,0,0,33,0.0,0.0,1.0,33,950,700,250,0.7368421052631579,12,7,5,374.56104995843384,0.4231376262626263,0.11783636588686752,0.2123564015869603,130069.31889921939,3143.7801308539856,133213.09903007338,1081,3,336.6060606060606,32,1,19,35.429044436192605,0.6298828125,44.9810606060606,1020.0757575757569,31.877367424242404,0
3207,4,0,0,33,0.0,0.0,1.0,33,900,500,400,0.5555555555555556,13,5,8,375.49968061225456,0.4223879419191919,0.11309081910418217,0.21341690708215474,130165.9349173553,3175.4533976124817,133341.3883149678,1082,4,337.6060606060606,32,1,19,35.306854738926006,0.630859375,44.88636363636363,1020.4545454545449,31.88920454545453,0
3208,4,0,0,33,0.0,0.0,1.0,33,700,400,300,0.5714285714285714,10,4,6,374.79133086152484,0.4220722853535353,0.11472638046929773,0.21319059305796664,130198.14822785939,3159.4274500050997,133357.5756778645,1083,5,338.6060606060606,32,1,19,35.29217699698957,0.6311848958333333,44.85479797979798,1020.580808080808,31.89315025252525,0
3209,4,0,0,33,0.0,0.0,1.0,33,800,600,200,0.75,10,6,4,372.85643273887604,0.4215593434343434,0.12126458101479676,0.2127939288326953,130327.04132550259,3118.6551436078016,133445.6964691104,1084,6,339.6060606060606,32,1,20,35.21057458472445,0.6324869791666667,44.72853535353536,1021.0858585858593,31.908933080808104,0
3210,4,0,0,33,0.0,0.0,1.0,33,350,200,150,0.5714285714285714,5,2,3,375.2087531952797,0.42144097222222227,0.1266584260403789,0.2146703545509063,130423.75299714322,3187.2267498214555,133610.97974696467,1085,7,340.6060606060606,32,1,20,35.05227647301195,0.6334635416666667,44.63383838383839,1021.4646464646471,31.920770202020222,0
3211,4,0,0,33,0.0,0.0,1.0,33,1000,800,200,0.8,12,8,4,373.61861088827965,0.4208096590909091,0.12275498434667997,0.2141162747385241,130488.2473727172,3150.567544128169,133638.81491684538,1086,8,341.6060606060606,32,1,18,35.027393310265296,0.6341145833333333,44.57070707070708,1021.7171717171727,31.928661616161648,0
3212,4,1,0,34,0.029411764705882353,0.0,1.0,34,1050,700,350,0.6666666666666666,14,7,7,362.9078083713057,0.42390819964349374,0.11845035091180711,0.2098029351996995,130826.15460399851,2695.5666089965443,133521.72121299506,1087,0,332.52941176470586,33,1,19,34.95847308736622,0.6351010101010102,44.240196078431374,1023.0392156862749,31.001188354129543,0
3213,4,0,0,34,0.0,0.0,1.0,34,700,500,200,0.7142857142857143,9,5,4,362.215927426584,0.42390819964349374,0.1211342021838675,0.20974361955700246,130888.84833958095,2682.005118223763,133570.8534578047,1088,1,333.52941176470586,33,1,19,34.912674650698605,0.6357323232323233,44.17892156862745,1023.2843137254904,31.008615567439104,0
3214,4,0,0,34,0.0,0.0,1.0,34,1450,1000,450,0.6896551724137931,19,10,9,363.79109109851186,0.4227384135472371,0.12484598866476548,0.21151527948003246,131045.64838343425,2734.647881824295,133780.29626525854,1089,2,334.52941176470586,33,1,19,34.713619589068415,0.6373106060606061,44.025735294117645,1023.8970588235294,31.027183600713013,0
3215,4,0,0,34,0.0,0.0,1.0,34,1000,500,500,0.5,15,5,10,358.55064912013034,0.42244132501485443,0.10076853429530841,0.1919793254957944,127803.53597474507,2364.8081567185386,130168.34413146361,1090,3,335.52941176470586,33,1,20,38.14828000646386,0.6044823232323233,47.21200980392155,1011.1519607843119,30.64096850861551,8
3216,4,4,1,37,0.10526315789473684,0.02631578947368421,0.9736842105263158,38,1150,800,350,0.6956521739130435,15,8,7,328.90871431566825,0.43235834518729255,0.10983425853849749,0.18124220230255988,128950.68825263533,882.6010166589582,129833.28926929428,1091,0,301.10526315789474,37,1,19,37.72839522832774,0.6078265765765766,46.080043859649116,1015.6798245614027,27.4508060692271,0
3217,4,1,1,37,0.02631578947368421,0.02631578947368421,0.9736842105263158,38,1350,1100,250,0.8148148148148148,16,11,5,330.20011090010394,0.4292022285443338,0.1162315645704286,0.1833842082407276,129260.23046339153,936.8354154673259,130197.06587885886,1092,0,302.07894736842104,35,3,22,37.380965930647235,0.6148809523809524,45.775462962962955,1016.8981481481474,29.054232804232782,0
3218,4,0,0,37,0.0,0.0,1.0,37,1150,700,450,0.6086956521739131,16,7,9,329.9723652436623,0.4276463963963964,0.12197898811519226,0.18382945458750594,129383.00028344682,1138.5629251700843,130521.5632086169,1093,1,309.4054054054054,34,3,23,37.262071924487095,0.6182598039215687,45.65476190476191,1017.3809523809533,29.922969187675097,0
3219,4,1,0,38,0.02631578947368421,0.0,1.0,38,1050,900,150,0.8571428571428571,12,9,3,321.6034336109004,0.4280316500711237,0.1217273493997526,0.18035618944182996,129643.02722318674,738.7285397376583,130381.7557629244,1094,0,302.2368421052632,35,3,18,37.21125980225025,0.61875,45.39930555555556,1018.4027777777778,29.097222222222225,0
3220,4,0,0,38,0.0,0.0,1.0,38,950,700,250,0.7368421052631579,12,7,5,323.5519275385141,0.4278242057847321,0.11935044287985441,0.18240705978899854,129849.3829839679,802.6036308299198,130651.98661479782,1095,1,303.2368421052632,35,3,20,36.95255129078659,0.6208333333333333,45.19675925925927,1019.2129629629641,29.120370370370402,0
3221,4,1,2,37,0.02564102564102564,0.05128205128205128,0.9487179487179487,39,950,600,350,0.631578947368421,13,6,7,329.0231234369583,0.4309772829509672,0.11348071592158449,0.18079674183399405,128839.34389667993,702.9937244461012,129542.33762112603,1096,0,296.43589743589746,37,2,16,37.8387469849156,0.6067004504504505,46.18969298245615,1015.2412280701769,27.43895211000478,8
3222,4,0,0,37,0.0,0.0,1.0,37,950,500,450,0.5263157894736842,14,5,9,337.40331877757865,0.43018018018018017,0.14533383879945605,0.1850337524928451,128760.50407503887,1288.8442804784318,130049.3483555173,1097,1,313.27027027027026,35,2,17,37.70633766678071,0.6098214285714285,46.26736111111113,1014.9305555555579,28.99801587301594,0
3223,4,0,1,36,0.0,0.02702702702702703,0.972972972972973,37,1150,1000,150,0.8695652173913043,13,10,3,350.4183223513237,0.4298360860860861,0.12823461759631982,0.18299623500569126,126792.0918367347,1511.4028496236472,128303.49468635835,1098,2,314.27027027027026,34,3,16,39.39125295508275,0.5919117647058824,48.214285714285715,1007.1428571428572,29.6218487394958,8
3224,4,3,2,37,0.07692307692307693,0.05128205128205128,0.9487179487179487,39,1100,700,400,0.6363636363636364,15,7,8,337.46233032368,0.4373875393612236,0.13612540835272324,0.1795958060405535,127559.2635459533,809.6435745079895,128368.9071204613,1099,0,285.97435897435895,35,4,16,38.93121753742744,0.5976190476190476,47.4537037037037,1010.1851851851848,28.86243386243385,0
3225,4,2,0,39,0.05128205128205128,0.0,1.0,39,1350,1000,350,0.7407407407407407,17,10,7,345.03166493608177,0.4365721997300945,0.16282447384404208,0.18509709759830675,127880.99500868046,1024.5985243055497,128905.59353298601,1100,0,286.9230769230769,35,4,18,38.41078784757982,0.6008928571428571,47.135416666666664,1011.4583333333326,28.8988095238095,0
3226,4,0,0,39,0.0,0.0,1.0,39,1350,800,550,0.5925925925925926,19,8,11,347.30874847939424,0.43705015744489434,0.1619143110110417,0.18727264575837096,128085.9441979593,1097.0737954389344,129183.01799339823,1101,1,287.9230769230769,35,4,18,38.143627563076464,0.6029761904761906,46.93287037037036,1012.2685185185165,28.921957671957614,0
3227,4,0,0,39,0.0,0.0,1.0,39,1100,700,400,0.6363636363636364,15,7,8,346.12626865857607,0.4369939271255061,0.16253087559224055,0.18731916988442768,128232.43694540877,1076.9229841820809,129309.35992959085,1102,2,288.9230769230769,35,4,19,38.02386870071993,0.6044642857142857,46.788194444444436,1012.8472222222207,28.93849206349202,0
3228,4,0,0,39,0.0,0.0,1.0,39,700,500,200,0.7142857142857143,9,5,4,345.02934064267674,0.4366565452091768,0.16404441860200003,0.1869809607482843,128287.09621783937,1052.5624442009473,129339.65866204031,1103,3,289.9230769230769,36,3,19,37.99582221728174,0.6030092592592593,46.73423423423423,1013.0630630630624,28.140640640640623,0
3229,4,1,1,39,0.025,0.025,0.975,40,850,600,250,0.7058823529411765,11,6,5,336.76388604821074,0.4376068376068376,0.16571351351351393,0.18388819043364485,128588.9949311324,660.8259272083457,129249.82085834075,1104,0,283.65,37,3,15,37.897297297297314,0.6041666666666667,46.43640350877192,1014.2543859649102,27.41228070175433,0
3230,4,0,1,38,0.0,0.02564102564102564,0.9743589743589743,39,1500,1300,200,0.8666666666666667,17,13,4,345.55423745583903,0.4349134053081421,0.17076746576024981,0.18874511927014773,128601.01814229749,1087.725352041208,129688.74349433869,1105,1,291.4871794871795,36,3,16,37.66214240775693,0.6061921296296297,46.42454954954954,1014.3018018018,28.17505005005,0
3231,4,0,0,38,0.0,0.0,1.0,38,650,400,250,0.6153846153846154,9,4,5,354.9789390687655,0.4350254860123281,0.16616232573219492,0.194241284636504,128672.41753472204,1535.1996527777574,130207.6171874998,1106,2,279.5263157894737,35,3,16,37.35027378507872,0.6089285714285715,46.35416666666666,1014.5833333333319,28.988095238095198,0
3232,4,1,1,38,0.02564102564102564,0.02564102564102564,0.9743589743589743,39,1450,900,550,0.6206896551724138,20,9,11,343.4649585109845,0.436459739091318,0.16117865729925174,0.18964142323660338,129029.71172185689,1063.4369166463662,130093.14863850326,1107,0,273.3333333333333,36,3,17,37.278319663045906,0.6105324074074074,46.00225225225225,1015.9909909909902,28.22197197197195,0
3233,4,0,0,38,0.0,0.0,1.0,38,1150,500,650,0.43478260869565216,18,5,13,350.5703923015147,0.43327702702702703,0.1599992804978958,0.19354131469325095,129024.94454089478,1446.4650848765098,130471.4096257713,1108,1,281.3421052631579,35,3,18,37.102699931647294,0.6125,46.00694444444443,1015.9722222222199,29.02777777777771,0
3234,4,0,0,38,0.0,0.0,1.0,38,1050,700,350,0.6666666666666666,14,7,7,349.8441579633512,0.433291844476055,0.16196752557855154,0.19357161632490136,129113.15164448286,1433.8963638117066,130547.04800829457,1109,2,282.3421052631579,35,3,18,37.03130338230269,0.6133928571428571,45.92013888888888,1016.3194444444431,29.037698412698376,0
3235,4,0,0,38,0.0,0.0,1.0,38,750,600,150,0.8,9,6,3,348.69658693899476,0.4329510431484116,0.16134598792062094,0.1933681073025334,129201.38888888883,1410.4468074845572,130611.8356963734,1110,3,283.3421052631579,34,4,18,36.97062841530054,0.616421568627451,45.83333333333333,1016.6666666666662,29.90196078431371,0
3236,4,0,0,38,0.0,0.0,1.0,38,1150,500,650,0.43478260869565216,18,5,13,346.1473051520694,0.43255097202465626,0.1659241961559188,0.1928158943147458,129377.95380015417,1356.766010802453,130734.71981095662,1111,4,284.3421052631579,35,3,19,36.85580204778156,0.6160714285714286,45.659722222222214,1017.36111111111,29.067460317460284,0
3237,4,0,1,37,0.0,0.02631578947368421,0.9736842105263158,38,1350,1000,350,0.7407407407407407,17,10,7,345.8242069548423,0.43222498814604077,0.1639455130890679,0.19321334663029735,129495.73072059316,1356.5516760973774,130852.28239669054,1112,5,285.3421052631579,35,3,15,36.74427640057614,0.6172619047619048,45.543981481481474,1017.8240740740731,29.080687830687804,0
3238,4,0,0,37,0.0,0.0,1.0,37,750,400,350,0.5333333333333333,11,4,7,348.4880653524775,0.43002377377377377,0.16837120194238042,0.19459336843228786,129473.8538123581,1624.018565759621,131097.87237811773,1113,6,293.13513513513516,34,3,15,36.69873669435023,0.6191789215686274,45.56547619047618,1017.7380952380937,29.933473389355697,0
3239,4,1,0,38,0.02631578947368421,0.0,1.0,38,550,300,250,0.5454545454545454,8,3,5,343.89005545654726,0.4304617117117117,0.182268291371098,0.19401920041036605,129878.8757742842,1332.8107585305258,131211.68653281473,1114,0,286.39473684210526,35,3,16,36.40439896294613,0.6211309523809524,45.167824074074076,1019.3287037037043,29.123677248677264,0
3240,4,1,0,39,0.02564102564102564,0.0,1.0,39,1150,700,450,0.6086956521739131,16,7,9,337.8030523748351,0.4318488529014845,0.1837418245185236,0.1923270644928084,130233.8487135787,998.6783235938944,131232.5270371726,1115,0,280.02564102564105,36,3,17,36.19975544277729,0.6226851851851851,44.819819819819834,1020.7207207207227,28.35335335335341,0
3241,4,0,1,38,0.0,0.02564102564102564,0.9743589743589743,39,1100,700,400,0.6363636363636364,15,7,8,339.7787682289838,0.43198942869995505,0.1781881271850667,0.19403676841969744,130351.2158805942,1058.1182842118653,131409.33416480606,1116,1,281.02564102564105,35,4,17,36.03047432845971,0.6258928571428571,44.704861111111114,1021.1805555555561,29.17658730158732,0
3242,4,0,0,38,0.0,0.0,1.0,38,950,700,250,0.7368421052631579,12,7,5,346.1746017589439,0.4286688003793267,0.18068211802679057,0.19754754220136145,130323.35778061225,1422.9272959183616,131746.28507653062,1117,2,289.1842105263158,34,4,17,35.89541797831408,0.6277573529411764,44.732142857142854,1021.0714285714287,30.03151260504202,0
3243,4,0,0,38,0.0,0.0,1.0,38,1350,1000,350,0.7407407407407407,17,10,7,346.028219387624,0.42893551446183026,0.17599163390354433,0.1980832655480456,130444.94224773248,1427.526218820868,131872.46846655334,1118,3,290.1842105263158,34,4,20,35.77598764712738,0.6289828431372548,44.61309523809524,1021.5476190476195,30.045518207282925,0
3244,4,0,0,38,0.0,0.0,1.0,38,1100,700,400,0.6363636363636364,15,7,8,345.7087467184348,0.42860953058321477,0.16815010972574695,0.19867840022252234,130597.00255102055,1429.7052154195185,132026.70776644006,1119,4,291.1842105263158,34,4,16,35.63019256153428,0.6305147058823529,44.46428571428572,1022.1428571428582,30.063025210084067,0
3245,4,0,0,38,0.0,0.0,1.0,38,900,400,500,0.4444444444444444,14,4,10,345.2673445679225,0.4281798245614035,0.1726290052760262,0.19889344215250757,130688.28125000001,1424.479166666668,132112.7604166667,1120,5,292.1842105263158,34,4,16,35.54910350448248,0.6314338235294117,44.375,1022.5000000000001,30.07352941176471,0
3246,4,0,0,38,0.0,0.0,1.0,38,800,400,400,0.5,12,4,8,343.41118714216856,0.4277797534376482,0.17646157992747225,0.19829226612402637,130779.59183673467,1382.2349773242615,132161.82681405894,1121,6,293.1842105263158,34,4,16,35.50419964307885,0.6323529411764706,44.285714285714285,1022.8571428571427,30.08403361344537,0
3247,4,0,0,38,0.0,0.0,1.0,38,1150,1000,150,0.8695652173913043,13,10,3,343.7913393780832,0.4276612138454244,0.1738617923517347,0.19898226006428446,130870.93431122445,1398.458758503398,132269.39306972784,1122,7,294.1842105263158,34,4,16,35.402123327516,0.6332720588235294,44.19642857142857,1023.2142857142853,30.09453781512604,0
3248,4,1,0,39,0.02564102564102564,0.0,1.0,39,1150,600,550,0.5217391304347826,17,6,11,354.6071171830089,0.4300775978407558,0.17946098844975267,0.20067073278737868,129996.88042534703,1504.6863927862566,131501.5668181333,1123,0,287.61538461538464,35,4,17,36.01144875723527,0.6223214285714286,45.05208333333332,1019.791666666665,29.136904761904717,8
3249,4,0,0,39,0.0,0.0,1.0,39,1000,700,300,0.7,13,7,6,361.8486751961267,0.4310897435897436,0.1051882440803058,0.19640329518549837,128349.69142500428,1488.6331607938928,129838.32458579817,1124,1,288.61538461538464,35,4,20,37.505830001903675,0.6056547619047619,46.6724537037037,1013.3101851851851,28.951719576719576,8
3250,4,1,2,38,0.025,0.05,0.95,40,1000,600,400,0.6,14,6,8,365.4968190714003,0.4322916666666667,0.12342519685039388,0.20107900046167293,128886.73460200077,1421.538303506224,130308.272905507,1125,0,282.375,36,4,18,36.86462607667,0.6090856481481481,46.143018018018026,1015.427927927929,28.20633133133136,0
3251,4,0,0,38,0.0,0.0,1.0,38,1450,1000,450,0.6896551724137931,19,10,9,360.4108186954756,0.4299431009957326,0.11351596308257927,0.19223464495232162,127648.68830497887,1624.4834108341524,129273.17171581302,1126,1,296.7368421052632,33,5,21,38.25996442719703,0.6029040404040404,47.365196078431374,1010.5392156862747,30.622400475341657,8
3252,4,1,0,39,0.02564102564102564,0.0,1.0,39,1250,700,550,0.56,18,7,11,355.8430363335505,0.43137089518668464,0.12905769994473615,0.1920221364387884,128116.7778186556,1317.8926448522452,129434.67046350783,1127,0,290.1025641025641,37,2,22,37.89611087042852,0.5993806306306306,46.902412280701746,1012.3903508771918,27.36190137505924,0
3253,4,2,0,41,0.04878048780487805,0.0,1.0,41,1000,700,300,0.7,13,7,6,336.6031238159108,0.4353658536585366,0.13465667124203673,0.18412006936597103,128658.13607103737,461.3551183663469,129119.49118940372,1128,0,276.9024390243902,36,5,18,37.83091908091909,0.6067708333333333,46.36824324324325,1014.527027027028,28.181306306306332,0
3254,4,0,0,41,0.0,0.0,1.0,41,1600,1200,400,0.75,20,12,8,335.8284080254141,0.4348831300813008,0.1380603698045617,0.18466573980494852,128867.17547706972,455.4516774391924,129322.62715450891,1129,1,277.9024390243902,37,4,18,37.6376889848812,0.6069819819819819,46.162280701754376,1015.3508771929812,27.441915599810304,0
3255,4,0,0,41,0.0,0.0,1.0,41,1350,1000,350,0.7407407407407407,17,10,7,338.7321833014842,0.4343241869918699,0.14618356369148544,0.18731323835549832,129089.93632656184,545.3831948291598,129635.31952139101,1130,2,278.9024390243902,37,4,20,37.337253632570864,0.6092342342342343,45.94298245614034,1016.2280701754371,27.465623518255057,0
3256,4,1,1,41,0.023809523809523808,0.023809523809523808,0.9761904761904762,42,1550,1100,450,0.7096774193548387,20,11,9,326.28631657263327,0.4362780681378242,0.14359955005624325,0.18206661777119662,129445.89548405624,47.28488658773696,129493.18037064397,1131,0,273.23809523809524,38,4,14,37.291994750656166,0.6110197368421053,45.5929487179487,1017.6282051282027,26.779689608636914,0
3257,4,0,0,41,0.0,0.0,1.0,41,1300,1100,200,0.8461538461538461,15,11,4,336.36055652101936,0.4334603658536585,0.1476342882368713,0.18785190647581781,129480.23069598294,510.40849107412896,129990.63918705707,1132,4,280.9024390243902,37,4,16,37.0008259714142,0.6131756756756757,45.559210526315766,1017.7631578947334,27.507112375533335,0
3258,4,1,0,42,0.023809523809523808,0.0,1.0,42,1450,900,550,0.6206896551724138,20,9,11,330.88031208264476,0.4347294812233837,0.15393430099312488,0.18617141807269474,129772.26382725143,187.81743096642606,129960.08125821786,1133,0,275.1904761904762,38,4,17,36.844002306805066,0.6143092105263157,45.27243589743588,1018.9102564102534,26.813427800269825,0
3259,4,0,0,42,0.0,0.0,1.0,42,1250,800,450,0.64,17,8,9,331.52054332025915,0.43495934959349597,0.15253919997603949,0.18679116732025633,129826.69850107696,208.0435249104601,130034.74202598742,1134,1,276.1904761904762,38,4,18,36.772504105951015,0.6148574561403508,45.21901709401707,1019.1239316239272,26.81905083220861,0
3260,4,1,0,43,0.023255813953488372,0.0,1.0,43,1500,1100,400,0.7333333333333333,19,11,8,329.1277160703251,0.4358388704318937,0.16437226901069546,0.18727646756341487,130210.72035701295,-28.808600204915933,130181.91175680804,1135,0,270.74418604651163,40,3,20,36.44453848451656,0.6153645833333333,44.84247967479674,1020.6300813008124,25.51575203252031,0
3261,4,0,2,41,0.0,0.046511627906976744,0.9534883720930233,43,1150,900,250,0.782608695652174,14,9,5,326.68814765975367,0.4352620893318568,0.16438456166306992,0.18639752998114997,130317.1242078492,-85.36736114398926,130231.75684670522,1136,1,271.74418604651163,38,5,20,36.39914896585401,0.6197916666666667,44.73824786324786,1021.0470085470073,26.869658119658087,0
3262,4,0,0,41,0.0,0.0,1.0,41,750,400,350,0.5333333333333333,11,4,7,339.3985305360374,0.4312754065040651,0.17084667128225695,0.19229897750905323,130044.55133912254,627.3859257432841,130671.93726486582,1137,2,285.609756097561,38,3,21,36.35086065430677,0.6170504385964912,45.005341880341874,1019.9786324786315,26.841542959963988,0
3263,4,1,0,42,0.023809523809523808,0.0,1.0,42,1150,900,250,0.782608695652174,14,9,5,333.760878175824,0.43164440572977153,0.19168493843818513,0.1911278489221974,130458.54403518386,308.75690131998283,130767.30093650385,1138,0,279.7857142857143,37,5,22,36.075520553826344,0.6230292792792793,44.59978070175438,1021.6008771929821,27.610834518729245,0
3264,4,0,0,42,0.0,0.0,1.0,42,1050,900,150,0.8571428571428571,12,9,3,331.4023558474619,0.43130565234223767,0.18815193960012677,0.19046441191183974,130598.60365689448,256.13698445676175,130854.74064135125,1139,1,280.7857142857143,37,5,17,35.994153615104054,0.6244369369369369,44.46271929824562,1022.149122807018,27.625651967757243,0
3265,4,1,1,42,0.023255813953488372,0.023255813953488372,0.9767441860465116,43,1150,900,250,0.782608695652174,14,9,5,328.9912175388667,0.4316860465116279,0.20249805332317727,0.19173488161368474,131136.55495516473,28.554975710425538,131165.10993087516,1140,0,275.2325581395349,38,5,18,35.51271687354404,0.628015350877193,43.93696581196581,1024.2521367521367,26.95400359874044,0
3266,4,0,0,42,0.0,0.0,1.0,42,1600,1300,300,0.8125,19,13,6,336.4774282978342,0.4294909020518776,0.20623742454728378,0.19581883122251004,131081.84633875737,421.21651051939216,131503.06284927676,1141,1,282.6190476190476,38,4,18,35.37623891497129,0.627467105263158,43.99038461538461,1024.0384615384614,26.948380566801617,0
3267,4,0,0,42,0.0,0.0,1.0,42,1000,600,400,0.6,14,6,8,347.81507632740323,0.42899487030584593,0.2081413210445473,0.18896757239643452,128388.03624260356,552.8887245233439,128940.9249671269,1142,2,283.6190476190476,38,4,12,37.822185325743206,0.600328947368421,46.63461538461539,1013.4615384615386,26.67004048582996,8
3268,4,1,0,43,0.023255813953488372,0.0,1.0,43,1050,700,350,0.6666666666666666,14,7,7,343.461596607796,0.4309246954595792,0.22096604011401122,0.1881891380288614,128725.26584201418,242.4370659722565,128967.70290798644,1143,0,278.0,39,4,14,37.58853418189285,0.6020299145299146,46.30208333333335,1014.791666666669,26.020299145299205,0
3269,4,1,0,44,0.022727272727272728,0.0,1.0,44,1350,1000,350,0.7407407407407407,17,10,7,338.6040319448036,0.43299638830162085,0.22635199650804272,0.18691466081458905,129020.64252635691,-62.618047293256154,128958.02447906365,1144,0,272.65909090909093,40,4,15,37.41101497115801,0.6033854166666667,46.01117886178863,1015.9552845528475,25.398882113821188,0
3270,4,0,0,44,0.0,0.0,1.0,44,1350,1000,350,0.7407407407407407,17,10,7,340.1169128384712,0.4319613284002819,0.22520705709385003,0.18901044736829356,129285.0098708256,-5.216764904810134,129279.79310592079,1145,1,273.65909090909093,37,7,17,37.10366127583109,0.611204954954955,45.75109649122807,1016.9956140350873,27.48636794689425,0
3271,4,1,0,45,0.022222222222222223,0.0,1.0,45,750,300,450,0.4,12,3,9,339.8692725591973,0.4337962962962963,0.24169143443243923,0.19069886847009002,129663.42872242317,-186.27696051573878,129477.15176190743,1146,0,268.55555555555554,38,7,14,36.72549739501382,0.6132127192982456,45.379273504273506,1018.4829059829063,26.80218173639227,0
3272,4,1,0,46,0.021739130434782608,0.0,1.0,46,900,600,300,0.6666666666666666,12,6,6,332.0235631619537,0.4343397745571658,0.2396895710254725,0.18742421846244003,129899.73855054866,-574.0451905281234,129325.69336002054,1147,0,263.69565217391306,40,6,15,36.68564948659156,0.6122395833333334,45.14735772357724,1019.4105691056915,25.485264227642286,0
3273,4,0,1,45,0.0,0.021739130434782608,0.9782608695652174,46,950,700,250,0.7368421052631579,12,7,5,331.7904697017533,0.43444041867954913,0.2374013581268768,0.18754105817001074,129951.54303200803,-576.6632997884917,129374.87973221955,1148,1,264.69565217391306,40,6,15,36.63909099970099,0.6127604166666667,45.09654471544715,1019.6138211382112,25.49034552845528,0
3274,4,0,1,44,0.0,0.022222222222222223,0.9777777777777777,45,1400,700,700,0.5,21,7,14,336.75748952551044,0.43381734006734,0.03955902291569435,0.186016650843981,129046.45568940457,-308.1561074756975,128738.29958192886,1149,2,268.31111111111113,40,5,15,37.43165299726611,0.6036458333333333,45.98577235772358,1016.0569105691067,25.401422764227668,8
3275,4,1,0,45,0.022222222222222223,0.0,1.0,45,950,700,250,0.7368421052631579,12,7,5,332.8255662407989,0.4348063973063973,0.06628446628446594,0.18556165131507615,129413.28125000045,-385.49732715310665,129027.78392284735,1150,0,269.24444444444447,39,6,16,37.15874965874965,0.608974358974359,45.62500000000002,1017.5000000000036,26.089743589743684,0
3276,4,1,0,46,0.021739130434782608,0.0,1.0,46,1500,1200,300,0.8,18,12,6,333.7937936823489,0.43620169082125604,0.008790841008566863,0.18498278771216287,129175.56023407051,-559.5596619075776,128616.00057216293,1151,0,264.3695652173913,40,6,17,37.375662301309596,0.6049479166666667,45.85873983739838,1016.5650406504079,25.414126016260198,8
3277,4,2,3,45,0.041666666666666664,0.0625,0.9375,48,1300,700,600,0.5384615384615384,19,7,12,320.02746220459295,0.43947621158392436,0.02985444201451659,0.18027470915938454,129817.83626472291,-1290.945462261858,128526.89080246104,1152,0,254.3125,42,6,13,37.07430033913348,0.6083829365079365,45.227713178294586,1019.0891472868236,24.264027316352944,0
3278,4,0,0,45,0.0,0.0,1.0,45,1250,900,350,0.72,16,9,7,330.2351690340631,0.4362584175084175,0.010765274452426032,0.18555366224200942,129718.50419723711,-432.47756791591576,129286.02662932119,1153,1,255.17777777777778,40,5,14,36.914945796754466,0.6104166666666666,45.32520325203252,1018.69918699187,25.46747967479675,0
3279,4,0,1,44,0.0,0.022222222222222223,0.9777777777777777,45,1200,900,300,0.75,15,9,6,344.6315521143818,0.4358796296296296,-0.0016969611738095747,0.18660489695011173,128252.72715547167,-139.02394806807808,128113.7032074036,1154,2,256.1777777777778,38,7,14,38.04099426924022,0.5989583333333333,46.7681623931624,1012.9273504273515,26.655982905982935,8
3280,4,1,0,45,0.022222222222222223,0.0,1.0,45,1400,800,600,0.5714285714285714,20,8,12,360.03887979218916,0.4359006734006734,0.04475318387538163,0.1976157941597683,128794.39153928334,274.1976906640351,129068.58922994738,1155,0,257.0888888888889,38,7,15,37.09741079886327,0.6044407894736843,46.23397435897436,1015.0641025641024,26.712213225371116,0
3281,4,0,1,44,0.0,0.022222222222222223,0.9777777777777777,45,1250,1000,250,0.8,15,10,5,358.61524325315673,0.4356902356902357,0.04116127070983455,0.1971035660286146,128848.62075617274,241.4158950617176,129090.03665123445,1156,1,258.0888888888889,38,7,15,37.078203374373004,0.6049890350877193,46.18055555555555,1015.2777777777769,26.71783625730992,0
3282,4,0,1,43,0.0,0.022727272727272728,0.9772727272727273,44,900,600,300,0.6666666666666666,12,6,6,362.43579995241856,0.43453796687808316,0.05645984684861549,0.1992966453420067,128867.17547706973,541.2155663280822,129408.39104339782,1157,2,264.72727272727275,37,7,15,36.96229301655866,0.6069819819819819,46.162280701754376,1015.3508771929813,27.441915599810308,0
3283,4,1,2,42,0.022727272727272728,0.045454545454545456,0.9545454545454546,44,1600,1200,400,0.75,20,12,8,360.4541789841443,0.43713662790697677,0.05290611028315961,0.19988822652757068,129201.38888888867,514.2361111110874,129715.62499999975,1158,0,258.6363636363636,37,7,18,36.67178961748633,0.6103603603603603,45.83333333333332,1016.6666666666649,27.47747747747743,0
3284,4,2,1,43,0.045454545454545456,0.022727272727272728,0.9772727272727273,44,1250,800,450,0.64,17,8,9,353.05066619083,0.4389094432699084,0.0678001761424798,0.1982975023526486,129703.52055440121,358.38286780546235,130061.90342220667,1159,0,257.5681818181818,37,7,17,36.349120918550405,0.615427927927928,45.339912280701746,1018.6403508771918,27.53082029397816,0
3285,4,0,0,43,0.0,0.0,1.0,43,1250,800,450,0.64,17,8,9,358.6198020298542,0.43595422665190103,0.07408131051113442,0.20149532479267462,129717.10519641264,703.8245170846541,130420.92971349729,1160,1,264.5581395348837,36,7,18,36.19348330753926,0.6174768518518519,45.32657657657658,1018.6936936936937,28.297047047047048,0
3286,4,0,1,42,0.0,0.023255813953488372,0.9767441860465116,43,1450,1000,450,0.6896551724137931,19,10,9,357.96585654148436,0.4359080841638981,0.06714565904815228,0.20192054626272068,129871.1141889812,697.8849261311129,130568.99911511231,1161,2,265.5581395348837,37,6,18,36.053589357429715,0.6171171171171171,45.175438596491226,1019.298245614035,27.548601232811755,0
3287,4,0,0,42,0.0,0.0,1.0,42,1200,700,500,0.5833333333333334,17,7,10,360.85810704533276,0.4361449864498645,0.07646643218087146,0.2042812692409399,130010.85820877596,983.0944377116233,130993.95264648758,1162,3,272.3333333333333,37,5,19,35.8378803354478,0.6185247747747749,45.038377192982466,1019.8464912280716,27.563418681839774,0
3288,4,0,1,41,0.0,0.023809523809523808,0.9761904761904762,42,1350,1000,350,0.7407407407407407,17,10,7,363.4046320824855,0.43568524970963995,0.07166387878601865,0.20690726116549618,130234.60493853898,1065.5717384195361,131300.1766769585,1163,4,273.3333333333333,37,5,19,35.54568607440827,0.620777027027027,44.81907894736843,1020.723684210528,27.587126600284538,0
3289,4,0,0,41,0.0,0.0,1.0,41,1400,1000,400,0.7142857142857143,18,10,8,363.4046320824855,0.4342225609756098,0.07922047638136687,0.20690726116549618,130234.60493853898,1265.5717384195361,131500.1766769585,1164,5,279.2439024390244,37,4,19,35.54568607440827,0.620777027027027,44.81907894736843,1020.723684210528,27.587126600284538,0
3290,4,0,2,39,0.0,0.04878048780487805,0.9512195121951219,41,1000,500,500,0.5,15,5,10,365.5409714103515,0.43394308943089427,0.08108079792138101,0.20857337780473012,130318.55955678684,1327.3545706371333,131645.91412742398,1165,6,280.2439024390244,37,4,19,35.40592783505156,0.6216216216216216,44.736842105263165,1021.0526315789485,27.59601706970131,0
3291,4,0,0,39,0.0,0.0,1.0,39,1150,800,350,0.6956521739130435,15,8,7,369.45029361095425,0.4307242465137202,0.08931524975190208,0.21112443054554175,130377.57087746546,1833.6063681925355,132211.177245658,1166,7,290.5128205128205,36,3,19,35.246214209578426,0.6241319444444444,44.67905405405406,1021.2837837837851,28.36899399399403,0
3292,4,0,1,38,0.0,0.02564102564102564,0.9743589743589743,39,1100,800,300,0.7272727272727273,14,8,6,365.4151505535229,0.4301057130004498,0.0913445641760422,0.2094385130115046,130492.60567577736,1736.7950298271517,132229.40070560452,1167,8,291.5128205128205,36,3,16,35.23251221573167,0.6252893518518519,44.566441441441455,1021.734234234236,28.381506506506557,0
3293,4,0,0,38,0.0,0.0,1.0,38,1400,900,500,0.6428571428571429,19,9,10,377.13097151161463,0.42985419630156474,0.09167744897533248,0.21602434039798976,130469.43486636227,2240.812944744506,132710.24781110676,1168,9,298.7894736842105,35,3,19,34.95678505343452,0.6270833333333333,44.58912037037037,1021.6435185185182,29.189814814814806,0
3294,4,1,1,38,0.02564102564102564,0.02564102564102564,0.9743589743589743,39,1200,1000,200,0.8333333333333334,14,10,4,372.07172188475965,0.4326360773729195,0.10407090433501787,0.21548857468239702,130895.62694028477,1940.51226057137,132836.13920085615,1169,0,292.1025641025641,36,3,17,34.65367191225561,0.6293402777777778,44.17229729729729,1023.3108108108099,28.425300300300275,0
3295,4,0,0,38,0.0,0.0,1.0,38,650,300,350,0.46153846153846156,10,3,7,376.4390088535982,0.43133594120436225,0.11608226808541033,0.21845318860244228,130972.46334876529,2260.6288580246755,133233.09220678997,1170,1,299.6842105263158,35,3,17,34.46404341926729,0.6321428571428571,44.097222222222214,1023.6111111111101,29.246031746031715,0
3296,4,0,1,37,0.0,0.02631578947368421,0.9736842105263158,38,800,500,300,0.625,11,5,6,376.35223293189927,0.43105440967283076,0.11575079587039983,0.2185709455208564,131002.0834003127,2260.5853212876964,133262.66872160038,1171,2,300.6842105263158,35,3,18,34.43623987186734,0.6324404761904762,44.068287037037024,1023.7268518518499,29.24933862433857,0
3297,4,0,0,37,0.0,0.0,1.0,37,1100,400,700,0.36363636363636365,18,4,14,382.8540871820524,0.42986736736736736,0.12592294689481398,0.22282211488092094,131084.19075963701,2637.2236394557585,133721.41439909278,1172,3,308.56756756756755,34,3,18,34.186574827559475,0.6354166666666667,43.98809523809523,1024.0476190476177,30.119047619047578,0
3298,4,0,0,37,0.0,0.0,1.0,37,1400,1000,400,0.7142857142857143,18,10,8,381.7013882569217,0.43018018018018017,0.1318501862308512,0.22285767621024877,131206.1295351474,2616.3123582766466,133822.44189342405,1173,4,309.56756756756755,34,3,18,34.092493609109944,0.6366421568627452,43.86904761904762,1024.5238095238094,30.133053221288513,0
3299,4,0,1,36,0.0,0.02702702702702703,0.972972972972973,37,1100,800,300,0.7272727272727273,14,8,6,384.3611606847777,0.4298986486486487,0.1281037134695675,0.2251258226867983,131328.125,2695.4861111111118,134023.61111111112,1174,5,310.56756756756755,34,3,19,33.90074525745257,0.6378676470588236,43.75,1025.0,30.147058823529413,0
3300,4,0,0,36,0.0,0.0,1.0,36,1300,1000,300,0.7692307692307693,16,10,6,384.8794698119687,0.4287698412698413,0.14343575058690017,0.22614950565895625,131450.17715419494,2918.4948979591813,134368.6720521541,1175,6,317.9166666666667,34,2,20,33.763834068570546,0.639093137254902,43.63095238095238,1025.4761904761901,30.1610644257703,0
3301,4,0,0,36,0.0,0.0,1.0,36,1400,1000,400,0.7142857142857143,18,10,8,386.5679531148023,0.4281911375661376,0.1443045401209495,0.22768667477718732,131541.75347222216,2969.965277777773,134511.71874999994,1176,7,318.9166666666667,34,2,21,33.62780936907663,0.6400122549019608,43.541666666666664,1025.833333333333,30.17156862745097,0
3302,4,1,0,37,0.02702702702702703,0.0,1.0,37,950,600,350,0.631578947368421,13,6,7,378.2791033525094,0.429710960960961,0.153007993909402,0.224864503834797,131892.24222232928,2578.4158254029335,134470.65804773223,1177,0,311.27027027027026,35,2,17,33.48603286384975,0.6413690476190477,43.200231481481474,1027.1990740740732,29.34854497354495,0
3303,4,0,1,36,0.0,0.02702702702702703,0.972972972972973,37,900,700,200,0.7777777777777778,11,7,4,380.40579209418917,0.42939814814814814,0.15262750923935875,0.22666057867196038,131981.42387902943,2641.299618484221,134622.72349751365,1178,1,312.27027027027026,35,2,18,33.341311857024856,0.6422619047619047,43.113425925925924,1027.5462962962958,29.358465608465597,0
3304,4,0,0,36,0.0,0.0,1.0,36,1200,900,300,0.75,15,9,6,391.6449261448856,0.42744708994708996,0.1577507403115752,0.23309625604347306,131938.95266439894,3134.644274376403,135073.59693877533,1179,2,320.75,34,2,18,33.09554847431442,0.6439950980392157,43.1547619047619,1027.3809523809512,30.21708683473386,0
3305,4,1,0,37,0.02702702702702703,0.0,1.0,37,1050,600,450,0.5714285714285714,15,6,9,382.6459509789372,0.42748998998999,0.15400753436528003,0.2299756496451502,132308.68115837182,2725.476224922834,135034.15738329466,1180,0,313.05405405405406,35,2,19,32.95329902126225,0.6455357142857143,42.795138888888886,1028.819444444444,29.394841269841255,0
3306,4,1,0,38,0.02631578947368421,0.0,1.0,38,1050,700,350,0.6666666666666666,14,7,7,367.4543168986223,0.4285650782361308,0.1529560320080996,0.22308158893865293,132687.90486009672,2151.348688215255,134839.25354831197,1181,0,305.7894736842105,36,2,16,32.96216344227056,0.6472800925925926,42.42680180180181,1030.2927927927938,28.61924424424427,0
3307,4,0,0,38,0.0,0.0,1.0,38,1300,700,600,0.5384615384615384,19,7,12,369.40949080915107,0.4274241346609768,0.15400472666425125,0.22496374380413584,132803.95418645005,2211.8082186916718,135015.76240514172,1182,1,306.7894736842105,36,2,16,32.79503077315269,0.6484375,42.31418918918919,1030.7432432432438,28.631756756756772,0
3308,4,0,1,37,0.0,0.02631578947368421,0.9736842105263158,38,1100,700,400,0.6363636363636364,15,7,8,369.1879730152563,0.4272315078236131,0.15729397223260233,0.22517760779178342,132861.9978720274,2210.2103370262134,135072.2082090536,1183,2,307.7894736842105,36,2,16,32.74235390496997,0.6490162037037037,42.25788288288288,1030.9684684684682,28.63801301301301,0
3309,4,0,0,37,0.0,0.0,1.0,37,1100,700,400,0.6363636363636364,15,7,8,393.7646696503701,0.4262074574574575,0.1849081288333625,0.22727247115504765,130763.47588667825,2928.018384599653,133691.49427127792,1184,3,317.02702702702703,33,4,17,34.232965891844394,0.634469696969697,44.3014705882353,1022.7941176470592,30.993761140819977,7
3310,4,0,0,37,0.0,0.0,1.0,37,750,600,150,0.8,9,6,3,394.2658276678793,0.42608233233233234,0.18825342654263255,0.22774649574697486,130794.81336805549,2913.5850694444343,133708.3984374999,1185,4,318.02702702702703,33,4,17,34.188306177868284,0.6347853535353536,44.27083333333333,1022.9166666666661,30.99747474747473,0
3311,4,0,0,37,0.0,0.0,1.0,37,1100,800,300,0.7272727272727273,14,8,6,392.9459501692154,0.4255505505505506,0.1894375473530996,0.22779206565102805,130931.84700963726,2889.8278061224573,133821.67481575973,1186,5,319.02702702702703,34,3,19,34.08286805474778,0.6338848039215687,44.136904761904766,1023.4523809523815,30.101540616246517,0
3312,4,0,1,36,0.0,0.02702702702702703,0.972972972972973,37,800,400,400,0.5,12,4,8,395.9515851376963,0.42517517517517517,0.1918821507241455,0.23026231127581678,131053.71492346957,2978.185232426323,134031.90015589588,1187,6,320.02702702702703,34,3,19,33.88220361973414,0.6351102941176471,44.01785714285715,1023.9285714285729,30.115546218487438,0
3313,4,1,1,36,0.02702702702702703,0.02702702702702703,0.972972972972973,37,550,500,50,0.9090909090909091,6,5,1,397.4723828861844,0.4244244244244244,0.19696279661416205,0.23188134608377087,131175.63952664414,3027.7388038548916,134203.37833049902,1188,0,320.8378378378378,34,3,20,33.71949447995352,0.6363357843137255,43.89880952380953,1024.404761904763,30.129551820728324,0
3314,4,0,0,36,0.0,0.0,1.0,36,1250,1000,250,0.8,15,10,5,402.87250591290893,0.4236111111111111,0.1975998777684771,0.23577486122810776,131296.72369100837,3379.16801831028,134675.89170931865,1189,1,326.52777777777777,33,3,20,33.45826358164932,0.6398358585858586,43.78063725490197,1024.8774509803932,31.05689245395131,0
3315,4,0,0,36,0.0,0.0,1.0,36,1050,600,450,0.5714285714285714,15,6,9,401.2487156872361,0.4236441798941799,0.1928847022123712,0.2356139421616811,131425.20732897177,3346.8428845013036,134772.05021347306,1190,2,327.52777777777777,32,4,20,33.36950498707058,0.6435546875,43.655303030303045,1025.3787878787898,32.04308712121218,0
3316,4,0,0,36,0.0,0.0,1.0,36,950,700,250,0.7368421052631579,12,7,5,403.3470863905327,0.4228505291005291,0.19419145299145302,0.23765011435265254,131554.70623214473,3412.4414919396067,134967.14772408432,1191,3,328.52777777777777,32,4,16,33.184358974358986,0.6448567708333333,43.52904040404041,1025.8838383838388,32.05886994949496,0
3317,4,0,0,36,0.0,0.0,1.0,36,1150,800,350,0.6956521739130435,15,8,7,403.2130607096518,0.4228670634920635,0.19310526243867776,0.23878553507867317,131749.0741537855,3424.5894870421657,135173.66364082767,1192,4,329.52777777777777,32,4,16,32.990765793465336,0.6468098958333333,43.33964646464648,1026.6414141414157,32.08254419191924,0
3318,4,0,0,36,0.0,0.0,1.0,36,650,300,350,0.46153846153846156,10,3,7,401.20602276685355,0.423098544973545,0.18968548355936843,0.23821089872055365,131847.23816609976,3379.5812074829955,135226.81937358275,1193,5,330.52777777777777,34,2,16,32.94284417139988,0.6430759803921569,43.24404761904762,1027.0238095238094,30.206582633053216,0
3319,4,1,1,36,0.02702702702702703,0.02702702702702703,0.972972972972973,37,900,500,400,0.5555555555555556,13,5,8,392.60742440309764,0.42501876876876876,0.185867091765336,0.23503533412379501,132159.87761488333,2977.38983196158,135137.2674468449,1194,0,322.56756756756755,35,2,17,32.84744109260093,0.644047619047619,42.93981481481481,1028.24074074074,29.378306878306855,0
3320,4,0,0,36,0.0,0.0,1.0,36,1100,800,300,0.7272727272727273,14,8,6,403.3776845316574,0.42319775132275134,0.1911238529158139,0.24066064620330307,132030.6990504534,3451.64753401359,135482.34658446698,1195,1,332.3611111111111,34,2,17,32.701310861423224,0.6449142156862745,43.06547619047618,1027.7380952380945,30.227591036414545,0
3321,4,0,0,36,0.0,0.0,1.0,36,1100,700,400,0.6363636363636364,15,7,8,403.7679050353435,0.42208994708994707,0.19430938231586525,0.24186873534641468,132183.68055555565,3474.305555555565,135657.9861111112,1196,2,333.3611111111111,34,2,18,32.536466774716374,0.6464460784313726,42.91666666666667,1028.3333333333342,30.245098039215712,0
3322,4,0,0,36,0.0,0.0,1.0,36,1000,900,100,0.9,11,9,2,400.70542909807955,0.42180886243386245,0.19328703703703742,0.24042325745884774,132244.89795918364,3398.2497165532823,135643.14767573692,1197,3,334.3611111111111,34,2,18,32.55328896604938,0.6470588235294117,42.857142857142854,1028.5714285714282,30.252100840336123,0
3323,4,0,0,36,0.0,0.0,1.0,36,1300,1100,200,0.8461538461538461,15,11,4,397.8101591568457,0.4219907407407408,0.18589743589743613,0.23965636417497785,132398.00347222228,3333.8541666666724,135731.85763888896,1198,4,335.3611111111111,34,2,19,32.473009446693666,0.6485906862745099,42.708333333333336,1029.166666666667,30.269607843137265,0
3324,4,0,0,36,0.0,0.0,1.0,36,1200,900,300,0.75,15,9,6,396.9629063626206,0.42134589947089945,0.1802616872856213,0.2399253792543889,132520.55165816325,3321.148667800456,135841.7003259637,1199,5,336.3611111111111,34,2,19,32.37103518711219,0.6498161764705883,42.589285714285715,1029.642857142857,30.28361344537815,0
3325,4,0,1,35,0.0,0.027777777777777776,0.9722222222222222,36,1050,800,250,0.7619047619047619,13,8,5,398.58090899922865,0.42134589947089945,0.1818219756795978,0.24169030172181655,132643.1565334466,3373.80598072561,136016.96251417222,1200,6,337.3611111111111,34,2,16,32.20559343580261,0.6510416666666667,42.47023809523809,1030.1190476190466,30.297619047619015,0
3326,4,0,0,35,0.0,0.0,1.0,35,1100,800,300,0.7272727272727273,14,8,6,409.3856757011564,0.4196078431372549,0.19959538260145204,0.24766507076434954,132555.70461180783,3853.2813401095596,136408.9859519174,1201,7,346.8285714285714,33,2,20,32.0157235511127,0.6524621212121212,42.55514705882352,1029.779411764705,31.205436720142576,0
3327,4,0,0,35,0.0,0.0,1.0,35,800,200,600,0.25,14,2,12,409.22597487897974,0.4190826330532213,0.19901759156964438,0.24798444980950413,132618.81134960096,3854.2124723663815,136473.02382196733,1202,8,347.8285714285714,33,2,20,31.956052944675786,0.6530934343434344,42.4938725490196,1030.0245098039204,31.212863933452134,0
3328,4,0,0,35,0.0,0.0,1.0,35,700,500,200,0.7142857142857143,9,5,4,409.81726447895835,0.4191526610644258,0.19705487711670133,0.249599783601196,132808.22167255374,3885.420421232209,136693.64209378595,1203,9,348.8285714285714,33,2,17,31.749469940157734,0.6549873737373737,42.31004901960784,1030.759803921568,31.235145573380848,0
3329,4,0,1,34,0.0,0.02857142857142857,0.9714285714285714,35,1250,800,450,0.64,17,8,9,407.76635606901635,0.41799719887955183,0.20086559513908964,0.2496123213842116,132997.76715986637,3846.402976018837,136844.17013588522,1204,10,349.8285714285714,33,2,17,31.61100055443349,0.6568813131313131,42.12622549019608,1031.4950980392155,31.25742721330956,0
3330,4,0,0,34,0.0,0.0,1.0,34,1000,900,100,0.9,11,9,2,418.14026834441745,0.4156268568033274,0.21588797164714535,0.25519681848284853,132885.74667125806,4312.976354453626,137198.7230257117,1205,28,360.8235294117647,32,2,19,31.456649522409975,0.658203125,42.234848484848484,1031.0606060606062,32.220643939393945,0
3331,4,0,0,34,0.0,0.0,1.0,34,1050,900,150,0.8571428571428571,12,9,3,392.9442167662122,0.41538547237076645,0.1719751493010746,0.22059018765852687,129683.2135273185,3391.653753443512,133074.867280762,1206,29,361.8235294117647,32,2,17,35.353910995413415,0.6259765625,45.35984848484848,1018.5606060606049,31.830018939393902,8
3332,4,0,0,34,0.0,0.0,1.0,34,700,300,400,0.42857142857142855,11,3,8,395.398610228459,0.4157754010695187,0.17545035853786506,0.22288111604498081,129844.02101826365,3468.0290914192706,133312.05010968292,1207,30,362.8235294117647,32,2,17,35.127343491906174,0.6276041666666667,45.202020202020215,1019.1919191919209,31.849747474747527,0
3333,4,1,0,35,0.02857142857142857,0.0,1.0,35,1100,600,500,0.5454545454545454,16,6,10,388.51483917519516,0.4177170868347339,0.1787162716125854,0.22155235301619694,130295.81917656801,3125.7189667087505,133421.53814327676,1208,0,353.42857142857144,31,4,20,34.84262742847425,0.634744623655914,44.759114583333336,1020.9635416666673,32.93430779569895,0
3334,4,1,0,36,0.027777777777777776,0.0,1.0,36,1150,500,650,0.43478260869565216,18,5,13,381.0203040375718,0.4199900793650793,0.1762803363926957,0.21963583219930943,130714.1032324509,2760.9454711254093,133475.04870357632,1209,0,344.5833333333333,32,4,19,34.60895378030208,0.6363932291666667,44.34974747474748,1022.6010101010112,31.9562815656566,0
3335,4,0,0,36,0.0,0.0,1.0,36,1200,900,300,0.75,15,9,6,378.46434077951886,0.4197585978835979,0.1672055888223556,0.21915237486192668,130888.84833958092,2707.3523404459843,133596.2006800269,1210,1,345.5833333333333,33,3,19,34.49700598802396,0.6357323232323233,44.17892156862745,1023.2843137254902,31.008615567439097,0
3336,4,0,1,35,0.0,0.027777777777777776,0.9722222222222222,36,1050,800,250,0.7619047619047619,13,8,5,428.436644358723,0.42027116402116405,0.26045987500691314,0.23453112221162817,128688.43102744634,3852.9495050554674,132541.3805325018,1211,2,346.5833333333333,32,4,18,35.4705906752945,0.6158854166666667,46.33838383838385,1014.6464646464658,31.707702020202056,8
3337,4,1,0,36,0.027777777777777776,0.0,1.0,36,750,700,50,0.9333333333333333,8,7,1,422.12245908248315,0.4214451058201058,0.2744229070024298,0.2333270295807573,129073.05377002356,3696.92697173759,132769.98074176116,1212,0,347.47222222222223,32,4,19,35.235979953611675,0.6197916666666667,45.959595959595966,1016.1616161616168,31.755050505050527,0
3338,4,1,0,37,0.02702702702702703,0.0,1.0,37,1250,800,450,0.64,17,8,9,418.9346888910352,0.4246746746746746,0.2803894894150285,0.23498798335153617,129651.06398581785,3463.1294000612265,133114.19338587907,1213,0,339.05405405405406,32,5,19,34.724977270848825,0.6256510416666667,45.391414141414145,1018.434343434344,31.82607323232325,0
3339,4,0,0,37,0.0,0.0,1.0,37,700,700,0,1.0,7,7,0,421.0030264921714,0.4245182682682683,0.2856425198432637,0.2369242973355525,129779.68606519741,3527.5281221303967,133307.2141873278,1214,1,340.05405405405406,32,5,19,34.540737298636934,0.626953125,45.265151515151516,1018.9393939393938,31.841856060606055,0
3340,4,2,0,39,0.05128205128205128,0.0,1.0,39,950,500,450,0.5263157894736842,14,5,9,405.5499667809318,0.4272941970310391,0.28492211364183695,0.232415745835078,130488.2473727172,2785.69438067546,133273.94175339266,1215,0,323.56410256410254,32,7,20,34.21177294447192,0.6341145833333333,44.57070707070708,1021.7171717171727,31.928661616161648,0
3341,4,0,0,39,0.0,0.0,1.0,39,1500,700,800,0.4666666666666667,23,7,16,398.7954835214875,0.4275472334682861,0.2771249089367396,0.22954796330311888,130657.8514739229,2621.152210884354,133279.00368480725,1216,1,324.56410256410254,34,5,20,34.211739248563894,0.6311274509803921,44.404761904761905,1022.3809523809523,30.070028011204478,0
3342,4,0,0,39,0.0,0.0,1.0,39,1000,700,300,0.7,13,7,6,397.74059483410804,0.427519118308592,0.27316991620170095,0.22912099054528207,130688.28125000001,2596.0069444444457,133284.28819444447,1217,2,325.56410256410254,34,5,20,34.20775604455311,0.6314338235294117,44.375,1022.5000000000001,30.07352941176471,0
3343,4,1,1,39,0.025,0.025,0.975,40,1050,800,250,0.7619047619047619,13,8,5,388.2795241584466,0.42967414529914527,0.2752430751837198,0.22549785890882845,131002.08340031283,2173.085321287711,133175.16872160052,1218,0,318.4,35,5,21,34.130982664405494,0.6324404761904762,44.06828703703703,1023.726851851851,29.249338624338602,0
3344,4,0,1,38,0.0,0.02564102564102564,0.9743589743589743,39,950,700,250,0.7368421052631579,12,7,5,391.2654630831666,0.42794084570400365,0.2764872258543152,0.22775768535262217,131090.96364883397,2458.2733196159124,133549.2369684499,1219,1,324.43589743589746,35,4,21,33.964361060880066,0.6333333333333333,43.98148148148148,1024.0740740740737,29.25925925925925,0
3345,4,0,0,38,0.0,0.0,1.0,38,1350,1000,350,0.7407407407407407,17,10,7,399.30482041500903,0.42649063537221427,0.2871884596157972,0.23172256113847373,130972.4633487654,2859.5871913580254,133832.05054012343,1220,2,333.7105263157895,35,3,21,33.87890094979647,0.6321428571428571,44.09722222222222,1023.611111111111,29.246031746031743,0
3346,4,0,0,38,0.0,0.0,1.0,38,1200,900,300,0.75,15,9,6,392.1306178914881,0.42706851588430533,0.2750623026092751,0.22843738233849756,131120.59709630057,2683.2801515346405,133803.87724783522,1221,3,334.7105263157895,35,3,21,33.91214167325876,0.6336309523809525,43.9525462962963,1024.1898148148148,29.262566137566136,0
3347,4,0,1,37,0.0,0.02631578947368421,0.9736842105263158,38,800,700,100,0.875,9,7,2,395.978146912423,0.42690552394499764,0.27878568116700153,0.23157136808207357,131268.81456832995,2795.9163880315573,134064.7309563615,1222,4,335.7105263157895,35,3,21,33.663221895941575,0.6351190476190476,43.807870370370374,1024.768518518519,29.279100529100543,0
3348,4,0,0,37,0.0,0.0,1.0,37,950,700,250,0.7368421052631579,12,7,5,393.1974073123794,0.4271146146146146,0.2640186682556429,0.23049601082810162,131360.48179076108,2930.146964524588,134290.62875528567,1223,5,336.9189189189189,32,5,21,33.641509627622455,0.6429036458333333,43.71843434343434,1025.1262626262621,32.03519570707069,0
3349,4,0,0,37,0.0,0.0,1.0,37,750,400,350,0.5333333333333333,11,4,7,391.884206627071,0.4263013013013013,0.26086638226505343,0.230309951246387,131457.57607642066,2903.22958116518,134360.80565758585,1224,6,337.9189189189189,32,5,21,33.57675654600674,0.6438802083333333,43.62373737373737,1025.5050505050497,32.0470328282828,0
3350,4,0,0,37,0.0,0.0,1.0,37,1100,600,500,0.5454545454545454,16,6,10,391.61824802707207,0.4260197697697698,0.26110822787336807,0.23054395992550253,131522.3255280074,2901.3085399449074,134423.6340679523,1225,7,338.9189189189189,32,5,21,33.51797144263909,0.64453125,43.56060606060606,1025.7575757575762,32.054924242424256,0
3351,4,0,0,37,0.0,0.0,1.0,37,850,600,250,0.7058823529411765,11,6,5,396.567990401606,0.4260197697697698,0.26773648648648685,0.23425178967908808,131651.87225793282,3041.7836827874676,134693.6559407203,1226,8,339.9189189189189,32,5,20,33.259770751312345,0.6458333333333333,43.43434343434343,1026.2626262626259,32.07070707070706,0
3352,4,0,0,37,0.0,0.0,1.0,37,1400,1000,400,0.7142857142857143,18,10,8,398.37909369965166,0.42583208208208206,0.2717259807766448,0.23612381851060993,131781.48275686157,3099.7975334149614,134881.28029027654,1227,9,340.9189189189189,32,5,20,33.0820113953107,0.6471354166666667,43.30808080808081,1026.7676767676771,32.08648989898991,0
3353,4,0,0,37,0.0,0.0,1.0,37,1000,700,300,0.7,13,7,6,396.0106809737951,0.42511261261261263,0.26807740803683977,0.23522080207238694,131862.521701389,3043.793402777788,134906.31510416677,1228,10,341.9189189189189,33,4,20,33.06076741041244,0.6455176767676767,43.22916666666667,1027.0833333333342,31.1237373737374,0
3354,4,0,0,37,0.0,0.0,1.0,37,1100,800,300,0.7272727272727273,14,8,6,392.2649163735819,0.4244557057057057,0.26106464245999117,0.2337698169006743,131988.41979346893,2954.885290513269,134943.3050839822,1229,11,342.9189189189189,33,4,20,33.0295915324985,0.646780303030303,43.106617647058826,1027.5735294117653,31.138591800356526,0
3355,4,0,0,37,0.0,0.0,1.0,37,1150,600,550,0.5217391304347826,17,6,11,414.74821528491645,0.42383008008008005,0.25696148089528137,0.23937158200316067,130761.51741875529,3496.9098464748577,134258.42726523016,1230,12,343.9189189189189,31,6,19,33.69841396138341,0.6394489247311828,44.30338541666666,1022.7864583333322,32.99311155913975,6
3356,4,0,1,36,0.0,0.02702702702702703,0.972972972972973,37,1200,800,400,0.6666666666666666,16,8,8,418.0344496162734,0.4230480480480481,0.2595543755996741,0.24210263371660218,130894.72664727099,3543.7010023328908,134438.42764960387,1231,13,344.9189189189189,31,6,19,33.478734571828475,0.6407930107526882,44.17317708333333,1023.3072916666661,33.009912634408586,0
3357,4,0,0,36,0.0,0.0,1.0,36,1450,1100,350,0.7586206896551724,18,11,7,425.8577255427377,0.419890873015873,0.2674213230571616,0.24632439261636163,130846.37674875706,3944.388079546766,134790.76482830383,1232,14,355.0,30,6,20,33.327859520056045,0.6430555555555555,44.22043010752688,1023.1182795698923,34.10394265232974,0
3358,4,1,0,37,0.02702702702702703,0.0,1.0,37,1100,800,300,0.7272727272727273,14,8,6,410.8737514790197,0.42095220220220225,0.2676692688492872,0.24087118389934534,131362.5694625101,3395.5715617412316,134758.14102425132,1233,0,346.3783783783784,30,7,21,33.18637734364756,0.6482638888888889,43.71639784946236,1025.1344086021502,34.17114695340501,0
3359,4,1,0,38,0.02631578947368421,0.0,1.0,38,950,700,250,0.7368421052631579,12,7,5,405.80280910616375,0.4222972972972973,0.28304738643870997,0.24082518851921078,131829.0901184081,3099.323018391913,134928.4131368,1234,0,338.2368421052632,31,7,20,32.84320717636617,0.6502016129032258,43.26171874999999,1026.953124999999,33.12752016129029,0
3360,4,0,0,38,0.0,0.0,1.0,38,750,600,150,0.8,9,6,3,405.46339492014636,0.4221787577050735,0.2777518329986459,0.2410475299566718,131895.95752292202,3095.7965426974733,134991.7540656195,1235,1,339.2368421052632,31,7,20,32.78417733553049,0.6508736559139785,43.19661458333333,1027.213541666666,33.135920698924714,0
3361,4,0,2,36,0.0,0.05263157894736842,0.9473684210526316,38,1000,900,100,0.9,11,9,2,403.7974622542856,0.4221046704599336,0.27531852444800253,0.24026862573049113,131929.39758300778,3054.551188151041,134983.94877115882,1236,2,340.2368421052632,31,7,20,32.79309252217999,0.6512096774193548,43.1640625,1027.3437499999998,33.14012096774193,0
3362,4,0,0,36,0.0,0.0,1.0,36,950,600,350,0.631578947368421,13,6,7,412.6800541668476,0.42012235449735447,0.2547035628784682,0.24555396888208342,131929.39758300778,3688.926188151042,135618.32377115882,1237,3,323.22222222222223,31,5,20,32.56495564005071,0.6512096774193548,43.1640625,1027.3437499999998,33.14012096774193,0
3363,4,1,0,37,0.02702702702702703,0.0,1.0,37,1250,700,550,0.56,18,7,11,422.54085307918604,0.4222972972972973,0.2985019725407614,0.24020262421658184,130173.98787133486,3609.7343539014255,133783.7222252363,1238,0,315.4594594594595,35,2,20,34.09854542361348,0.6241071428571429,44.87847222222222,1020.486111111111,29.156746031746028,8
3364,4,0,0,37,0.0,0.0,1.0,37,1100,800,300,0.7272727272727273,14,8,6,425.4899958899683,0.42204704704704704,0.29670098615386187,0.2426376042016905,130295.81917656807,3688.034076455218,133983.8532530233,1239,1,316.4594594594595,31,6,20,33.89887025464439,0.634744623655914,44.75911458333334,1020.9635416666678,32.93430779569896,0
3365,4,0,1,36,0.0,0.02702702702702703,0.972972972972973,37,1100,800,300,0.7272727272727273,14,8,6,426.8291296210656,0.4207957957957958,0.28699767827986,0.2444453540880936,130462.04460991762,3737.0001898871615,134199.04479980477,1240,2,317.4594594594595,31,6,20,33.694982581357806,0.6364247311827957,44.59635416666667,1021.614583333334,32.95530913978497,0
3366,4,0,0,36,0.0,0.0,1.0,36,1200,900,300,0.75,15,9,6,443.5097448649812,0.4211309523809524,0.21724193738229736,0.24341465067008286,128791.7678344318,4341.72608226363,133133.4939166954,1241,3,322.4166666666667,30,6,17,34.98190324858757,0.6222222222222222,46.23655913978495,1015.0537634408608,33.8351254480287,8
3367,4,0,0,36,0.0,0.0,1.0,36,850,600,250,0.7058823529411765,11,6,5,445.18699916714286,0.420734126984127,0.2224905532765793,0.24538863258250185,128962.36423647248,4282.473587987054,133244.83782445954,1242,4,323.4166666666667,30,6,19,34.76385029332628,0.6239583333333334,46.068548387096776,1015.7258064516133,33.85752688172044,0
3368,4,0,0,36,0.0,0.0,1.0,36,950,700,250,0.7368421052631579,12,7,5,441.7021823545866,0.4197585978835979,0.22444985338913082,0.24453384648651788,129135.2081298828,4207.860649956597,133343.0687798394,1243,5,324.4166666666667,31,5,20,34.674716030403964,0.622983870967742,45.8984375,1016.4062499999999,32.78729838709677,0
3369,4,2,0,38,0.05263157894736842,0.0,1.0,38,1050,800,250,0.7619047619047619,13,8,5,422.258647115472,0.4252459696538644,0.22711144562120356,0.23895445984164562,129996.88042534716,3378.4952799479083,133375.37570529507,1244,0,308.2894736842105,31,7,19,34.28668709567586,0.6317204301075269,45.05208333333333,1019.7916666666661,32.89650537634407,0
3370,4,0,0,38,0.0,0.0,1.0,38,950,700,250,0.7368421052631579,12,7,5,422.65585388490877,0.4256164058795638,0.23033285191280717,0.23979063107807805,130096.4885287814,3397.208489312058,133493.69701809346,1245,1,309.2894736842105,31,7,19,34.17477664326739,0.632728494623656,44.95442708333333,1020.1822916666661,32.90910618279568,0
3371,4,0,0,38,0.0,0.0,1.0,38,1200,900,300,0.75,15,9,6,420.3984094763521,0.42576458036984355,0.2275449881507332,0.2393310381835795,130230.36552392604,3349.7277063564866,133580.09323028254,1246,2,310.2894736842105,32,6,19,34.09564159656936,0.6315104166666667,44.82323232323232,1020.70707070707,31.897095959595937,0
3372,4,0,1,37,0.0,0.02631578947368421,0.9736842105263158,38,1200,1000,200,0.8333333333333334,14,10,4,420.3984094763521,0.42567567567567566,0.2275449881507332,0.2393310381835795,130230.36552392604,3349.7277063564866,133580.09323028254,1247,3,311.2894736842105,32,6,19,34.09564159656936,0.6315104166666667,44.82323232323232,1020.70707070707,31.897095959595937,0
3373,4,1,1,37,0.02631578947368421,0.02631578947368421,0.9736842105263158,38,1250,1000,250,0.8,15,10,5,413.2946969138283,0.42801683262209583,0.23310618204744715,0.23689725980152004,130495.30241224493,3186.607277392117,133681.90968963705,1248,0,311.3421052631579,31,7,15,34.006759483454395,0.636760752688172,44.56380208333333,1021.744791666666,32.95950940860213,0
3374,4,0,0,37,0.0,0.0,1.0,37,1250,700,550,0.56,18,7,11,424.9522160664824,0.4231106106106106,0.25262446657183557,0.24319554533925167,130434.1542374839,3685.656578795211,134119.81081627912,1249,5,320.7567567567568,30,7,20,33.77138157894736,0.6388888888888888,44.62365591397848,1021.5053763440844,34.050179211469484,0
3375,4,1,0,38,0.02631578947368421,0.0,1.0,38,800,500,300,0.625,11,5,6,413.08859941953966,0.4261942863916548,0.24924453080505193,0.238413736108779,130761.51741875532,3203.218417697465,133964.73583645278,1250,0,313.2894736842105,31,7,17,33.74084977721196,0.6394489247311828,44.30338541666666,1022.7864583333325,32.993111559139756,0
3376,4,0,0,38,0.0,0.0,1.0,38,1150,700,450,0.6086956521739131,16,7,9,410.77375692644256,0.42604611190137504,0.24780785487965806,0.23748707933561852,130828.11355590809,3148.1511433919145,133976.2646993,1251,1,314.2894736842105,31,7,17,33.73226104110984,0.6401209677419355,44.23828124999999,1023.0468749999991,33.001512096774164,0
3377,4,0,1,37,0.0,0.02631578947368421,0.9736842105263158,38,1000,600,400,0.6,14,6,8,410.7064467882605,0.42533487434803224,0.24908263023972155,0.2380643563241685,130928.03955078112,3154.5979817708203,134082.63753255195,1252,2,315.2894736842105,31,7,17,33.6323155216285,0.6411290322580645,44.14062499999999,1023.437499999999,33.01411290322577,0
3378,4,0,1,36,0.0,0.02702702702702703,0.972972972972973,37,950,700,250,0.7368421052631579,12,7,5,419.20562321057446,0.4246746746746746,0.2421039555642317,0.24312649053682583,130949.53399598213,3578.9562015839942,134528.49019756613,1253,3,301.56756756756755,30,7,18,33.3929743926461,0.6440972222222222,44.119623655913976,1023.5215053763436,34.117383512544784,0
3379,4,0,1,35,0.0,0.027777777777777776,0.9722222222222222,36,1400,900,500,0.6428571428571429,19,9,10,387.63907225385447,0.4236441798941799,0.12088722486952563,0.21986169773780395,130085.4190779321,2885.2382330246933,132970.6573109568,1254,4,292.4166666666667,35,1,19,35.07913546630362,0.6232142857142857,44.96527777777778,1020.1388888888889,29.1468253968254,8
3380,4,2,2,35,0.05405405405405406,0.05405405405405406,0.9459459459459459,37,800,500,300,0.625,11,5,6,371.631368222279,0.42439314314314314,0.13014901694147007,0.21357609956870724,130597.00255102043,2307.0296752960467,132904.03222631649,1255,0,285.18918918918916,34,3,14,34.96777700131997,0.6305147058823529,44.464285714285715,1022.1428571428573,30.06302521008404,0
3381,4,0,1,34,0.0,0.02857142857142857,0.9714285714285714,35,900,600,300,0.6666666666666666,12,6,6,387.59070513819836,0.4186624649859944,0.13805858242527314,0.22066419029581077,130232.2066326529,3095.3585600906845,133327.56519274358,1256,6,302.48571428571427,34,1,19,34.930944327812774,0.6268382352941176,44.82142857142856,1020.7142857142844,30.021008403361307,0
3382,4,0,0,34,0.0,0.0,1.0,34,900,700,200,0.7777777777777778,11,7,4,396.1942483023564,0.4143085264408794,0.15187776011305454,0.22483415931268697,130106.2560823962,3509.47006559977,133615.72614799597,1257,13,312.20588235294116,33,1,20,34.83971471471472,0.6278409090909092,44.94485294117647,1020.2205882352941,30.91577540106952,0
3383,4,0,0,34,0.0,0.0,1.0,34,850,500,350,0.5882352941176471,12,5,7,393.6421326940308,0.41384432560903145,0.14389444538622342,0.22392429515545687,130200.04325259515,3450.4445405613196,133650.48779315647,1258,14,313.20588235294116,33,1,20,34.809277937880246,0.6287878787878788,44.85294117647059,1020.5882352941176,30.926916221033867,0
3384,4,1,1,34,0.02857142857142857,0.02857142857142857,0.9714285714285714,35,900,600,300,0.6666666666666666,12,6,6,381.2340056012743,0.415406162464986,0.14114422747516264,0.21897325115114508,130575.52984429065,2955.9814734717397,133531.5113177624,1259,0,305.22857142857146,33,2,18,34.744204636290974,0.6325757575757576,44.48529411764706,1022.0588235294117,30.971479500891263,0
3385,4,0,0,34,0.0,0.0,1.0,34,850,500,350,0.5882352941176471,12,5,7,387.77266299532334,0.4141042780748663,0.14474745786118715,0.22241276836436247,130520.50053884818,3322.456413886347,133842.95695273453,1260,1,314.44117647058823,32,2,19,34.633067671650394,0.6344401041666667,44.53914141414142,1021.8434343434352,31.93260732323235,0
3386,4,1,0,35,0.02857142857142857,0.0,1.0,35,1050,700,350,0.6666666666666666,14,7,7,375.29767736359304,0.417296918767507,0.14260782847170295,0.21721774659529164,130870.93431122447,2823.111536281175,133694.04584750565,1261,0,306.42857142857144,34,1,20,34.59617994958309,0.6332720588235294,44.19642857142857,1023.2142857142854,30.094537815126042,0
3387,4,0,0,35,0.0,0.0,1.0,35,450,400,50,0.8888888888888888,5,4,1,375.0454160094287,0.417296918767507,0.14310639924226076,0.2174150668532069,130931.84700963713,2821.0778061224432,133752.9248157596,1262,1,307.42857142857144,34,1,20,34.540876662401615,0.6338848039215687,44.13690476190476,1023.4523809523805,30.101540616246485,0
3388,4,0,0,35,0.0,0.0,1.0,35,700,500,200,0.7142857142857143,9,5,4,377.24445646295294,0.41740196078431374,0.14431893687707675,0.21920961659333751,131023.24263038544,2885.5583900226684,133908.8010204081,1263,2,308.42857142857144,34,1,20,34.391957364341074,0.6348039215686274,44.047619047619044,1023.8095238095234,30.11204481792716,0
3389,4,0,1,34,0.0,0.02857142857142857,0.9714285714285714,35,1000,800,200,0.8,12,8,4,376.2963643220553,0.4171218487394958,0.14602805677762132,0.21952747220279883,131175.63952664388,2872.183248299308,134047.8227749432,1264,3,309.42857142857144,34,1,20,34.261814836335475,0.6363357843137255,43.89880952380952,1024.404761904761,30.129551820728267,0
3390,4,0,1,33,0.0,0.029411764705882353,0.9705882352941176,34,1150,900,250,0.782608695652174,14,9,5,381.0548759461875,0.4155340166369578,0.13448945284200065,0.2230064329977582,131296.72369100823,3206.251351643599,134502.97504265181,1265,4,298.79411764705884,33,1,21,34.01727350631752,0.6398358585858586,43.78063725490196,1024.877450980392,31.056892453951274,0
3391,4,0,0,33,0.0,0.0,1.0,33,1050,600,450,0.5714285714285714,15,6,9,383.30795692811967,0.412918244949495,0.12816842882866242,0.22529354244521424,131461.62245008687,3478.0609377252827,134939.68338781214,1266,5,302.45454545454544,31,2,23,33.79253428136109,0.646505376344086,43.61979166666667,1025.520833333334,33.081317204301094,0
3392,4,0,0,33,0.0,0.0,1.0,33,700,400,300,0.5714285714285714,10,4,6,385.8531614483142,0.41283933080808083,0.1281974351281283,0.22718618878100302,131528.3966064453,3550.1295301649297,135078.52613661025,1267,6,303.45454545454544,31,2,23,33.659664043327396,0.6471774193548387,43.5546875,1025.78125,33.08971774193548,0
3393,4,0,0,33,0.0,0.0,1.0,33,1050,800,250,0.7619047619047619,13,8,5,385.0292466209931,0.41157670454545453,0.12382188021951746,0.22743588056216815,131651.87225793296,3537.9642383430364,135189.836496276,1268,7,304.45454545454544,32,1,16,33.5558152887139,0.6458333333333333,43.43434343434344,1026.262626262627,32.070707070707094,0
3394,4,0,0,33,0.0,0.0,1.0,33,800,600,200,0.75,10,6,4,384.9729715009327,0.411300505050505,0.12434306161243458,0.22778968401037739,131716.66953627195,3541.471533517008,135258.14106978895,1269,8,305.45454545454544,32,1,16,33.49169741697417,0.646484375,43.37121212121213,1026.5151515151526,32.07859848484852,0
3395,4,0,1,32,0.0,0.030303030303030304,0.9696969696969697,33,850,700,150,0.8235294117647058,10,7,3,385.6346556462659,0.41082702020202017,0.12733755854375506,0.228764890909634,131813.89534550055,3566.4012281910086,135380.29657369156,1270,9,306.45454545454544,32,1,16,33.37636788392968,0.6474609375,43.276515151515156,1026.89393939394,32.09043560606062,0
3396,4,0,0,32,0.0,0.0,1.0,32,750,600,150,0.8,9,6,3,396.5473883653293,0.41009324596774194,0.1262959733671527,0.2349193206056063,131762.23966810427,4049.9944051106568,135812.23407321493,1271,10,303.40625,31,1,17,33.1485151130839,0.6495295698924731,43.32682291666666,1026.6927083333323,33.119119623655884,0
3397,4,1,1,32,0.030303030303030304,0.030303030303030304,0.9696969696969697,33,1250,900,350,0.72,16,9,7,385.40883372036956,0.4143781565656566,0.1255597369096937,0.23019906935565132,132073.33953486886,3580.446351137633,135653.7858860065,1272,0,295.1818181818182,32,1,18,33.119907464275464,0.6500651041666667,43.023989898989896,1027.9040404040402,32.122001262626256,0
3398,4,0,1,31,0.0,0.03125,0.96875,32,450,400,50,0.8888888888888888,5,4,1,395.2148299377651,0.4109753024193548,0.13650440375110873,0.2353690734368983,131962.84188164593,4030.7344224717694,135993.5763041177,1273,1,305.0625,31,1,18,32.97968677396189,0.6515456989247312,43.13151041666666,1027.4739583333323,33.14432123655911,0
3399,4,0,0,31,0.0,0.0,1.0,31,550,400,150,0.7272727272727273,7,4,3,406.8727556810393,0.40963261648745525,0.14314305016044582,0.24134377743813204,131810.75846918713,4526.041305353208,136336.79977454033,1274,2,314.7741935483871,30,1,19,32.83431500872599,0.6527777777777778,43.27956989247311,1026.881720430107,34.229390681003565,0
3400,4,0,0,31,0.0,0.0,1.0,31,1200,700,500,0.5833333333333334,17,7,10,410.2020683067526,0.4082885304659498,0.15110844918342603,0.2450957358132845,132086.94646779966,4636.46772748294,136723.4141952826,1275,3,315.7741935483871,30,1,20,32.46900061018132,0.6555555555555556,43.01075268817204,1027.9569892473112,34.265232974910376,0
3401,4,0,0,31,0.0,0.0,1.0,31,1000,500,500,0.5,15,5,10,406.57114784911795,0.40801971326164876,0.14355471220746407,0.243370053289965,132156.0386316337,4546.16646433114,136702.20509596486,1276,4,316.7741935483871,30,1,20,32.49237472766886,0.65625,42.943548387096776,1028.225806451613,34.274193548387096,0
3402,4,0,0,31,0.0,0.0,1.0,31,950,700,250,0.7368421052631579,12,7,5,408.4804795318792,0.40824372759856625,0.1401868370908721,0.24496023741206424,132225.14886114,4602.278442594517,136827.42730373453,1277,5,317.7741935483871,30,1,21,32.37334465934832,0.6569444444444444,42.876344086021504,1028.494623655914,34.2831541218638,0
3403,4,0,0,31,0.0,0.0,1.0,31,400,300,100,0.75,5,3,2,408.2694136356001,0.4083333333333334,0.13915689820142219,0.24505771157280373,132259.7107505203,4599.518911145799,136859.2296616661,1278,6,318.7741935483871,30,1,21,32.343797639270015,0.6572916666666666,42.84274193548387,1028.6290322580646,34.28763440860215,0
3404,4,0,0,31,0.0,0.0,1.0,31,650,500,150,0.7692307692307693,8,5,3,408.70367458424784,0.40775089605734766,0.14230804892234272,0.2455430082627812,132294.27715631863,4613.831440050865,136908.10859636948,1279,7,319.7741935483871,30,1,21,32.2976548210086,0.6576388888888889,42.80913978494623,1028.7634408602148,34.292114695340494,0
3405,4,1,1,31,0.03125,0.03125,0.96875,32,1150,800,350,0.6956521739130435,15,8,7,397.1432408447808,0.4096942204301075,0.12940335523821545,0.24118146314694944,132699.68880547426,4140.156894259988,136839.84569973426,1280,0,310.75,31,1,17,32.18556489321369,0.6589381720430108,42.415364583333336,1030.3385416666672,33.236727150537654,0
3406,4,1,0,32,0.03125,0.0,1.0,32,650,400,250,0.6153846153846154,9,4,5,396.62285222731526,0.40975722446236557,0.13183741788782166,0.24151280755626386,132800.3268771702,4134.328884548615,136934.65576171884,1281,0,311.71875,31,1,18,32.097439784402894,0.6599462365591398,42.317708333333336,1030.7291666666672,33.24932795698926,0
3407,4,0,0,32,0.0,0.0,1.0,32,700,500,200,0.7142857142857143,9,5,4,398.2944754712047,0.40893817204301075,0.129976164919813,0.24318380503133935,132901.00309583882,4186.74706353082,137087.75015936964,1282,1,312.71875,31,1,19,31.952819169086993,0.6609543010752688,42.220052083333336,1031.1197916666672,33.26192876344088,0
3408,4,0,0,32,0.0,0.0,1.0,32,900,700,200,0.7777777777777778,11,7,4,397.60553794385504,0.40751008064516125,0.12930884950170318,0.24451660971923495,133169.6595085991,4189.798821343312,137359.45832994243,1283,2,313.71875,31,1,20,31.699807619528194,0.6636424731182795,41.959635416666664,1032.161458333333,33.29553091397848,0
3409,4,0,1,31,0.0,0.03125,0.96875,32,850,800,50,0.9411764705882353,9,8,1,397.08431372446097,0.40696404569892475,0.12983588724933814,0.2446372590148604,133236.86599731454,4181.25389946833,137418.11989678288,1284,3,314.71875,31,1,20,31.645567957287597,0.6643145161290323,41.89453125000001,1032.4218750000007,33.303931451612925,0
3410,4,0,0,31,0.0,0.0,1.0,31,400,300,100,0.75,5,3,2,407.14938319283544,0.40192652329749107,0.13926811128339,0.24985498119675423,133090.5510210717,4637.547151404778,137728.0981724765,1285,4,325.48387096774195,30,1,20,31.53331379445096,0.665625,42.03629032258064,1031.8548387096766,34.395161290322555,0
3411,4,0,0,31,0.0,0.0,1.0,31,850,500,350,0.5882352941176471,12,5,7,409.19745241753355,0.40147849462365587,0.13700229274970432,0.2522836941790926,133263.97018441444,4706.2554197017125,137970.22560411616,1286,5,326.48387096774195,30,1,20,31.30559533107699,0.6673611111111111,41.86827956989248,1032.5268817204305,34.41756272401435,0
3412,4,0,0,31,0.0,0.0,1.0,31,950,700,250,0.7368421052631579,12,7,5,411.790537380062,0.4007616487455197,0.14069301320125072,0.254594551871744,133368.07587943703,4783.942327147658,138152.0182065847,1287,6,327.48387096774195,30,1,20,31.133702016916057,0.6684027777777778,41.767473118279575,1032.9301075268825,34.431003584229416,0
3413,4,0,0,31,0.0,0.0,1.0,31,600,400,200,0.6666666666666666,8,4,4,412.8492050965527,0.40026881720430113,0.1438308445183114,0.2554878414148232,133402.78681061396,4815.046898485375,138217.83370909933,1288,7,328.48387096774195,30,1,20,31.071374360308795,0.66875,41.733870967741936,1033.0645161290324,34.43548387096775,0
3414,4,0,0,31,0.0,0.0,1.0,31,850,800,50,0.9411764705882353,9,8,1,414.22174379546567,0.400179211469534,0.14566696181655714,0.25657715911005197,133437.50225820905,4854.5429746213495,138292.0452328304,1289,8,329.48387096774195,30,1,20,31.000932309960543,0.6690972222222222,41.700268817204304,1033.1989247311828,34.43996415770609,0
3415,4,0,0,31,0.0,0.0,1.0,31,550,400,150,0.7272727272727273,7,4,3,414.2819979188342,0.400179211469534,0.14490114464099846,0.25685483870967746,133472.2222222223,4859.027777777788,138331.2500000001,1290,9,330.48387096774195,30,1,20,30.964381720430097,0.6694444444444445,41.66666666666667,1033.3333333333342,34.44444444444447,0
3416,4,0,0,31,0.0,0.0,1.0,31,750,500,250,0.6666666666666666,10,5,5,415.29930459130196,0.3995967741935484,0.1279025471041304,0.24033856849364657,130865.85889274687,4674.040316358019,135539.8992091049,1291,10,331.48387096774195,29,2,19,33.578090357902354,0.6461925287356323,44.201388888888886,1023.1944444444441,35.28256704980842,8
3417,4,1,0,32,0.03125,0.0,1.0,32,1100,800,300,0.7272727272727273,14,8,6,406.5040650406504,0.40389784946236557,0.12271341463414642,0.23809523809523808,131328.125,4277.083333333333,135605.20833333334,1292,0,322.09375,30,2,21,33.33333333333333,0.6479166666666667,43.75,1025.0,34.166666666666664,0
3418,4,0,1,31,0.0,0.03125,0.96875,32,400,200,200,0.5,6,2,4,417.07346788173305,0.4036458333333333,-0.004073218997361572,0.23452647526287349,129748.56197248229,4422.936538906222,134171.49851138852,1293,1,323.09375,30,2,18,34.67265831134565,0.6319444444444444,45.29569892473118,1018.8172043010746,33.960573476702486,8
3419,4,0,0,31,0.0,0.0,1.0,31,800,600,200,0.75,10,6,4,422.75667967263456,0.3982078853046595,0.008048024276007926,0.23761840960910133,129731.44531249988,4768.967013888876,134500.41232638876,1294,13,334.48387096774195,29,2,19,34.54541581458759,0.634698275862069,45.31249999999999,1018.7499999999991,35.12931034482755,0
3420,4,1,1,31,0.03125,0.03125,0.96875,32,850,600,250,0.7058823529411765,11,6,5,410.6733309201302,0.40242775537634407,0.0032188487881978922,0.23337065331928336,130159.70054341531,4290.6235547461965,134450.3240981615,1295,0,325.0,30,2,21,34.415887337548284,0.6361111111111111,44.89247311827956,1020.4301075268808,34.014336917562694,0
3421,4,0,0,31,0.0,0.0,1.0,31,550,200,350,0.36363636363636365,9,2,7,419.24540556102545,0.3982974910394265,0.016423245479216364,0.2380043855681061,130120.84297839498,4710.513117283942,134831.35609567893,1296,1,336.03225806451616,29,2,21,34.2368862873219,0.6386494252873562,44.93055555555555,1020.2777777777771,35.18199233716473,0
3422,4,0,0,31,0.0,0.0,1.0,31,550,300,250,0.5454545454545454,8,3,5,417.32286045121515,0.39758064516129027,0.01865516045632698,0.23756047261471577,130227.1436149691,4669.352816358019,134896.4964313271,1297,2,337.03225806451616,29,2,22,34.17741075883341,0.6397270114942528,44.826388888888886,1020.6944444444441,35.19636015325669,0
3423,4,0,0,31,0.0,0.0,1.0,31,800,500,300,0.625,11,5,6,422.9589493674839,0.3981182795698925,-0.0457088091702289,0.22732789697624683,127956.26339728598,4633.318250622007,132589.581647908,1298,3,338.03225806451616,27,4,20,36.36273103887827,0.623070987654321,47.061011904761905,1011.7559523809522,37.472442680776005,6
3424,4,3,1,33,0.08823529411764706,0.029411764705882353,0.9705882352941176,34,950,500,450,0.5263157894736842,14,5,9,385.6169710263751,0.4111148247177659,-0.031365543438494514,0.21255342451103673,128962.36423647233,3146.0152546537056,132108.37949112605,1299,0,309.11764705882354,30,4,20,36.27652066516695,0.6239583333333334,46.06854838709677,1015.7258064516121,33.8575268817204,0
3425,4,1,0,34,0.029411764705882353,0.0,1.0,34,950,700,250,0.7368421052631579,12,7,5,386.6432851093819,0.411300505050505,-0.029014886811980833,0.21348696801620295,129030.63441221525,3177.765673777313,132208.40008599256,1300,0,310.0882352941176,30,4,21,36.18065661242668,0.6246527777777777,46.001344086021504,1015.9946236559138,33.866487455197124,0
3426,4,0,0,34,0.0,0.0,1.0,34,700,500,200,0.7142857142857143,9,5,4,387.2874819081575,0.4106691919191919,-0.02449489252121939,0.214212190980803,129098.92265363043,3199.6793343160975,132298.60198794655,1301,1,311.0882352941176,30,4,21,36.09448706079443,0.6253472222222223,45.93413978494623,1016.2634408602147,33.87544802867382,0
3427,4,1,0,35,0.02857142857142857,0.0,1.0,35,850,600,250,0.7058823529411765,11,6,5,358.5172647764268,0.41645658263305324,-0.004159877976912529,0.1906386642766005,127524.87775134559,2144.014720234868,129668.89247158046,1302,0,303.1714285714286,33,2,19,38.43474480304134,0.6016414141414141,47.48774509803921,1010.0490196078428,30.607546048722508,8
3428,4,1,2,34,0.027777777777777776,0.05555555555555555,0.9444444444444444,36,900,500,400,0.5555555555555556,13,5,8,348.0862626890432,0.42116402116402113,0.0005435404508524755,0.18673577959727114,127880.99500868052,1702.7235243055525,129583.71853298607,1303,0,295.72222222222223,35,1,20,38.33354788877447,0.6008928571428571,47.135416666666664,1011.458333333333,28.898809523809515,0
3429,4,2,0,36,0.05555555555555555,0.0,1.0,36,600,400,200,0.6666666666666666,8,4,4,349.3418885580911,0.4241567460317461,0.01055085499402919,0.18836893695000395,128085.94419795947,1749.1571287722845,129835.10132673176,1304,0,296.47222222222223,35,1,22,38.09217547069136,0.6029761904761906,46.93287037037037,1012.268518518518,28.921957671957657,0
3430,4,1,0,37,0.02702702702702703,0.0,1.0,37,1000,900,100,0.9,11,9,2,346.933525615867,0.424705955955956,0.036012084592145444,0.18924686384121947,128548.11137843617,1519.5700861136033,130067.68146454977,1305,0,289.43243243243245,33,4,21,37.681143001007044,0.6120580808080809,46.47671568627451,1014.0931372549019,30.73009506833036,0
3431,4,1,1,37,0.02631578947368421,0.02631578947368421,0.9736842105263158,38,900,500,400,0.5555555555555556,13,5,8,365.2876579689689,0.4271574205784732,0.07982757867269297,0.18676411427146017,125924.32149943318,1601.375859780195,127525.69735921337,1306,0,282.7894736842105,34,4,20,39.9114873680465,0.5830269607843137,49.077380952380956,1003.6904761904768,29.52030812324932,8
3432,4,5,3,39,0.11904761904761904,0.07142857142857142,0.9285714285714286,42,900,600,300,0.6666666666666666,12,6,6,333.61983473888324,0.436774099883856,0.10468475745196448,0.17563260561496907,127119.65610812939,87.31676318380343,127206.97287131319,1307,0,256.57142857142856,37,5,19,39.47833985719981,0.5892454954954955,47.88925438596491,1008.44298245614,27.25521574205784,0
3433,4,3,0,42,0.07142857142857142,0.0,1.0,42,950,700,250,0.7368421052631579,12,7,5,333.6803036833455,0.43301151761517614,0.12297794878159807,0.1769889537048531,127423.91889812266,103.77039088952398,127527.68928901218,1308,0,257.42857142857144,37,5,20,39.165218650448885,0.5923423423423424,47.587719298245624,1009.6491228070188,27.287814129919425,0
3434,4,2,1,43,0.045454545454545456,0.022727272727272728,0.9772727272727273,44,1650,1300,350,0.7878787878787878,20,13,7,322.66914461865485,0.43727977448907684,0.1283480262788479,0.17355526416531633,127986.37695312512,-540.5490451388758,127445.82790798624,1309,0,246.6818181818182,39,5,22,38.868728982224994,0.594551282051282,47.03125000000001,1011.8750000000009,25.945512820512842,0
3435,4,1,1,43,0.022727272727272728,0.022727272727272728,0.9772727272727273,44,1150,700,450,0.6086956521739131,16,7,9,321.9360192382595,0.4359363988724454,0.13271604938271597,0.17384545038866042,128144.53125000026,-549.1319444444159,127595.39930555585,1310,0,247.61363636363637,39,5,23,38.72599451303157,0.5961538461538461,46.875000000000014,1012.500000000002,25.961538461538513,0
3436,4,2,2,43,0.044444444444444446,0.044444444444444446,0.9555555555555556,45,1300,900,400,0.6923076923076923,17,9,8,326.7033466690675,0.4353535353535354,0.1450211133335666,0.1790741540686368,128740.17373666835,-588.0308778946402,128152.14285877372,1311,0,242.9111111111111,38,7,16,37.9985173877952,0.6038925438596492,46.28739316239317,1014.8504273504292,26.706590193432348,0
3437,4,2,2,43,0.044444444444444446,0.044444444444444446,0.9555555555555556,45,900,500,400,0.5555555555555556,13,5,8,327.8184002524544,0.43406986531986536,0.15692983686252515,0.18079450983760648,128984.24373584626,-543.3183121484452,128440.92542369782,1312,0,243.73333333333332,38,7,19,37.721962207264056,0.606359649122807,46.047008547008545,1015.8119658119655,26.731893837156985,0
3438,4,0,0,43,0.0,0.0,1.0,43,1300,900,400,0.6923076923076923,17,9,8,341.89672855118863,0.4296327057954965,0.1505616586085723,0.18768922723266854,128800.98637488857,207.327175148137,129008.3135500367,1313,1,255.93023255813952,36,7,19,37.55107795281414,0.6082175925925926,46.227477477477485,1015.0900900900915,28.196946946946987,0
3439,4,0,2,41,0.0,0.046511627906976744,0.9534883720930233,43,1150,800,350,0.6956521739130435,15,8,7,339.3031508063377,0.42898671096345514,0.14685662346271067,0.1868386315557846,128922.8476550476,148.78568405661613,129071.63333910421,1314,2,256.93023255813955,37,6,19,37.49280213056934,0.607545045045045,46.10745614035087,1015.5701754385957,27.447842579421504,0
3440,4,0,1,40,0.0,0.024390243902439025,0.975609756097561,41,1200,1000,200,0.8333333333333334,14,10,4,355.31285459951476,0.42596544715447154,0.13945153256438458,0.19428054713441942,128643.06205257612,941.7067204646543,129584.76877304078,1315,3,270.1707317073171,35,6,20,37.371767446282554,0.6086309523809523,46.38310185185184,1014.4675925925911,28.98478835978832,0
3441,4,0,0,40,0.0,0.0,1.0,40,950,600,350,0.631578947368421,13,6,7,363.4404246779977,0.4237713675213675,0.1349976517553131,0.19804364024200286,128506.39349489789,1340.8836451247087,129847.27714002259,1316,4,277.725,34,6,20,37.30529137802826,0.609375,46.51785714285714,1013.9285714285709,29.821428571428555,0
3442,4,0,0,40,0.0,0.0,1.0,40,1600,1400,200,0.875,18,14,4,359.5223265683599,0.4223691239316239,0.13472906403940854,0.19725143863074898,128778.12500000015,1259.722222222236,130037.84722222238,1317,5,278.725,34,6,20,37.12712096332786,0.6121323529411764,46.25000000000001,1015.0000000000011,29.852941176470623,0
3443,4,0,0,40,0.0,0.0,1.0,40,850,700,150,0.8235294117647058,10,7,3,361.90612704854425,0.42171474358974353,0.14248915719141975,0.19931705421892398,128929.21095521549,1332.0542800453618,130261.26523526084,1318,6,279.725,34,6,20,36.912436994490676,0.6136642156862745,46.10119047619048,1015.5952380952386,29.870448179271726,0
3444,4,1,0,41,0.024390243902439025,0.0,1.0,41,1400,1000,400,0.7142857142857143,18,10,8,352.6972556188326,0.42393292682926825,0.13910156401814477,0.19587851377162227,129260.23046339168,917.9457090192161,130178.1761724109,1319,0,273.8780487804878,35,6,21,36.809033310569866,0.6148809523809524,45.77546296296297,1016.8981481481485,29.054232804232814,0
3445,4,0,1,40,0.0,0.024390243902439025,0.975609756097561,41,1200,800,400,0.6666666666666666,16,8,8,355.47374673791967,0.4234502032520325,0.1272686421848861,0.19845591460739895,129466.2814670142,1004.3728298611491,130470.65429687535,1320,1,274.8780487804878,35,6,20,36.528701808256585,0.6169642857142856,45.572916666666686,1017.7083333333359,29.077380952381024,0
3446,4,0,1,39,0.0,0.025,0.975,40,1200,800,400,0.6666666666666666,16,8,8,355.604782163104,0.4230902777777778,0.12507959067652075,0.1988267043308649,129525.1833231527,1211.954920053186,130737.13824320589,1321,2,278.55,35,5,20,36.46543964373698,0.6175595238095238,45.51504629629631,1017.9398148148169,29.08399470899477,0
3447,4,0,0,39,0.0,0.0,1.0,39,1000,800,200,0.8,12,8,4,367.258301699668,0.4206309041835357,0.1284150547308438,0.20523258036157935,129504.14540816339,1712.2945011337983,131216.4399092972,1322,3,286.02564102564105,34,5,20,36.19030214424951,0.6194852941176471,45.53571428571429,1017.8571428571438,29.936974789915993,0
3448,4,0,0,39,0.0,0.0,1.0,39,1100,800,300,0.7272727272727273,14,8,6,364.7557096943114,0.4202372919478183,0.13313551829039882,0.20462197353671033,129655.65653344664,1658.5282029478392,131314.18473639447,1323,4,287.02564102564105,34,5,20,36.0997467368011,0.6210171568627452,45.38690476190476,1018.4523809523804,29.954481792717072,0
3449,4,1,0,40,0.025,0.0,1.0,40,1100,800,300,0.7272727272727273,14,8,6,358.065651676154,0.4233974358974359,0.1473419947804384,0.20293457158983572,130055.90284475734,1313.7103212877198,131369.61316604505,1324,0,280.825,35,5,21,35.86333163130225,0.6229166666666667,44.99421296296296,1020.0231481481478,29.14351851851851,0
3450,4,1,1,40,0.024390243902439025,0.024390243902439025,0.975609756097561,41,1100,800,300,0.7272727272727273,14,8,6,348.76890301279326,0.42535569105691057,0.15023925825793416,0.19917074636128637,130351.2158805941,892.6542138202926,131243.8700944144,1325,0,274.9512195121951,35,6,22,35.800960557633445,0.6258928571428571,44.70486111111111,1021.1805555555553,29.176587301587293,0
3451,4,0,0,40,0.0,0.0,1.0,40,1400,1100,300,0.7857142857142857,17,11,6,357.8309713314617,0.4239983974358974,0.14367785939139566,0.2041993507059175,130323.35778061197,1326.7467403627768,131650.10452097474,1326,1,282.45,34,6,22,35.59786833002992,0.6277573529411764,44.73214285714284,1021.0714285714263,30.03151260504195,0
3452,4,0,0,40,0.0,0.0,1.0,40,1450,1000,450,0.6896551724137931,19,10,9,360.0308134253719,0.42346420940170937,0.15235640219037627,0.20642247639478709,130505.75573979574,1397.2186791382971,131902.97441893403,1327,2,283.45,34,6,22,35.356712882053664,0.6295955882352942,44.553571428571416,1021.7857142857129,30.052521008403318,0
3453,4,0,1,39,0.0,0.025,0.975,40,900,600,300,0.6666666666666666,12,6,6,362.295267630367,0.42373130341880344,0.1599015954349603,0.2083743779733393,130627.42524092949,1465.1395975056419,132092.56483843512,1328,3,284.45,34,6,22,35.175507550172725,0.6308210784313726,44.434523809523796,1022.261904761903,30.066526610644207,0
3454,4,0,0,39,0.0,0.0,1.0,39,1250,1000,250,0.8,15,10,5,369.17130832608484,0.4234705353126406,0.14923501148174467,0.21221625656429166,130606.84479827466,1843.2599541041882,132450.10475237886,1329,4,273.64102564102564,33,6,22,35.020655996483256,0.6328914141414141,44.4546568627451,1022.1813725490192,30.975193107546037,0
3455,4,1,0,40,0.025,0.0,1.0,40,700,400,300,0.5714285714285714,10,4,6,358.8023387162886,0.4259748931623932,0.1469495172734676,0.20799890127740622,130931.84700963716,1395.7305839002215,132327.57759353737,1330,0,267.775,34,6,23,34.95647706564305,0.6338848039215687,44.13690476190476,1023.4523809523807,30.101540616246492,0
3456,4,0,0,40,0.0,0.0,1.0,40,1100,800,300,0.7272727272727273,14,8,6,362.83327345677776,0.42581463675213677,0.1521305662132313,0.21100263590275473,131053.71492346922,1510.1296768707257,132563.84460033994,1331,1,268.775,34,6,23,34.72997325892337,0.6351102941176471,44.01785714285713,1023.9285714285701,30.115546218487356,0
3457,4,1,0,41,0.024390243902439025,0.0,1.0,41,1000,700,300,0.7,13,7,6,355.53912229282173,0.4286077235772358,0.16341298206389188,0.20856725465362985,131387.44882758896,1142.6756472907878,132530.12447487976,1332,0,263.1951219512195,35,6,24,34.579382102807266,0.6363095238095238,43.69212962962962,1025.23148148148,29.292328042328,0
3458,4,0,0,41,0.0,0.0,1.0,41,1200,900,300,0.75,15,9,6,356.685962273335,0.427515243902439,0.16226956131684767,0.21005366668628353,131535.817003708,1183.3958922753754,132719.2128959834,1333,1,264.1951219512195,35,6,24,34.40015137838955,0.6377976190476191,43.5474537037037,1025.8101851851852,29.308862433862434,0
3459,4,1,0,42,0.023809523809523808,0.0,1.0,42,1550,1300,250,0.8387096774193549,18,13,5,347.3216981637953,0.42852303523035234,0.16351955074006774,0.2068513821179158,131963.74584043503,766.774460271075,132730.52030070612,1334,0,258.8809523809524,36,6,24,34.209000073067344,0.6400462962962963,43.13063063063063,1027.4774774774774,28.541041041041037,0
3460,4,0,0,42,0.0,0.0,1.0,42,1100,800,300,0.7272727272727273,14,8,6,346.5656465408404,0.4279544134727062,0.16534174191091733,0.20719042483767744,132108.41912436092,756.8479374645041,132865.26706182543,1335,1,259.8809523809524,36,6,24,34.082776499799195,0.6414930555555556,42.98986486486487,1028.0405405405413,28.556681681681702,0
3461,4,0,1,41,0.0,0.023809523809523808,0.9761904761904762,42,1450,1100,350,0.7586206896551724,18,11,7,348.03895328725184,0.42773664343786294,0.16948251048119656,0.20854932555244007,132195.261139518,801.8200633065611,132997.08120282457,1336,2,260.8809523809524,36,6,24,33.9575120455541,0.6423611111111112,42.90540540540541,1028.3783783783792,28.56606606606609,0
3462,4,0,0,41,0.0,0.0,1.0,41,1400,1100,300,0.7857142857142857,17,11,6,353.75417524803277,0.42497459349593497,0.17213218292957522,0.2114431079779966,132100.37964034645,1146.2121699245658,133246.59181027103,1337,3,268.0975609756098,35,6,24,33.90612099377017,0.6434523809523809,42.99768518518519,1028.00925925926,29.371693121693145,0
3463,4,0,0,41,0.0,0.0,1.0,41,900,500,400,0.5555555555555556,13,5,8,351.42863747965686,0.4245172764227642,0.17017994152929683,0.21054911962284245,132189.63162562167,1091.0444262260025,133280.67605184767,1338,4,269.0975609756098,35,6,24,33.87603170136935,0.6443452380952381,42.91087962962963,1028.3564814814822,29.381613756613778,0
3464,4,0,1,40,0.0,0.024390243902439025,0.975609756097561,41,1300,1000,300,0.7692307692307693,16,10,6,352.574712486962,0.4245680894308943,0.08331146914602283,0.20373584019690172,130808.47447083425,1023.9520554825008,131832.42652631676,1339,5,270.0975609756098,38,3,15,35.240644038294164,0.6247258771929824,44.25747863247863,1022.9700854700855,26.92026540710751,8
3465,4,0,0,40,0.0,0.0,1.0,40,1100,900,200,0.8181818181818182,13,9,4,350.3727510846782,0.42270299145299145,0.1034015427469468,0.20312914649840874,130935.05333371783,1175.2149699907388,132110.26830370858,1340,8,277.725,37,3,15,35.168916505963864,0.6278153153153153,44.13377192982455,1023.4649122806999,27.66121384542432,0
3466,4,1,0,41,0.024390243902439025,0.0,1.0,41,1500,1300,200,0.8666666666666667,17,13,4,341.72577265875606,0.42525406504065044,0.09991558005655121,0.19986790313065758,131273.37643363266,771.8991982613584,132045.275631894,1341,0,271.9268292682927,38,3,17,35.04852133722548,0.6293859649122807,43.80341880341879,1024.7863247863233,26.968061178587458,0
3467,4,1,0,42,0.023809523809523808,0.0,1.0,42,1100,800,300,0.7272727272727273,14,8,6,335.03959097443123,0.42658730158730157,0.10289195340741775,0.19750676440315895,131574.63480029564,416.55377949446074,131991.1885797901,1342,0,266.42857142857144,38,4,17,34.916172029574106,0.6324013157894737,43.50961538461537,1025.9615384615365,26.99898785425096,0
3468,4,0,1,41,0.0,0.023809523809523808,0.9761904761904762,42,1150,1100,50,0.9565217391304348,12,11,1,335.6954712590419,0.42558313975996903,0.10489422119144298,0.1987490932426449,131739.10307774457,444.844058185368,132183.94713592995,1343,1,267.42857142857144,38,4,18,34.733713185555196,0.634046052631579,43.34935897435896,1026.6025641025615,27.015856950067406,0
3469,4,0,0,41,0.0,0.0,1.0,41,1000,500,500,0.5,15,5,10,343.11939390129015,0.4223577235772358,0.1149695480286359,0.20260280173641435,131637.38031173023,833.467629462876,132470.84794119312,1344,2,274.6829268292683,37,4,18,34.64568418990634,0.6348536036036037,43.448464912280684,1026.2061403508746,27.735301090564178,0
3470,4,0,0,41,0.0,0.0,1.0,41,1300,1000,300,0.7692307692307693,16,10,6,341.5372313937919,0.421900406504065,0.11997166105791757,0.2024148503019911,131778.0711372727,801.4235149276296,132579.49465220032,1345,3,275.6829268292683,37,4,18,34.54453225117469,0.6362612612612613,43.31140350877191,1026.7543859649097,27.750118539592155,0
3471,4,0,0,41,0.0,0.0,1.0,41,1400,1200,200,0.8571428571428571,16,12,4,342.194372328214,0.42228150406504067,0.11675654281897807,0.203255211515433,131862.5217013888,824.5225694444396,132687.04427083323,1346,4,276.6829268292683,37,4,18,34.44261325219744,0.6371058558558558,43.229166666666664,1027.0833333333326,27.759009009008988,0
3472,4,0,0,41,0.0,0.0,1.0,41,1100,400,700,0.36363636363636365,18,4,14,342.83516759844645,0.42200203252032525,0.122099575493674,0.20424083633598475,131975.1645337988,849.1455303554828,132824.31006415427,1347,5,277.6829268292683,37,4,18,34.31275121829758,0.6382319819819819,43.119517543859644,1027.5219298245606,27.77086296823137,0
3473,4,0,0,41,0.0,0.0,1.0,41,1150,1100,50,0.9565217391304348,12,11,1,340.96508958719056,0.421875,0.1229894897903423,0.20342875777853187,132031.503984399,803.6267168744157,132835.13070127342,1348,6,278.6829268292683,37,4,18,34.30409598492123,0.638795045045045,43.06469298245614,1027.7412280701749,27.776789947842566,0
3474,4,0,0,41,0.0,0.0,1.0,41,1550,1200,350,0.7741935483870968,19,12,7,342.04992579792076,0.4220528455284553,0.11903541878545609,0.20468424723721151,132144.2189543899,839.98405759466,132984.20301198456,1349,7,279.6829268292683,37,4,18,34.16282304219546,0.6399211711711712,42.95504385964913,1028.1798245614043,27.78864390706498,0
3475,4,1,0,42,0.023809523809523808,0.0,1.0,42,850,300,550,0.35294117647058826,14,3,11,338.34318370741926,0.4237925861401471,0.11497601011972747,0.20442716372341066,132507.9800044744,566.6343642705833,133074.61436874498,1350,0,274.0,38,4,19,33.89259278475323,0.6417214912280702,42.60149572649573,1029.594017094017,27.094579397210975,0
3476,4,0,0,42,0.0,0.0,1.0,42,1550,1100,450,0.7096774193548387,20,11,9,339.42510764453345,0.424312814556717,0.07353732274654123,0.198192021957085,131209.51753257882,541.90882683582,131751.42635941465,1351,1,275.0,35,7,20,35.17190088868807,0.6345238095238095,43.86574074074074,1024.5370370370367,29.272486772486765,8
3477,4,0,0,42,0.0,0.0,1.0,42,1350,900,450,0.6666666666666666,18,9,9,367.2248047531041,0.4242160278745644,0.16225654595243233,0.20567246905532727,129591.85157933216,1117.868478762702,130709.72005809486,1352,2,276.0,37,5,14,36.101837892167424,0.6143018018018018,45.449561403508774,1018.2017543859653,27.518966334755817,8
3478,4,2,0,44,0.045454545454545456,0.0,1.0,44,1550,1200,350,0.7741935483870968,19,12,7,356.0183256976256,0.42876805849189575,0.18061224489795902,0.20284765068818236,130262.5868055558,475.17361111113627,130737.76041666693,1353,0,264.40909090909093,39,5,17,35.705782312925166,0.6175213675213675,44.79166666666668,1020.8333333333353,26.175213675213726,0
3479,4,0,1,43,0.0,0.022727272727272728,0.9772727272727273,44,1200,900,300,0.75,15,9,6,358.42497370651535,0.42875704721634955,0.17579827516923796,0.20468501896521543,130351.21588059381,544.2262249228037,130895.44210551662,1354,1,265.40909090909093,35,9,17,35.55444576674601,0.6258928571428571,44.70486111111109,1021.1805555555529,29.176587301587226,0
3480,4,1,2,42,0.022727272727272728,0.045454545454545456,0.9545454545454546,44,1200,900,300,0.75,15,9,6,359.9792593423884,0.4295388477801268,0.17489111296450743,0.20651441720168584,130528.56445312488,597.5151909722097,131126.0796440971,1355,0,266.29545454545456,35,9,15,35.334904858987436,0.6276785714285714,44.53124999999999,1021.8749999999991,29.196428571428545,0
3481,4,2,0,44,0.045454545454545456,0.0,1.0,44,1100,700,400,0.6363636363636364,15,7,8,361.187705558326,0.4283716525722339,0.17361475536348192,0.2081600377434969,130706.03358892733,641.8824749228193,131347.91606385013,1356,0,266.09090909090907,35,9,17,35.12415110356535,0.6294642857142857,44.35763888888888,1022.5694444444433,29.21626984126981,0
3482,4,0,1,43,0.0,0.022727272727272728,0.9772727272727273,44,850,600,250,0.7058823529411765,11,6,5,361.1895941558477,0.42818446088794926,0.17417383431416922,0.20832057793479544,130735.62349965693,644.0693587105466,131379.69285836746,1357,1,267.09090909090907,35,9,18,35.09412252904783,0.6297619047619047,44.328703703703695,1022.6851851851841,29.21957671957669,0
3483,4,0,0,43,0.0,0.0,1.0,43,1400,1100,300,0.7857142857142857,17,11,6,414.9306741342808,0.4260797342192691,0.22813761291562584,0.21828961552281706,127092.01388888873,1987.0627572016258,129079.07664609035,1358,2,273.0232558139535,33,10,17,37.45695592286501,0.5972222222222222,47.91666666666666,1008.333333333332,30.555555555555515,8
3484,4,0,1,42,0.0,0.023255813953488372,0.9767441860465116,43,1150,900,250,0.782608695652174,14,9,5,410.14852838892847,0.42596437799926173,0.22556501403708995,0.21676270749386595,127277.43686322545,1840.5306853133156,129117.96754853877,1359,3,274.0232558139535,33,10,18,37.386142822443524,0.5991161616161615,47.73284313725489,1009.0686274509785,30.577837195484197,0
3485,4,1,2,41,0.023255813953488372,0.046511627906976744,0.9534883720930233,43,1600,1200,400,0.75,20,12,8,408.99692068276704,0.42850221483942413,0.22861303239898056,0.2173142245871489,127493.93449935106,1828.9253231929838,129322.85982254405,1360,0,274.93023255813955,33,10,15,37.191961938276094,0.6013257575757576,47.51838235294117,1009.926470588234,30.6038324420677,0
3486,4,0,1,40,0.0,0.024390243902439025,0.975609756097561,41,1550,1000,550,0.6451612903225806,21,10,11,412.24359655648857,0.42802337398373985,0.25808398290168477,0.2197122465163701,127617.73003472215,2321.918402777768,129939.64843749991,1361,1,287.609756097561,33,8,15,36.9823883161512,0.6025883838383839,47.39583333333333,1010.416666666666,30.618686868686847,0
3487,4,0,0,40,0.0,0.0,1.0,40,1000,500,500,0.5,15,5,10,419.658696288635,0.4267895299145299,0.25849508674026445,0.2233212804071801,127555.82475790565,2705.9822243848585,130261.80698229051,1362,2,295.675,33,7,16,36.85892575518622,0.6019570707070707,47.45710784313726,1010.1715686274513,30.61125965537731,0
3488,4,1,0,41,0.024390243902439025,0.0,1.0,41,650,200,450,0.3076923076923077,11,2,9,408.7157687840595,0.42761686991869924,0.251104079206556,0.21889229130213111,127813.27239229018,2247.8599773242545,130061.13236961444,1363,0,289.4390243902439,34,7,17,36.87014363079822,0.602328431372549,47.20238095238095,1011.1904761904757,29.740896358543402,0
3489,4,0,1,40,0.0,0.024390243902439025,0.975609756097561,41,1400,1100,300,0.7857142857142857,17,11,6,408.87112501043157,0.42771849593495936,0.2513391537867853,0.2201275132180926,128024.02388038563,2269.0653344671373,130293.08921485278,1364,1,290.4390243902439,34,7,17,36.64936478061405,0.6044730392156863,46.99404761904763,1012.0238095238107,29.76540616246502,0
3490,4,0,1,39,0.0,0.025,0.975,40,1250,800,450,0.64,17,8,9,428.13864045664025,0.42733707264957266,0.22693370165745885,0.2214088397790057,126392.74691358041,2906.9145250693105,129299.66143864972,1144,2,264.6,32,8,15,37.84818139963167,0.5924479166666667,48.61111111111112,1005.5555555555569,31.423611111111153,8
3491,4,0,0,39,0.0,0.0,1.0,39,1150,900,250,0.782608695652174,14,9,5,432.8059642331594,0.425410481331534,0.25420600459440434,0.2240612109743247,126436.39458550353,3144.4851345486168,129580.87972005215,1145,3,272.2564102564103,31,8,15,37.685568789918854,0.5954301075268817,48.567708333333336,1005.7291666666672,32.44287634408604,0
3492,4,3,2,40,0.07142857142857142,0.047619047619047616,0.9523809523809523,42,1450,1200,250,0.8275862068965517,17,12,5,407.4795700560104,0.4314508323654665,0.25166311214375336,0.2161767017187037,127432.05925905898,1986.8875646536185,129418.9468237126,1146,0,253.73809523809524,33,9,17,37.29404357324918,0.6006944444444444,47.5796568627451,1009.6813725490192,30.596405228758158,0
3493,4,3,1,42,0.06976744186046512,0.023255813953488372,0.9767441860465116,43,1050,700,350,0.6666666666666666,14,7,7,395.9416274854406,0.43634643779992616,0.2573228271022445,0.21240846424771412,127880.99500868049,1526.6818576388853,129407.67686631938,1147,0,248.67441860465115,35,8,20,37.12345520082389,0.6008928571428571,47.135416666666664,1011.4583333333328,28.898809523809508,0
3494,4,1,0,43,0.023255813953488372,0.0,1.0,43,1050,700,350,0.6666666666666666,14,7,7,383.6089704377655,0.4384920634920635,0.23979996174131668,0.20793072219269945,128295.24518140573,1243.58391794216,129538.82909934789,1148,0,237.7906976744186,34,9,22,37.01037994516254,0.6072303921568627,46.72619047619047,1013.0952380952368,29.796918767506966,0
3495,4,1,0,44,0.022727272727272728,0.0,1.0,44,1200,1000,200,0.8333333333333334,14,10,4,385.11418310842305,0.4393719168428471,0.26430170376818807,0.21166802094154671,128848.62075617276,1124.2862654320877,129972.90702160486,1149,0,233.36363636363637,35,9,20,36.40560875512995,0.6107142857142858,46.18055555555555,1015.2777777777771,29.00793650793649,0
3496,4,0,2,42,0.0,0.045454545454545456,0.9545454545454546,44,1600,1200,400,0.75,20,12,8,384.94304354452515,0.4386892177589852,0.2639891150977627,0.2122363235190477,128972.51136271421,1129.4142115088234,130101.92557422303,1150,1,234.36363636363637,36,8,20,36.283259423503324,0.6099537037037037,46.058558558558566,1015.7657657657669,28.215715715715746,0
3497,4,1,0,43,0.023255813953488372,0.0,1.0,43,1300,900,400,0.6923076923076923,17,9,8,396.99229431934396,0.4357004429678848,0.2741420146560902,0.21916970814686793,129024.94454089506,1644.3817515432083,130669.32629243826,1151,0,240.65116279069767,35,8,21,35.923615857826384,0.6125,46.00694444444444,1015.9722222222222,29.027777777777775,0
3498,4,0,0,43,0.0,0.0,1.0,43,1300,700,600,0.5384615384615384,19,7,12,394.7304067692758,0.43519287559985237,0.27272486534295837,0.2185701407470227,129142.56071030517,1595.2991040809309,130737.8598143861,1152,1,241.65116279069767,35,8,21,35.860756851134894,0.6136904761904762,45.8912037037037,1016.4351851851849,29.04100529100528,0
3499,4,1,0,44,0.022727272727272728,0.0,1.0,44,1700,1400,300,0.8235294117647058,20,14,6,386.6693320014965,0.437224718111346,0.2710669700981414,0.21664433443023834,129606.62853529892,1223.0218834992265,130829.65041879815,1153,0,237.13636363636363,33,11,19,35.591803064949666,0.622790404040404,45.435049019607845,1018.2598039215686,30.856357694592987,0
3500,4,1,1,44,0.022222222222222223,0.022222222222222223,0.9777777777777777,45,1800,1400,400,0.7777777777777778,22,14,8,375.82653967657484,0.4377525252525252,0.2726867082624316,0.21332330632640087,130114.93866008653,780.1294313700182,130895.06809145655,1154,0,232.84444444444443,35,10,21,35.35037341652486,0.6235119047619048,44.93634259259259,1020.2546296296291,29.15013227513226,0
3501,4,0,2,42,0.0,0.045454545454545456,0.9545454545454546,44,1150,800,350,0.6956521739130435,15,8,7,376.67638483964987,0.43772022551092316,0.2681818181818181,0.21461794019933564,130262.58680555565,1013.3680555555644,131275.9548611112,1155,1,234.63636363636363,35,9,21,35.17857142857142,0.625,44.79166666666667,1020.8333333333342,29.16666666666669,0
3502,4,1,1,42,0.023255813953488372,0.023255813953488372,0.9767441860465116,43,1050,700,350,0.6666666666666666,14,7,7,379.31727277491433,0.4361387966039129,0.25707260848573465,0.21664501946767395,130356.43029423784,1289.2891255767092,131645.71941981456,1156,0,237.5581395348837,33,10,22,35.01577563102525,0.6303661616161615,44.69975490196079,1021.2009803921572,30.945484254307797,0
3503,4,0,0,42,0.0,0.0,1.0,42,1500,1100,400,0.7333333333333333,19,11,8,387.8427700341574,0.43281794425087106,0.26193420363075415,0.22134682295456806,130327.04132550243,1709.280143607787,132036.32146911023,1157,1,244.02380952380952,32,10,23,34.828016157619224,0.6324869791666667,44.72853535353535,1021.085858585858,31.908933080808062,0
3504,4,0,0,42,0.0,0.0,1.0,42,1850,1500,350,0.8108108108108109,22,15,7,388.214320629827,0.4323340108401084,0.25188991663811744,0.22298260565101632,130575.52984429066,1738.2581218761995,132313.78796616686,1158,2,245.02380952380952,33,9,20,34.565847322142275,0.6325757575757576,44.48529411764706,1022.0588235294118,30.971479500891267,0
3505,4,0,1,41,0.0,0.023809523809523808,0.9761904761904762,42,1550,1200,350,0.7741935483870968,19,12,7,389.7816512287377,0.4314629307007356,0.2516346581767146,0.22497355886272785,130763.47588667824,1793.8407103037357,132557.31659698198,1159,3,246.02380952380952,33,9,20,34.334811087147536,0.634469696969697,44.3014705882353,1022.7941176470591,30.993761140819974,0
3506,4,0,0,41,0.0,0.0,1.0,41,950,400,550,0.42105263157894735,15,4,11,399.2496981812846,0.4310467479674797,0.2594876059954079,0.22918631610491627,130552.75769054188,2224.629820936654,132777.38751147853,1160,6,252.9512195121951,32,9,20,34.30704843093652,0.634765625,44.507575757575765,1021.9696969696977,31.936553030303052,0
3507,4,0,0,41,0.0,0.0,1.0,41,1550,1200,350,0.7741935483870968,19,12,7,396.50701480340734,0.43097052845528455,0.2491310712069823,0.2283722479287336,130681.82615294366,2163.252155392315,132845.07830833597,1161,7,253.9512195121951,32,9,20,34.24585288548614,0.6360677083333333,44.381313131313135,1022.4747474747481,31.95233585858588,0
3508,4,0,0,41,0.0,0.0,1.0,41,1750,1400,350,0.8,21,14,7,393.7646696503702,0.4302591463414634,0.2491510465068707,0.2272724711550477,130763.47588667824,2098.0073769704027,132861.48326364864,1162,8,254.9512195121951,33,8,20,34.232965891844394,0.634469696969697,44.3014705882353,1022.7941176470591,30.993761140819974,0
3509,4,0,2,39,0.0,0.04878048780487805,0.9512195121951219,41,1200,600,600,0.5,18,6,12,397.32868491367583,0.4294461382113821,0.18148475401363706,0.2193554211429087,129024.94454089517,2117.280396295241,131142.22493719042,1163,9,255.9512195121951,35,6,17,35.91507177033494,0.6125,46.00694444444445,1015.9722222222232,29.027777777777807,8
3510,4,0,0,39,0.0,0.0,1.0,39,1000,500,500,0.5,15,5,10,400.2243857699694,0.42684435447593344,0.18385366010380233,0.2211183060210551,129054.3435597781,2530.1390764317725,131584.48263620987,1164,10,263.4102564102564,35,4,17,35.811429737631464,0.612797619047619,45.97800925925927,1016.0879629629642,29.03108465608469,0
3511,4,1,1,39,0.025,0.025,0.975,40,1050,600,450,0.5714285714285714,15,6,9,387.2492240029606,0.42785790598290596,0.18487261146496814,0.2160339579590121,129436.83556241433,2024.946550282929,131461.78211269726,1165,0,257.8,35,5,15,35.750303306035796,0.6166666666666667,45.601851851851855,1017.5925925925931,29.074074074074087,0
3512,4,0,1,38,0.0,0.02564102564102564,0.9743589743589743,39,1350,900,450,0.6666666666666666,18,9,9,420.3405402357376,0.42633828160143955,0.17805174655092904,0.21487375912114975,125917.07996951848,2807.204905395152,128724.28487491363,1166,12,265.4102564102564,32,7,20,38.537604310814785,0.5875651041666667,49.084595959595966,1003.6616161616167,31.364425505050523,8
3513,4,0,0,38,0.0,0.0,1.0,38,1100,800,300,0.7272727272727273,14,8,6,425.96770533293704,0.4253496917970602,0.1794978622262895,0.21738457862884852,125847.78679741758,3121.418592664934,128969.20539008251,1167,13,268.86842105263156,31,7,20,38.468401245782495,0.5893817204301075,49.153645833333336,1003.385416666667,32.36727150537635,0
3514,4,3,1,40,0.07317073170731707,0.024390243902439025,0.975609756097561,41,1150,700,450,0.6086956521739131,16,7,9,394.42396276320085,0.4325965447154472,0.17595359949585943,0.20540445820450687,126678.57752078878,1793.318484372221,128471.896005161,1168,0,250.1219512195122,32,9,20,38.400434800785995,0.5953776041666667,48.32702020202021,1006.6919191919199,31.459122474747495,0
3515,4,3,2,41,0.06976744186046512,0.046511627906976744,0.9534883720930233,43,1300,900,400,0.6923076923076923,17,9,8,371.29795456687697,0.4409145441122185,0.18474825016933782,0.19713241917725943,127462.99500192233,866.0234255322744,128329.0184274546,1169,0,239.41860465116278,33,10,18,38.17556634304206,0.601010101010101,47.549019607843135,1009.8039215686275,30.600118835412957,0
3516,4,3,1,43,0.06818181818181818,0.022727272727272728,0.9772727272727273,44,1300,900,400,0.6923076923076923,17,9,8,360.3542676592796,0.4429836152219873,0.22454395933014348,0.19562088815789486,128355.55555555575,450.6944444444693,128806.25000000022,1170,0,233.4318181818182,34,10,22,37.537691885964925,0.607843137254902,46.66666666666668,1013.333333333335,29.803921568627498,0
3517,4,0,0,43,0.0,0.0,1.0,43,1400,1000,400,0.7142857142857143,18,10,8,372.2516896461705,0.4402224067921742,0.2366520175564384,0.20242562294960398,128423.86529519895,961.2001694060018,129385.06546460495,1171,1,239.8139534883721,33,10,18,37.16637951880064,0.6107954545454546,46.599264705882355,1013.6029411764705,30.715240641711226,0
3518,4,1,1,43,0.022727272727272728,0.022727272727272728,0.9772727272727273,44,1150,800,350,0.6956521739130435,15,8,7,362.8690709361912,0.4424440627202255,0.24145162493737993,0.19954289529431168,128868.76594387752,552.4978741496577,129421.26381802718,1172,0,235.3409090909091,34,10,20,36.949671708289365,0.6130514705882353,46.160714285714285,1015.3571428571425,29.86344537815125,0
3519,4,0,2,41,0.0,0.046511627906976744,0.9534883720930233,43,1300,800,500,0.6153846153846154,18,8,10,372.0572496168072,0.4400839793281654,0.25936199352329203,0.19559388662715807,127062.83925165041,862.4272656271928,127925.2665172776,1173,1,241.72093023255815,35,8,19,38.56773523896989,0.5925595238095238,47.945601851851855,1008.2175925925928,28.806216931216937,8
3520,4,4,1,44,0.08888888888888889,0.022222222222222223,0.9777777777777777,45,1300,900,400,0.6923076923076923,17,9,8,345.4367220654883,0.4465488215488216,0.24208037825059114,0.18572003839461876,127968.81028163584,-158.96468299896563,127809.84559863688,1174,0,228.4,35,10,20,38.31074124914207,0.6017857142857144,47.048611111111114,1011.8055555555559,28.90873015873017,0
3521,4,2,0,46,0.043478260869565216,0.0,1.0,46,1250,1000,250,0.8,15,10,5,337.85926268769197,0.4481783413848632,0.2530738569521036,0.18392226736367256,128466.99948827576,-519.1262913666155,127947.87319690915,1175,0,224.3913043478261,35,11,17,37.99389675381512,0.606845238095238,46.556712962962955,1013.7731481481471,28.96494708994706,0
3522,4,1,3,44,0.02127659574468085,0.06382978723404255,0.9361702127659575,47,950,500,450,0.5263157894736842,14,5,9,331.7874633197607,0.44935245143385755,0.25826492123363676,0.18213959770793675,128800.98637488829,-853.0894915185594,127947.89688336973,1176,0,220.59574468085106,36,11,18,37.807623326677025,0.6082175925925926,46.22747747747747,1015.0900900900891,28.19694694694692,0
3523,4,0,1,43,0.0,0.022727272727272728,0.9772727272727273,44,1700,1200,500,0.7058823529411765,22,12,10,352.2486428547379,0.4421027131782946,0.2655727976085811,0.19169741932199938,128454.92118415984,249.61433102651597,128704.53551518636,1177,1,236.38636363636363,33,11,18,37.641541747259815,0.6111111111111112,46.56862745098039,1013.7254901960777,30.71895424836599,0
3524,4,0,0,43,0.0,0.0,1.0,43,1450,1000,450,0.6896551724137931,19,10,9,361.2959713981348,0.4406376891842008,0.27890110446141714,0.1967742969964955,128485.98082768635,684.2934508362024,129170.27427852256,1178,2,242.27906976744185,33,10,18,37.38050989161528,0.6114267676767677,46.537990196078425,1013.8480392156853,30.722667855020767,0
3525,4,0,0,43,0.0,0.0,1.0,43,1450,1100,350,0.7586206896551724,18,11,7,364.15308367028433,0.4405454042081949,0.2762818801377087,0.19863986600999348,128548.11137843602,762.2382316897185,129310.34961012573,1179,3,243.27906976744185,33,10,18,37.2445871097684,0.6120580808080809,46.4767156862745,1014.0931372549007,30.730095068330325,0
3526,4,0,0,43,0.0,0.0,1.0,43,1100,700,400,0.6363636363636364,15,7,8,366.8895423463791,0.44019933554817275,0.2780474104033255,0.20091570176111237,128703.50346020756,843.993896578232,129547.4973567858,1180,4,244.27906976744185,33,10,19,37.016404991948455,0.6136363636363636,46.3235294117647,1014.7058823529408,30.748663101604265,0
3527,4,0,0,43,0.0,0.0,1.0,43,1400,1000,400,0.7142857142857143,18,10,8,364.26260966558266,0.4390919158361019,0.2795550018673345,0.20061486914506685,128929.21095521539,792.818168934236,129722.02912414962,1181,5,245.27906976744185,34,9,19,36.85260618137772,0.6136642156862745,46.101190476190474,1015.5952380952378,29.8704481792717,0
3528,4,0,0,43,0.0,0.0,1.0,43,1350,900,450,0.6666666666666666,18,9,9,361.9284648718275,0.43865356220007384,0.28008846906034357,0.20039852354576274,129140.88010204073,747.9520975056591,129888.83219954639,1182,6,246.27906976744185,34,9,20,36.69599633013196,0.6158088235294117,45.89285714285714,1016.4285714285706,29.894957983193255,0
3529,4,0,0,43,0.0,0.0,1.0,43,1500,1000,500,0.6666666666666666,20,10,10,363.81349099704374,0.4382613510520487,0.2842165459397634,0.20175111773472418,129201.38888888882,801.0700113378572,130002.45890022667,1183,7,247.27906976744185,32,11,20,36.58640710382513,0.62109375,45.83333333333333,1016.6666666666661,31.770833333333314,0
3530,4,1,0,44,0.022727272727272728,0.0,1.0,44,1550,900,650,0.5806451612903226,22,9,13,356.1951747580491,0.4396582100070472,0.2899074388122409,0.19957017579667066,129606.62853529872,433.05114018644144,130039.67967548515,1184,0,242.63636363636363,33,11,20,36.367568299434346,0.622790404040404,45.43504901960783,1018.259803921567,30.85635769459294,0
3531,4,0,0,44,0.0,0.0,1.0,44,1600,1000,600,0.625,22,10,12,358.3350620141499,0.43828180056377736,0.29245433305012747,0.20179921913428425,129807.25623582758,502.89824263037576,130310.15447845795,1185,1,243.63636363636363,34,10,20,36.10908294392524,0.6225490196078431,45.238095238095234,1019.0476190476184,29.971988795518186,0
3532,4,0,0,44,0.0,0.0,1.0,44,1700,1100,600,0.6470588235294118,23,11,12,356.0358058464833,0.4372357293868922,0.2891884291732547,0.2015967447909333,130019.64462868469,458.3297902494196,130477.97441893411,1186,2,244.63636363636363,34,10,20,35.95190848605114,0.6246936274509804,45.0297619047619,1019.8809523809515,29.99649859943975,0
3533,4,0,0,44,0.0,0.0,1.0,44,1050,600,450,0.5714285714285714,15,6,9,355.4786113625099,0.4372026955602537,0.29273707007683236,0.2017735968551527,130114.93866008648,450.61554248112895,130565.55420256761,1187,3,245.63636363636363,35,9,20,35.86937511816979,0.6235119047619048,44.93634259259259,1020.2546296296288,29.15013227513225,0
3534,4,0,0,44,0.0,0.0,1.0,44,1350,1000,350,0.7407407407407407,17,10,7,355.0187421907538,0.43688336856941506,0.28358070500927623,0.20227812055054595,130262.58680555562,449.2993934327945,130711.88619898842,1188,4,246.63636363636363,33,11,21,35.73129251700681,0.6294191919191919,44.79166666666667,1020.8333333333339,30.934343434343454,0
3535,4,1,1,44,0.022222222222222223,0.022222222222222223,0.9777777777777777,45,1300,700,600,0.5384615384615384,19,7,12,320.21174935591773,0.438047138047138,0.15818360953361466,0.18147743242717915,130055.1829784683,-666.6201913543714,129388.56278711393,1189,0,242.13333333333333,40,5,16,36.82935638138885,0.6138020833333333,44.99491869918698,1020.0203252032505,25.500508130081265,8
3536,4,0,0,44,0.0,0.0,1.0,44,1850,1400,450,0.7567567567567568,23,14,9,321.39350383595047,0.43675123326286114,0.1716006533278891,0.18262011389657595,130156.27170138882,-433.7239583333416,129722.54774305547,1190,1,248.29545454545453,39,5,17,36.6969511365183,0.6164529914529915,44.89583333333333,1020.4166666666661,26.1645299145299,0
3537,4,1,1,44,0.022222222222222223,0.022222222222222223,0.9777777777777777,45,1150,700,450,0.6086956521739131,16,7,9,312.00981684462437,0.43834175084175087,0.1673143675076043,0.17841445327855568,130402.54122662725,-862.49519082797,129540.04603579927,1191,0,243.75555555555556,37,8,18,36.68757827876185,0.6224662162162162,44.65460526315788,1021.381578947367,27.604907539118027,0
3538,4,0,1,43,0.0,0.022727272727272728,0.9772727272727273,44,1250,1000,250,0.8,15,10,5,319.455035210559,0.4353638125440451,0.1788007259457296,0.18293562157693782,130458.54403518386,-464.87224434441885,129993.67179083945,1192,1,249.95454545454547,37,7,21,36.44089209688383,0.6230292792792793,44.59978070175438,1021.6008771929821,27.610834518729245,0
3539,4,0,0,43,0.0,0.0,1.0,43,1000,500,500,0.5,15,5,10,324.2381410316797,0.43521594684385384,0.16886857236565622,0.18625223848123593,130578.91506371248,-132.26706436164494,130446.64799935084,1193,2,250.69767441860466,36,7,15,36.19711326575584,0.6261574074074074,44.48198198198199,1022.0720720720731,28.39089089089092,0
3540,4,1,1,43,0.022727272727272728,0.022727272727272728,0.9772727272727273,44,1500,900,600,0.6,21,9,12,347.83419999999967,0.4365750528541226,0.13199090909090905,0.19238617256637197,129098.08976138574,322.09553891745225,129420.18530030319,1194,0,245.97727272727272,40,4,16,37.09770833333335,0.6041666666666667,45.93495934959351,1016.2601626016285,25.406504065040714,8
3541,4,0,1,42,0.0,0.023255813953488372,0.9767441860465116,43,1250,800,450,0.64,17,8,9,354.0785152420781,0.43390088593576964,0.13765059750483255,0.19545681484677344,129020.64252635719,536.6875082623314,129557.33003461952,1195,1,252.62790697674419,40,3,16,37.017980394118254,0.6033854166666667,46.01117886178864,1015.9552845528497,25.39888211382124,0
3542,4,0,1,41,0.0,0.023809523809523808,0.9761904761904762,42,1450,900,550,0.6206896551724138,20,9,11,355.94697689412675,0.4320073557878436,0.12634810021569565,0.19712432466134494,129148.44292534764,793.9995659722631,129942.4424913199,1196,2,258.6666666666667,39,3,17,36.84028489444558,0.6063034188034189,45.885416666666686,1016.4583333333367,26.063034188034273,0
3543,4,0,0,41,0.0,0.0,1.0,41,1500,1000,500,0.6666666666666666,20,10,10,360.7560480681483,0.4280995934959349,0.14941226269005203,0.20076387869995263,129340.77222077946,1132.1040187846284,130472.87623956408,1197,3,265.3170731707317,37,4,17,36.522111135065224,0.6117680180180181,45.69627192982456,1017.2149122807016,27.492294926505448,0
3544,4,0,0,41,0.0,0.0,1.0,41,950,700,250,0.7368421052631579,12,7,5,359.0842375148634,0.4271849593495935,0.14869638351555992,0.200258517075597,129424.43828870426,1094.8551477377734,130519.29343644204,1198,4,266.3170731707317,37,4,17,36.47943606321841,0.6126126126126126,45.6140350877193,1017.5438596491231,27.501185395922246,0
3545,4,2,0,43,0.046511627906976744,0.0,1.0,43,1650,1300,350,0.7878787878787878,20,13,7,340.47426210539,0.42958656330749356,0.14621980024060144,0.19244948009596516,129951.54303200827,249.03114465598378,130200.57417666425,1199,0,254.88372093023256,40,3,14,36.41773813083492,0.6127604166666667,45.096544715447166,1019.6138211382131,25.49034552845533,0
3546,4,2,2,43,0.044444444444444446,0.044444444444444446,0.9555555555555556,45,800,500,300,0.625,11,5,6,330.88625431681817,0.43497474747474746,0.14742901171618317,0.18930400290727634,130422.14084201382,-367.90585986557664,130054.23498214823,1200,0,244.51111111111112,39,6,16,36.18575362023251,0.6191239316239316,44.635416666666664,1021.4583333333327,26.1912393162393,0
3547,4,0,4,39,0.0,0.09302325581395349,0.9069767441860466,43,1600,1200,400,0.75,20,12,8,340.83784025870995,0.43145533407161313,0.041007615700059175,0.1882880884535977,129050.14349489771,197.03443877548932,129247.1779336732,1201,1,255.41860465116278,41,2,14,37.324253075571185,0.6021341463414633,45.98214285714285,1016.0714285714265,24.782229965156745,8
3548,4,0,0,39,0.0,0.0,1.0,39,900,600,300,0.6666666666666666,12,6,6,363.4960724209323,0.421221322537112,0.07381666929921593,0.19890178344830747,128672.41753472203,1554.3836805555354,130226.80121527756,1202,8,282.46153846153845,37,2,14,37.13424024640657,0.6050112612612613,46.35416666666666,1014.5833333333318,27.421171171171128,0
3549,4,1,0,40,0.025,0.0,1.0,40,600,200,400,0.3333333333333333,10,2,8,359.78559073607016,0.4226629273504274,0.07871792175010528,0.19842467498367466,128984.24373584613,1281.3344656293189,130265.57820147545,1203,0,276.375,38,2,15,36.910145842097876,0.606359649122807,46.04700854700854,1015.8119658119645,26.73189383715696,0
3550,4,0,0,40,0.0,0.0,1.0,40,1100,700,400,0.6363636363636364,15,7,8,362.3308477649259,0.42259615384615384,0.08180790663442328,0.20023990081883822,129065.65176647292,1352.893404375759,130418.54517084868,1204,1,277.375,38,2,15,36.7624767812708,0.6071820175438596,45.966880341880334,1016.1324786324774,26.740328385065194,0
3551,4,1,0,41,0.024390243902439025,0.0,1.0,41,1650,1200,450,0.7272727272727273,21,12,9,356.0915568766734,0.4259146341463415,0.09202694129874356,0.19847546060337695,129401.82317029852,1015.9933527202081,130417.81652301873,1205,0,271.5853658536585,36,5,17,36.578583287216375,0.6142939814814814,45.636261261261254,1017.4549549549538,28.262637637637607,0
3552,4,0,2,39,0.0,0.04878048780487805,0.9512195121951219,41,1450,1100,350,0.7586206896551724,18,11,7,399.38873667970745,0.42535569105691057,-0.06447146779887869,0.2210229815028539,129119.93805473378,2113.8097879684433,131233.74784270223,1206,1,272.5853658536585,38,3,17,35.76553137811415,0.6077302631578947,45.91346153846154,1016.3461538461543,26.74595141700406,8
3553,4,0,0,39,0.0,0.0,1.0,39,1200,700,500,0.5833333333333334,17,7,10,390.8523039930459,0.419899910031489,0.015456711536263601,0.21121475031718084,128173.8297994899,2219.433019865659,130393.26281935556,1207,13,287.46153846153845,35,4,20,36.95148493161124,0.6038690476190476,46.84606481481482,1012.6157407407409,28.93187830687831,8
3554,4,1,1,39,0.025,0.025,0.975,40,850,600,250,0.7058823529411765,11,6,5,368.4140123551921,0.42162126068376066,-0.05473478408704535,0.21038943890031445,130351.2158805941,1612.847892018166,131964.06377261225,1208,0,281.25,35,5,20,35.299430465827946,0.6258928571428571,44.70486111111111,1021.1805555555553,29.176587301587293,8
3555,4,2,1,40,0.04878048780487805,0.024390243902439025,0.975609756097561,41,950,600,350,0.631578947368421,13,6,7,359.9718651386926,0.4243140243902439,-0.038704271649631306,0.2077042235825672,130751.61944038642,1213.3808639720917,131965.00030435852,1209,0,275.3414634146341,36,5,16,35.10905270498422,0.6278935185185186,44.31306306306307,1022.7477477477485,28.40965965965968,0
3556,4,0,0,40,0.0,0.0,1.0,40,1200,800,400,0.6666666666666666,16,8,8,367.8191095807876,0.42071314102564106,-0.042149649083087826,0.21181968800760606,130676.44702717765,1613.058877743489,132289.50590492113,1210,1,283.225,35,5,17,34.984623801977214,0.6291666666666667,44.386574074074076,1022.4537037037038,29.212962962962965,0
3557,4,0,0,40,0.0,0.0,1.0,40,1200,800,400,0.6666666666666666,16,8,8,365.8287896765182,0.4206196581196581,-0.04331503904039835,0.21115800224502884,130765.21675936645,1567.53619577332,132332.75295513976,1211,2,284.225,35,5,17,34.945517898230904,0.6300595238095238,44.29976851851852,1022.8009259259262,29.222883597883605,0
3558,4,0,0,40,0.0,0.0,1.0,40,1550,1000,550,0.6451612903225806,21,10,11,363.9207373007174,0.4204727564102564,-0.05073221757322155,0.21102630032460598,130942.84664619755,1530.5634591477856,132473.41010534533,1212,3,285.225,35,5,17,34.814377662181,0.6318452380952381,44.1261574074074,1023.4953703703691,29.24272486772483,0
3559,4,0,0,40,0.0,0.0,1.0,40,900,700,200,0.7777777777777778,11,7,4,359.56104567652983,0.41951121794871793,-0.04015254237288102,0.20962551081932068,131150.23389274685,1431.3030478394976,132581.53694058635,1213,4,286.225,35,5,19,34.71610169491525,0.6339285714285714,43.92361111111111,1024.305555555555,29.265873015872998,0
3560,4,0,1,39,0.0,0.025,0.975,40,900,800,100,0.8888888888888888,10,8,2,357.623856605326,0.41980502136752135,-0.038180483397334375,0.20914145484699836,131268.81456832984,1388.9719435870977,132657.78651191693,1214,5,287.225,35,5,19,34.6458286273624,0.6351190476190476,43.80787037037037,1024.768518518518,29.279100529100514,0
3561,4,0,1,38,0.0,0.02564102564102564,0.9743589743589743,39,1000,600,400,0.6,14,6,8,357.7261986708923,0.41672289698605486,-0.025904470750355513,0.20968768640821236,131357.7852393045,1598.0242358967512,132955.80947520124,1215,6,293.4871794871795,35,4,19,34.55329588649279,0.6360119047619048,43.7210648148148,1025.115740740739,29.289021164021115,0
3562,4,0,0,38,0.0,0.0,1.0,38,1200,800,400,0.6666666666666666,16,8,8,363.9371154861957,0.41396989094357517,-0.03545342860111633,0.21333304979248688,131358.63272392293,1961.2563775510218,133319.88910147396,1216,7,301.1578947368421,34,4,19,34.39326636472728,0.6381740196078431,43.720238095238095,1025.1190476190477,30.150560224089638,0
3563,4,1,1,38,0.02564102564102564,0.02564102564102564,0.9743589743589743,39,1050,900,150,0.8571428571428571,12,9,3,356.60595362566187,0.41624493927125505,-0.03254571319523969,0.21082543978349122,131684.26890432087,1591.8788580246785,133276.14776234556,1217,0,294.4102564102564,35,4,17,34.25236806495264,0.6392857142857142,43.40277777777777,1026.388888888888,29.3253968253968,0
3564,4,0,0,38,0.0,0.0,1.0,38,1250,900,350,0.72,16,9,7,363.69607055171826,0.41336237553342814,-0.03562490080455161,0.21507458986947275,131694.4515306121,1979.3509070294565,133673.80243764157,1218,1,302.42105263157896,34,4,17,34.0601561895925,0.6415441176470589,43.39285714285713,1026.4285714285702,30.189075630252063,0
3565,4,0,1,37,0.0,0.02631578947368421,0.9736842105263158,38,1100,700,400,0.6363636363636364,15,7,8,366.4809913883639,0.4133920104314841,-0.04120518688024444,0.2172438866477413,131786.11288265287,2059.42106009068,133845.53394274355,1219,2,303.42105263157896,34,4,18,33.89613526570048,0.6424632352941176,43.303571428571416,1026.7857142857129,30.19957983193273,0
3566,4,0,0,37,0.0,0.0,1.0,37,1100,700,400,0.6363636363636364,15,7,8,372.6409078004848,0.4108796296296296,-0.03212543171975235,0.22133971993450458,131862.52170138867,2427.4739583333,134289.995659722,1220,3,311.2972972972973,33,4,18,33.66083502366462,0.6455176767676767,43.22916666666665,1027.0833333333314,31.123737373737317,0
3567,4,2,0,39,0.05128205128205128,0.0,1.0,39,800,400,400,0.5,12,4,8,356.1769574980742,0.41402384165542055,-0.027821031869615154,0.21457489878542488,132398.00347222193,1632.5086805555181,134030.51215277743,1221,0,296.28205128205127,34,5,20,33.544197031039126,0.6485906862745099,42.708333333333314,1029.1666666666642,30.269607843137184,0
3568,4,0,0,39,0.0,0.0,1.0,39,1050,800,250,0.7619047619047619,13,8,5,357.6882632756543,0.4139957264957265,-0.025424876723066925,0.21633939349853795,132546.94097490123,1682.0970239626001,134229.03799886382,1222,1,297.28205128205127,35,4,21,33.35546157880934,0.6479166666666667,42.5636574074074,1029.7453703703688,29.42129629629625,0
3569,4,0,0,39,0.0,0.0,1.0,39,1150,700,450,0.6086956521739131,16,7,9,356.5832596894334,0.41334907782276203,-0.023739556323826072,0.216184673789915,132636.3436642659,1659.1799554183592,134295.52361968427,1223,2,298.28205128205127,35,4,13,33.294007490636695,0.6488095238095238,42.47685185185184,1030.092592592591,29.431216931216888,0
3570,4,0,0,39,0.0,0.0,1.0,39,1300,900,400,0.6923076923076923,17,9,8,360.6595415265197,0.41211201079622134,-0.031299039721274236,0.2195265357001814,132785.4151261358,1778.0653881601315,134563.48051429592,1224,3,299.28205128205127,35,4,13,33.03913999625678,0.6502976190476191,42.33217592592592,1030.671296296295,29.447751322751284,0
3571,4,0,1,38,0.0,0.02564102564102564,0.9743589743589743,39,900,600,300,0.6666666666666666,12,6,6,359.6571367966597,0.411493477282951,-0.029613254579576975,0.21944012154689324,132874.89819101492,1757.881087105603,134632.77927812052,1225,4,300.28205128205127,35,4,14,32.97504116150275,0.6511904761904762,42.24537037037036,1031.018518518517,29.457671957671916,0
3572,4,0,0,38,0.0,0.0,1.0,38,1150,1000,150,0.8695652173913043,13,10,3,366.5348037274359,0.4075539355144618,-0.023869458084416095,0.2234582817796214,132845.0671537422,2138.468123070975,134983.53527681317,1226,5,309.07894736842104,35,3,15,32.82776187268441,0.6508928571428572,42.27430555555555,1030.902777777777,29.454365079365054,0
3573,4,0,1,37,0.0,0.02631578947368421,0.9736842105263158,38,1300,1000,300,0.7692307692307693,16,10,6,367.46890186769036,0.40722795163584635,-0.028761571680913756,0.2243852259588246,132904.7325772675,2167.671226637499,135072.403803905,1227,6,310.07894736842104,35,3,15,32.74369083698133,0.6514880952380953,42.216435185185176,1031.134259259258,29.4609788359788,0
3574,4,0,0,37,0.0,0.0,1.0,37,1750,1400,350,0.8,21,14,7,368.364847754867,0.40377877877877877,-0.01310254256051624,0.2252916374978461,132964.41139671206,2395.883032193061,135360.29442890512,1228,7,318.56756756756755,35,2,16,32.66059271312611,0.6520833333333333,42.15856481481481,1031.3657407407402,29.467592592592577,0
3575,4,0,0,37,0.0,0.0,1.0,37,1350,1100,250,0.8148148148148148,16,11,5,363.90379895837356,0.4029341841841842,-0.009771718041410526,0.2238618940437888,133181.46482631285,2293.048200227255,135474.5130265401,1229,8,319.56756756756755,36,1,16,32.5575950978253,0.6521990740740741,41.9481981981982,1032.2072072072076,28.672422422422432,0
3576,4,0,1,36,0.0,0.02702702702702703,0.972972972972973,37,1200,800,400,0.6666666666666666,16,8,8,363.0468220617678,0.402809059059059,-0.0077759076559380524,0.2238585280083624,133268.65875588427,2276.5526083515956,135545.21136423587,1230,9,320.56756756756755,36,1,16,32.492183807758025,0.6530671296296297,41.86373873873874,1032.545045045045,28.681806806806808,0
3577,4,0,0,36,0.0,0.0,1.0,36,950,700,250,0.7368421052631579,12,7,5,370.726229227167,0.39892526455026456,-0.02062929190588747,0.2217616898467963,132130.1269531251,2596.9760961341567,134727.10304925925,1231,10,330.1111111111111,35,1,18,33.43992738939549,0.64375,42.96875000000001,1028.1250000000007,29.375000000000018,8
3578,4,0,0,36,0.0,0.0,1.0,36,850,600,250,0.7058823529411765,11,6,5,369.0181415644757,0.3979166666666667,-0.025714607247355303,0.2212614848813719,132219.38898533958,2558.27064043211,134777.6596257717,1232,11,331.1111111111111,35,1,18,33.39382174206617,0.6446428571428571,42.88194444444445,1028.4722222222229,29.384920634920654,0
3579,4,0,0,36,0.0,0.0,1.0,36,1000,600,400,0.6,14,6,8,369.1962372238826,0.39770171957671957,-0.017296658791765118,0.22189218070879582,132308.68115837185,2569.5734471450555,134878.2546055169,1233,12,332.1111111111111,35,1,19,33.299232197097524,0.6455357142857143,42.795138888888886,1028.8194444444441,29.394841269841262,0
3580,4,2,3,35,0.05263157894736842,0.07894736842105263,0.9210526315789473,38,1000,800,200,0.8,12,8,4,352.47097052966143,0.4024270981507823,-0.011970316451208829,0.21505557571768635,132874.898191015,1766.969146519197,134641.8673375342,1234,0,315.57894736842104,35,3,14,33.16026792396348,0.6511904761904762,42.24537037037037,1031.0185185185178,29.457671957671938,0
3581,4,0,0,35,0.0,0.0,1.0,35,700,500,200,0.7142857142857143,9,5,4,369.4946641341615,0.3942577030812325,0.016118611215016676,0.22334490417663477,132524.15687475973,2793.393766820455,135317.5506415802,1235,1,341.14285714285717,33,2,20,33.074466396889626,0.6521464646464646,42.58578431372549,1029.6568627450981,31.201723113487823,0
3582,4,0,1,34,0.0,0.02857142857142857,0.9714285714285714,35,900,500,400,0.5555555555555556,13,5,8,364.4260274003451,0.3935924369747899,0.039894204693830204,0.20116505290003528,129019.90504535152,2403.6422902494414,131423.54733560098,1236,2,342.14285714285717,34,1,18,36.75591750644482,0.6145833333333333,46.011904761904766,1015.9523809523813,29.88095238095239,8
3583,4,0,0,34,0.0,0.0,1.0,34,800,300,500,0.375,13,3,10,374.18450885456923,0.39137700534759357,0.0518937216580444,0.20636163632039423,128983.44574502592,2852.7214592944997,131836.16720432043,1237,3,352.7647058823529,33,1,18,36.54529597458478,0.6164772727272727,46.04779411764706,1015.8088235294116,30.782085561497322,0
3584,4,0,0,34,0.0,0.0,1.0,34,1050,500,550,0.47619047619047616,16,5,11,376.6981883697079,0.39089423648247174,0.05556343873938441,0.20807492869908387,129045.69644187328,2922.256013312184,131967.95245518547,1238,4,353.7647058823529,33,1,18,36.417877819322165,0.6171085858585859,45.986519607843135,1016.0539215686272,30.789512774806884,0
3585,4,0,0,34,0.0,0.0,1.0,34,1300,1000,300,0.7692307692307693,16,10,6,376.8918943959575,0.3915255496137849,0.04963656348615397,0.20883889539174785,129170.24289035461,2936.6435085063354,132106.88639886095,1239,5,354.7647058823529,33,1,19,36.28578963230863,0.6183712121212122,45.86397058823529,1016.5441176470583,30.80436720142601,0
3586,4,1,0,35,0.02857142857142857,0.0,1.0,35,700,400,300,0.5714285714285714,10,4,6,367.4351855481716,0.3978641456582633,0.05269163979161551,0.20542735547082933,129522.50567544127,2518.232690235073,132040.73836567634,1240,0,345.6,32,3,18,36.16710080211694,0.6243489583333333,45.51767676767677,1017.9292929292927,31.810290404040398,0
3587,4,0,0,35,0.0,0.0,1.0,35,1400,900,500,0.6428571428571429,19,9,10,365.28316941102275,0.39810924369747897,0.05928181882569583,0.20523012610084473,129715.36705438214,2476.5680797877676,132191.9351341699,1241,1,346.6,32,3,18,36.02555362749958,0.6263020833333333,45.32828282828282,1018.6868686868681,31.83396464646463,0
3588,4,0,0,35,0.0,0.0,1.0,35,900,600,300,0.6666666666666666,12,6,6,363.97736280315604,0.3980392156862745,0.058997593090754474,0.20516936260803592,129844.02101826345,2452.0568691970184,132296.07788746047,1242,2,347.6,32,3,18,35.92795052857614,0.6276041666666667,45.2020202020202,1019.1919191919193,31.849747474747478,0
3589,4,1,0,36,0.027777777777777776,0.0,1.0,36,1000,700,300,0.7,13,7,6,349.97268568886994,0.4027943121693122,0.05559558117194996,0.1990828228426849,130200.04325259502,1913.2917627835286,132113.33501537854,1243,0,338.9166666666667,33,3,19,35.92349103426192,0.6287878787878788,44.85294117647058,1020.5882352941165,30.926916221033835,0
3590,4,0,0,36,0.0,0.0,1.0,36,800,700,100,0.875,9,7,2,351.3490833645108,0.4025297619047619,0.0594057095617162,0.20067113856589922,130356.43029423781,1960.1224589100416,132316.55275314784,1244,1,339.9166666666667,33,3,21,35.72980419216769,0.6303661616161615,44.69975490196079,1021.200980392157,30.94548425430779,0
3591,4,0,0,36,0.0,0.0,1.0,36,1050,900,150,0.8571428571428571,12,9,3,352.9596180344016,0.4029265873015873,0.06151769646070826,0.2019161576058159,130419.01139285373,2006.528889129185,132425.54028198292,1245,2,340.9166666666667,33,3,21,35.62524995001001,0.6309974747474747,44.638480392156865,1021.4460784313727,30.952911467617355,0
3592,4,0,0,36,0.0,0.0,1.0,36,950,700,250,0.7368421052631579,12,7,5,351.06800118454504,0.4022982804232804,0.05962278983624425,0.20148355553185987,130544.21864487231,1965.9795811707177,132510.19822604302,1246,3,341.9166666666667,33,3,16,35.54670324179556,0.632260101010101,44.515931372549026,1021.9362745098051,30.967765894236518,0
3593,4,0,0,36,0.0,0.0,1.0,36,1200,900,300,0.75,15,9,6,354.3334535965608,0.4025958994708995,0.05682408406248762,0.2040168394310635,130669.48596993963,2060.1140486832232,132729.60001862285,1247,4,342.9166666666667,33,3,16,35.33638479363938,0.6335227272727273,44.39338235294119,1022.4264705882368,30.982620320855663,0
3594,4,0,0,36,0.0,0.0,1.0,36,1300,1000,300,0.7692307692307693,16,10,6,357.93142067086967,0.4031084656084656,0.05745887238460279,0.20692600413853326,130826.15460399853,2165.358275663209,132991.51287966172,1248,5,343.9166666666667,33,3,16,35.08574908161634,0.6351010101010102,44.240196078431374,1023.039215686275,31.001188354129546,0
3595,4,0,1,35,0.0,0.027777777777777776,0.9722222222222222,36,1100,700,400,0.6363636363636364,15,7,8,358.6188098541649,0.4025462962962963,0.06691208747356225,0.2081683751710799,130982.91710219628,2194.5875684832736,133177.50467067957,1249,6,344.9166666666667,33,3,16,34.909488606887734,0.6366792929292929,44.08700980392157,1023.6519607843138,31.019756387403447,0
3596,4,1,1,35,0.027777777777777776,0.027777777777777776,0.9722222222222222,36,700,500,200,0.7142857142857143,9,5,4,356.51083995329776,0.40709325396825397,0.06317118553960688,0.20813063002860127,131202.5422914264,2155.0257112649024,133357.5680026913,1250,0,313.3888888888889,33,3,18,34.74132775119618,0.6388888888888888,43.872549019607845,1024.5098039215688,31.045751633986935,0
3597,4,0,0,35,0.0,0.0,1.0,35,800,400,400,0.5,12,4,8,365.6730993703003,0.40203081232492993,0.07140464225891341,0.21313080645306637,131139.77346453292,2590.857482698969,133730.6309472319,1251,1,323.0571428571429,33,2,20,34.570172290021546,0.6382575757575757,43.93382352941177,1024.2647058823534,31.038324420677377,0
3598,4,0,0,35,0.0,0.0,1.0,35,800,600,200,0.75,10,6,4,366.80073608794277,0.40189075630252097,0.0698481042937451,0.2143131344815718,131233.93233672154,2627.340596164954,133861.2729328865,1252,2,324.0571428571429,33,2,20,34.44601423274729,0.6392045454545454,43.84191176470589,1024.6323529411773,31.049465240641734,0
3599,4,0,0,35,0.0,0.0,1.0,35,1250,1000,250,0.8,15,10,5,367.8320699057498,0.40161064425770304,0.06517141832220141,0.21526799164603122,131296.72369100826,2659.0291294213766,133955.75282042962,1253,3,325.0571428571429,33,2,20,34.3560674000558,0.6398358585858586,43.78063725490196,1024.8774509803923,31.05689245395128,0
3600,4,0,0,35,0.0,0.0,1.0,35,1150,800,350,0.6956521739130435,15,8,7,370.2054995947652,0.4013305322128851,0.061744683096733644,0.21738531180109105,131425.20732897162,2730.8706622790655,134156.0779912507,1254,4,326.0571428571429,32,3,20,34.16528136928951,0.6435546875,43.65530303030304,1025.3787878787887,32.043087121212146,0
3601,4,1,0,36,0.027777777777777776,0.0,1.0,36,1400,1000,400,0.7142857142857143,18,10,8,358.64326967282494,0.40459656084656087,0.06273502292278366,0.21311116602872834,131877.8061224491,2259.4175170068183,134137.22363945591,1255,0,317.97222222222223,34,2,18,34.00483889661566,0.6433823529411764,43.21428571428572,1027.1428571428582,30.210084033613477,0
3602,4,0,0,36,0.0,0.0,1.0,36,900,800,100,0.8888888888888888,10,8,2,357.71478317302723,0.40434854497354494,0.0700921128382268,0.21314039228255965,131981.4238790297,2242.3412851509156,134223.7651641806,1256,1,318.97222222222223,35,1,18,33.924213411429015,0.6422619047619047,43.11342592592594,1027.546296296298,29.358465608465654,0
3603,4,0,0,36,0.0,0.0,1.0,36,800,600,200,0.75,10,6,4,358.78350030247,0.40441468253968255,0.07126011835504009,0.21428085179463632,132070.63567654783,2276.952991040845,134347.58866758866,1257,2,319.97222222222223,35,1,19,33.80683950756295,0.643154761904762,43.02662037037039,1027.8935185185212,29.368386243386322,0
3604,4,0,0,36,0.0,0.0,1.0,36,1150,800,350,0.6956521739130435,15,8,7,360.95041721439685,0.40434854497354494,0.0695147877196276,0.2162538406574454,132189.63162562164,2342.780537337114,134532.41216295876,1258,3,320.97222222222223,35,1,19,33.63123710373288,0.6443452380952381,42.91087962962963,1028.356481481482,29.38161375661377,0
3605,4,2,2,36,0.05263157894736842,0.05263157894736842,0.9473684210526316,38,650,400,250,0.6153846153846154,9,4,5,341.9541101611138,0.41127311522048365,0.0665787699984628,0.20764498558350836,132695.96220207462,1475.5141353737845,134171.4763374484,1259,0,305.0263157894737,35,3,16,33.61089268329216,0.6494047619047619,42.418981481481474,1030.324074074073,29.437830687830658,0
3606,4,0,0,36,0.0,0.0,1.0,36,1000,700,300,0.7,13,7,6,355.90715467391453,0.4041997354497355,0.061422109132033054,0.21458669869669897,132428.63520408154,2226.4597505668835,134655.09495464843,1260,5,322.97222222222223,34,2,19,33.52031768062302,0.6488970588235294,42.67857142857142,1029.2857142857135,30.27310924369746,0
3607,4,0,0,36,0.0,0.0,1.0,36,1050,700,350,0.6666666666666666,14,7,7,356.04263423435486,0.4039021164021164,0.06284521515735397,0.21536844658231916,132551.19756235805,2238.7755102040537,134789.9730725621,1261,6,323.97222222222223,34,2,20,33.39354527938342,0.6501225490196079,42.559523809523796,1029.761904761903,30.287114845938323,0
3608,4,0,0,36,0.0,0.0,1.0,36,800,500,300,0.625,11,5,6,356.64928224603165,0.4029265873015873,0.06462224789781157,0.21661751142732616,132704.4802295915,2265.791524943281,134970.2717545348,1262,7,324.97222222222223,34,2,16,33.22381089928751,0.6516544117647058,42.41071428571427,1030.3571428571404,30.304621848739423,0
3609,4,0,0,36,0.0,0.0,1.0,36,1250,1000,250,0.8,15,10,5,352.8433787379041,0.40286044973544977,0.06581783885745085,0.21500850221615134,132827.17013888876,2173.4374999999804,135000.60763888873,1263,8,325.97222222222223,34,2,17,33.19859876044194,0.6528799019607843,42.29166666666666,1030.8333333333321,30.318627450980358,0
3610,4,0,0,36,0.0,0.0,1.0,36,1200,900,300,0.75,15,9,6,350.83775092352533,0.402744708994709,0.062203761911889366,0.21405908802923015,132874.89819101492,2123.506087105603,134998.40427812052,1264,9,326.97222222222223,35,1,17,33.20236491543181,0.6511904761904762,42.24537037037036,1031.018518518517,29.457671957671916,0
3611,4,0,0,36,0.0,0.0,1.0,36,950,700,250,0.7368421052631579,12,7,5,349.1058305337205,0.40262896825396827,0.060228307086123145,0.21351283842731508,132964.41139671195,2083.73025441527,135048.14165112723,1265,10,327.97222222222223,35,1,17,33.15716997718176,0.6520833333333333,42.1585648148148,1031.3657407407393,29.467592592592553,0
3612,4,0,1,35,0.0,0.027777777777777776,0.9722222222222222,36,650,500,150,0.7692307692307693,8,5,3,348.9934847585906,0.4019510582010582,0.06362429410224801,0.21378549344696307,133024.1036120753,2084.9090952931774,135109.01270736847,1266,11,328.97222222222223,35,1,17,33.100176708179056,0.6526785714285714,42.10069444444443,1031.59722222222,29.474206349206284,0
3613,4,0,0,35,0.0,0.0,1.0,35,550,500,50,0.9090909090909091,6,5,1,359.77038805844757,0.40108543417366943,0.06446548141306874,0.21976947118210646,132919.22477324243,2564.08021541948,135483.3049886619,1267,12,335.22857142857146,34,1,17,32.92758600785038,0.6537990196078431,42.20238095238094,1031.1904761904748,30.329131652661022,0
3614,4,0,0,35,0.0,0.0,1.0,35,1400,1000,400,0.7142857142857143,18,10,8,360.0667811227435,0.4010504201680672,0.06551851199154113,0.2212760501220883,133143.52823055972,2588.112327460545,135731.64055802027,1268,13,336.22857142857146,35,0,19,32.69468898358938,0.6538690476190476,41.984953703703695,1032.0601851851843,29.487433862433836,0
3615,4,0,0,35,0.0,0.0,1.0,35,750,400,350,0.5333333333333333,11,4,7,358.4065635745742,0.4005252100840336,0.06572709801409338,0.22078636374897787,133233.1318587104,2550.3257887516943,135783.45764746208,1269,14,337.22857142857146,35,0,19,32.64760837070252,0.6547619047619048,41.89814814814814,1032.4074074074063,29.497354497354465,0
3616,4,0,0,35,0.0,0.0,1.0,35,650,300,350,0.46153846153846156,10,3,7,358.12752982956255,0.3995798319327731,0.06362297496318137,0.22132479752070724,133352.65024862808,2551.4510459533412,135904.10129458143,1270,15,338.22857142857146,35,0,20,32.53492454803526,0.655952380952381,41.7824074074074,1032.8703703703688,29.510582010581967,0
3617,4,0,1,34,0.0,0.02857142857142857,0.9714285714285714,35,650,400,250,0.6153846153846154,9,4,5,367.17562297574193,0.3994047619047619,0.0652729384436701,0.21506000774293454,131328.125,2644.2579732510285,133972.38297325102,1271,16,339.22857142857146,32,3,23,34.34112466124662,0.642578125,43.75,1025.0,32.03125,8
3618,4,0,0,34,0.0,0.0,1.0,34,850,500,350,0.5882352941176471,12,5,7,369.8195518540552,0.3950906120023767,0.08249641319942658,0.21660859465737511,131328.12499999997,2913.541666666666,134241.66666666663,1272,17,349.5882352941176,32,2,23,34.273373983739845,0.642578125,43.75,1024.9999999999998,32.03124999999999,0
3619,4,0,0,34,0.0,0.0,1.0,34,1200,800,400,0.6666666666666666,16,8,8,367.0489849387986,0.3946264111705288,0.08106597878726163,0.2158702006291499,131485.18786344194,2852.300947952719,134337.48881139467,1273,18,350.5882352941176,33,1,23,34.18556079977696,0.641729797979798,43.5968137254902,1025.6127450980393,31.07917409387998,0
3620,4,0,0,34,0.0,0.0,1.0,34,400,300,100,0.75,5,3,2,367.0489849387986,0.3946264111705288,0.08106597878726163,0.2158702006291499,131485.18786344194,2852.300947952719,134337.48881139467,1274,19,351.5882352941176,33,1,23,34.18556079977696,0.641729797979798,43.5968137254902,1025.6127450980393,31.07917409387998,0
3621,4,0,0,34,0.0,0.0,1.0,34,1350,900,450,0.6666666666666666,18,9,9,366.1231571716709,0.394793523469994,0.07653519860666336,0.2165711556829037,131705.23356401394,2844.067185697823,134549.30074971175,1275,20,352.5882352941176,33,1,20,33.9869866284623,0.6439393939393939,43.38235294117648,1026.4705882352948,31.10516934046348,0
3622,4,0,0,34,0.0,0.0,1.0,34,1000,500,500,0.5,15,5,10,363.2594938511396,0.3943478906714201,0.08155271655201446,0.21558884975018097,131831.056564783,2777.776576316826,134608.83314109984,1276,21,353.5882352941176,33,1,21,33.93347255369927,0.6452020202020202,43.25980392156864,1026.9607843137273,31.120023767082646,0
3623,4,0,0,34,0.0,0.0,1.0,34,700,500,200,0.7142857142857143,9,5,4,362.2152882990498,0.39445929887106357,0.07630781320161617,0.21568273985079817,131956.93963860074,2759.3641868512323,134716.30382545196,1277,22,354.5882352941176,33,1,22,33.83329357506361,0.6464646464646464,43.137254901960794,1027.4509803921585,31.134878193701773,0
3624,4,0,0,34,0.0,0.0,1.0,34,600,400,200,0.6666666666666666,8,4,4,360.36765257549854,0.394143642305407,0.07774036269248308,0.21476067994637943,131988.41979346905,2712.8714016243953,134701.29119509345,1278,23,355.5882352941176,33,1,22,33.84901113098787,0.646780303030303,43.10661764705883,1027.5735294117662,31.13859180035655,0
3625,4,0,0,34,0.0,0.0,1.0,34,1400,1100,300,0.7857142857142857,17,11,6,345.24555649110755,0.39380941770647654,0.09737980139715652,0.19374313436850735,129669.02941476836,2153.531243992697,131822.56065876107,1279,24,356.5882352941176,33,1,22,36.58291721814463,0.6234217171717171,45.37377450980392,1018.5049019607843,30.863784907902556,8
3626,4,0,0,34,0.0,0.0,1.0,34,600,600,0,1.0,6,6,0,343.654560779355,0.39351232917409384,0.09400799405751514,0.1934656515152564,129793.87622849383,2120.8515054306017,131914.72773392443,1280,25,357.5882352941176,33,1,22,36.49666766887151,0.6246843434343434,45.25122549019608,1018.9950980392155,30.87863933452168,0
3627,4,0,0,34,0.0,0.0,1.0,34,850,700,150,0.8235294117647058,10,7,3,343.90908583463164,0.39351232917409384,0.09472645892110942,0.194228084525343,129918.7831152682,2136.049986783937,132054.83310205213,1281,26,358.5882352941176,33,1,23,36.363420082541985,0.6259469696969697,45.12867647058824,1019.4852941176473,30.893493761140828,0
3628,4,1,0,35,0.02857142857142857,0.0,1.0,35,950,600,350,0.631578947368421,13,6,7,337.02623906705526,0.3972689075630252,0.09399416909620961,0.19202657807308976,130262.58680555565,1781.290549307968,132043.87735486362,1282,0,349.3142857142857,32,3,24,36.19047619047618,0.6318359375,44.79166666666667,1020.8333333333342,31.901041666666693,0
3629,4,0,0,35,0.0,0.0,1.0,35,1100,800,300,0.7272727272727273,14,8,6,339.0407871411877,0.3971288515406162,0.09378521095667836,0.1938163199424074,130391.51178770012,1841.608158606252,132233.11994630637,1283,1,350.3142857142857,32,3,24,36.008519800552186,0.6331380208333333,44.665404040404034,1021.3383838383829,31.916824494949466,0
3630,4,0,0,35,0.0,0.0,1.0,35,1050,600,450,0.5714285714285714,15,6,9,339.6915452523366,0.3972689075630252,0.0911235082268198,0.19467308669843525,130488.24737271701,1865.1508774614722,132353.3982501785,1284,2,351.3142857142857,32,3,19,35.893989948920726,0.6341145833333333,44.570707070707066,1021.7171717171713,31.9286616161616,0
3631,4,0,1,34,0.0,0.02857142857142857,0.9714285714285714,35,950,500,450,0.5263157894736842,14,5,9,358.4643196043285,0.39653361344537813,0.08747279964617416,0.20256118829985692,129940.55333958281,2349.5442110499066,132290.09755063272,1285,3,352.3142857142857,32,3,20,35.9703302373581,0.6285807291666667,45.10732323232324,1019.570707070708,31.861584595959624,8
3632,4,0,0,34,0.0,0.0,1.0,34,900,600,300,0.6666666666666666,12,6,6,378.62401348170397,0.391934046345811,0.122178802421685,0.20241539126445698,127741.58564314188,2873.206368944622,130614.7920120865,1286,31,363.5882352941176,33,1,21,37.70444397300685,0.6038510101010102,47.27328431372548,1010.9068627450965,30.633541295305957,8
3633,4,1,0,35,0.02857142857142857,0.0,1.0,35,1200,1100,100,0.9166666666666666,13,11,2,372.05409927208825,0.39733893557422967,0.12570487616359194,0.2004565242085735,128054.14540816302,2528.613945578205,130582.75935374123,1287,0,354.1714285714286,34,1,22,37.54998823806163,0.6047794117647058,46.9642857142857,1012.1428571428552,29.768907563025152,0
3634,4,3,1,37,0.07894736842105263,0.02631578947368421,0.9736842105263158,38,1100,800,300,0.7272727272727273,14,8,6,350.17092490834585,0.4067982456140351,0.13895168527837987,0.19336613767584818,129034.22807979376,1436.8069983071643,130471.03507810092,1288,0,327.13157894736844,37,1,22,37.10338873300236,0.6086711711711712,45.997807017543856,1016.0087719298243,27.4596965386439,0
3635,4,1,0,38,0.02631578947368421,0.0,1.0,38,1100,800,300,0.7272727272727273,14,8,6,356.80259870278894,0.4041162873399715,0.16002050665813305,0.19899461196856577,129426.12879106721,1636.4568503948792,131062.5856414621,1289,0,328.10526315789474,32,6,17,36.53575712453986,0.6233723958333333,45.61237373737374,1017.5505050505049,31.798453282828277,0
3636,4,1,0,39,0.02564102564102564,0.0,1.0,39,800,600,200,0.75,10,6,4,348.49745768456717,0.40786662168241117,0.16404583071249812,0.1963485676222806,129825.09731833912,1248.743271818542,131073.84059015766,1290,0,320.6666666666667,33,6,18,36.341590508257184,0.625,45.22058823529412,1019.1176470588236,30.882352941176475,0
3637,4,0,0,39,0.0,0.0,1.0,39,1200,900,300,0.75,15,9,6,346.3551106011599,0.40831646423751683,0.153528895912461,0.19611528304825757,130019.64462868476,1206.5936791383222,131226.23830782308,1291,1,321.6666666666667,34,5,20,36.19873740321389,0.6246936274509804,45.029761904761905,1019.8809523809521,29.996498599439768,0
3638,4,0,0,39,0.0,0.0,1.0,39,1650,1300,350,0.7878787878787878,20,13,7,345.6992444740848,0.4073605488079172,0.15361224219704628,0.19712665336848734,130293.86421388401,1208.7248410393497,131502.58905492336,1292,2,322.6666666666667,33,6,22,35.93743748249511,0.6297348484848485,44.7610294117647,1020.9558823529405,30.9380570409982,0
3639,4,0,1,38,0.0,0.02564102564102564,0.9743589743589743,39,800,700,100,0.875,9,7,2,347.0000297744358,0.4067420152946469,0.16127940533988072,0.1983469305994615,130387.71896626301,1248.9084727028107,131636.62743896584,1293,3,323.6666666666667,33,6,22,35.809135269178455,0.6306818181818181,44.669117647058826,1021.3235294117651,30.949197860962578,0
3640,4,1,1,38,0.02564102564102564,0.02564102564102564,0.9743589743589743,39,900,400,500,0.4444444444444444,14,4,10,345.909170349036,0.4060672514619883,0.16005582556355868,0.19884413438189572,130606.84479827457,1235.621065215284,131842.46586348987,1294,0,324.4871794871795,33,6,18,35.61510909962834,0.6328914141414141,44.45465686274509,1022.1813725490185,30.975193107546016,0
3641,4,0,1,37,0.0,0.02631578947368421,0.9736842105263158,38,1100,800,300,0.7272727272727273,14,8,6,352.47021082921356,0.40156768610715976,0.1551489060862763,0.20212493933246073,130512.91120001908,1600.3826653210165,132113.2938653401,1295,5,334.0263157894737,33,5,18,35.54259614615816,0.6319444444444444,44.546568627450974,1021.8137254901949,30.964052287581662,0
3642,4,0,0,37,0.0,0.0,1.0,37,1000,700,300,0.7,13,7,6,353.87509580678187,0.4015265265265265,0.15458992037126662,0.20330865156535824,130585.01882779812,1842.1572097234891,132427.1760375216,1296,6,338.5405405405405,32,5,18,35.43365246036647,0.6350911458333333,44.4760101010101,1022.0959595959591,31.940498737373723,0
3643,4,0,0,37,0.0,0.0,1.0,37,1000,700,300,0.7,13,7,6,353.87509580678187,0.40118243243243246,0.15458992037126662,0.20330865156535824,130585.01882779812,1842.1572097234891,132427.1760375216,1297,7,339.5405405405405,32,5,18,35.43365246036647,0.6350911458333333,44.4760101010101,1022.0959595959591,31.940498737373723,0
3644,4,0,0,37,0.0,0.0,1.0,37,1350,900,450,0.6666666666666666,18,9,9,356.9217492502695,0.4011511511511512,0.15894974773479453,0.20600753245108927,130763.47588667826,1934.4657103037364,132697.941596982,1298,8,340.5405405405405,33,4,19,35.17503394839842,0.634469696969697,44.3014705882353,1022.7941176470594,30.99376114081998,0
3645,4,2,1,38,0.05128205128205128,0.02564102564102564,0.9743589743589743,39,700,600,100,0.8571428571428571,8,6,2,339.4143697534536,0.4063202878992353,0.16218469877006458,0.1987998451413085,131328.12500000003,1117.3635140330655,132445.4885140331,1299,0,324.02564102564105,33,6,21,35.05250677506775,0.6401515151515151,43.75,1025.0000000000002,31.060606060606066,0
3646,4,0,0,38,0.0,0.0,1.0,38,1100,800,300,0.7272727272727273,14,8,6,347.4075865819874,0.40531650071123754,0.17026227122354487,0.20299640853436288,131236.6230867347,1518.5196995464885,132755.14278628118,1300,1,331.8421052631579,34,4,21,34.940068161573905,0.6369485294117647,43.839285714285715,1024.6428571428573,30.136554621848745,0
3647,4,0,0,38,0.0,0.0,1.0,38,1100,1000,100,0.9090909090909091,12,10,2,348.3376297177606,0.40573138928402086,0.1728712023962342,0.20402632597754533,131328.12499999988,1549.3693310657452,132877.49433106562,1301,2,332.8421052631579,32,6,22,34.823848238482384,0.642578125,43.74999999999999,1024.999999999999,32.03124999999997,0
3648,4,0,0,38,0.0,0.0,1.0,38,1300,1000,300,0.7692307692307693,16,10,6,346.9816764423798,0.4051683262209578,0.17150300029808574,0.2039207797442117,131457.5760764206,1522.67402560961,132980.25010203023,1302,3,333.8421052631579,32,6,22,34.72795083312812,0.6438802083333333,43.62373737373736,1025.5050505050492,32.04703282828279,0
3649,4,1,0,39,0.02564102564102564,0.0,1.0,39,1100,1000,100,0.9090909090909091,12,10,2,336.08094024979425,0.40761358524516417,0.17553652140118303,0.19929385692519624,131799.59518274208,1059.0663747116325,132858.6615574537,1303,0,326.2564102564103,33,6,19,34.66292218641842,0.6448863636363636,43.29044117647058,1026.8382352941167,31.116310160427776,0
3650,4,0,0,39,0.0,0.0,1.0,39,800,600,200,0.75,10,6,4,336.4342169685951,0.40750112460638777,0.17090549747750594,0.19983381803074374,131862.5217013888,1072.6128472222176,132935.134548611,1304,1,327.2564102564103,33,6,19,34.59051724137932,0.6455176767676767,43.229166666666664,1027.0833333333326,31.123737373737352,0
3651,4,0,1,38,0.0,0.02564102564102564,0.9743589743589743,39,1150,1000,150,0.8695652173913043,13,10,3,336.4565948974479,0.40626405757984707,0.16729046362966615,0.20057274358803673,132000.11337868485,1082.4617346938776,133082.57511337873,1305,2,328.2564102564103,34,5,19,34.4515079548965,0.6446078431372548,43.095238095238095,1027.619047619048,30.22408963585435,0
3652,4,0,0,38,0.0,0.0,1.0,38,1300,1100,200,0.8461538461538461,15,11,4,341.31388390225715,0.40327169274537694,0.16329206562176046,0.20314060814320545,131938.95266439905,1406.5192743764192,133345.47193877547,1306,3,337.7368421052632,34,4,19,34.38827732715336,0.6439950980392157,43.154761904761905,1027.380952380952,30.217086834733884,0
3653,4,1,0,39,0.02564102564102564,0.0,1.0,39,1300,1000,300,0.7692307692307693,16,10,6,334.66343951593944,0.4064327485380117,0.16263736263736273,0.2009960894134193,132282.13168827622,1053.998635459795,133336.13032373603,1307,0,330.05128205128204,36,3,21,34.21410326582741,0.6432291666666667,42.82094594594595,1028.716216216217,28.57545045045047,0
3654,4,0,0,39,0.0,0.0,1.0,39,1050,600,450,0.5714285714285714,15,6,9,334.4563365803886,0.40634840305892933,0.15865612626037273,0.20118022036438515,132340.06123944893,1052.3944129940753,133392.455652443,1308,1,331.05128205128204,36,3,21,34.161240013133416,0.6438078703703703,42.76463963963964,1028.9414414414416,28.58170670670671,0
3655,4,0,0,39,0.0,0.0,1.0,39,1350,1000,350,0.7407407407407407,17,10,7,336.04468224074424,0.40553306342780027,0.16132293343531634,0.20310625134173274,132520.55165816317,1106.5906976681467,133627.1423558313,1309,2,332.05128205128204,34,5,22,33.93913554553513,0.6498161764705883,42.58928571428571,1029.6428571428564,30.28361344537813,0
3656,4,0,0,39,0.0,0.0,1.0,39,1100,900,200,0.8181818181818182,13,9,4,333.1379884414182,0.40542060278902387,0.15842141601993687,0.20200721891966278,132643.15653344657,1037.694869614497,133680.85140306107,1310,3,333.05128205128204,34,5,17,33.89094341076314,0.6510416666666667,42.47023809523809,1030.1190476190463,30.29761904761901,0
3657,4,0,0,39,0.0,0.0,1.0,39,1400,900,500,0.6428571428571429,19,9,10,329.4924350432905,0.4053362573099415,0.15221194923307846,0.201108807604647,132888.5363520408,957.1534863945519,133845.68983843536,1311,4,334.05128205128204,34,5,17,33.73888696455374,0.6534926470588236,42.232142857142854,1031.0714285714284,30.325630252100837,0
3658,4,1,1,39,0.025,0.025,0.975,40,1250,1100,150,0.88,14,11,3,323.6071055627138,0.4081730769230769,0.1614156018829862,0.19966961243641307,133292.8843557099,626.9048996913604,133919.78925540124,1312,0,326.675,35,5,18,33.48604572965705,0.6553571428571429,41.84027777777778,1032.638888888889,29.503968253968253,0
3659,4,0,0,39,0.0,0.0,1.0,39,500,200,300,0.4,8,2,6,331.9258363498734,0.40468960863697706,0.16801230296040015,0.20409907809598607,133164.85969387757,1040.171485260773,134205.03117913834,1313,1,335.9230769230769,34,5,19,33.399413687043456,0.65625,41.964285714285715,1032.1428571428573,30.35714285714286,0
3660,4,0,0,39,0.0,0.0,1.0,39,950,700,250,0.7368421052631579,12,7,5,332.4011104638149,0.40423976608187134,0.1713758505362708,0.20455997365732695,133195.58000283432,1054.8717403627984,134250.45174319713,1314,2,336.9230769230769,34,5,19,33.356398723715074,0.6565563725490196,41.9345238095238,1032.2619047619037,30.36064425770305,0
3661,4,0,0,39,0.0,0.0,1.0,39,1550,1300,250,0.8387096774193549,18,13,5,334.3051030691283,0.40393049932523617,0.17514865647645772,0.2065834098452818,133349.2346938775,1115.8659297052131,134465.1006235827,1315,3,337.9230769230769,34,5,19,33.153478945750734,0.6580882352941176,41.785714285714285,1032.8571428571424,30.37815126050419,0
3662,4,0,0,39,0.0,0.0,1.0,39,1200,900,300,0.75,15,9,6,332.7145636780881,0.40376180836707154,0.1700264946434744,0.2064542621364892,133502.9779620182,1083.677012471664,134586.65497448985,1316,4,338.9230769230769,34,5,20,33.040788311638444,0.6596200980392157,41.636904761904766,1033.4523809523814,30.395658263305336,0
3663,4,0,0,39,0.0,0.0,1.0,39,1250,900,350,0.72,16,9,7,331.1924851710321,0.40401484480431854,0.16459979449385287,0.20602260323963062,133595.26643990935,1049.149659863953,134644.4160997733,1317,5,339.9230769230769,34,5,21,32.987870413020126,0.6605392156862745,41.54761904761905,1033.809523809524,30.406162464986004,0
3664,4,0,0,39,0.0,0.0,1.0,39,1100,800,300,0.7272727272727273,14,8,6,332.1472161097936,0.40314327485380114,0.16651174045580808,0.2074785881220702,133749.1514314059,1084.881660997736,134834.0330924036,1318,6,340.9230769230769,34,5,18,32.80944297387502,0.6620710784313726,41.398809523809526,1034.404761904762,30.423669467787114,0
3665,4,0,0,39,0.0,0.0,1.0,39,1250,600,650,0.48,19,6,13,331.04796789617126,0.4029745838956365,0.1619172360083545,0.2073104421436254,133841.52494331068,1061.592970521543,134903.11791383222,1319,7,341.9230769230769,34,5,20,32.745628163828805,0.6629901960784313,41.30952380952381,1034.7619047619048,30.43417366946779,0
3666,4,0,1,38,0.0,0.02564102564102564,0.9743589743589743,39,1350,1100,250,0.8148148148148148,16,11,5,330.745734509641,0.4024966261808367,0.16331379085718667,0.20833867809553713,134057.1871456916,1067.7685657596344,135124.95571145124,1320,8,342.9230769230769,34,5,21,32.53822278422806,0.6651348039215687,41.101190476190474,1035.595238095238,30.458683473389357,0
3667,4,1,0,39,0.02564102564102564,0.0,1.0,39,1300,900,400,0.6923076923076923,17,9,8,329.36447085422617,0.40671390013495273,0.15738203419196273,0.20799199023029596,134149.66695011346,1036.8268140589664,135186.49376417242,1321,0,325.7692307692308,34,5,22,32.48175706734084,0.6660539215686274,41.011904761904766,1035.9523809523816,30.46918767507005,0
3668,4,0,0,39,0.0,0.0,1.0,39,1000,600,400,0.6,14,6,8,329.3320897592009,0.40657332433648224,0.15337491974294193,0.20867286560724913,134273.0229591837,1044.0830498866278,135317.10600907032,1322,1,326.7692307692308,34,5,22,32.35962745998929,0.6672794117647058,40.892857142857146,1036.4285714285718,30.483193277310935,0
3669,4,0,1,38,0.0,0.02564102564102564,0.9743589743589743,39,600,500,100,0.8333333333333334,7,5,2,330.551276351568,0.40623594242015293,0.14992992002638306,0.20979887131701574,134334.72222222236,1080.9027777777976,135415.62500000017,1323,2,327.7692307692308,34,5,22,32.26654608788853,0.6678921568627452,40.83333333333334,1036.6666666666679,30.49019607843141,0
3670,4,0,0,38,0.0,0.0,1.0,38,1100,900,200,0.8181818181818182,13,9,4,338.6073740052576,0.4045015410146989,0.15744659662401017,0.21431616426560315,134233.10745866984,1490.4640042291544,135723.57146289898,1324,3,333.36842105263156,33,5,22,32.159117786187316,0.6691919191919191,40.93137254901961,1036.2745098039222,31.40225787284613,0
3671,4,0,1,37,0.0,0.02631578947368421,0.9736842105263158,38,650,200,450,0.3076923076923077,11,2,9,338.6073740052576,0.4045459933617828,0.15744659662401017,0.21431616426560315,134233.10745866984,1490.4640042291544,135723.57146289898,1325,4,334.36842105263156,33,5,22,32.159117786187316,0.6691919191919191,40.93137254901961,1036.2745098039222,31.40225787284613,0
3672,4,0,0,37,0.0,0.0,1.0,37,1350,1000,350,0.7407407407407407,17,10,7,348.30753932203123,0.4020583083083083,0.1547342044030786,0.22045572997807594,134233.10745866972,1950.8806708958064,136183.98812956552,1326,5,343.4054054054054,33,4,22,31.9078169347209,0.6691919191919191,40.931372549019606,1036.2745098039213,31.4022578728461,0
3673,4,0,0,37,0.0,0.0,1.0,37,950,700,250,0.7368421052631579,12,7,5,349.51650977675604,0.40130755755755754,0.15736431384699912,0.2221832598964035,134391.89742226544,1994.437385861199,136386.33480812664,1327,6,344.4054054054054,33,4,23,31.71795591537642,0.670770202020202,40.7781862745098,1036.8872549019604,31.42082590612001,0
3674,4,0,0,37,0.0,0.0,1.0,37,800,500,300,0.625,11,5,6,348.89784223696927,0.401244994994995,0.15893667506570752,0.22217625574503178,134455.43968966266,1982.2425569492543,136437.68224661192,1328,7,345.4054054054054,33,4,23,31.6705807633227,0.6714015151515151,40.716911764705884,1037.1323529411766,31.428253119429595,0
3675,4,0,0,37,0.0,0.0,1.0,37,1100,900,200,0.8181818181818182,13,9,4,350.80079353558784,0.4005880880880881,0.1634646694887658,0.22397281433426025,134550.78125000015,2040.104166666682,136590.88541666683,1329,8,346.4054054054054,33,4,23,31.526104417670666,0.6723484848484849,40.62500000000001,1037.5000000000011,31.439393939393973,0
3676,4,0,0,37,0.0,0.0,1.0,37,800,500,300,0.625,11,5,6,348.6461333076621,0.4001814314314314,0.16267514624979018,0.22299786534285412,134616.28795849922,1986.689655392319,136602.97761389153,1330,9,347.4054054054054,32,5,23,31.51665855537981,0.6754557291666667,40.56186868686869,1037.752525252526,32.42976641414144,0
3677,4,0,0,37,0.0,0.0,1.0,37,1200,900,300,0.75,15,9,6,349.375975049384,0.39896146146146144,0.1654357750672968,0.2242715568174149,134747.34920224978,2015.4973025711704,136762.84650482095,1331,10,348.4054054054054,32,5,24,31.367049738538263,0.6767578125,40.43560606060606,1038.2575757575758,32.44554924242424,0
3678,4,0,0,37,0.0,0.0,1.0,37,950,600,350,0.631578947368421,13,6,7,346.7824576639165,0.39877377377377377,0.16356198143432166,0.22300904724673293,134812.90373750127,1950.1500165799414,136763.05375408122,1332,11,349.4054054054054,32,5,18,31.369047619047624,0.6774088541666667,40.37247474747475,1038.5101010101012,32.45344065656566,0
3679,4,0,0,37,0.0,0.0,1.0,37,1100,800,300,0.7272727272727273,14,8,6,348.09878133020305,0.397804054054054,0.16704810751706622,0.22507471085066014,135009.66299676057,1999.3398313947594,137009.00282815532,1333,12,350.4054054054054,32,5,20,31.1388855141133,0.6793619791666667,40.18308080808081,1039.2676767676771,32.47711489898991,0
3680,4,0,0,37,0.0,0.0,1.0,37,650,300,350,0.46153846153846156,10,3,7,348.24214921393406,0.39764764764764765,0.1673423696987406,0.22557652356241695,135075.28130101532,2007.781253188465,137083.0625542038,1334,13,351.4054054054054,32,5,20,31.069830762379038,0.6800130208333333,40.1199494949495,1039.5202020202028,32.485006313131336,0
3681,4,0,1,36,0.0,0.02702702702702703,0.972972972972973,37,900,600,300,0.6666666666666666,12,6,6,348.72908655795845,0.3976163663663664,0.16706423553576633,0.22671519226344955,135206.56573627697,2030.0924331700924,137236.65816944707,1335,14,352.4054054054054,32,5,20,30.926510460928327,0.6813151041666667,39.99368686868687,1040.025252525253,32.50078914141416,0
3682,4,0,0,36,0.0,0.0,1.0,36,1050,800,250,0.7619047619047619,13,8,5,356.5556740115019,0.3966269841269841,0.16209211716412741,0.23128327026659964,135125.53109063054,2435.9549628363916,137561.48605346694,1336,15,352.44444444444446,31,5,21,30.803720517637224,0.6831317204301075,40.07161458333334,1039.7135416666677,33.53914650537637,0
3683,4,0,0,36,0.0,0.0,1.0,36,1250,900,350,0.72,16,9,7,350.06649849554276,0.396494708994709,0.07867929813838592,0.22560415552969773,134890.65334467115,2244.139739229018,137134.79308390018,1337,16,353.44444444444446,34,2,20,31.206308732523482,0.673406862745098,40.297619047619044,1038.8095238095234,30.553221288515395,8
3684,4,0,0,36,0.0,0.0,1.0,36,650,300,350,0.46153846153846156,10,3,7,346.30667732469715,0.3963128306878307,0.07745255279337093,0.22375358892429908,134983.42013888882,2149.1319444444357,137132.55208333326,1338,17,354.44444444444446,34,2,20,31.21157444533548,0.6743259803921569,40.20833333333333,1039.166666666666,30.56372549019606,0
3685,4,0,0,36,0.0,0.0,1.0,36,1050,800,250,0.7619047619047619,13,8,5,345.55969492228627,0.39508928571428575,0.08242362940061332,0.22403658617344663,135107.15880102044,2137.517715419504,137244.67651643994,1339,18,355.44444444444446,34,2,20,31.107819000725218,0.6755514705882353,40.089285714285715,1039.6428571428573,30.57773109243698,0
3686,4,0,0,36,0.0,0.0,1.0,36,700,500,200,0.7142857142857143,9,5,4,346.7471030571993,0.3947751322751323,0.07986111111111116,0.22538561698717952,135200.0,2176.0416666666665,137376.04166666666,1340,19,356.44444444444446,34,2,20,30.984575320512825,0.6764705882352942,40.0,1040.0,30.58823529411765,0
3687,4,0,0,36,0.0,0.0,1.0,36,900,700,200,0.7777777777777778,11,7,4,346.24391913690965,0.39381613756613754,0.08531042199082028,0.22563949361203972,135292.87308673467,2168.866921768705,137461.74000850337,1341,20,357.44444444444446,34,2,20,30.905280924590908,0.6773897058823529,39.910714285714285,1040.3571428571427,30.598739495798313,0
3688,4,0,0,36,0.0,0.0,1.0,36,950,700,250,0.7368421052631579,12,7,5,346.24391913690965,0.39381613756613754,0.08531042199082028,0.22563949361203972,135292.87308673467,2168.866921768705,137461.74000850337,1342,21,358.44444444444446,34,2,20,30.905280924590908,0.6773897058823529,39.910714285714285,1040.3571428571427,30.598739495798313,0
3689,4,0,0,36,0.0,0.0,1.0,36,1550,1200,350,0.7741935483870968,19,12,7,348.10629937032604,0.39332010582010585,0.0827867393763746,0.22724400020881402,135354.80619331062,2223.5721371882055,137578.37833049882,1343,22,359.44444444444446,34,2,20,30.795246539297565,0.6780024509803921,39.851190476190474,1040.5952380952378,30.60574229691876,0
3690,4,0,0,36,0.0,0.0,1.0,36,700,500,200,0.7142857142857143,9,5,4,350.1110329810288,0.39285714285714285,0.08241217203481344,0.22934239576173002,135478.71492346935,2286.518565759631,137765.233489229,1344,23,360.44444444444446,34,2,21,30.6198780255384,0.6792279411764706,39.732142857142854,1041.0714285714282,30.619747899159652,0
3691,4,0,0,36,0.0,0.0,1.0,36,1200,900,300,0.75,15,9,6,347.87006597192374,0.3921626984126984,0.07440736931652236,0.22906026691650155,135664.68431122453,2238.7365362811843,137903.4208475057,1345,24,361.44444444444446,34,2,21,30.493419799641938,0.6810661764705883,39.55357142857143,1041.7857142857147,30.64075630252102,0
3692,4,0,0,36,0.0,0.0,1.0,36,650,400,250,0.6153846153846154,9,4,5,347.87006597192374,0.3920965608465608,0.07440736931652236,0.22906026691650155,135664.68431122453,2238.7365362811843,137903.4208475057,1346,25,362.44444444444446,34,2,21,30.493419799641938,0.6810661764705883,39.55357142857143,1041.7857142857147,30.64075630252102,0
3693,4,0,0,36,0.0,0.0,1.0,36,950,700,250,0.7368421052631579,12,7,5,363.6960705517183,0.3920469576719577,0.054679244310420705,0.2150745898694728,131694.4515306122,2379.3509070294704,134073.80243764166,1347,26,363.44444444444446,34,2,19,34.06015618959251,0.6415441176470589,43.39285714285714,1026.4285714285709,30.189075630252084,7
3694,4,0,0,36,0.0,0.0,1.0,36,950,900,50,0.9473684210526315,10,9,1,359.0224040047638,0.3922453703703704,0.04715912767747388,0.20616771494186598,130566.58340419493,2187.184665532869,132753.76806972778,1348,27,364.44444444444446,34,2,16,35.320811492914004,0.6302083333333333,44.49404761904761,1022.0238095238088,30.05952380952379,7
3695,4,0,0,36,0.0,0.0,1.0,36,1250,1000,250,0.8,15,10,5,362.809179257902,0.3924933862433862,0.04268529297632928,0.2091631442835824,130718.714569161,2285.189909297051,133003.90447845805,1349,28,365.44444444444446,34,2,17,35.069848661234,0.6317401960784313,44.345238095238095,1022.6190476190477,30.07703081232493,0
3696,4,0,1,35,0.0,0.027777777777777776,0.9722222222222222,36,900,700,200,0.7777777777777778,11,7,4,366.8843279577347,0.39174933862433864,0.04312618798246648,0.21201325017759334,130810.03578514735,2398.430413832197,133208.46619897956,1350,29,366.44444444444446,34,2,17,34.873104076961866,0.6326593137254901,44.25595238095238,1022.9761904761901,30.087535014005592,0
3697,4,1,0,36,0.027777777777777776,0.0,1.0,36,1150,800,350,0.6956521739130435,15,8,7,356.05007156585464,0.3946097883597883,0.027055787847967583,0.20741850449547375,131120.59709630048,2137.0995959790685,133257.69669227954,1351,0,349.0833333333333,35,1,18,34.83597487475044,0.6336309523809525,43.95254629629629,1024.189814814814,29.262566137566118,0
3698,4,0,0,36,0.0,0.0,1.0,36,600,300,300,0.5,9,3,6,358.0980089647715,0.3950066137566137,0.026390614996422146,0.20893378229052004,131179.87403817286,2195.0503418638345,133374.92438003668,1352,1,350.0833333333333,35,1,18,34.72359526230559,0.6342261904761906,43.89467592592592,1024.4212962962952,29.26917989417986,0
3699,4,0,0,36,0.0,0.0,1.0,36,1150,1000,150,0.8695652173913043,13,10,3,357.92187190164606,0.39482473544973545,0.01829268292682973,0.20963995354239265,131328.12499999994,2201.125391160836,133529.25039116078,1353,2,351.0833333333333,34,2,19,34.578252032520346,0.6378676470588236,43.75,1024.9999999999995,30.1470588235294,0
3700,4,0,0,36,0.0,0.0,1.0,36,800,600,200,0.75,10,6,4,358.46473004216836,0.3945271164021164,0.01829063797951669,0.2106285937642043,131450.17715419485,2224.0504535147206,133674.2276077096,1354,3,352.0833333333333,34,2,19,34.44102623635941,0.639093137254902,43.63095238095237,1025.4761904761892,30.16106442577027,0
3701,4,0,0,36,0.0,0.0,1.0,36,850,500,350,0.5882352941176471,12,5,7,359.48380603281754,0.39411375661375664,0.01620236022441479,0.21139610846230175,131480.69905045338,2253.036422902476,133733.73547335586,1355,4,353.0833333333333,34,2,19,34.38406848520023,0.6393995098039216,43.60119047619047,1025.595238095237,30.1645658263305,0
3702,4,0,0,36,0.0,0.0,1.0,36,900,600,300,0.6666666666666666,12,6,6,359.5026074871823,0.3937665343915344,0.016822707108222312,0.21157612473425966,131511.22448979583,2255.7256235827485,133766.95011337858,1356,5,354.0833333333333,34,2,19,34.352754565150086,0.6397058823529411,43.57142857142856,1025.7142857142849,30.16806722689073,0
3703,4,0,0,36,0.0,0.0,1.0,36,1050,900,150,0.8571428571428571,12,9,3,356.93555091271,0.3935681216931217,0.019282814614344,0.211020297699594,131684.26890432087,2200.559413580235,133884.8283179011,1357,6,355.0833333333333,35,1,18,34.24391069012178,0.6392857142857142,43.40277777777777,1026.388888888888,29.3253968253968,0
3704,4,0,0,36,0.0,0.0,1.0,36,900,800,100,0.8888888888888888,10,8,2,356.96932644778843,0.39429563492063496,0.02583615182262311,0.2113696879567344,131743.6731074244,2205.690050582971,133949.36315800739,1358,7,356.0833333333333,35,1,18,34.183107854190155,0.6398809523809523,43.3449074074074,1026.620370370369,29.332010582010543,0
3705,4,0,0,36,0.0,0.0,1.0,36,1000,800,200,0.8,12,8,4,359.55712634077895,0.3939318783068783,0.024059048906919234,0.21356826901928205,131862.52170138896,2282.42187500001,134144.94357638896,1359,8,357.0833333333333,35,1,18,33.996788370520626,0.6410714285714285,43.22916666666667,1027.083333333334,29.345238095238113,0
3706,4,0,0,36,0.0,0.0,1.0,36,1150,900,250,0.782608695652174,14,9,5,361.4508725800224,0.3935019841269842,0.02407240498723162,0.2150293528833967,131921.96609224967,2336.661951303157,134258.62804355283,1360,9,358.0833333333333,35,1,18,33.88820039056632,0.6416666666666666,43.1712962962963,1027.314814814815,29.35185185185186,0
3707,4,1,0,37,0.02702702702702703,0.0,1.0,37,1250,800,450,0.64,17,8,9,357.9474300362029,0.39796046046046046,0.045187012357071454,0.21547586400993576,132369.0307706357,2076.2308761464396,134445.26164678214,1361,0,349.3783783783784,36,1,19,33.52780513606187,0.6440972222222222,42.7364864864865,1029.0540540540558,28.584834834834883,0
3708,4,0,0,37,0.0,0.0,1.0,37,850,500,350,0.5882352941176471,12,5,7,356.5225551615388,0.39711586586586584,0.046415386718927865,0.2152931519458172,132487.35592689048,2046.9493027303777,134534.30522962086,1362,1,350.3783783783784,35,2,20,33.44540472175379,0.6473214285714286,42.62152777777778,1029.5138888888891,29.41468253968255,0
3709,4,0,0,37,0.0,0.0,1.0,37,1000,500,500,0.5,15,5,10,376.91579244277443,0.39642767767767767,0.0054653160285371705,0.21839380319652746,130913.23329260964,2472.300052511994,133385.53334512163,1363,2,351.3783783783784,35,2,17,34.51189399080147,0.631547619047619,44.15509259259259,1023.3796296296289,29.23941798941797,8
3710,4,0,0,37,0.0,0.0,1.0,37,650,400,250,0.6153846153846154,9,4,5,377.67748751262644,0.3958333333333333,0.0010083571417653925,0.21934060256396432,131002.08340031285,2495.3075435099336,133497.3909438228,1364,3,352.3783783783784,35,2,18,34.402322404371574,0.6324404761904762,44.06828703703703,1023.7268518518513,29.24933862433861,0
3711,4,1,1,37,0.02631578947368421,0.02631578947368421,0.9736842105263158,38,550,400,150,0.7272727272727273,7,4,3,370.0620697983335,0.39893018018018017,0.007460960092538604,0.21642447526766284,131270.4173768363,2115.6404715526296,133386.0578483889,1365,0,344.07894736842104,36,2,19,34.32554945054943,0.6331018518518519,43.806306306306304,1024.7747747747746,28.465965965965964,0
3712,4,0,2,35,0.0,0.05405405405405406,0.9459459459459459,37,1250,1000,250,0.8,15,10,5,379.0733029281513,0.3968656156156156,0.02131399692375302,0.22202864885791718,131328.125,2556.622585423261,133884.74758542326,1366,1,352.2972972972973,33,4,19,34.036246612466115,0.6401515151515151,43.75,1025.0,31.060606060606062,0
3713,4,0,0,35,0.0,0.0,1.0,35,1500,1000,500,0.6666666666666666,20,10,10,390.68081233660797,0.39096638655462185,-0.00033774869386249406,0.22940845097509713,131425.20732897156,3269.0613521579453,134694.2686811295,1367,2,338.7142857142857,32,3,19,33.64040758527276,0.6435546875,43.65530303030303,1025.378787878788,32.043087121212125,0
3714,4,0,0,35,0.0,0.0,1.0,35,900,600,300,0.6666666666666666,12,6,6,391.2238753008253,0.3906862745098039,0.0030323284201640988,0.22992187519488438,131457.5760764207,3285.8684700540684,134743.44454647476,1368,3,339.7142857142857,32,3,19,33.593685873758524,0.6438802083333333,43.62373737373737,1025.50505050505,32.04703282828281,0
3715,4,0,0,35,0.0,0.0,1.0,35,1250,900,350,0.72,16,9,7,389.16044497041383,0.3905112044817927,-0.0031085714285714605,0.229291415183801,131554.7062321448,3239.1776030507185,134793.8838351955,1369,4,340.7142857142857,32,3,18,33.548205128205126,0.6448567708333333,43.52904040404041,1025.8838383838392,32.05886994949498,0
3716,4,0,2,33,0.0,0.05714285714285714,0.9428571428571428,35,950,700,250,0.7368421052631579,12,7,5,387.93861739355384,0.3904761904761905,0.0023616236162362636,0.2295444657503345,131716.66953627198,3219.5965335170094,134936.26606978898,1370,5,341.7142857142857,32,3,18,33.41559040590407,0.646484375,43.37121212121213,1026.5151515151529,32.07859848484853,0
3717,4,1,0,34,0.029411764705882353,0.0,1.0,34,900,700,200,0.7777777777777778,11,7,4,382.96181399613977,0.3897058823529412,0.04244639703087594,0.22847449719361548,132029.7431945802,3312.4699910481913,135342.21318562838,1371,0,349.05882352941177,31,3,19,33.22683073609529,0.6522177419354839,43.06640625000001,1027.734375000001,33.15272177419358,0
3718,4,1,0,35,0.02857142857142857,0.0,1.0,35,1000,900,100,0.9,11,9,2,373.0484446776287,0.39261204481792716,0.03724909278965005,0.22435216056664192,132333.03880025016,2873.326860779537,135206.3656610297,1372,0,340.0571428571429,32,3,20,33.175594142430555,0.6526692708333333,42.77146464646466,1028.914141414143,32.15356691919197,0
3719,4,0,0,35,0.0,0.0,1.0,35,950,400,550,0.42105263157894735,15,4,11,371.6952778273303,0.39327731092436974,0.03964660608141113,0.22452212083886197,132498.52710300032,2849.8313109031537,135348.35841390348,1373,1,341.0571428571429,31,4,20,33.04363749420345,0.6569220430107527,42.61067708333334,1029.5572916666677,33.211525537634444,0
3720,4,0,0,35,0.0,0.0,1.0,35,650,600,50,0.9230769230769231,7,6,1,371.8201911767826,0.3935924369747899,0.03959823686682529,0.22479771191330283,132532.0434570315,2855.617947048641,135387.66140408017,1374,2,342.0571428571429,31,4,20,33.0066599224414,0.657258064516129,42.578125000000014,1029.687500000002,33.21572580645168,0
3721,4,0,0,35,0.0,0.0,1.0,35,1150,1000,150,0.8695652173913043,13,10,3,369.8405218170973,0.393312324929972,0.040146631272911515,0.22419987494981292,132632.61795043957,2810.5833265516644,135443.20127699123,1375,3,343.0571428571429,31,4,19,32.95635296844057,0.658266129032258,42.48046875000001,1030.078125000001,33.22832661290325,0
3722,4,0,0,35,0.0,0.0,1.0,35,850,600,250,0.7058823529411765,11,6,5,369.8405218170973,0.393312324929972,0.040146631272911515,0.22419987494981292,132632.61795043957,2810.5833265516644,135443.20127699123,1376,4,344.0571428571429,31,4,19,32.95635296844057,0.658266129032258,42.48046875000001,1030.078125000001,33.22832661290325,0
3723,4,0,0,35,0.0,0.0,1.0,35,850,500,350,0.5882352941176471,12,5,7,370.38484660313173,0.39327731092436974,0.04300516264125065,0.2251325404007055,132733.23059082043,2832.475450303834,135565.70604112427,1377,5,345.0571428571429,31,4,19,32.84106225254821,0.6592741935483871,42.38281250000001,1030.468750000001,33.24092741935487,0
3724,4,0,0,35,0.0,0.0,1.0,35,850,700,150,0.8235294117647058,10,7,3,369.1693555449962,0.3930672268907563,0.03874972930051279,0.22479573988416857,132800.3268771702,2805.162217881964,135605.48909505218,1378,6,346.0571428571429,31,4,19,32.80486777833924,0.6599462365591398,42.31770833333334,1030.7291666666674,33.24932795698927,0
3725,4,0,1,34,0.0,0.02857142857142857,0.9714285714285714,35,1100,600,500,0.5454545454545454,16,6,10,369.5554565362603,0.3925770308123249,0.03791243483123785,0.225636828088716,132901.00309583885,2822.8581746419463,135723.8612704808,1379,7,347.0571428571429,31,4,19,32.69365344950963,0.6609543010752688,42.22005208333334,1031.1197916666677,33.26192876344089,0
3726,4,0,0,34,0.0,0.0,1.0,34,900,600,300,0.6666666666666666,12,6,6,381.14192174254504,0.388851752822341,0.03740317509011448,0.23238144195272817,132847.9538819517,3326.7848884264113,136174.7387703781,1380,9,358.05882352941177,30,4,19,32.44839200347677,0.6631944444444444,42.27150537634409,1030.9139784946237,34.36379928315412,0
3727,4,0,0,34,0.0,0.0,1.0,34,850,600,250,0.7058823529411765,11,6,5,382.5988619054906,0.38836898395721925,0.03632562733463551,0.23402050850605335,132968.1417677137,3374.6919420030335,136342.83370971674,1381,10,359.05882352941177,31,3,19,32.28982556916215,0.6616263440860215,42.154947916666664,1031.380208333333,33.27032930107526,0
3728,4,0,0,34,0.0,0.0,1.0,34,1050,800,250,0.7619047619047619,13,8,5,379.9571217384739,0.38773767082590616,0.034686739878236894,0.23351650474363064,133146.24304917877,3317.9726558514562,136464.21570503022,1382,11,360.05882352941177,32,2,19,32.1787578500938,0.6608072916666667,41.98232323232324,1032.0707070707078,32.25220959595962,0
3729,4,0,0,34,0.0,0.0,1.0,34,1200,900,300,0.75,15,9,6,378.26285184002927,0.38701351752822344,0.0402658495533208,0.23329061857826258,133276.5868916438,3282.7163682277383,136559.30325987152,1383,12,361.05882352941177,32,2,19,32.09143433602348,0.662109375,41.85606060606061,1032.5757575757582,32.26799242424244,0
3730,4,0,0,34,0.0,0.0,1.0,34,1150,700,450,0.6086956521739131,16,7,9,377.2445965823299,0.386679292929293,0.03715037794063725,0.23286668342995284,133309.18281616672,3258.0337784409717,136567.2165946077,1384,13,362.05882352941177,32,2,19,32.08496352447324,0.6624348958333333,41.82449494949495,1032.70202020202,32.27193813131313,0
3731,4,0,0,34,0.0,0.0,1.0,34,700,600,100,0.8571428571428571,8,6,2,378.433271758908,0.3858622994652406,0.038514635777303186,0.23401077825091654,133374.38662190078,3294.6610996326835,136669.04772153345,1385,14,363.05882352941177,32,2,19,31.98875443099865,0.6630859375,41.76136363636363,1032.954545454545,32.27982954545453,0
3732,4,0,0,34,0.0,0.0,1.0,34,900,500,400,0.5555555555555556,13,5,8,381.76378772112344,0.3851010101010101,0.04411764705882337,0.23669354838709683,133472.2222222223,3390.9722222222313,136863.19444444453,1386,15,364.05882352941177,32,2,19,31.80443548387095,0.6640625,41.66666666666667,1033.3333333333342,32.29166666666669,0
3733,4,0,0,34,0.0,0.0,1.0,34,1150,700,450,0.6086956521739131,16,7,9,382.0380181224342,0.385138146167558,0.04154995331465927,0.23729403660844153,133539.5050048828,3403.433566623264,136942.93857150606,1387,16,365.05882352941177,31,3,19,31.72975980515663,0.6673387096774194,41.6015625,1033.59375,33.341733870967744,0
3734,4,0,0,34,0.0,0.0,1.0,34,1300,1100,200,0.8461538461538461,15,11,4,384.3302327965781,0.3843025846702317,0.06615190228836187,0.2280940050166658,131831.0565647826,3333.3321318723397,135164.38869665493,1388,17,366.05882352941177,33,1,19,33.39250198886238,0.6452020202020202,43.25980392156862,1026.9607843137242,31.12002376708255,8
3735,4,0,0,34,0.0,0.0,1.0,34,850,400,450,0.47058823529411764,13,4,9,385.6276766731679,0.3845625371360666,0.06640981374654387,0.2292433465159214,131893.9905925605,3372.3946318723506,135266.38522443286,1389,18,367.05882352941177,33,1,19,33.2955539648453,0.6458333333333333,43.1985294117647,1027.2058823529408,31.127450980392144,0
3736,4,0,0,34,0.0,0.0,1.0,34,1000,700,300,0.7,13,7,6,384.15416333617713,0.3845996732026144,0.057862544015937045,0.22912637366551777,132019.90370290267,3343.199130142243,135363.10283304492,1390,19,368.05882352941177,33,1,19,33.206137212815,0.6470959595959596,43.07598039215686,1027.696078431372,31.14230540701127,0
3737,4,0,0,34,0.0,0.0,1.0,34,800,500,300,0.625,11,5,6,382.2822539478641,0.38450683303624483,0.05393851829512064,0.2281993782107286,132051.39136690216,3296.1807057381807,135347.57207264032,1391,20,369.05882352941177,33,1,19,33.22242259846588,0.6474116161616161,43.0453431372549,1027.8186274509806,31.146019013666077,0
3738,4,0,0,34,0.0,0.0,1.0,34,650,500,150,0.7692307692307693,8,5,3,382.85262124585006,0.3843768568033274,0.0548061417654071,0.22911080543885032,132145.87688629376,3318.479070549787,135464.35595684353,1392,21,370.05882352941177,33,1,19,33.112336114421936,0.6483585858585859,42.95343137254902,1028.186274509804,31.157159833630423,0
3739,4,0,0,34,0.0,0.0,1.0,34,1100,800,300,0.7272727272727273,14,8,6,382.05069382245375,0.3842840166369578,0.05580316472550417,0.22939438654833155,132271.9101427335,3306.915008650514,135578.82515138402,1393,22,371.05882352941177,33,1,20,33.00571837026447,0.6496212121212122,42.830882352941174,1028.676470588235,31.172014260249544,0
3740,4,0,0,34,0.0,0.0,1.0,34,1050,900,150,0.8571428571428571,12,9,3,382.4115660604499,0.38407976827094475,0.0585748411547542,0.23018709105445156,132366.4745080018,3323.694162101121,135690.1686701029,1394,23,372.05882352941177,33,1,20,32.90101127386766,0.6505681818181819,42.7389705882353,1029.0441176470592,31.183155080213915,0
3741,4,0,0,34,0.0,0.0,1.0,34,1150,800,350,0.6956521739130435,15,8,7,384.35015161843864,0.383801247771836,0.05788154051952987,0.2317413441093517,132429.5361910084,3379.862462754727,135809.39865376314,1395,24,373.05882352941177,33,1,20,32.78750942572529,0.651199494949495,42.67769607843138,1029.2892156862756,31.190582293523505,0
3742,4,0,0,34,0.0,0.0,1.0,34,450,300,150,0.6666666666666666,6,3,3,385.959183673469,0.3837826797385621,0.0553921568627449,0.23290640394088685,132461.0726643601,3424.9134948097194,135885.9861591698,1396,25,374.05882352941177,33,1,20,32.71428571428571,0.6515151515151515,42.64705882352943,1029.4117647058845,31.194295900178318,0
3743,4,0,0,34,0.0,0.0,1.0,34,700,300,400,0.42857142857142855,11,3,8,385.5425769167414,0.38318850267379684,0.05589005418877857,0.23304523246435002,132524.15687475982,3418.74098904269,135942.8978638025,1397,26,375.05882352941177,33,1,20,32.66137030865667,0.6521464646464646,42.5857843137255,1029.656862745099,31.201723113487848,0
3744,4,1,0,35,0.02857142857142857,0.0,1.0,35,1000,700,300,0.7,13,7,6,377.0957374560977,0.38718487394957984,0.058845658845658955,0.22959879710934572,132796.49234693885,3015.3982426303955,135811.89058956923,1398,0,365.3142857142857,34,1,20,32.604479479479494,0.6525735294117647,42.32142857142858,1030.7142857142862,30.315126050420183,0
3745,4,0,1,34,0.0,0.02857142857142857,0.9714285714285714,35,1150,800,350,0.6956521739130435,15,8,7,374.13792763355497,0.3865546218487395,0.05933304746511836,0.22854603167573048,132919.22477324284,2946.024659863968,135865.2494331068,1399,1,366.3142857142857,34,1,21,32.557194258446856,0.6537990196078431,42.20238095238096,1031.1904761904777,30.32913165266111,0
3746,4,0,0,34,0.0,0.0,1.0,34,950,700,250,0.7368421052631579,12,7,5,377.0901936173037,0.3841726084373143,0.06924012327991691,0.2308340479764979,132997.7671598665,3230.4307537966292,136228.1979136631,1400,2,371.5,33,1,21,32.402058334323414,0.6568813131313131,42.126225490196084,1031.4950980392164,31.257427213309587,0
3747,4,0,0,34,0.0,0.0,1.0,34,1000,800,200,0.8,12,8,4,378.0750503551658,0.38471108140225785,0.0658236691351124,0.23202565043662535,133092.59059015784,3263.797577854694,136356.38816801252,1401,3,372.5,33,1,22,32.281274742676175,0.6578282828282829,42.03431372549021,1031.862745098041,31.26856803327397,0
3748,4,0,0,34,0.0,0.0,1.0,34,950,700,250,0.7368421052631579,12,7,5,378.7047633992866,0.3843397207367796,0.06420032400424569,0.23320240693535058,133219.07439446382,3290.139609765493,136509.21400422932,1402,4,373.5,33,1,22,32.137840297562526,0.6590909090909092,41.91176470588236,1032.3529411764719,31.283422459893085,0
3749,4,0,0,34,0.0,0.0,1.0,34,600,400,200,0.6666666666666666,8,4,4,376.87506700232285,0.38465537730243615,0.06268716101606175,0.23266858532077478,133313.9766706316,3248.5427780180853,136562.51944864966,1403,5,374.5,33,1,22,32.089686919030115,0.6600378787878788,41.81985294117648,1032.7205882352948,31.294563279857417,0
3750,4,0,0,34,0.0,0.0,1.0,34,800,400,400,0.5,12,4,8,377.554095768674,0.38446969696969696,0.06509938811249816,0.23388380466022723,133440.56560277304,3276.206417003086,136716.77201977614,1404,6,375.5,33,1,22,31.944979836318353,0.661300505050505,41.69730392156863,1033.210784313726,31.309417706476545,0
3751,4,0,0,34,0.0,0.0,1.0,34,1150,800,350,0.6956521739130435,15,8,7,372.1693543509817,0.3832256387403446,0.06716313837056842,0.2315354478838411,133598.8862456749,3144.2822472126304,136743.16849288752,1405,7,376.5,33,1,22,31.925181760708078,0.6628787878787878,41.54411764705883,1033.823529411766,31.327985739750485,0
3752,4,0,0,34,0.0,0.0,1.0,34,800,500,300,0.625,11,5,6,402.9574708247807,0.3830213903743316,0.12366011402645594,0.22783826382879852,129963.68620130759,3708.1041681450374,133671.79036945262,1406,8,377.5,31,3,19,34.81263035797897,0.6313844086021505,45.08463541666667,1019.661458333334,32.8923051075269,8
3753,4,0,1,33,0.0,0.029411764705882353,0.9705882352941176,34,850,400,450,0.47058823529411764,13,4,9,401.63780004715994,0.3822415329768271,0.12424265175119231,0.2278661957544892,130096.48852878137,3650.3334893120577,133746.82201809343,1407,9,378.5,31,3,20,34.7108328015316,0.632728494623656,44.95442708333333,1020.1822916666658,32.909106182795675,0
3754,4,0,0,33,0.0,0.0,1.0,33,1050,600,450,0.5714285714285714,15,6,9,406.3991001265449,0.3810369318181818,0.1378847766199549,0.2305358124036228,130091.132284079,3973.783818938594,134064.91610301757,1408,10,387.3939393939394,30,3,20,34.59486166007906,0.6354166666666667,44.95967741935483,1020.1612903225798,34.005376344085995,0
3755,4,1,0,34,0.029411764705882353,0.0,1.0,34,800,600,200,0.75,10,6,4,392.75073727333,0.3840612002376708,0.1392551311675958,0.22521178286203314,130510.82417052452,3451.8703039288207,133962.69447445334,1409,0,376.97058823529414,29,5,19,34.51573897875041,0.6426005747126438,44.5486111111111,1021.8055555555541,35.234674329501864,0
3756,4,0,0,34,0.0,0.0,1.0,34,1000,700,300,0.7,13,7,6,387.5780539597712,0.38324420677361853,0.14101826549690832,0.2232667944641497,130688.28124999987,3330.3819444444307,134018.6631944443,1410,1,377.97058823529414,29,5,20,34.46753599565335,0.6443965517241379,44.37499999999999,1022.499999999999,35.25862068965514,0
3757,4,0,0,34,0.0,0.0,1.0,34,950,500,450,0.5263157894736842,14,5,9,385.7816958360032,0.3822229649435532,0.13966496059534195,0.2232563828141269,130865.85889274687,3297.1305941357973,134162.98948688267,1411,2,378.97058823529414,29,5,21,34.33314669019501,0.6461925287356323,44.201388888888886,1023.1944444444441,35.28256704980842,0
3758,4,0,0,34,0.0,0.0,1.0,34,800,600,200,0.75,10,6,4,387.371139796812,0.38244578134284013,0.1349093579622107,0.22458992361626343,130936.9237075617,3344.23707561728,134281.160783179,1412,3,379.97058823529414,29,5,21,34.220354412629476,0.6469109195402298,44.13194444444444,1023.4722222222221,35.292145593869726,0
3759,4,0,0,34,0.0,0.0,1.0,34,900,500,400,0.5555555555555556,13,5,8,385.7721571603122,0.382055852644088,0.13809128696914819,0.22449077464427628,131079.11120756165,3313.3342978394962,134392.44550540115,1413,4,380.97058823529414,29,5,21,34.1170204349202,0.6483477011494253,43.99305555555555,1024.0277777777771,35.311302681992316,0
3760,4,0,1,33,0.0,0.029411764705882353,0.9705882352941176,34,600,300,300,0.5,9,3,6,384.55662120922506,0.3816844919786096,0.13726113458733802,0.22387400635163224,131094.6676466198,3282.6644897460706,134377.33213636588,1414,5,381.97058823529414,31,3,21,34.132363848272945,0.6428091397849462,43.97786458333332,1024.0885416666652,33.03511424731178,0
3761,4,1,0,34,0.029411764705882353,0.0,1.0,34,850,600,250,0.7058823529411765,11,6,5,373.1279172105536,0.38764483065953653,0.12477648292021248,0.21973088457954798,131534.8595213318,3016.0733238287958,134550.9328451606,1415,0,368.47058823529414,30,4,23,33.97946147798743,0.65,43.548387096774185,1025.806451612902,34.19354838709673,0
3762,4,0,0,34,0.0,0.0,1.0,34,900,600,300,0.6666666666666666,12,6,6,373.15104187936885,0.38736631016042783,0.12324893279292382,0.22014181249668469,131603.80715978716,3021.6195513932157,134625.42671118036,1416,1,369.47058823529414,30,4,19,33.9091564055541,0.6506944444444445,43.48118279569892,1026.0752688172036,34.202508960573454,0
3763,4,0,0,34,0.0,0.0,1.0,34,1200,900,300,0.75,15,9,6,373.10328830086416,0.38732917409388,0.12107849555954386,0.2207118367741052,131707.2624906058,3028.0825456700104,134735.3450362758,1417,2,370.47058823529414,30,4,20,33.80581380123084,0.6517361111111111,43.38037634408602,1026.4784946236555,34.215949820788516,0
3764,4,0,0,34,0.0,0.0,1.0,34,1100,800,300,0.7272727272727273,14,8,6,381.9908850382748,0.38736631016042783,0.06568458042313452,0.22074822757347398,130810.95838434865,3193.718753188465,134004.6771375371,1418,3,371.47058823529414,32,2,19,34.48582654488603,0.6373697916666667,44.25505050505051,1022.979797979799,31.968118686868717,8
3765,4,1,1,34,0.02857142857142857,0.02857142857142857,0.9714285714285714,35,650,200,450,0.3076923076923077,11,2,9,370.57351354533154,0.39121148459383753,0.06577890220345672,0.21581065175598182,131108.3946829346,2717.0596945886423,133825.45437752325,1419,0,361.8285714285714,33,2,21,34.4764618483507,0.6379419191919191,43.96446078431374,1024.1421568627463,31.034610814022617,0
3766,4,0,0,34,0.0,0.0,1.0,34,300,200,100,0.6666666666666666,4,2,2,379.2705570509768,0.3866235888294712,0.0757608742979059,0.21991181226432183,130940.15438475682,3132.349058769535,134072.50344352637,1420,1,373.3529411764706,32,2,21,34.42434616333581,0.638671875,44.12878787878789,1023.4848484848497,31.983901515151555,0
3767,4,0,0,34,0.0,0.0,1.0,34,700,600,100,0.8571428571428571,8,6,2,378.6984467594613,0.38671642899584074,0.06864921329242035,0.22013374227759683,131037.09323347127,3124.7087350780757,134161.80196854935,1421,2,374.3529411764706,32,2,21,34.34070168948082,0.6396484375,44.03409090909092,1023.863636363638,31.995738636363686,0
3768,4,0,0,34,0.0,0.0,1.0,34,600,300,300,0.5,9,3,6,380.6819176499423,0.38617795603089716,0.06393578141315714,0.22184566925117316,131134.06795224975,3184.0736914600516,134318.1416437098,1422,3,375.3529411764706,32,2,22,34.191629684418146,0.640625,43.93939393939394,1024.242424242424,32.00757575757575,0
3769,4,0,0,34,0.0,0.0,1.0,34,1100,800,300,0.7272727272727273,14,8,6,375.6239728578213,0.38619652406417115,0.06448842013700107,0.21945201869987177,131231.07854109272,3058.7078168044054,134289.78635789713,1423,4,376.3529411764706,32,2,22,34.2228897104128,0.6416015625,43.84469696969697,1024.621212121212,32.019412878787875,0
3770,4,0,0,34,0.0,0.0,1.0,34,750,300,450,0.4,12,3,9,377.22552316205554,0.38573232323232326,0.06682515292958002,0.22057365605066595,131263.42337516585,3103.1827109478654,134366.60608611372,1424,5,377.3529411764706,32,2,22,34.14910875636603,0.6419270833333333,43.813131313131315,1024.747474747475,32.023358585858595,0
3771,4,1,2,33,0.02857142857142857,0.05714285714285714,0.9428571428571428,35,900,600,300,0.6666666666666666,12,6,6,368.5024753181552,0.38942577030812325,0.060651150092143835,0.21726075516645021,131579.47063629364,2697.4721261053355,134276.94276239898,1425,0,367.54285714285714,33,2,17,34.05299410734193,0.6426767676767677,43.50490196078431,1025.980392156862,31.090314913844306,0
3772,4,0,0,33,0.0,0.0,1.0,33,950,600,350,0.631578947368421,13,6,7,386.4989387619488,0.38364109848484845,0.06866787555391296,0.226180903122327,131294.76123385952,3549.0571763780285,134843.81841023755,1426,7,386.72727272727275,31,2,22,33.87977491212468,0.6448252688172043,43.78255208333333,1024.869791666666,33.060315860215034,0
3773,4,0,0,33,0.0,0.0,1.0,33,300,200,100,0.6666666666666666,4,2,2,387.5003228649066,0.38348327020202017,0.06831172130295737,0.22716232627813904,131361.49300469283,3580.5241902669222,134942.01719495974,1427,8,387.72727272727275,31,2,22,33.78649074897329,0.645497311827957,43.717447916666664,1025.1302083333328,33.06871639784944,0
3774,4,0,0,33,0.0,0.0,1.0,33,1000,800,200,0.8,12,8,4,389.91106694134925,0.3833254419191919,0.06900903396586511,0.22917459427090048,131461.62245008684,3651.668294270844,135113.29074435768,1428,9,388.72727272727275,31,2,22,33.62324360927714,0.646505376344086,43.61979166666667,1025.5208333333337,33.08131720430109,0
3775,4,2,0,35,0.05714285714285714,0.0,1.0,35,850,700,150,0.8235294117647058,10,7,3,374.79914987055605,0.3908263305322129,0.08530918622661732,0.2248526994184115,132240.39619677523,2912.7176146193738,135153.1138113946,1429,0,367.45714285714286,33,2,21,33.22399122284443,0.6493055555555556,42.861519607843135,1028.5539215686272,31.168300653594763,0
3776,4,0,0,35,0.0,0.0,1.0,35,650,400,250,0.6153846153846154,9,4,5,374.83176797432225,0.3911064425770308,0.08583001463630535,0.22505993278801573,132271.91014273348,2915.942786428292,135187.85292916177,1430,1,368.45714285714286,33,2,21,33.19136684933682,0.6496212121212122,42.830882352941174,1028.6764705882347,31.172014260249536,0
3777,4,0,1,34,0.0,0.02857142857142857,0.9714285714285714,35,1500,1100,400,0.7333333333333333,19,11,8,376.18149322030706,0.39054621848739496,0.08554075435104402,0.22643698914486882,132366.47450800176,2958.763606545565,135325.23811454733,1431,2,369.45714285714286,33,2,21,33.06128676908422,0.6505681818181819,42.7389705882353,1029.044117647059,31.183155080213908,0
3778,4,0,0,34,0.0,0.0,1.0,34,800,700,100,0.875,9,7,2,384.032108833335,0.38729203802733214,0.09352840080299263,0.23036270681563678,132235.6216840119,3356.5449316396357,135592.1666156515,1432,3,380.97058823529414,32,2,21,32.991396595466085,0.6516927083333333,42.86616161616162,1028.5353535353538,32.14172979797981,0
3779,4,0,0,34,0.0,0.0,1.0,34,1350,1000,350,0.7407407407407407,17,10,7,386.42116752606404,0.3874777183600713,0.09115120894983786,0.23259472048282315,132365.51914345485,3429.7676895214922,135795.28683297633,1433,4,381.97058823529414,32,2,21,32.79882413087935,0.6529947916666667,42.739898989899,1029.0404040404048,32.15751262626265,0
3780,4,0,0,34,0.0,0.0,1.0,34,950,500,450,0.5263157894736842,14,5,9,385.7599276107086,0.3868464052287582,0.08485272480743156,0.23340192652766595,132560.48489950004,3427.3046117743124,135987.78951127434,1434,5,382.97058823529414,32,2,21,32.61913519699198,0.6549479166666667,42.55050505050505,1029.79797979798,32.18118686868687,0
3781,4,0,0,34,0.0,0.0,1.0,34,400,200,200,0.5,6,2,4,386.26877647535247,0.3864193404634581,0.08860307639054121,0.2339119829034486,132592.99314164382,3443.3066460055175,136036.29978764933,1435,6,383.97058823529414,32,2,21,32.57324996935147,0.6552734375,42.5189393939394,1029.9242424242432,32.1851325757576,0
3782,4,0,0,34,0.0,0.0,1.0,34,950,600,350,0.631578947368421,13,6,7,383.4249969122573,0.3866235888294712,0.08117964166798819,0.23319782599089753,132755.59413580253,3380.3626543209944,136135.9567901235,1436,7,384.97058823529414,32,2,20,32.48259209344116,0.6569010416666667,42.361111111111114,1030.5555555555559,32.20486111111112,0
3783,4,0,0,34,0.0,0.0,1.0,34,1250,900,350,0.72,16,9,7,386.36931415699405,0.3865307486631016,0.08172256042649795,0.2356016019486077,132853.20255905014,3466.0801512600847,136319.28271031022,1437,8,385.97058823529414,32,2,20,32.3083792610737,0.6578776041666667,42.266414141414145,1030.9343434343439,32.216698232323246,0
3784,4,0,0,34,0.0,0.0,1.0,34,1000,700,300,0.7,13,7,6,387.3169201463735,0.38543523469994057,0.08743600267870666,0.2370031401255225,132983.40292125804,3501.344410009184,136484.74733126722,1438,9,386.97058823529414,32,2,20,32.152803280695316,0.6591796875,42.140151515151516,1031.439393939394,32.23248106060606,0
3785,4,0,0,34,0.0,0.0,1.0,34,1000,900,100,0.9,11,9,2,388.7178575867796,0.3848781937017231,0.08768856692732108,0.2395287054624791,133243.99495268342,3558.8640508621575,136802.85900354557,1439,10,387.97058823529414,32,2,20,31.854337369043243,0.6617838541666667,41.88762626262626,1032.4494949494951,32.26404671717172,0
3786,4,0,0,34,0.0,0.0,1.0,34,1100,1000,100,0.9090909090909091,12,10,2,399.3264395192307,0.3850453060011883,0.033903512179274564,0.2273403906189797,130231.31315179258,3600.9613189638576,133832.27447075644,1440,11,388.97058823529414,33,1,17,34.63238383959658,0.6291035353535354,44.822303921568626,1020.7107843137254,30.930629827688648,8
3787,4,1,0,35,0.02857142857142857,0.0,1.0,35,600,400,200,0.6666666666666666,8,4,4,388.8763796427796,0.3914565826330532,0.04136485384884159,0.22366252324129568,130627.4252409295,3159.584041950087,133787.0092828796,1441,0,378.8285714285714,34,1,15,34.49618609526027,0.6308210784313726,44.434523809523796,1022.2619047619031,30.06652661064421,0
3788,4,0,0,35,0.0,0.0,1.0,35,1300,1000,300,0.7692307692307693,16,10,6,389.95976453229724,0.3917717086834734,0.03533930857874523,0.22499290376742526,130749.15143140576,3197.381660997716,133946.53309240346,1442,1,379.8285714285714,34,1,15,34.34480852054476,0.632046568627451,44.31547619047618,1022.738095238094,30.080532212885117,0
3789,4,0,0,35,0.0,0.0,1.0,35,600,500,100,0.8333333333333334,7,5,2,389.5421317825426,0.39156162464985994,0.03621973929236533,0.22492916641637128,130779.59183673469,3188.832199546483,133968.42403628118,1443,2,380.8285714285714,34,1,15,34.32456548727499,0.6323529411764706,44.285714285714285,1022.8571428571428,30.084033613445374,0
3790,4,1,0,36,0.027777777777777776,0.0,1.0,36,1100,700,400,0.6363636363636364,15,7,8,384.3814995690896,0.39470899470899473,0.04751412429378532,0.22409593354324364,131150.23389274674,2882.344714506152,134032.5786072529,1444,0,371.22222222222223,35,1,17,34.08050847457626,0.6339285714285714,43.9236111111111,1024.305555555554,29.265873015872973,0
3791,4,0,0,36,0.0,0.0,1.0,36,600,400,200,0.6666666666666666,8,4,4,376.60379116893216,0.39411375661375664,-0.053892526764369286,0.2107798181987374,129564.73922902491,2559.0349623645734,132123.77419138947,1445,1,372.22222222222223,34,2,16,35.8907273152479,0.6200980392156863,45.476190476190474,1018.0952380952378,29.943977591036408,8
3792,4,0,1,35,0.0,0.027777777777777776,0.9722222222222222,36,700,300,400,0.42857142857142855,11,3,8,378.86965908695186,0.3944775132275132,-0.05141843971631177,0.2123755611946126,129625.3472222223,2622.222222222235,132247.56944444455,1446,2,373.22222222222223,34,2,17,35.77127659574468,0.6207107843137255,45.41666666666667,1018.333333333334,29.950980392156882,0
3793,4,1,0,36,0.027777777777777776,0.0,1.0,36,1200,1000,200,0.8333333333333334,14,10,4,376.2371091922876,0.39533730158730157,-0.03905540417801989,0.21242926011318375,129908.3719135802,2575.270061728388,132483.6419753086,1447,0,374.05555555555554,35,1,19,35.550068119891,0.6214285714285714,45.138888888888886,1019.444444444444,29.126984126984116,0
3794,4,1,0,37,0.02702702702702703,0.0,1.0,37,1000,800,200,0.8,12,8,4,364.825280068931,0.39949324324324326,-0.03536401155718705,0.20802351619185788,130292.12648158864,2107.2545599708506,132399.38104155948,1448,0,364.9189189189189,35,2,20,35.45103068435175,0.625297619047619,44.76273148148148,1020.9490740740739,29.16997354497354,0
3795,4,1,1,37,0.02631578947368421,0.02631578947368421,0.9736842105263158,38,1100,600,500,0.5454545454545454,16,6,10,352.5121436704334,0.4021752015173068,-0.02205019409587461,0.20347978194045824,130766.77439212071,1619.3751923668851,132386.1495844876,1449,0,356.2894736842105,37,1,16,35.28444825614635,0.6261261261261262,44.29824561403509,1022.8070175438602,27.643432906590817,0
3796,4,0,0,37,0.0,0.0,1.0,37,1700,1400,300,0.8235294117647058,20,14,6,358.6440719392343,0.3988988988988989,-0.020075349518203334,0.20693808521932183,130751.61944038629,1978.6586417498565,132730.27808213615,1450,1,366.7837837837838,36,1,16,35.143002642589735,0.6278935185185186,44.31306306306306,1022.7477477477474,28.409659659659653,0
3797,4,1,1,37,0.02631578947368421,0.02631578947368421,0.9736842105263158,38,800,600,200,0.75,10,6,4,351.86167281075086,0.4021900189663348,-0.006622628535356556,0.20458806355583992,131047.2994094336,1622.1043975069201,132669.40380694054,1451,0,358.10526315789474,37,1,18,35.01731277218534,0.6289414414414414,44.02412280701754,1023.9035087719293,27.673067804646738,0
3798,4,1,0,38,0.02631578947368421,0.0,1.0,38,700,500,200,0.7142857142857143,9,5,4,351.55830876385335,0.3999377667140825,-0.0025132424208273996,0.20471038677396441,131103.44048168664,1618.1007617728517,132721.5412434595,1452,0,358.9736842105263,37,1,19,34.96832619557459,0.6295045045045045,43.969298245614034,1024.1228070175437,27.678994784257938,0
3799,4,0,0,38,0.0,0.0,1.0,38,800,600,200,0.75,10,6,4,347.86809204353534,0.39996740161213845,-0.008854542177361369,0.20315496575342457,131215.75869498303,1529.155124653732,132744.91381963677,1453,1,359.9736842105263,37,1,19,34.94934360730593,0.6306306306306306,43.859649122807014,1024.5614035087715,27.69084874348031,0
3800,4,0,0,38,0.0,0.0,1.0,38,1200,1100,100,0.9166666666666666,13,11,2,348.5378178759039,0.39989331436699854,-0.008305532589025555,0.20429747302796855,131356.98356718203,1556.6233747738481,132913.6069419559,1454,2,360.9736842105263,36,2,19,34.78958401992016,0.6339699074074074,43.721846846846844,1025.1126126126126,28.47535035035035,0
3801,4,1,0,39,0.02564102564102564,0.0,1.0,39,1150,900,250,0.782608695652174,14,9,5,340.9442992738012,0.4032276203328835,0.0006682771049364433,0.20176488810374996,131721.78578985826,1181.9583910433842,132903.74418090165,1455,0,352.6923076923077,37,2,17,34.6164459161148,0.6356981981981982,43.36622807017543,1026.535087719297,27.744191559981,0
3802,4,1,0,40,0.025,0.0,1.0,40,950,700,250,0.7368421052631579,12,7,5,335.21595277202493,0.4055422008547009,0.001931073916207282,0.19990342527675806,132013.445158978,850.6025595368483,132864.04771851483,1456,0,344.85,38,2,18,34.469972623626845,0.6367872807017544,43.082264957264954,1027.67094017094,27.04397210976158,0
3803,4,0,1,39,0.0,0.025,0.975,40,800,400,400,0.5,12,4,8,334.26015364041245,0.4047142094017094,0.0022925321714457603,0.19980699311188568,132103.35422092024,831.3774956597325,132934.73171657996,1457,1,345.85,39,1,18,34.404131624278044,0.6359508547008548,42.99479166666667,1028.0208333333342,26.35950854700857,0
3804,4,0,0,39,0.0,0.0,1.0,39,1050,600,450,0.5714285714285714,15,6,9,360.88233278276203,0.40196243814664867,0.04702254538473549,0.2013591501714783,129443.56575963704,1645.2206012613215,131088.78636089838,1458,2,355.5897435897436,34,5,17,36.41421970051474,0.6188725490196079,45.59523809523809,1017.6190476190463,29.92997198879548,7
3805,4,0,0,39,0.0,0.0,1.0,39,1150,1000,150,0.8695652173913043,13,10,3,359.88509284908207,0.4018780926675663,0.04732343679712114,0.20111225776860445,129504.14540816311,1521.3222789115484,131025.46768707466,1459,3,356.5897435897436,34,5,17,36.3779239766082,0.6194852941176471,45.53571428571428,1017.8571428571416,29.93697478991593,0
3806,4,0,1,38,0.0,0.02564102564102564,0.9743589743589743,39,1300,1100,200,0.8461538461538461,15,11,4,360.40390487378227,0.4017375168690958,0.05185151882989403,0.2021806823734561,129655.65653344657,1545.680980725603,131201.33751417216,1460,4,357.5897435897436,34,5,19,36.21054938632377,0.6210171568627452,45.38690476190475,1018.4523809523798,29.954481792717054,0
3807,4,0,0,38,0.0,0.0,1.0,38,850,600,250,0.7058823529411765,11,6,5,371.546066726341,0.396648293029872,0.05604989323536813,0.20810959454553965,129595.0414540815,2030.105583900207,131625.1470379817,1461,5,367.86842105263156,34,4,19,35.98859074788572,0.6204044117647058,45.44642857142856,1018.2142857142845,29.947478991596604,0
3808,4,0,1,37,0.0,0.02631578947368421,0.9736842105263158,38,500,200,300,0.4,8,2,6,371.56876457856765,0.396633475580844,0.06113700938487843,0.20892808720521527,129746.60572562339,2041.957199546462,131788.56292516986,1462,6,368.86842105263156,34,4,20,35.833674145049464,0.6219362745098039,45.29761904761904,1018.8095238095223,29.964985994397715,0
3809,4,1,0,38,0.02631578947368421,0.0,1.0,38,1100,1000,100,0.9090909090909091,12,10,2,364.8177068795795,0.39793741109530584,0.07237609777068132,0.2070521687389399,130110.72137188191,1893.3390022675562,132004.06037414947,1463,0,365.55263157894734,34,4,21,35.63545313107741,0.6256127450980392,44.94047619047618,1020.2380952380938,30.007002801120407,0
3810,4,1,0,39,0.02564102564102564,0.0,1.0,39,900,500,400,0.5555555555555556,13,5,8,357.0096076339792,0.40075348627980206,0.04776585896161922,0.2022161361063761,130032.77084094248,1484.678276594321,131517.4491175368,1464,0,357.15384615384613,36,3,18,35.91374995399508,0.6206597222222222,45.0168918918919,1019.932432432434,28.3314564564565,7
3811,4,0,0,39,0.0,0.0,1.0,39,1250,900,350,0.72,16,9,7,358.1551699303017,0.40066914080071975,0.04000848547963676,0.2036255446879239,130178.65022170269,1524.8313182902325,131703.4815399929,1465,1,358.15384615384613,37,2,18,35.736430464524915,0.6202139639639639,44.873903508771924,1020.5043859649111,27.58119962067327,0
3812,4,0,0,39,0.0,0.0,1.0,39,650,300,350,0.46153846153846156,10,3,7,357.0725763422551,0.4005004498425551,0.03831417624521083,0.2033020558513791,130234.60493853858,1500.6411828639375,131735.2461214025,1466,2,359.15384615384613,37,2,18,35.70726805600315,0.620777027027027,44.81907894736841,1020.7236842105248,27.587126600284453,0
3813,4,0,0,39,0.0,0.0,1.0,39,950,400,550,0.42105263157894735,15,4,11,357.75903779660274,0.4001630679262258,0.04512681017271247,0.2043047243028755,130351.21588059414,1526.8711252767876,131878.08700587094,1467,3,360.15384615384613,35,4,18,35.57144678680719,0.6258928571428571,44.70486111111111,1021.1805555555557,29.176587301587304,0
3814,4,0,0,39,0.0,0.0,1.0,39,1100,800,300,0.7272727272727273,14,8,6,356.8121000061961,0.3988697705802969,0.03554033743544549,0.2049637101048252,130578.91506371247,1518.4273800827987,132097.34244379526,1468,4,361.15384615384613,36,3,14,35.36478992213897,0.6261574074074074,44.48198198198199,1022.072072072073,28.390890890890915,0
3815,4,2,0,41,0.04878048780487805,0.0,1.0,41,1300,1000,300,0.7692307692307693,16,10,6,343.16575188388697,0.4038363821138211,0.05529405179301139,0.19985339596348373,131109.19922017682,798.4373858572644,131907.63660603407,1469,0,344.4878048780488,38,3,16,35.177385423186585,0.6277412280701755,43.96367521367522,1024.1452991452995,26.95119208277104,0
3816,4,0,0,41,0.0,0.0,1.0,41,950,700,250,0.7368421052631579,12,7,5,343.3115870930125,0.403760162601626,0.058405337416603365,0.20036608695282382,131191.2749858462,807.8969656293314,131999.17195147552,1470,1,345.4878048780488,38,3,16,35.09077241283416,0.6285635964912281,43.883547008547005,1024.465811965811,26.95962663067924,0
3817,4,0,2,39,0.0,0.04878048780487805,0.9512195121951219,41,1450,1000,450,0.6896551724137931,19,10,9,345.2935645212959,0.4036331300813008,0.06036904951357758,0.2023918203579683,131356.2240905856,871.3631068732495,132227.58719745884,1471,2,346.4878048780488,37,4,16,34.87349360002852,0.6320382882882882,43.72258771929825,1025.1096491228072,27.705666192508303,0
3818,4,0,0,39,0.0,0.0,1.0,39,1100,800,300,0.7272727272727273,14,8,6,362.4951557470823,0.3982793522267207,0.06091153056852283,0.2113625600432988,131155.04017531045,1708.6133430728037,132863.65351838325,1472,3,364.53846153846155,36,3,17,34.63610378188215,0.6319444444444444,43.91891891891892,1024.3243243243244,28.453453453453456,0
3819,4,0,0,39,0.0,0.0,1.0,39,850,500,350,0.5882352941176471,12,5,7,365.10252384977656,0.397576473234368,0.06192730346576547,0.21352396960366113,131270.41737683638,1785.4321382193102,133055.84951505568,1473,4,365.53846153846155,36,3,19,34.45260989010988,0.6331018518518519,43.80630630630631,1024.7747747747753,28.46596596596598,0
3820,4,1,1,39,0.025,0.025,0.975,40,1100,700,400,0.6363636363636364,15,7,8,360.2515830567712,0.40029380341880344,0.06560133874684504,0.2127655655473983,131645.7436110097,1485.130189310936,133130.87380032064,1474,0,357.375,36,4,15,34.197712059694936,0.6368634259259259,43.44031531531532,1026.2387387387391,28.50663163163164,0
3821,4,0,0,39,0.0,0.0,1.0,39,1300,700,600,0.5384615384615384,19,7,12,366.61074419361915,0.3965643274853801,0.06495501426377004,0.21668549433078124,131674.6370525931,1854.6673362551733,133529.30438884828,1475,6,367.53846153846155,36,3,17,34.00537634408603,0.6371527777777778,43.41216216216216,1026.3513513513512,28.509759759759756,0
3822,4,0,0,39,0.0,0.0,1.0,39,1250,800,450,0.64,17,8,9,345.66750897300403,0.3961988304093567,-0.002736361463459236,0.2002554227960919,130906.99932912026,1252.040773126686,132159.04010224695,1476,7,368.53846153846155,37,2,16,35.31766759527125,0.6275337837837838,44.1611842105263,1023.3552631578928,27.658250355618723,8
3823,4,1,0,40,0.025,0.0,1.0,40,1100,800,300,0.7272727272727273,14,8,6,335.0735744241758,0.3985309829059829,0.003284671532846506,0.1956976600930475,131218.63928153968,793.5796990283919,132012.21898056808,1477,0,360.3,38,2,17,35.274157108098706,0.6288377192982456,43.856837606837594,1024.5726495726476,26.962438146648623,0
3824,4,0,0,40,0.0,0.0,1.0,40,800,700,100,0.875,9,7,2,335.4438227296728,0.3985042735042735,0.009367180984153123,0.19619372851359868,131273.37643363266,806.9686427058028,132080.34507633845,1478,1,361.3,38,2,17,35.2094627467334,0.6293859649122807,43.80341880341879,1024.7863247863233,26.968061178587458,0
3825,4,0,1,39,0.0,0.025,0.975,40,950,400,550,0.42105263157894735,15,4,11,334.7874942164056,0.39821047008547006,0.010365853658536484,0.19608981804103742,131328.12499999988,793.402777777764,132121.52777777764,1479,2,362.3,38,2,18,35.1710704607046,0.6299342105263157,43.74999999999999,1024.999999999999,26.97368421052629,0
3826,4,0,0,39,0.0,0.0,1.0,39,1000,800,200,0.8,12,8,4,335.2192063327218,0.3961707152496626,0.019051849658201725,0.1967755680111287,131412.43128895422,1010.3941837873115,132422.82547274153,1480,3,371.79487179487177,37,2,18,35.07501425872454,0.6326013513513513,43.66776315789473,1025.3289473684206,27.711593172119475,0
3827,4,0,0,39,0.0,0.0,1.0,39,850,700,150,0.8235294117647058,10,7,3,335.7790758892442,0.39563652721547454,0.02339623675807534,0.19768491220540454,131524.88175448205,1032.660650392414,132557.54240487446,1481,4,372.79487179487177,37,2,18,34.94733208622838,0.6337274774774775,43.55811403508771,1025.7675438596484,27.72344713134185,0
3828,4,0,0,39,0.0,0.0,1.0,39,1100,800,300,0.7272727272727273,14,8,6,335.36273010222783,0.3954678362573099,0.022435212433075558,0.19787669787494597,131609.2511638194,1027.367555401639,132636.61871922103,1482,5,373.79487179487177,37,2,16,34.873014176818415,0.634572072072072,43.475877192982445,1026.0964912280683,27.732337600758605,0
3829,4,0,0,39,0.0,0.0,1.0,39,1200,800,400,0.6666666666666666,16,8,8,334.35423104514535,0.3956646423751687,0.026150449991509728,0.19786500069814447,131721.78578985814,1008.347279932257,132730.1330697904,1483,6,374.79487179487177,37,2,17,34.78556932279428,0.6356981981981982,43.366228070175424,1026.5350877192961,27.744191559980976,0
3830,4,0,0,39,0.0,0.0,1.0,39,1600,1100,500,0.6875,21,11,10,334.5219525200741,0.39476495726495725,0.023828687505818014,0.19855086231324515,131834.3685076175,1020.29807248382,132854.66658010133,1484,7,375.79487179487177,37,2,17,34.66794789664745,0.6368243243243243,43.25657894736841,1026.9736842105247,27.75604551920337,0
3831,4,1,1,39,0.025,0.025,0.975,40,1250,1000,250,0.8,15,10,5,324.20366334963745,0.39821047008547006,0.031161038961039278,0.19417923209335772,132178.1873790085,570.5305126378657,132748.71789164637,1485,0,367.375,38,2,18,34.587445887445895,0.6384320175438596,42.92200854700854,1028.3119658119645,27.06084120557801,0
3832,4,1,0,40,0.025,0.0,1.0,40,1250,900,350,0.72,16,9,7,324.71449524522694,0.3978098290598291,0.04385058664728514,0.19533574664002382,132343.03232750745,594.7401882898664,132937.77251579732,1486,0,368.15,38,2,19,34.40885335548404,0.6400767543859649,42.761752136752136,1028.9529914529912,27.077710301394507,0
3833,4,0,0,40,0.0,0.0,1.0,40,950,700,250,0.7368421052631579,12,7,5,325.0168541463742,0.39734241452991453,0.041789495536640686,0.19594570543467882,132425.49332493235,608.1034498502296,133033.59677478258,1487,1,369.15,38,2,20,34.31834302124417,0.6408991228070176,42.681623931623925,1029.2735042735035,27.086144849302723,0
3834,4,1,1,40,0.024390243902439025,0.024390243902439025,0.975609756097561,41,900,700,200,0.7777777777777778,11,7,4,318.3774166579323,0.39883130081300816,0.054323276754805416,0.19345143768920547,132719.81336805547,250.99826388887828,132970.81163194435,1488,0,361.1219512195122,39,2,20,34.19429842296804,0.642094017094017,42.39583333333333,1030.416666666666,26.420940170940156,0
3835,4,0,0,40,0.0,0.0,1.0,40,800,500,300,0.625,11,5,6,322.279355758817,0.3968616452991453,0.05989421281891816,0.19543506592619553,132645.51487508192,549.7822156475797,133195.2970907295,1489,1,370.175,38,2,20,34.16822236050614,0.643092105263158,42.46794871794871,1030.128205128203,27.108636977057973,0
3836,4,0,0,40,0.0,0.0,1.0,40,1000,500,500,0.5,15,5,10,321.75561993703366,0.39647435897435895,0.0635058067192038,0.19540372787611776,132700.54879830504,539.429468916633,133239.97826722168,1490,2,371.175,38,2,20,34.12657265311768,0.643640350877193,42.41452991452991,1030.341880341879,27.114260008996816,0
3837,4,0,0,40,0.0,0.0,1.0,40,1200,900,300,0.75,15,9,6,325.86066740046687,0.3961404914529914,0.07332124352331593,0.19877088751039879,132865.7190536199,659.1423770911128,133524.861430711,1491,3,372.175,38,2,20,33.85535405872194,0.6452850877192983,42.25427350427351,1030.9829059829074,27.13112910481335,0
3838,4,0,0,40,0.0,0.0,1.0,40,800,600,200,0.75,10,6,4,324.36550047768065,0.3957799145299145,0.07307313788459568,0.19829640127365766,132948.34270445266,624.7711438016116,133573.11384825426,1492,4,373.175,38,2,20,33.81116405953246,0.6461074561403508,42.17414529914531,1031.3034188034203,27.139563652721588,0
3839,4,0,1,39,0.0,0.025,0.975,40,1450,1000,450,0.6896551724137931,19,10,9,326.26376429060446,0.3956196581196581,0.0690031071983428,0.19975121396485682,133003.43940618404,678.8405608518046,133682.27996703584,1493,5,374.175,38,2,20,33.70706024512342,0.6466557017543859,42.12072649572651,1031.517094017096,27.145186684660423,0
3840,4,0,1,38,0.0,0.02564102564102564,0.9743589743589743,39,1550,1200,350,0.7741935483870968,19,12,7,334.36883970825295,0.3937809266756635,0.0617216311911748,0.20464591250068567,132991.1141529126,1093.6169061634535,134084.73105907606,1494,6,382.61538461538464,37,2,20,33.5103956273697,0.6483671171171171,42.1326754385965,1031.4692982456154,27.87754860123285,0
3841,4,0,0,38,0.0,0.0,1.0,38,850,600,250,0.7058823529411765,11,6,5,340.57607597109126,0.3927216690374585,0.07275339002528125,0.2085345491908555,133007.16256797352,1459.811500689896,134466.9740686634,1495,7,391.1578947368421,36,2,20,33.33424308588062,0.650462962962963,42.117117117117125,1031.5315315315327,28.653653653653684,0
3842,4,0,0,38,0.0,0.0,1.0,38,1150,800,350,0.6956521739130435,15,8,7,339.89633872062007,0.39202524893314367,0.07165832840313158,0.20860483266557567,133094.29943034265,1447.6530161918843,134541.95244653453,1496,8,392.1578947368421,36,2,20,33.264442140492584,0.6513310185185186,42.032657657657666,1031.8693693693704,28.663038038038067,0
3843,4,0,0,38,0.0,0.0,1.0,38,1300,800,500,0.6153846153846154,18,8,10,343.42392396618345,0.39054350403034616,0.07030936118923248,0.2119244537530215,133297.72973987486,1555.5258806103227,134853.25562048517,1497,9,393.1578947368421,36,2,20,32.969601962922575,0.6533564814814814,41.83558558558558,1032.6576576576565,28.6849349349349,0
3844,4,0,0,38,0.0,0.0,1.0,38,1450,1100,350,0.7586206896551724,18,11,7,342.1472035136367,0.3905879563774301,0.06454583531760805,0.2116329263540518,133384.9617142479,1527.4583282606745,134912.42004250857,1498,10,394.1578947368421,36,2,20,32.91521312547693,0.654224537037037,41.75112612612612,1032.9954954954944,28.69431931931929,0
3845,4,0,0,38,0.0,0.0,1.0,38,1100,900,200,0.8181818181818182,13,9,4,343.5285732316672,0.38987671882408725,0.06834647927721194,0.21282070623906427,133443.13221583044,1568.3057635337764,135011.43797936421,1499,11,395.1578947368421,36,2,20,32.82129881925521,0.6548032407407407,41.694819819819806,1033.2207207207189,28.700575575575524,0
3846,4,0,0,38,0.0,0.0,1.0,38,1350,1000,350,0.7407407407407407,17,10,7,361.12962751774126,0.3898174490279753,0.12816244042827996,0.20946440232984992,130953.25213304511,1858.2198330086771,132811.4719660538,1500,12,396.1578947368421,36,2,18,34.875261304874016,0.6299189814814814,44.11599099099099,1023.5360360360353,28.431556556556536,8
3847,4,0,0,38,0.0,0.0,1.0,38,950,600,350,0.631578947368421,13,6,7,361.5023739740048,0.39021752015173067,0.12183493033375004,0.21078369190176569,131155.04017531034,1882.5716764061228,133037.61185171647,1501,13,397.1578947368421,36,2,18,34.66152704485489,0.6319444444444444,43.91891891891891,1024.3243243243235,28.45345345345343,0
3848,4,0,0,38,0.0,0.0,1.0,38,550,300,250,0.5454545454545454,8,3,5,360.43166676875484,0.3901137980085348,0.12139051046325267,0.21031731062189596,131183.87972009156,1856.5648841408802,133040.44460423244,1502,14,398.1578947368421,36,2,18,34.65977794877431,0.6322337962962963,43.89076576576576,1024.4369369369358,28.45658158158155,0
3849,4,0,0,38,0.0,0.0,1.0,38,1100,700,400,0.6363636363636364,15,7,8,374.1895069564449,0.39014343290659076,0.09436550626593565,0.20108599771037336,127950.32035097314,1981.126043239015,129931.44639421215,1503,15,399.1578947368421,37,1,17,37.6023942415375,0.5976914414414414,47.06688596491227,1011.732456140349,27.344120436225648,8
3850,4,1,0,39,0.02564102564102564,0.0,1.0,39,1450,900,550,0.6206896551724138,20,9,11,370.2930136374598,0.3951866846603689,0.10920928217423254,0.2015784031355191,128466.99948827554,1714.5283213774478,130181.527809653,1504,0,389.8974358974359,35,4,17,37.17188510865012,0.606845238095238,46.55671296296294,1013.7731481481453,28.96494708994701,0
3851,4,0,0,39,0.0,0.0,1.0,39,1350,900,450,0.6666666666666666,18,9,9,369.5167011029963,0.3944556905083221,0.11615467172256366,0.2018336523247229,128601.0181422974,1704.0447964856387,130305.06293878304,1505,1,390.8974358974359,36,3,17,37.05451315643387,0.6061921296296297,46.42454954954953,1014.3018018017993,28.175050050049983,0
3852,4,0,0,39,0.0,0.0,1.0,39,1400,900,500,0.6428571428571429,19,9,10,369.2010835717765,0.3945681511470985,0.11654908250228257,0.20311691095586973,128886.73460200042,1717.0244146172913,130603.75901661771,1506,2,391.8974358974359,36,3,17,36.77059073601714,0.6090856481481481,46.143018018018005,1015.4279279279261,28.20633133133128,0
3853,4,1,0,40,0.025,0.0,1.0,40,1400,1100,300,0.7857142857142857,17,11,6,359.94908516273483,0.39827724358974353,0.10827089674549284,0.19991450490637694,129261.91184807236,1306.6922384670675,130568.60408653942,1507,0,383.075,34,6,18,36.62296105517834,0.6170343137254901,45.77380952380951,1016.9047619047602,29.908963585434122,0
3854,4,0,0,40,0.0,0.0,1.0,40,550,500,50,0.9090909090909091,6,5,1,357.8710021318233,0.3986378205128205,0.10623933082963477,0.19890022110893943,129289.65627411268,1253.8037712191363,130543.46004533183,1508,1,384.075,35,5,18,36.647533287811534,0.6151785714285714,45.74652777777778,1017.0138888888891,29.05753968253969,0
3855,4,1,0,41,0.024390243902439025,0.0,1.0,41,900,500,400,0.5555555555555556,13,5,8,351.2865151253404,0.4033282520325203,0.10958615890074008,0.1967988023397355,129602.41280131497,905.5159889619563,130507.92879027693,1509,0,375.6829268292683,36,5,16,36.49681117746814,0.6163194444444444,45.4391891891892,1018.2432432432444,28.284534534534565,0
3856,4,0,2,39,0.0,0.04878048780487805,0.9512195121951219,41,1250,800,450,0.64,17,8,9,351.1238290329982,0.4036585365853658,0.11255542011413056,0.19699527976268225,129659.75265806357,905.3257649541556,130565.07842301772,1510,1,376.6829268292683,36,5,16,36.44266917293234,0.6168981481481481,45.38288288288289,1018.4684684684693,28.290790790790812,0
3857,4,0,0,39,0.0,0.0,1.0,39,450,400,50,0.8888888888888888,5,4,1,362.2235436038037,0.3988697705802969,0.11857024585148102,0.2021074967836368,129443.5657596372,1577.501417233559,131021.06717687077,1511,2,393.20512820512823,34,5,16,36.380098658555596,0.6188725490196079,45.595238095238095,1017.6190476190478,29.929971988795526,0
3858,4,0,0,39,0.0,0.0,1.0,39,800,400,400,0.5,12,4,8,360.5024048509791,0.3985323886639676,0.11794346901818797,0.20126334259394646,129466.28146701382,1534.5811631944393,131000.86263020826,1512,3,394.20512820512823,35,4,16,36.40075912657797,0.6169642857142856,45.572916666666664,1017.7083333333327,29.077380952380935,0
3859,4,0,0,39,0.0,0.0,1.0,39,850,600,250,0.7058823529411765,11,6,5,361.7263157791359,0.39909469185784974,0.12434891848328244,0.20255292170013123,129584.09857521014,1574.7957122342355,131158.8942874444,1513,4,395.20512820512823,35,4,16,36.249692129892765,0.6181547619047619,45.45717592592593,1018.171296296297,29.090608465608486,0
3860,4,1,0,40,0.025,0.0,1.0,40,1300,900,400,0.6923076923076923,17,9,8,350.6677234116819,0.4028044871794872,0.13281163740752966,0.19862398817633545,130032.77084094236,1119.6591439412446,131152.4299848836,1514,0,386.3,36,4,18,36.07545728902137,0.6206597222222222,45.016891891891895,1019.9324324324331,28.331456456456475,0
3861,4,0,0,40,0.0,0.0,1.0,40,1000,600,400,0.6,14,6,8,351.7520661960301,0.40229700854700856,0.13063955413309802,0.1998260483888545,130147.65346004789,1155.9412030273525,131303.59466307523,1515,1,387.3,36,4,18,35.93123459515139,0.6218171296296297,44.90427927927928,1020.3828828828829,28.34396896896897,0
3862,4,0,1,39,0.0,0.025,0.975,40,1050,700,350,0.6666666666666666,14,7,7,351.50052163576186,0.4024439102564103,0.12220553225257946,0.200425733765291,130292.12648158852,1159.6008110642706,131451.7272926528,1516,2,388.3,35,5,18,35.79112817896686,0.625297619047619,44.762731481481474,1020.949074074073,29.169973544973516,0
3863,4,0,0,39,0.0,0.0,1.0,39,900,600,300,0.6666666666666666,12,6,6,356.83185393953175,0.4010908681961314,0.1288717888927755,0.20362919569124144,130323.35778061196,1500.70507369611,131824.06285430805,1517,3,398.05128205128204,34,5,18,35.62337258559714,0.6277573529411764,44.73214285714284,1021.0714285714262,30.031512605041947,0
3864,4,0,0,39,0.0,0.0,1.0,39,1100,700,400,0.6363636363636364,15,7,8,344.61184306443346,0.40069725596041383,0.006312948362809712,0.1906880370114351,129115.53603857216,1098.9485685009092,130214.48460707307,1518,4,399.05128205128204,36,3,20,37.16181902123729,0.611400462962963,45.91779279279278,1016.3288288288272,28.23135635635631,8
3865,4,2,0,41,0.04878048780487805,0.0,1.0,41,950,800,150,0.8421052631578947,11,8,3,330.2860722770631,0.4085111788617886,0.025031808673524614,0.18584753619172031,129774.4704163621,372.5970903335545,130147.06750669566,1519,0,380.5365853658537,36,5,16,36.85690207780725,0.6180555555555556,45.27027027027026,1018.9189189189173,28.303303303303256,0
3866,4,1,0,42,0.023809523809523808,0.0,1.0,42,1150,800,350,0.6956521739130435,15,8,7,320.9409797576345,0.4091294037940379,0.03285868844449058,0.1823502259170232,130153.54624379038,-45.678669917483404,130107.86757387289,1520,0,372.45238095238096,38,4,17,36.71125187589431,0.6181469298245614,44.89850427350426,1020.4059829059809,26.852789023841602,0
3867,4,0,0,42,0.0,0.0,1.0,42,1250,900,350,0.72,16,9,7,322.24943156514456,0.40968592721641506,0.02673515909783264,0.1837429777716729,130291.32806793273,-2.647404254310345,130288.68066367842,1521,1,373.45238095238096,36,6,18,36.53853224501801,0.6232638888888888,44.76351351351351,1020.9459459459454,28.359609609609592,0
3868,4,0,0,42,0.0,0.0,1.0,42,1200,900,300,0.75,15,9,6,322.3581381609898,0.4099883855981417,0.02697012652911246,0.1843498305876529,130406.3248214429,7.508014771512023,130413.83283621441,1522,2,374.45238095238096,36,6,20,36.419514884233735,0.6244212962962963,44.65090090090089,1021.3963963963951,28.372122122122086,0
3869,4,1,0,43,0.023255813953488372,0.0,1.0,43,1400,700,700,0.5,21,7,14,315.4161328662041,0.41341362126245845,0.0469701651730976,0.18259698212825154,130878.94833025541,-343.7336488150244,130535.2146814404,1523,0,366.72093023255815,37,6,17,36.119892127446775,0.6272522522522522,44.18859649122807,1023.2456140350873,27.65528686581317,0
3870,4,0,1,42,0.0,0.023255813953488372,0.9767441860465116,43,1050,600,450,0.5714285714285714,15,6,9,315.5670092253811,0.4135520487264673,0.04563461413885772,0.18295046360929854,130935.05333371805,-336.24336334256725,130598.80997037549,1524,1,367.72093023255815,37,6,17,36.059477894436114,0.6278153153153153,44.13377192982456,1023.4649122807016,27.661213845424367,0
3871,4,0,0,42,0.0,0.0,1.0,42,950,700,250,0.7368421052631579,12,7,5,321.6710906609839,0.4119967092528068,0.032765279546395965,0.18629861063329267,130895.626940285,21.067816126954,130916.69475641196,1525,2,377.3809523809524,36,6,17,35.94305968233009,0.6293402777777778,44.172297297297305,1023.3108108108117,28.425300300300325,0
3872,4,0,0,42,0.0,0.0,1.0,42,950,800,150,0.8421052631578947,11,8,3,324.62814517189,0.41158536585365857,0.03188884808422121,0.1884781320475601,130991.17036011082,104.6841335795682,131095.8544936904,1526,3,378.3809523809524,37,5,17,35.771029705798355,0.6283783783783784,44.078947368421055,1023.6842105263158,27.667140825035563,0
3873,4,0,1,41,0.0,0.023809523809523808,0.9761904761904762,42,900,700,200,0.7777777777777778,11,7,4,324.0805359279928,0.4110530391018196,0.038299174059345464,0.18871023725482883,131103.44048168676,97.61465066175595,131201.05513234853,1527,4,379.3809523809524,37,5,17,35.67184154175589,0.6295045045045045,43.96929824561404,1024.1228070175446,27.678994784257963,0
3874,4,0,0,41,0.0,0.0,1.0,41,700,200,500,0.2857142857142857,12,2,10,324.41789303151785,0.40957825203252035,0.05367368093978597,0.1890447622462514,131131.51552641208,308.28199542168386,131439.79752183377,1528,5,388.219512195122,37,4,17,35.634902580023564,0.6297860360360361,43.94188596491229,1024.2324561403518,27.68195827406356,0
3875,4,0,0,41,0.0,0.0,1.0,41,1500,1100,400,0.7333333333333333,19,11,8,348.0032586416223,0.4092987804878048,0.07596338342375297,0.1873879739611902,128030.53634293107,752.4217534358289,128782.9580963669,1529,6,389.219512195122,36,5,19,38.18269908386189,0.6004050925925926,46.98761261261263,1012.0495495495519,28.112487487487552,8
3876,4,1,0,42,0.023809523809523808,0.0,1.0,42,750,300,450,0.4,12,3,9,341.4270263760697,0.4119725125822687,0.08439871999010617,0.18526876986149515,128338.88942992089,363.6730772930287,128702.56250721392,1530,0,380.92857142857144,37,5,21,38.034190924503115,0.6016328828828829,46.683114035087726,1013.2675438596503,27.385609293504064,0
3877,4,0,0,42,0.0,0.0,1.0,42,1200,900,300,0.75,15,9,6,342.15355896457487,0.4120209059233449,0.08048267976885759,0.18631047150685864,128477.80687326877,391.8277739304509,128869.63464719921,1531,1,381.92857142857144,37,5,16,37.87403561900643,0.6030405405405406,46.54605263157895,1013.8157894736848,27.400426742532023,0
3878,4,0,0,42,0.0,0.0,1.0,42,1150,700,450,0.6086956521739131,16,7,9,338.9681293957714,0.4119362175764614,0.07242224384618146,0.18496260936763953,128561.19340806788,315.6294484841513,128876.82285655203,1532,2,382.92857142857144,37,5,16,37.86974717987529,0.6038851351351351,46.463815789473685,1014.1447368421054,27.409317211948796,0
3879,4,1,1,42,0.023255813953488372,0.023255813953488372,0.9767441860465116,43,1200,700,500,0.5833333333333334,17,7,10,327.5269446214665,0.41572074566260614,0.06848782158716937,0.1802630925667076,128902.86138733663,-156.1679313682422,128746.69345596839,1533,0,375.0,38,5,17,37.81211642994916,0.6055372807017544,46.12713675213676,1015.4914529914536,26.72345928924878,0
3880,4,1,1,42,0.023255813953488372,0.023255813953488372,0.9767441860465116,43,1200,900,300,0.75,15,9,6,323.8470229341015,0.419827427094869,0.0724285305854151,0.17971149371800854,129228.54487407785,-229.9440928847818,128998.60078119308,1534,0,355.7906976744186,38,5,18,37.574647122692724,0.6088267543859649,45.80662393162394,1016.7735042735053,26.757197480881718,0
3881,4,2,1,43,0.045454545454545456,0.022727272727272728,0.9772727272727273,44,1150,600,550,0.5217391304347826,17,6,11,326.1528682131641,0.4230201726568006,0.10025097601784738,0.18332040523705434,129731.44531250012,-337.5434027777617,129393.90190972235,1535,0,347.54545454545456,39,5,16,37.005794137695986,0.6121794871794872,45.31250000000001,1018.7500000000009,26.121794871794894,0
3882,4,0,0,43,0.0,0.0,1.0,43,1450,1100,350,0.7586206896551724,18,11,7,330.71404969089224,0.42008121077888516,0.09511081629467766,0.18594865435450184,129745.05077069196,-18.29776645479717,129726.75300423717,1536,1,356.6279069767442,38,5,16,36.87583018736019,0.6140350877192983,45.29914529914531,1018.8034188034202,26.810616284300533,0
3883,4,1,1,43,0.022727272727272728,0.022727272727272728,0.9772727272727273,44,1700,1000,700,0.5882352941176471,24,10,14,323.85791370018944,0.4225356765327695,0.10149534965748908,0.18376966435571643,130103.13042534764,-373.01432291662684,129730.11610243101,1537,0,349.5,39,5,17,36.68785310734462,0.6159188034188035,44.947916666666686,1020.2083333333367,26.15918803418812,0
3884,4,0,0,43,0.0,0.0,1.0,43,900,400,500,0.4444444444444444,14,4,10,333.8948890055399,0.4194582871908454,0.09692155883391962,0.18891681775683972,129990.07100820042,80.60406622109292,130070.67507442151,1538,1,358.5348837209302,38,5,17,36.54640300331761,0.6165021929824561,45.0587606837607,1019.7649572649606,26.835919928025277,0
3885,4,0,1,42,0.0,0.023255813953488372,0.9767441860465116,43,1650,1400,250,0.8484848484848485,19,14,5,337.1893312029451,0.42008121077888516,0.10314972711132464,0.1913143745488372,130099.0430843199,173.60186554901873,130272.64494986892,1539,2,359.5348837209302,38,5,17,36.351974028694094,0.6175986842105263,44.951923076923094,1020.1923076923107,26.847165991902912,0
3886,4,1,1,42,0.023255813953488372,0.023255813953488372,0.9767441860465116,43,750,500,250,0.6666666666666666,10,5,5,337.68630644123755,0.4194352159468439,0.10670314637482892,0.19226787674252616,130235.32238476175,195.73699685882173,130431.05938162057,1540,0,359.8139534883721,38,5,18,36.20124206266135,0.6189692982456141,44.81837606837608,1020.7264957264979,26.861223571749946,0
3887,4,0,0,42,0.0,0.0,1.0,42,750,400,350,0.5333333333333333,11,4,7,336.966884062064,0.41793699186991873,0.10730012120840171,0.19213096494194015,130290.57167830507,380.7244457892698,130671.29612409434,1541,1,365.35714285714283,37,5,18,36.16365499588301,0.6213400900900901,44.764254385964925,1020.9429824561421,27.59305357989573,0
3888,4,0,0,42,0.0,0.0,1.0,42,1400,1100,300,0.7857142857142857,17,11,6,335.8700323234164,0.4183120402632598,0.10182175059804965,0.19219688090448078,130430.54112803945,361.54201292706347,130792.08314096651,1542,2,366.35714285714283,37,5,19,36.04998568770575,0.6227477477477478,44.627192982456144,1021.4912280701758,27.60787102892367,0
3889,4,0,0,42,0.0,0.0,1.0,42,950,600,350,0.631578947368421,13,6,7,336.6329773396005,0.4180337785520712,0.103593658970349,0.19291181321343154,130486.54994806094,385.215162357647,130871.7651104186,1543,3,367.35714285714283,37,5,19,35.97383200973027,0.6233108108108107,44.57236842105263,1021.7105263157895,27.61379800853485,0
3890,4,0,0,42,0.0,0.0,1.0,42,1300,1000,300,0.7692307692307693,16,10,6,334.39339088966045,0.41770712349980643,0.10635874173741544,0.19218342724250403,130598.60365689443,334.2619844567485,130932.86564135118,1544,4,368.35714285714283,37,5,15,35.91772151898733,0.6244369369369369,44.46271929824561,1022.1491228070175,27.625651967757232,0
3891,4,0,0,42,0.0,0.0,1.0,42,1150,800,350,0.6956521739130435,15,8,7,334.22697300128686,0.41773132017034453,0.10821419632960905,0.19222690125175812,130626.62459843417,331.78826658202,130958.41286501619,1545,5,369.35714285714283,37,5,15,35.89364564339087,0.6247184684684685,44.435307017543856,1022.2587719298248,27.62861545756283,0
3892,4,0,0,42,0.0,0.0,1.0,42,1100,800,300,0.7272727272727273,14,8,6,330.81642762022614,0.41739256678281067,0.10321544721673281,0.1908178614974552,130738.73842191836,250.1044792628528,130988.84290118121,1546,6,370.35714285714283,37,5,16,35.867530645795334,0.6258445945945945,44.32565789473684,1022.6973684210533,27.640469416785223,0
3893,4,0,1,41,0.0,0.023809523809523808,0.9761904761904762,42,1150,700,450,0.6086956521739131,16,7,9,335.7988440979729,0.41799748354626404,0.10625733680396099,0.1941142016997574,130822.85534972289,386.03272160664244,131208.88807132954,1547,7,371.35714285714283,37,5,16,35.65514469453379,0.6266891891891893,44.243421052631575,1023.0263157894727,27.649359886201967,0
3894,4,0,0,41,0.0,0.0,1.0,41,600,400,200,0.6666666666666666,8,4,4,342.2229389594843,0.41689532520325207,0.10453708739488832,0.19754056773601894,130766.77439212051,750.2779701446495,131517.05236226515,1548,8,379.9268292682927,37,4,16,35.547545025729,0.6261261261261262,44.29824561403508,1022.8070175438585,27.64343290659077,0
3895,4,0,0,41,0.0,0.0,1.0,41,1050,700,350,0.6666666666666666,14,7,7,346.9937261500904,0.4159806910569106,0.10859969737595221,0.20102373967466114,130906.99932912033,884.7814952677602,131791.7808243881,1549,9,380.9268292682927,37,4,16,35.28373781206472,0.6275337837837838,44.16118421052631,1023.3552631578933,27.658250355618737,0
3896,4,0,1,40,0.0,0.024390243902439025,0.975609756097561,41,900,600,300,0.6666666666666666,12,6,6,346.7264352708471,0.41587906504065036,0.10500295275076144,0.2010151892433591,130935.05333371783,879.7288588796278,131814.78219259746,1550,10,381.9268292682927,37,4,16,35.262213413327615,0.6278153153153153,44.13377192982455,1023.4649122806999,27.66121384542432,0
3897,4,0,1,39,0.0,0.025,0.975,40,650,400,250,0.6153846153846154,9,4,5,355.7512824674099,0.41300747863247866,0.11434940554821682,0.2055753594105565,130809.21292914514,1307.1090516191614,132116.3219807643,1551,11,392.15,36,4,16,35.15865808014091,0.6284722222222222,44.256756756756744,1022.9729729729712,28.415915915915868,0
3898,4,0,0,39,0.0,0.0,1.0,39,1300,900,400,0.6923076923076923,17,9,8,357.4820654778772,0.4130116959064327,0.11054394415239588,0.20703884824712993,130895.6269402848,1558.5678161269268,132454.1947564117,1552,12,393.43589743589746,36,3,16,35.026915740435065,0.6293402777777778,44.17229729729729,1023.3108108108102,28.425300300300282,0
3899,4,0,1,38,0.0,0.02564102564102564,0.9743589743589743,39,1000,800,200,0.8,12,8,4,359.0876348953551,0.41250562303193883,0.10995759453343013,0.20848520891685518,130991.1703601106,1607.4619113573176,132598.6322714679,1553,13,394.43589743589746,37,2,16,34.88913881748071,0.6283783783783784,44.07894736842104,1023.6842105263141,27.667140825035517,0
3900,4,0,1,37,0.0,0.02631578947368421,0.9736842105263158,38,1000,700,300,0.7,13,7,6,361.8210913892954,0.412236249407302,0.10077764003155631,0.21068634623291865,131103.44048168653,1887.1979839950593,132990.63846568158,1554,14,391.86842105263156,37,1,17,34.705567451820116,0.6295045045045045,43.96929824561403,1024.1228070175428,27.678994784257913,0
3901,4,0,0,37,0.0,0.0,1.0,37,800,500,300,0.625,11,5,6,372.27846921063207,0.40862737737737737,0.09522026150201657,0.21657889446783593,131068.54056336732,2358.7991285203984,133427.33969188773,1555,15,402.81081081081084,36,1,17,34.47317533633931,0.6310763888888888,44.00337837837837,1023.9864864864858,28.444069069069048,0
3902,4,0,1,36,0.0,0.02702702702702703,0.972972972972973,37,1300,1100,200,0.8461538461538461,15,11,4,374.65841054570836,0.4089089089089089,0.09687185261550435,0.21861883006634417,131183.87972009156,2429.828773029767,133613.70849312132,1556,16,403.81081081081084,36,1,17,34.29541790333808,0.6322337962962963,43.89076576576576,1024.4369369369358,28.45658158158155,0
3903,4,0,0,36,0.0,0.0,1.0,36,700,300,400,0.42857142857142855,11,3,8,381.7801920543443,0.40611772486772485,0.09638860630722279,0.22206504662095847,131061.33355034696,2807.324218749966,133868.65776909693,1557,17,415.0,35,1,18,34.2372414377755,0.6330357142857144,44.01041666666665,1023.9583333333312,29.25595238095232,0
3904,4,0,0,36,0.0,0.0,1.0,36,1000,600,400,0.6,14,6,8,385.0741081588912,0.4065972222222222,0.10354220013054194,0.22484670220465064,131209.51753257884,2905.077589163237,134114.59512174208,1558,18,416.0,35,1,18,34.00267359542101,0.6345238095238095,43.86574074074074,1024.537037037037,29.27248677248677,0
3905,4,2,1,37,0.05263157894736842,0.02631578947368421,0.9736842105263158,38,1300,700,600,0.5384615384615384,19,7,12,369.9483798004978,0.4099839971550498,0.11533946390138916,0.2202569931246827,131951.69331114972,2163.170197830939,134114.86350898066,1559,0,395.05263157894734,35,3,17,33.63995437647855,0.6419642857142858,43.142361111111114,1027.4305555555557,29.355158730158735,0
3906,4,0,0,37,0.0,0.0,1.0,37,1100,900,200,0.8181818181818182,13,9,4,377.291504803253,0.4074386886886887,0.11534329554957679,0.22437273569588356,131908.3776218821,2553.58205782313,134461.95967970524,1560,1,406.72972972972974,34,3,17,33.49509406265694,0.6436887254901961,43.18452380952381,1027.2619047619048,30.21358543417367,0
3907,4,0,0,37,0.0,0.0,1.0,37,1050,800,250,0.7619047619047619,13,8,5,375.06684584312575,0.40778278278278274,0.11271125139738292,0.22340938208916633,131969.53125000012,2499.4791666666806,134469.0104166668,1561,2,407.72972972972974,34,3,17,33.49047039740471,0.6443014705882353,43.12500000000001,1027.500000000001,30.220588235294144,0
3908,4,0,0,37,0.0,0.0,1.0,37,1200,700,500,0.5833333333333334,17,7,10,373.4236977448086,0.40759509509509506,0.10990402498455198,0.2226748832959138,132011.1577958892,2459.2189375428798,134470.37673343206,1562,3,408.72972972972974,35,2,17,33.49065679318242,0.6425595238095239,43.08449074074075,1027.662037037038,29.361772486772516,0
3909,4,0,0,37,0.0,0.0,1.0,37,1300,900,400,0.6923076923076923,17,9,8,376.7533100931876,0.40709459459459457,0.10824199565474046,0.22518996636929275,132100.37964034636,2553.8510588134386,134654.23069915982,1563,4,409.72972972972974,35,2,18,33.31503790437588,0.6434523809523809,42.99768518518518,1028.0092592592591,29.371693121693117,0
3910,4,0,0,37,0.0,0.0,1.0,37,750,500,250,0.6666666666666666,10,5,5,373.09889480699593,0.4074386886886887,0.10329586761775866,0.2235322778395251,132189.6316256215,2463.961092892653,134653.59271851415,1564,5,410.72972972972974,35,2,18,33.318912961920844,0.6443452380952381,42.910879629629626,1028.3564814814808,29.38161375661374,0
3911,4,0,0,37,0.0,0.0,1.0,37,1100,600,500,0.5454545454545454,16,6,10,376.70025082011216,0.4069069069069069,0.10391923809987036,0.22675977860809846,132368.22601862554,2572.6287883658983,134940.85480699144,1565,6,411.72972972972974,35,2,18,33.0461749709444,0.6461309523809524,42.73726851851851,1029.050925925925,29.401455026455,0
3912,4,1,0,38,0.02631578947368421,0.0,1.0,38,900,600,300,0.6666666666666666,12,6,6,369.01805327610157,0.4087245139876719,0.10577173270254292,0.22372347916602878,132636.34366426602,2189.044415509251,134825.38807977526,1566,0,401.86842105263156,35,3,17,32.97378277153559,0.6488095238095238,42.47685185185185,1030.092592592592,29.431216931216913,0
3913,4,0,0,38,0.0,0.0,1.0,38,1000,600,400,0.6,14,6,8,372.42584916019615,0.4078058321479374,0.10596640939874957,0.22686898855134777,132815.2394654491,2292.7656678669264,135108.005133316,1567,1,402.86842105263156,35,3,18,32.705947301444716,0.6505952380952381,42.30324074074073,1030.787037037036,29.451058201058174,0
3914,4,0,0,38,0.0,0.0,1.0,38,1100,700,400,0.6363636363636364,15,7,8,373.34717260229945,0.40796882408724516,0.11095521382871243,0.22797463747182203,132904.7325772675,2323.921226637499,135228.653803905,1568,2,403.86842105263156,35,3,18,32.59215867848991,0.6514880952380953,42.216435185185176,1031.134259259258,29.4609788359788,0
3915,4,0,0,38,0.0,0.0,1.0,38,900,500,400,0.5555555555555556,13,5,8,371.5695075781791,0.4073464912280702,0.11174084649457927,0.22768884675074894,133036.20501836293,2286.4394377485573,135322.64445611148,1569,3,404.86842105263156,36,2,18,32.505776298075176,0.6507523148148149,42.08896396396396,1031.644144144144,28.65678178178178,0
3916,4,1,0,39,0.02564102564102564,0.0,1.0,39,800,600,200,0.75,10,6,4,360.9428577505646,0.40918803418803423,0.11256570870117977,0.2229325099772172,133330.62967691955,1824.9477002538945,135155.57737717344,1570,0,395.46153846153845,37,2,19,32.48431804508616,0.6517454954954955,41.803728070175424,1032.7850877192961,27.913110478899895,0
3917,4,0,0,39,0.0,0.0,1.0,39,800,700,100,0.875,9,7,2,363.9601752522436,0.4089068825910931,0.1168063956984684,0.22548301981603458,133443.8977016964,1913.6528787703553,135357.55058046675,1571,1,396.46153846153845,37,2,19,32.292772117867614,0.6528716216216216,41.6940789473684,1033.223684210524,27.92496443812227,0
3918,4,0,0,39,0.0,0.0,1.0,39,1300,1100,200,0.8461538461538461,15,11,4,364.92269100326916,0.40854138551506974,0.11721611721611724,0.22698394679952644,133591.84777949244,1950.1453290233612,135541.9931085158,1572,2,397.46153846153845,35,4,19,32.11953276608448,0.6583333333333333,41.550925925925924,1033.796296296296,29.53703703703703,0
3919,4,0,0,39,0.0,0.0,1.0,39,1400,900,500,0.6428571428571429,19,9,10,363.2868099431999,0.4081477732793522,0.1202701229552876,0.22706695855051182,133771.38658479074,1919.4760588134318,135690.86264360417,1573,3,398.46153846153845,35,4,16,31.98189378682776,0.6601190476190476,41.37731481481481,1034.4907407407402,29.556878306878293,0
3920,4,0,0,39,0.0,0.0,1.0,39,850,500,350,0.5882352941176471,12,5,7,361.8161259343592,0.40786662168241117,0.12185347666409907,0.22645548808480206,133821.54959013074,1883.758927846774,135705.3085179775,1574,4,399.46153846153845,36,3,17,31.969688724423158,0.6585648148148149,41.32882882882883,1034.6846846846852,28.741241241241255,0
3921,4,0,1,38,0.0,0.02564102564102564,0.9743589743589743,39,1050,700,350,0.6666666666666666,14,7,7,363.3272509261843,0.407304318488529,0.12393720291892607,0.2281218641061127,133938.0934989045,1932.6718610502564,135870.76535995473,1575,5,400.46153846153845,36,3,17,31.81389614157238,0.6597222222222222,41.216216216216225,1035.1351351351366,28.753753753753795,0
3922,4,0,1,37,0.0,0.02631578947368421,0.9736842105263158,38,1450,1100,350,0.7586206896551724,18,11,7,362.48321945676935,0.40771692745376953,0.1335437341537593,0.2282292304348848,134040.92084887254,2117.516905649856,136158.4377545224,1576,6,409.07894736842104,35,3,17,31.732820125926757,0.662797619047619,41.116898148148145,1035.532407407407,29.586640211640198,0
3923,4,0,0,37,0.0,0.0,1.0,37,850,600,250,0.7058823529411765,11,6,5,372.4859365207735,0.40540540540540543,0.13605230676437374,0.23345495646539882,133872.32320011326,2573.111536281165,136445.4347363944,1577,11,420.97297297297297,34,3,17,31.64279688638367,0.663296568627451,41.2797619047619,1034.8809523809516,30.43767507002799,0
3924,4,0,0,37,0.0,0.0,1.0,37,900,700,200,0.7777777777777778,11,7,4,373.40465533579925,0.40546796796796797,0.13390762269686052,0.23481563900617808,133995.55165816314,2606.912556689326,136602.46421485246,1578,12,421.97297297297297,34,3,17,31.495534858763552,0.6645220588235294,41.16071428571428,1035.3571428571418,30.451680672268875,0
3925,4,0,1,36,0.0,0.02702702702702703,0.972972972972973,37,1150,800,350,0.6956521739130435,15,8,7,372.4554466485847,0.40515515515515516,0.1356788169483747,0.23469938990222067,134070.88584533593,2587.0863340191877,136657.97217935513,1579,13,422.97297297297297,35,2,17,31.444643123230524,0.6630952380952381,41.087962962962955,1035.648148148147,29.589947089947053,0
3926,4,0,0,36,0.0,0.0,1.0,36,750,500,250,0.6666666666666666,10,5,5,378.79165589190677,0.4010747354497355,0.14007690145882834,0.23840302626250395,134026.36763038544,2953.6139455782295,136979.98157596367,1580,14,433.6388888888889,34,2,17,31.325208860274397,0.664828431372549,41.13095238095238,1035.4761904761901,30.45518207282912,0
3927,4,0,0,36,0.0,0.0,1.0,36,1300,1000,300,0.7692307692307693,16,10,6,373.3485132765193,0.40071097883597884,0.13399331086601318,0.23616464095630982,134211.33786848065,2821.52069160997,137032.85856009062,1581,15,434.6388888888889,34,2,17,31.280876608455888,0.6666666666666667,40.95238095238095,1036.1904761904757,30.47619047619046,0
3928,4,0,0,36,0.0,0.0,1.0,36,1300,1000,300,0.7692307692307693,16,10,6,372.91597092215704,0.40100859788359783,0.13981102825221203,0.20977154142400645,129762.65889321422,2485.610751653616,132248.26964486783,1582,16,435.6388888888889,33,3,17,35.783016598508546,0.6243686868686869,45.281862745098046,1018.8725490196084,30.874925727866923,8
3929,4,1,0,37,0.02702702702702703,0.0,1.0,37,1050,700,350,0.6666666666666666,14,7,7,364.0474157046822,0.4046546546546546,0.14024903857984317,0.20613312692280314,130019.64462868476,2066.6631235827667,132086.30775226754,1583,0,424.8378378378378,34,3,18,35.747636278744025,0.6246936274509804,45.029761904761905,1019.8809523809521,29.996498599439768,0
3930,4,0,0,37,0.0,0.0,1.0,37,1000,800,200,0.8,12,8,4,361.9418905064184,0.403246996996997,0.14050522345937178,0.2055801155421147,130141.08737244892,2020.7022392290223,132161.78961167793,1584,1,425.8378378378378,34,3,19,35.67796445377826,0.6259191176470589,44.910714285714285,1020.3571428571423,30.010504201680657,0
3931,4,2,0,39,0.05128205128205128,0.0,1.0,39,700,400,300,0.5714285714285714,10,4,6,357.3332957422696,0.40966599190283404,0.18456282865328189,0.19105306705648317,127745.77100326667,1448.4764558063112,129194.24745907298,1585,0,404.94871794871796,36,3,18,38.23822917827038,0.5975115740740741,47.269144144144136,1010.9234234234225,28.08120620620618,8
3932,4,1,0,40,0.025,0.0,1.0,40,900,500,400,0.5555555555555556,13,5,8,352.50006158216405,0.4121661324786325,0.18990087747806328,0.1899549368631029,128061.27997316464,1028.3218153662453,129089.60178853088,1586,0,395.8,37,3,19,38.03747788249738,0.5988175675675675,46.95723684210525,1012.1710526315775,27.35597439544804,0
3933,4,2,2,40,0.047619047619047616,0.047619047619047616,0.9523809523809523,42,900,400,500,0.4444444444444444,14,4,10,337.2801092153732,0.41751355013550134,0.17995510454154617,0.18404151800194615,128561.19340806788,272.28077389196756,128833.47418195984,1587,0,377.9047619047619,37,5,14,37.912544599416144,0.6038851351351351,46.463815789473685,1014.1447368421054,27.409317211948796,0
3934,4,0,0,40,0.0,0.0,1.0,40,1250,1000,250,0.8,15,10,5,352.35821783435654,0.41179220085470086,0.18217550274223027,0.1908316288667258,128261.74554183816,1038.8160150891636,129300.56155692732,1588,2,397.8,35,5,19,37.836113650213285,0.6047619047619048,46.75925925925926,1012.9629629629632,28.941798941798947,0
3935,4,0,0,40,0.0,0.0,1.0,40,1000,500,500,0.5,15,5,10,350.6012200918164,0.41101762820512816,0.18208810132207542,0.1906804581296941,128429.74044568211,1005.5247392662868,129435.2651849484,1589,3,398.8,36,4,14,37.70900455504944,0.6044560185185186,46.593468468468465,1013.6261261261257,28.156281281281267,0
3936,4,1,0,41,0.024390243902439025,0.0,1.0,41,1700,1400,300,0.8235294117647058,20,14,6,345.6860116212115,0.41603150406504064,0.18395100389648378,0.1898675423366911,128821.50472094401,706.3584356052526,129527.86315654927,1590,0,390.0487804878049,38,3,15,37.43400512172877,0.6047149122807017,46.20726495726497,1015.1709401709417,26.71502474134057,0
3937,4,2,0,43,0.046511627906976744,0.0,1.0,43,1350,1100,250,0.8148148148148148,16,11,5,335.8558571342965,0.42061184939091917,0.20133720319971893,0.18766561588964473,129500.26167223685,99.80287548396535,129600.06454772082,1591,0,372.86046511627904,38,5,14,36.99332598579476,0.6115679824561404,45.539529914529915,1017.8418803418805,26.785312640575803,0
3938,4,0,0,43,0.0,0.0,1.0,43,1200,800,400,0.6666666666666666,16,8,8,333.2142711644566,0.42054263565891475,0.1997218087313013,0.18657649848397603,129581.83235627148,35.70316494996075,129617.53552122143,1592,1,373.86046511627904,38,5,14,36.97774571528507,0.612390350877193,45.45940170940171,1018.1623931623933,26.793747188484033,0
3939,4,0,0,43,0.0,0.0,1.0,43,1200,900,300,0.75,15,9,6,332.5464734154988,0.42001199704688075,0.19747564054096944,0.186849182322733,129717.8405677003,27.44208397252669,129745.28265167282,1593,2,374.86046511627904,38,5,14,36.856755811921,0.6137609649122807,45.3258547008547,1018.696581196581,26.807804768331078,0
3940,4,0,1,42,0.0,0.023255813953488372,0.9767441860465116,43,1300,1100,200,0.8461538461538461,15,11,4,335.70019096211473,0.4190891472868217,0.2008436720937541,0.18967358924520195,129935.60209155166,123.88128698225205,130059.48337853391,1594,3,375.86046511627904,38,5,16,36.555590485172374,0.615953947368421,45.11217948717949,1019.5512820512824,26.83029689608638,0
3941,4,1,0,43,0.023255813953488372,0.0,1.0,43,1200,700,500,0.5833333333333334,17,7,10,338.94855671300934,0.41842008121077884,0.20819444207717175,0.1925816576541315,130153.54624379051,223.07133008253146,130376.61757387304,1595,0,376.74418604651163,38,5,17,36.251875894321714,0.6181469298245614,44.898504273504265,1020.4059829059819,26.852789023841627,0
3942,4,1,1,43,0.022727272727272728,0.022727272727272728,0.9772727272727273,44,1250,900,350,0.72,16,9,7,330.95689683675903,0.421324436222692,0.20687401986408838,0.18989818345792397,130535.38795976665,-159.63695759372152,130375.75100217292,1596,0,369.15909090909093,38,6,14,36.06943718417842,0.621984649122807,44.52457264957263,1021.9017094017069,26.892150247413337,0
3943,4,1,0,44,0.022727272727272728,0.0,1.0,44,1100,700,400,0.6363636363636364,15,7,8,331.8501337403663,0.4188579105003523,0.21080610506038355,0.19116437281663345,130688.2812499999,-126.21527777779272,130562.0659722221,1597,0,370.1363636363636,39,5,16,35.89208095626188,0.6217948717948718,44.37499999999999,1022.4999999999992,26.217948717948698,0
3944,4,0,1,43,0.0,0.022727272727272728,0.9772727272727273,44,1150,600,550,0.5217391304347826,17,6,11,333.33456440316263,0.41868173009161386,0.2122122631900598,0.1922842980793328,130741.54188368033,-83.86501736113235,130657.67686631919,1598,1,371.1363636363636,39,5,17,35.800315746587906,0.6223290598290598,44.32291666666666,1022.7083333333316,26.223290598290554,0
3945,4,0,0,43,0.0,0.0,1.0,43,1650,1200,450,0.7272727272727273,21,12,9,340.2952581006537,0.41627445551864156,0.2073127181826797,0.19636205580455424,130753.8343400722,298.9819608809878,131052.81630095319,1599,2,380.48837209302326,38,5,18,35.60991852083986,0.6241776315789473,44.31089743589743,1022.7564102564093,26.914642375168665,0
3946,4,0,1,42,0.0,0.023255813953488372,0.9767441860465116,43,1200,800,400,0.6666666666666666,16,8,8,342.5500535814702,0.4150747508305648,0.21115824558745544,0.1984205027349272,130901.38888888899,368.0555555555647,131269.44444444455,1600,3,381.48837209302326,39,4,18,35.40309446254071,0.6239316239316239,44.16666666666667,1023.3333333333342,26.23931623931626,0
3947,4,1,0,43,0.023255813953488372,0.0,1.0,43,1400,1200,200,0.8571428571428571,16,12,4,336.50504025222267,0.4167358803986711,0.2062410751978736,0.19642775395383114,131197.94894118936,229.75421789281407,131427.7031590822,1601,0,370.90697674418607,40,3,20,35.258365572198535,0.6252604166666667,43.877032520325216,1024.4918699187012,25.61229674796753,0
3948,4,0,0,43,0.0,0.0,1.0,43,950,600,350,0.631578947368421,13,6,7,336.79027709966067,0.4164128829826504,0.21016231792701312,0.19700133422647215,131277.2866669818,242.5827506928914,131519.8694176747,1602,1,371.90697674418607,41,2,20,35.17102291061632,0.6244918699186992,43.799603174603185,1024.8015873015888,24.99516066589241,0
3949,4,4,2,45,0.0851063829787234,0.0425531914893617,0.9574468085106383,47,1150,900,250,0.782608695652174,14,9,5,311.708834067899,0.424086493987049,0.22083985806025352,0.18689910253220957,132219.38898533926,-1157.1703160431011,131062.21866929615,1603,0,341.17021276595744,41,6,19,34.86734751294173,0.6338922764227642,42.881944444444436,1028.4722222222204,25.084688346883425,0
3950,4,0,1,44,0.0,0.022222222222222223,0.9777777777777777,45,950,500,450,0.5263157894736842,14,5,9,324.9507314495081,0.4201599326599326,0.22612338671531917,0.19383095021044994,132023.05230034702,-419.80251736113,131603.2497829859,1604,1,357.3333333333333,39,6,19,34.72405230083115,0.6351495726495726,43.07291666666666,1027.7083333333317,26.351495726495685,0
3951,4,0,0,44,0.0,0.0,1.0,44,1250,900,350,0.72,16,9,7,371.2026072992985,0.4184725158562368,0.27229543127256184,0.20661809471523326,129348.51794249393,860.5837137774286,130209.10165627135,1605,2,364.40909090909093,35,9,19,36.24855406379187,0.6157738095238094,45.688657407407405,1017.2453703703698,29.064153439153422,8
3952,4,0,1,43,0.0,0.022727272727272728,0.9772727272727273,44,1700,1300,400,0.7647058823529411,21,13,8,363.54052922389815,0.41799903100775193,0.2589085699400886,0.19305484585992128,127471.5889301481,498.2849204817952,127969.87385062988,1606,3,365.40909090909093,35,9,17,38.362583572110786,0.5967261904761905,47.540509259259245,1009.8379629629611,28.852513227513175,8
3953,4,0,0,43,0.0,0.0,1.0,43,1100,800,300,0.7272727272727273,14,8,6,370.1170736840934,0.4168050941306755,0.26971148967215886,0.19601640648141297,127362.24666950082,827.7884070294389,128190.03507653026,1607,4,374.7906976744186,34,9,17,38.30886110783503,0.5977328431372548,47.648809523809504,1009.4047619047594,29.68837535013998,0
3954,4,0,0,43,0.0,0.0,1.0,43,1400,1000,400,0.7142857142857143,18,10,8,367.07357205830476,0.4165051679586564,0.267428151543899,0.1948384254191825,127452.38803854851,756.8806689342117,128209.26870748273,1608,5,375.7906976744186,34,9,17,38.29310107679007,0.5986519607843137,47.559523809523796,1009.7619047619028,29.69887955182067,0
3955,4,0,1,42,0.0,0.023255813953488372,0.9767441860465116,43,600,300,300,0.5,9,3,6,365.5520446168138,0.41608988556662974,0.26861328269501117,0.1947545638834209,127602.69451530598,729.0851757369442,128331.77969104292,1609,6,376.7906976744186,34,9,18,38.177261301598534,0.6001838235294117,47.41071428571428,1010.3571428571416,29.716386554621813,0
3956,4,1,0,43,0.023255813953488372,0.0,1.0,43,1200,700,500,0.5833333333333334,17,7,10,368.73488596793607,0.4169435215946844,0.27883989119190833,0.19807263343587334,127933.68055555537,834.7222222221972,128768.40277777758,1610,0,377.6279069767442,34,9,21,37.757413509060946,0.6035539215686274,47.08333333333332,1011.6666666666652,29.75490196078427,0
3957,4,2,1,44,0.044444444444444446,0.022222222222222223,0.9777777777777777,45,1400,900,500,0.6428571428571429,19,9,10,350.68521203621737,0.42135942760942763,0.2779980966535005,0.19196467965219496,128687.51594387728,26.10898526074436,128713.62492913802,1611,0,361.8,34,11,19,37.44377957683134,0.6112132352941176,46.3392857142857,1014.642857142855,29.84243697478985,0
3958,4,1,0,45,0.022222222222222223,0.0,1.0,45,900,600,300,0.6666666666666666,12,6,6,353.8383578034688,0.42009680134680133,0.29397502506608375,0.1951714742816416,128989.67013888873,128.29861111109113,129117.96874999983,1612,0,362.77777777777777,34,11,20,37.05564670494942,0.6142769607843137,46.04166666666666,1015.833333333332,29.87745098039212,0
3959,4,0,0,45,0.0,0.0,1.0,45,1150,600,550,0.5217391304347826,17,6,11,350.51647952354847,0.4195917508417508,0.289093876931253,0.19394361730915383,129113.15164448276,51.25747492280533,129164.40911940557,1613,1,363.77777777777777,35,10,21,37.014221045439,0.6133928571428571,45.92013888888887,1016.3194444444422,29.037698412698347,0
3960,4,0,0,45,0.0,0.0,1.0,45,1700,1300,400,0.7647058823529411,21,13,8,353.07861419990746,0.41910774410774415,0.29012417918210787,0.1965509288819679,129352.72285997724,134.36616689498726,129487.08902687223,1614,2,364.77777777777777,34,11,21,36.705188219231516,0.617953431372549,45.6845238095238,1017.261904761904,29.919467787114826,0
3961,4,0,0,45,0.0,0.0,1.0,45,1100,800,300,0.7272727272727273,14,8,6,355.5187616518858,0.4195496632996633,0.28938525708494134,0.19882543694475321,129534.44054705215,210.38477891156197,129744.82532596371,1615,3,365.77777777777777,34,11,16,36.45821151522238,0.6197916666666667,45.50595238095238,1017.9761904761904,29.940476190476186,0
3962,4,0,0,45,0.0,0.0,1.0,45,1050,600,450,0.5714285714285714,15,6,9,352.75272486680393,0.41946548821548824,0.28692489543553457,0.19773570173726338,129625.34722222213,145.13888888888482,129770.48611111102,1616,4,366.77777777777777,34,11,17,36.43617021276597,0.6207107843137255,45.416666666666664,1018.3333333333326,29.95098039215684,0
3963,4,0,0,45,0.0,0.0,1.0,45,1300,900,400,0.6923076923076923,17,9,8,351.5749700613539,0.4188341750841751,0.28301195901990583,0.1975329624960608,129716.28578514745,120.9998582766508,129837.28564342411,1617,5,367.77777777777777,34,11,17,36.37372911066963,0.6216299019607843,45.327380952380956,1018.6904761904767,29.96148459383755,0
3964,4,0,0,45,0.0,0.0,1.0,45,2100,1700,400,0.8095238095238095,25,17,8,346.2293076454288,0.41923400673400674,0.28175062765729275,0.1953389822186606,129878.87577428417,-6.425352580586036,129872.45042170359,1618,6,368.77777777777777,35,10,17,36.344787290412924,0.6211309523809524,45.167824074074076,1019.328703703704,29.123677248677257,0
3965,4,1,0,46,0.021739130434782608,0.0,1.0,46,1700,1100,600,0.6470588235294118,23,11,12,342.35735110370643,0.42197061191626406,0.27994676131322027,0.1950640721404842,130262.5868055558,-280.72916666664275,129981.85763888915,1619,0,361.7391304347826,36,10,20,36.05442176870748,0.622974537037037,44.79166666666668,1020.8333333333353,28.356481481481538,0
3966,4,0,2,44,0.0,0.043478260869565216,0.9565217391304348,46,800,300,500,0.375,13,3,10,338.6380392307186,0.4220712560386473,0.27573790299380563,0.1933734093037882,130348.82010388772,-371.7862287963558,129977.03387509137,1620,1,362.7391304347826,36,10,20,36.06202212909868,0.6238425925925926,44.70720720720721,1021.1711711711715,28.365865865865874,0
3967,4,0,0,44,0.0,0.0,1.0,44,1150,800,350,0.6956521739130435,15,8,7,348.8642028742462,0.4224365750528541,0.28033739137605784,0.19862062008702241,130233.05047850225,286.7298686128313,130519.78034711508,1621,2,376.5681818181818,35,9,20,35.91830611936351,0.624702380952381,44.820601851851855,1020.7175925925927,29.16335978835979,0
3968,4,1,0,45,0.022222222222222223,0.0,1.0,45,1000,700,300,0.7,13,7,6,338.69826395708054,0.42403198653198654,0.27985049269452955,0.19430584616485164,130528.5644531251,-158.0370156035529,130370.52743752155,1622,0,369.1777777777778,35,10,17,35.87856778797147,0.6276785714285714,44.53125000000001,1021.8750000000008,29.196428571428594,0
3969,4,1,0,46,0.021739130434782608,0.0,1.0,46,950,700,250,0.7368421052631579,12,7,5,331.1497649437448,0.42516103059581317,0.2811247959637926,0.19121635823166175,130780.4145995661,-538.419289221618,130241.99531034447,1623,0,362.1304347826087,36,10,18,35.816910712319725,0.6281828703703703,44.28490990990993,1022.8603603603628,28.412787787787856,0
3970,4,0,1,45,0.0,0.021739130434782608,0.9782608695652174,46,1600,1300,300,0.8125,19,13,6,328.64219315220816,0.42513083735909823,0.2808246041995499,0.1907635718872016,130982.06948502586,-590.7530841652163,130391.31640086064,1624,1,363.1304347826087,36,10,18,35.67748441510816,0.6302083333333333,44.08783783783785,1023.648648648651,28.43468468468475,0
3971,4,0,0,45,0.0,0.0,1.0,45,1350,800,550,0.5925925925925926,19,8,11,339.54259740791565,0.42323232323232324,0.2851483157365515,0.1964369477150507,130854.01663237318,-113.89746227707943,130740.1191700961,1625,2,372.0888888888889,35,10,19,35.52790346907994,0.6309523809523809,44.21296296296297,1023.1481481481487,29.23280423280425,0
3972,4,0,0,45,0.0,0.0,1.0,45,1700,1400,300,0.8235294117647058,20,14,6,343.2504902277617,0.4238005050505051,0.2872849289640891,0.19958113809133513,131047.29940943376,-3.5900469375113175,131043.70936249626,1626,3,373.0888888888889,37,8,20,35.237738273720275,0.6289414414414414,44.02412280701755,1023.9035087719305,27.67306780464677,0
3973,4,0,1,44,0.0,0.022222222222222223,0.9777777777777777,45,1150,400,750,0.34782608695652173,19,4,15,345.8834472931131,0.42369528619528624,0.28582572298325726,0.20199593321917808,131215.75869498315,77.07179132041193,131292.83048630354,1627,4,374.0888888888889,37,8,21,35.00017836757991,0.6306306306306306,43.85964912280702,1024.5614035087724,27.690848743480334,0
3974,4,1,0,45,0.022222222222222223,0.0,1.0,45,1050,700,350,0.6666666666666666,14,7,7,342.9784261210774,0.4226010101010101,0.2895982459534405,0.20169004375652433,131480.6990504535,19.152920286300798,131499.85197073978,1628,0,373.1333333333333,34,11,23,34.80726446121107,0.6393995098039216,43.601190476190474,1025.5952380952378,30.164565826330524,0
3975,4,0,0,45,0.0,0.0,1.0,45,1250,900,350,0.72,16,9,7,343.2915045479142,0.42196969696969694,0.2949576988155669,0.20248031855071577,131595.1877170138,35.1019965277664,131630.28971354154,1629,1,374.1333333333333,35,10,13,34.68379864636209,0.6383928571428572,43.48958333333333,1026.0416666666658,29.315476190476165,0
3976,4,0,0,45,0.0,0.0,1.0,45,1350,900,450,0.6666666666666666,18,9,9,342.68497415132276,0.4218855218855219,0.2943078426949397,0.20227995877667293,131624.8780971365,21.173589677646362,131646.05168681414,1630,2,375.1333333333333,35,10,13,34.66943003233326,0.6386904761904761,43.46064814814815,1026.1574074074076,29.318783068783073,0
3977,4,0,0,45,0.0,0.0,1.0,45,1650,1100,550,0.6666666666666666,22,11,11,343.4677337177253,0.4218013468013468,0.28727313718859193,0.20353388549164586,131773.3802324459,51.98085455245243,131825.36108699834,1631,3,376.1333333333333,35,10,16,34.4997040919851,0.6401785714285715,43.315972222222214,1026.7361111111104,29.33531746031744,0
3978,4,0,0,45,0.0,0.0,1.0,45,1150,900,250,0.782608695652174,14,9,5,344.74529827318787,0.421506734006734,0.2883930583727745,0.20477040005865219,131862.52170138864,91.79687499996501,131954.3185763886,1632,4,377.1333333333333,35,10,17,34.37711291413116,0.6410714285714285,43.22916666666665,1027.0833333333312,29.345238095238035,0
3979,4,0,0,45,0.0,0.0,1.0,45,1450,1100,350,0.7586206896551724,18,11,7,342.3877500469132,0.4209806397306397,0.28545266362252675,0.2040684663081699,131992.67415641982,38.53494541837901,132031.2091018382,1633,5,378.1333333333333,36,9,18,34.3066210045662,0.6403356481481481,43.10247747747747,1027.5900900900892,28.544169169169145,0
3980,4,1,1,45,0.021739130434782608,0.021739130434782608,0.9782608695652174,46,1200,900,300,0.75,15,9,6,334.6076740306702,0.4227053140096619,0.2828727618076954,0.2014299564321895,132369.7931695327,-341.6102791243721,132028.18289040832,1634,0,370.89130434782606,37,9,20,34.12748623690287,0.6421734234234234,42.735745614035075,1029.0570175438577,27.812351825509666,0
3981,4,0,0,45,0.0,0.0,1.0,45,1050,800,250,0.7619047619047619,13,8,5,340.7971025883246,0.42074915824915826,0.285537069468768,0.204836995345193,132311.09487866238,18.247554987409615,132329.34243364978,1635,1,379.26666666666665,36,9,20,34.02724569468767,0.6435185185185186,42.79279279279279,1028.8288288288284,28.578578578578565,0
3982,4,0,0,45,0.0,0.0,1.0,45,1100,700,400,0.6363636363636364,15,7,8,344.17494424290356,0.4201388888888889,0.28257430938191086,0.2075083240103148,132427.78427479859,115.69358739918712,132543.47786219776,1636,2,380.26666666666665,35,10,20,33.823067768657005,0.6467261904761905,42.67939814814815,1029.2824074074078,29.408068783068796,0
3983,4,0,0,45,0.0,0.0,1.0,45,900,600,300,0.6666666666666666,12,6,6,345.1555302520572,0.42001262626262625,0.28621103117505986,0.20859399436972165,132517.14677640607,147.8052126200332,132664.9519890261,1637,3,381.26666666666665,35,10,21,33.70803357314149,0.6476190476190475,42.592592592592595,1029.62962962963,29.41798941798943,0
3984,4,0,0,45,0.0,0.0,1.0,45,700,500,200,0.7142857142857143,9,5,4,345.1555302520572,0.42005471380471376,0.28621103117505986,0.20859399436972165,132517.14677640607,147.8052126200332,132664.9519890261,1638,4,382.26666666666665,35,10,21,33.70803357314149,0.6476190476190475,42.592592592592595,1029.62962962963,29.41798941798943,0
3985,4,0,0,45,0.0,0.0,1.0,45,1200,900,300,0.75,15,9,6,327.5759981974186,0.41946548821548824,0.22219782900353668,0.19302828871788386,131559.0823086601,-380.8804581608597,131178.20185049923,1639,5,383.26666666666665,36,9,15,35.12326198316867,0.6359953703703703,43.52477477477478,1025.9009009009014,28.497247247247262,7
3986,4,0,0,45,0.0,0.0,1.0,45,1700,1400,300,0.8235294117647058,20,14,6,328.3746621741846,0.41929713804713803,0.21253261161095294,0.194086035736415,131674.6370525931,-352.277108189272,131322.35994440384,1640,6,384.26666666666665,36,9,17,34.98646770536172,0.6371527777777778,43.41216216216216,1026.3513513513512,28.509759759759756,0
3987,4,0,1,44,0.0,0.022222222222222223,0.9777777777777777,45,1050,800,250,0.7619047619047619,13,8,5,329.54224051140574,0.41919191919191917,0.21437765101652784,0.19507188730532307,131732.4334469605,-317.7197467737976,131414.7137001867,1641,7,385.26666666666665,36,9,18,34.89834722831651,0.6377314814814814,43.35585585585586,1026.5765765765768,28.516016016016025,0
3988,4,0,0,44,0.0,0.0,1.0,44,800,400,400,0.5,12,4,8,332.2690041879725,0.4180540873854827,0.22889445691271848,0.1968976844456581,131773.38023244587,-43.15803433643714,131730.22219810943,1642,8,393.75,35,9,18,34.7871575921542,0.6401785714285715,43.315972222222214,1026.7361111111102,29.335317460317434,0
3989,4,0,0,44,0.0,0.0,1.0,44,1650,1100,550,0.6666666666666666,22,11,11,332.20824439595316,0.41808712121212116,0.23195646606914178,0.19747810911011934,131892.24222232928,-36.861952374843554,131855.38026995445,1643,9,394.75,35,9,18,34.66913145539906,0.6413690476190477,43.200231481481474,1027.1990740740732,29.34854497354495,0
3990,4,0,0,44,0.0,0.0,1.0,44,1000,700,300,0.7,13,7,6,332.4985717799146,0.41808712121212116,0.23244499979515743,0.19780545061116087,131921.96609224955,-27.226937585746157,131894.7391546638,1644,10,395.75,35,9,18,34.631778578939446,0.6416666666666666,43.17129629629629,1027.314814814814,29.35185185185183,0
3991,4,1,0,45,0.022222222222222223,0.0,1.0,45,1300,1100,200,0.8461538461538461,15,11,4,326.69156256421735,0.41946548821548824,0.22828371278458826,0.1963588233938614,132311.0948786626,-355.01633390145025,131956.07854476117,1645,0,387.93333333333334,36,9,19,34.39005035026269,0.6435185185185186,42.7927927927928,1028.8288288288302,28.578578578578615,0
3992,4,0,0,45,0.0,0.0,1.0,45,1150,700,450,0.6086956521739131,16,7,9,326.69156256421735,0.41946548821548824,0.22828371278458826,0.1963588233938614,132311.0948786626,-355.01633390145025,131956.07854476117,1646,1,388.93333333333334,36,9,19,34.39005035026269,0.6435185185185186,42.7927927927928,1028.8288288288302,28.578578578578615,0
3993,4,1,1,45,0.021739130434782608,0.021739130434782608,0.9782608695652174,46,1350,1000,350,0.7407407407407407,17,10,7,319.14578684153946,0.4190016103059581,0.22540898257630082,0.19356840977251535,132652.03145438977,-732.9326090720288,131919.09884531773,1647,0,381.45652173913044,37,9,16,34.2423940039028,0.6449887387387387,42.46162280701754,1030.1535087719294,27.84198672356566,0
3994,4,0,0,45,0.0,0.0,1.0,45,1650,1400,250,0.8484848484848485,19,14,5,326.9875920560843,0.4179924242424242,0.2151865213852746,0.1982077869143145,132629.8992193208,-326.3337239266214,132303.56549539417,1648,3,390.93333333333334,36,9,17,34.062625268758424,0.6467013888888888,42.48310810810811,1030.0675675675686,28.612987987988017,0
3995,4,0,1,44,0.0,0.022222222222222223,0.9777777777777777,45,1150,800,350,0.6956521739130435,15,8,7,326.7814374091007,0.4179924242424242,0.2146674440071905,0.19823584810467193,132658.90045450858,-329.9067648729776,132328.9936896356,1649,4,391.93333333333334,36,9,17,34.03886095321381,0.6469907407407407,42.45495495495496,1030.1801801801803,28.616116116116117,0
3996,4,0,0,44,0.0,0.0,1.0,44,1200,700,500,0.5833333333333334,17,7,10,325.28900481990325,0.41647947498238197,0.2060104486358174,0.1980951604202645,132803.95418645002,-160.06678130832745,132643.8874051417,1650,5,392.6136363636364,36,8,17,33.93195309370335,0.6484375,42.31418918918919,1030.7432432432436,28.631756756756765,0
3997,4,0,1,43,0.0,0.022727272727272728,0.9772727272727273,44,1300,1000,300,0.7692307692307693,16,10,6,332.1005561509502,0.4166446441155744,0.18350722654579643,0.1908231844261948,130589.9824334321,-126.198841222863,130463.78359220923,1651,6,393.6136363636364,38,6,16,35.98502665412354,0.622532894736842,44.471153846153854,1022.1153846153859,26.89777327935226,8
3998,4,0,1,42,0.0,0.023255813953488372,0.9767441860465116,43,1400,1000,400,0.7142857142857143,18,10,8,339.16230320794136,0.41502860834256183,0.18087078911051924,0.19450175406737275,130514.55886667052,253.12367747768536,130767.6825441482,1652,7,403.09302325581393,37,6,16,35.880884036198445,0.6235923423423424,44.54495614035088,1021.8201754385965,27.616761498340445,0
3999,4,0,1,41,0.0,0.023809523809523808,0.9761904761904762,42,800,700,100,0.875,9,7,2,345.15581406379937,0.4128072977158343,0.19516670078901321,0.19753365232635495,130435.08193582096,604.0853776073318,131039.16731342829,1653,19,413.5238095238095,36,6,20,35.808253408297496,0.6247106481481481,44.622747747747745,1021.509009009009,28.37525025025025,0
4000,4,0,0,41,0.0,0.0,1.0,41,800,400,400,0.5,12,4,8,351.09326424631024,0.40995934959349595,0.20384341164961617,0.20095649482736255,130439.87509645041,959.3123070987401,131399.18740354915,1654,20,422.9512195121951,35,6,20,35.65176750509856,0.6267857142857143,44.61805555555554,1021.5277777777761,29.18650793650789,0
4001,4,0,0,41,0.0,0.0,1.0,41,1250,900,350,0.72,16,9,7,353.0571804911959,0.4103658536585366,0.203949948899262,0.20269797813636253,130558.13426997582,1018.8973551097142,131577.03162508554,1655,21,423.9512195121951,35,6,17,35.48178557946393,0.6279761904761905,44.5023148148148,1021.9907407407394,29.19973544973541,0
4002,4,0,0,41,0.0,0.0,1.0,41,850,700,150,0.8235294117647058,10,7,3,354.10549774082256,0.41011178861788616,0.2053685603099944,0.20345514967789197,130587.70743580657,1048.3650280778252,131636.0724638844,1656,22,424.9512195121951,35,6,17,35.42504152040161,0.6282738095238095,44.47337962962962,1022.10648148148,29.203042328042287,0
4003,4,0,0,41,0.0,0.0,1.0,41,1350,1100,250,0.8148148148148148,16,11,5,350.87792069885245,0.41041666666666665,0.1987978739257863,0.20268359889780743,130794.81336805534,978.602430555531,131773.41579861086,1657,23,425.9512195121951,35,6,17,35.29786150712831,0.6303571428571428,44.27083333333332,1022.9166666666649,29.226190476190425,0
4004,4,0,0,41,0.0,0.0,1.0,41,800,500,300,0.625,11,5,6,349.8556541742794,0.410010162601626,0.1981281219216946,0.20262194579233123,130895.6269402849,958.9150383491616,131854.54197863405,1658,24,426.9512195121951,36,5,17,35.2220204688016,0.6293402777777778,44.1722972972973,1023.310810810811,28.425300300300304,0
4005,4,0,0,41,0.0,0.0,1.0,41,900,700,200,0.7777777777777778,11,7,4,349.5154925576657,0.40947662601626017,0.19884174422765977,0.20307567853210476,131019.23338190591,958.6503780009151,131977.88375990684,1659,25,427.9512195121951,37,4,18,35.10573970939987,0.6286599099099099,44.051535087719294,1023.7938596491223,27.670104314841144,0
4006,4,0,0,41,0.0,0.0,1.0,41,1550,1200,350,0.7741935483870968,19,12,7,330.96059998627845,0.40879065040650403,0.09771894351067867,0.1825011308495766,128978.53185595582,384.3270285087907,129362.85888446461,1660,26,428.9512195121951,37,4,17,37.64797423719057,0.6081081081081081,46.05263157894738,1015.7894736842117,27.453769559032747,8
4007,4,1,1,41,0.023809523809523808,0.023809523809523808,0.9761904761904762,42,950,700,250,0.7368421052631579,12,7,5,326.8428695007414,0.41173054587688734,0.10031012404962003,0.18174907229246842,129310.02995105562,52.81224888596921,129362.84219994159,1661,0,419.7142857142857,38,4,18,37.41574754901961,0.6096491228070176,45.72649572649573,1017.0940170940173,26.76563202878993,0
4008,4,3,1,43,0.06818181818181818,0.022727272727272728,0.9772727272727273,44,1300,1100,200,0.8461538461538461,15,11,4,315.83280143811544,0.41869274136715995,0.12879240838882122,0.17875815918959329,130003.35784131472,-588.1350593231522,129415.22278199157,1662,0,400.25,40,4,17,36.993439627968776,0.61328125,45.045731707317074,1019.817073170732,25.4954268292683,0
4009,4,1,0,44,0.022727272727272728,0.0,1.0,44,1800,1400,400,0.7777777777777778,22,14,8,319.1887863881178,0.417514534883721,0.130571475133769,0.1813794343023823,130158.86423631782,-490.95001735077255,129667.91421896705,1663,0,401.22727272727275,40,4,19,36.75057265212626,0.61484375,44.893292682926834,1020.4268292682939,25.510670731707346,0
4010,4,0,0,44,0.0,0.0,1.0,44,800,600,200,0.75,10,6,4,314.03581840899614,0.41813116631430586,0.12532467532467528,0.17892738490745144,130262.58680555565,-618.5763888888789,129644.01041666677,1664,1,402.22727272727275,40,4,19,36.777210884353735,0.6158854166666667,44.79166666666667,1020.8333333333342,25.520833333333353,0
4011,4,0,0,44,0.0,0.0,1.0,44,1700,1200,500,0.7058823529411765,22,12,10,315.8896096923892,0.41837341437632136,0.12636237009433637,0.1807061165064433,130418.24811826645,-560.4461010311148,129857.80201723533,1665,2,403.22727272727275,40,4,19,36.57264617119358,0.6174479166666667,44.63922764227643,1021.443089430896,25.5360772357724,0
4012,4,0,0,44,0.0,0.0,1.0,44,950,700,250,0.7368421052631579,12,7,5,318.3251120597687,0.41810914376321356,0.13041561542009195,0.18234315393372397,130470.15587819758,-493.6146019234492,129976.54127627413,1666,3,404.22727272727275,40,4,19,36.4580224808515,0.61796875,44.588414634146346,1021.6463414634153,25.54115853658538,0
4013,4,0,0,44,0.0,0.0,1.0,44,1150,1000,150,0.8695652173913043,13,10,3,318.11180181789916,0.41840644820295986,0.1232171586615809,0.18283248586768178,130599.97046235719,-490.9216157710225,130109.04884658617,1667,4,405.22727272727275,40,4,13,36.332397096838335,0.6192708333333333,44.461382113821145,1022.1544715447164,25.553861788617912,0
4014,4,1,0,45,0.022222222222222223,0.0,1.0,45,850,400,450,0.47058823529411764,13,4,9,314.35888277865615,0.4201178451178451,0.13737373737373693,0.18242716268336198,130972.46334876546,-765.5285493827181,130206.93479938274,1668,0,397.2,41,4,15,36.052691090004515,0.6214430894308943,44.09722222222222,1023.6111111111114,24.96612466124662,0
4015,4,0,2,43,0.0,0.044444444444444446,0.9555555555555556,45,1650,1300,350,0.7878787878787878,20,13,7,317.6696351623096,0.4198653198653199,0.13779284369114841,0.18520265291083265,131150.23389274688,-667.5106095679089,130482.72328317897,1669,1,398.2,41,4,16,35.78884180790959,0.6232215447154472,43.92361111111111,1024.3055555555552,24.983062330623298,0
4016,4,0,0,43,0.0,0.0,1.0,43,1200,700,500,0.5833333333333334,17,7,10,334.9430093809363,0.4141519010705057,0.14496897173611512,0.19428276329262578,130954.69292534728,172.471788194449,131127.16471354172,1670,2,417.3953488372093,39,4,16,35.54388018183052,0.624465811965812,44.114583333333336,1023.5416666666671,26.24465811965813,0
4017,4,0,1,42,0.0,0.023255813953488372,0.9767441860465116,43,1350,1100,250,0.8148148148148148,16,11,5,332.148028291075,0.4132751937984496,0.1450981134217646,0.19346442027001487,131114.67013888896,109.8958333333378,131224.5659722223,1671,3,418.3953488372093,39,4,17,35.45395985896393,0.6260683760683761,43.958333333333336,1024.1666666666672,26.260683760683776,0
4018,4,0,0,42,0.0,0.0,1.0,42,1400,1100,300,0.7857142857142857,17,11,6,338.46410054834314,0.412033004258614,0.1602429391161786,0.19697500933551093,131081.84633875726,473.29984385270944,131555.14618260995,1672,4,427.95238095238096,38,4,17,35.325378195096484,0.627467105263158,43.990384615384606,1024.0384615384603,26.948380566801585,0
4019,4,0,0,42,0.0,0.0,1.0,42,1050,500,550,0.47619047619047616,16,5,11,338.74382315837136,0.4117910375532327,0.16356791827051098,0.19771783387315028,131194.6953667534,488.27853732637897,131682.9739040798,1673,5,428.95238095238096,39,3,17,35.2043085917641,0.6268696581196581,43.88020833333333,1024.479166666666,26.268696581196565,0
4020,4,1,0,43,0.023255813953488372,0.0,1.0,43,700,600,100,0.8571428571428571,8,6,2,332.881058493879,0.41311369509043927,0.17313119030721147,0.19595285362352702,131519.83486969426,156.22800255332788,131676.0628722476,1674,0,419.95348837209303,38,5,18,35.02673332638962,0.6318530701754386,43.563034188034166,1025.74786324786,26.993364822312106,0
4021,4,0,0,43,0.0,0.0,1.0,43,1150,800,350,0.6956521739130435,15,8,7,359.8608293913271,0.41304448135843486,0.16608638161053602,0.19663747978140395,128616.79945993001,674.1365187701812,129290.93597870019,1675,1,420.95348837209303,37,6,15,37.28324415378518,0.6044481981981982,46.40899122807018,1014.3640350877197,27.415244191559992,8
4022,4,0,0,43,0.0,0.0,1.0,43,950,700,250,0.7368421052631579,12,7,5,358.99972009814974,0.412375415282392,0.15691832196298683,0.1967165428957001,128728.04763244458,642.6666137657733,129370.71424621035,1676,2,421.95348837209303,37,6,16,37.191495587970465,0.6055743243243243,46.29934210526316,1014.8026315789472,27.427098150782356,0
4023,4,0,0,43,0.0,0.0,1.0,43,1400,1000,400,0.7142857142857143,18,10,8,373.1251927412815,0.41251384274640085,0.09765156929584262,0.20222692334764286,128291.05748724689,1104.255057096721,129395.3125443436,1677,3,422.95348837209303,35,8,17,37.280194409535774,0.6050595238095238,46.73032407407406,1013.0787037037021,28.945105820105773,8
4024,4,2,0,45,0.044444444444444446,0.0,1.0,45,1150,700,450,0.6086956521739131,16,7,9,362.92920615318565,0.41750841750841755,0.13100172711571711,0.20012953367875636,128978.53185595544,362.01523545703714,129340.54709141247,1678,0,405.1111111111111,37,8,17,36.83613989637305,0.6081081081081081,46.052631578947356,1015.7894736842086,27.453769559032665,0
4025,4,0,1,44,0.0,0.022222222222222223,0.9777777777777777,45,1050,700,350,0.6666666666666666,14,7,7,363.2873180242106,0.4167929292929293,0.12962123664616376,0.20075036232142823,129062.08070031133,377.32343124804083,129439.40413155936,1679,1,406.1111111111111,37,8,17,36.741821337361955,0.6089527027027026,45.97039473684209,1016.1184210526291,27.462660028449434,0
4026,4,1,0,45,0.022222222222222223,0.0,1.0,45,2100,1600,500,0.7619047619047619,26,16,10,360.3984201195028,0.417739898989899,0.1279557137208387,0.19999847694602887,129229.25954380159,314.80419455982644,129544.06373836141,1680,0,406.97777777777776,37,8,18,36.64480660699523,0.6106418918918919,45.80592105263156,1016.7763157894708,27.480440967282995,0
4027,4,0,0,45,0.0,0.0,1.0,45,1250,1000,250,0.8,15,10,5,363.28117348755154,0.417739898989899,0.12885774183887455,0.20188333637489703,129285.0098708253,393.3620200445948,129678.3718908699,1681,1,407.97777777777776,37,8,18,36.5147124887691,0.611204954954955,45.751096491228054,1016.995614035085,27.48636794689419,0
4028,4,1,0,46,0.021739130434782608,0.0,1.0,46,1150,600,550,0.5217391304347826,17,6,11,356.40972766777736,0.422091384863124,0.13996332719079008,0.19984103083113214,129636.227080137,40.722477901928414,129676.94955803893,1682,0,400.0869565217391,38,8,17,36.3320044761505,0.6129385964912281,45.40598290598289,1018.3760683760656,26.79937022042278,0
4029,4,0,1,45,0.0,0.021739130434782608,0.9782608695652174,46,1550,1100,450,0.7096774193548387,20,11,9,356.2597194114447,0.4217089371980676,0.12793474842408958,0.20073015141558018,129826.69850107758,50.40463602163021,129877.10313709921,1683,1,401.0869565217391,38,8,17,36.14219694587133,0.6148574561403508,45.2190170940171,1019.1239316239322,26.81905083220874,0
4030,4,0,0,45,0.0,0.0,1.0,45,1150,700,450,0.6086956521739131,16,7,9,366.14794972475727,0.41948653198653196,0.12897183197036433,0.20615815492767017,129799.47973738032,505.16267623639067,130304.6424136167,1684,2,410.93333333333334,38,7,17,35.917951003005534,0.6145833333333333,45.245726495726494,1019.0170940170935,26.816239316239304,0
4031,4,0,0,45,0.0,0.0,1.0,45,1050,700,350,0.6666666666666666,14,7,7,341.5007612988214,0.4199915824915825,0.16091702059642876,0.18587726000895607,128461.13281250026,-216.3115971308805,128244.82121536937,1685,3,411.93333333333334,39,6,15,37.90759008083301,0.5993589743589743,46.562500000000014,1013.750000000002,25.993589743589798,8
4032,4,0,0,45,0.0,0.0,1.0,45,1250,800,450,0.64,17,8,9,346.0976271819548,0.41984427609427605,0.16145637162586324,0.18875408406814198,128540.34423828151,-102.49837239580467,128437.84586588571,1686,4,412.93333333333334,39,6,15,37.71025937339498,0.6001602564102564,46.484375000000014,1014.062500000002,26.001602564102615,0
4033,4,2,1,46,0.0425531914893617,0.02127659574468085,0.9787234042553191,47,1200,700,500,0.5833333333333334,17,7,10,337.7898370888232,0.42402867715078635,0.17394991570110108,0.1867370596494724,129078.27546609286,-679.7340717204415,128398.54139437243,1687,0,396.3191489361702,42,5,18,37.37305711833698,0.6009424603174602,45.95445736434109,1016.1821705426363,24.194813584348484,0
4034,4,3,2,47,0.061224489795918366,0.04081632653061224,0.9591836734693877,49,1000,700,300,0.7,13,7,6,312.73463819075624,0.43204365079365076,0.15531139522259507,0.17310151028933185,129127.51379311625,-1698.44782840576,127429.06596471049,1688,0,378.9591836734694,42,7,18,37.95960847872375,0.6014384920634921,45.90600775193798,1016.3759689922468,24.199427833148736,7
4035,4,0,1,46,0.0,0.02127659574468085,0.9787234042553191,47,1450,1100,350,0.7586206896551724,18,11,7,326.9898000000001,0.42609081097748996,0.15600425531914897,0.18085719026548666,129098.08976138533,-957.248289708516,128140.84147167682,1689,1,395.93617021276594,40,7,18,37.62729166666666,0.6041666666666667,45.93495934959349,1016.2601626016253,25.406504065040632,0
4036,4,1,1,46,0.02127659574468085,0.02127659574468085,0.9787234042553191,47,1250,1100,150,0.88,14,11,3,322.76051661750967,0.4285191181005242,0.16827833194277741,0.17982897694256778,129386.78521050328,-1047.7282496184073,128339.05696088487,1690,0,394.29787234042556,39,8,19,37.44166154738746,0.6087072649572649,45.65104166666666,1017.3958333333318,26.087072649572608,0
4037,4,1,1,46,0.02127659574468085,0.02127659574468085,0.9787234042553191,47,1150,800,350,0.6956521739130435,15,8,7,321.57933390934096,0.4306197964847363,0.16443032090022736,0.18057084951111047,129692.6239031825,-1058.7064784519932,128633.9174247305,1691,0,372.4255319148936,40,7,16,37.161611626592176,0.61015625,45.350609756097555,1018.5975609756086,25.464939024390215,0
4038,4,0,0,46,0.0,0.0,1.0,46,1650,1300,350,0.7878787878787878,20,13,7,325.88547263104863,0.42837157809983895,0.1533927270203681,0.1831096400030061,129718.50419723704,-745.3247901381544,128973.17940709888,1692,1,381.5,40,6,16,37.02572160148975,0.6104166666666666,45.325203252032516,1018.6991869918694,25.467479674796735,0
4039,4,1,1,46,0.02127659574468085,0.02127659574468085,0.9787234042553191,47,1150,1000,150,0.8695652173913043,13,10,3,322.0607328207427,0.4294441874807277,0.16566157925370284,0.18268617430693843,130089.53788834794,-1020.6536190733839,129068.88426927455,1693,0,374.36170212765956,42,5,17,36.74744332573455,0.6111111111111112,44.961240310077514,1020.1550387596891,24.289405684754502,0
4040,4,2,0,48,0.041666666666666664,0.0,1.0,48,1700,1300,400,0.7647058823529411,21,13,8,320.1058043107382,0.4292442375886525,0.19411993769470404,0.18397852455756616,130599.9704623572,-1238.493219791212,129361.47724256599,1694,0,367.4166666666667,40,8,16,36.28144263273017,0.6192708333333333,44.461382113821145,1022.1544715447166,25.553861788617915,0
4041,4,0,2,46,0.0,0.041666666666666664,0.9583333333333334,48,1350,1200,150,0.8888888888888888,15,12,3,322.3394295358893,0.42936428782505914,0.20255101195799785,0.18588548306129843,130729.84959556168,-1172.1229716107946,129557.72662395089,1695,1,368.4166666666667,40,8,17,36.093237603100455,0.6205729166666667,44.33434959349594,1022.6626016260177,25.566565040650442,0
4042,4,0,0,46,0.0,0.0,1.0,46,950,700,250,0.7368421052631579,12,7,5,329.6828516523646,0.43054549114331725,0.184864534528417,0.19017780478983076,130741.54188368077,-579.3511284721981,130162.19075520856,1696,2,345.7608695652174,39,7,17,35.89368167311741,0.6223290598290598,44.32291666666668,1022.7083333333351,26.223290598290642,0
4043,4,0,0,46,0.0,0.0,1.0,46,1250,900,350,0.72,16,9,7,335.06751679210436,0.4298913043478261,0.19102240084274236,0.19395216366817006,130874.74093967033,-429.6251085069237,130445.1158311634,1697,3,346.7608695652174,39,7,17,35.62143693372697,0.6236645299145299,44.19270833333334,1023.2291666666682,26.23664529914534,0
4044,4,0,1,45,0.0,0.021739130434782608,0.9782608695652174,46,1500,1000,500,0.6666666666666666,20,10,10,335.36824452003,0.4305555555555556,0.19384489302967522,0.19563147597001773,131171.92147531244,-401.8205929010438,130770.1008824114,1698,4,347.7608695652174,40,6,18,35.31374007936506,0.625,43.90243902439025,1024.3902439024398,25.609756097560997,0
4045,4,0,0,45,0.0,0.0,1.0,45,1600,1200,400,0.75,20,12,8,339.97338930444715,0.4310185185185185,0.19689527901724224,0.198991969305592,131302.08462431422,-72.15705350651365,131229.9275708077,1699,5,349.0,40,5,18,35.06445215666832,0.6263020833333333,43.77540650406504,1024.8983739837397,25.62245934959349,0
4046,4,0,1,44,0.0,0.022222222222222223,0.9777777777777777,45,1450,900,550,0.6206896551724138,20,9,11,341.2506691796613,0.43120791245791246,0.20110428169601002,0.20059186610260676,131465.0463533676,-27.48782771203662,131437.55852565556,1700,6,350.0,38,7,19,34.86734729312082,0.6313048245614035,43.61645299145299,1025.5341880341875,26.987741790373356,0
4047,4,0,0,44,0.0,0.0,1.0,44,850,400,450,0.47058823529411764,13,4,9,346.7923518933999,0.4306840204369274,0.1991612727661478,0.20401859494407937,131496.76462950135,320.4144544475212,131817.17908394887,1701,7,357.3181818181818,37,7,20,34.69326847694391,0.6334459459459459,43.58552631578947,1025.6578947368419,27.720483641536266,0
4048,4,0,0,44,0.0,0.0,1.0,44,1500,1300,200,0.8666666666666667,17,13,4,347.5747240421295,0.4304307610993658,0.20184743404049876,0.2048962599740067,131574.6348002958,346.4034763313509,131921.03827662717,1702,8,358.3181818181818,38,6,17,34.59465791940019,0.6324013157894737,43.50961538461538,1025.9615384615379,26.998987854251,0
4049,4,0,0,44,0.0,0.0,1.0,44,1300,1000,300,0.7692307692307693,16,10,6,346.49396397204356,0.4307060429880197,0.19892279731929885,0.20440589864788114,131602.03904594918,319.8624351669087,131921.90148111607,1703,9,359.3181818181818,38,6,17,34.594743509648765,0.6326754385964912,43.482905982905976,1026.068376068375,27.001799370220397,0
4050,4,1,0,45,0.022222222222222223,0.0,1.0,45,1000,600,400,0.6,14,6,8,344.5017894911893,0.43129208754208753,0.21281332026541455,0.20505860891681313,131942.77479383664,90.90440538192613,132033.67919921858,1704,0,352.31111111111113,39,6,18,34.30254908918854,0.6343482905982907,43.15104166666666,1027.395833333332,26.34348290598287,0
4051,4,0,1,44,0.0,0.022222222222222223,0.9777777777777777,45,1500,1100,400,0.7333333333333333,19,11,8,344.96866542700934,0.4311026936026936,0.21191730847182866,0.20606239651535868,132076.5842013888,112.45659722221231,132189.040798611,1705,1,353.31111111111113,39,6,18,34.155857316578846,0.6356837606837606,43.02083333333333,1027.9166666666658,26.356837606837587,0
4052,4,0,0,44,0.0,0.0,1.0,44,2250,1700,550,0.7555555555555555,28,17,11,347.21553784474844,0.4307500880902044,0.1590320242786616,0.19652046938928636,130003.35784131456,235.17223234349893,130238.53007365805,1706,2,360.47727272727275,40,4,16,36.19332336821126,0.61328125,45.04573170731707,1019.8170731707306,25.495426829268265,8
4053,4,0,0,44,0.0,0.0,1.0,44,1200,700,500,0.5833333333333334,17,7,10,353.20170866819814,0.43005637773079636,0.1652293777331122,0.20070732069821032,130158.86423631763,394.4666493158771,130553.3308856335,1707,3,361.47727272727275,40,4,16,35.88288019121602,0.61484375,44.89329268292683,1020.4268292682923,25.510670731707307,0
4054,4,0,0,44,0.0,0.0,1.0,44,1400,900,500,0.6428571428571429,19,9,10,351.44296157990664,0.43029862579281186,0.15994416723859706,0.2005147793600839,130315.76063368046,359.75268291649,130675.51331659695,1708,4,362.47727272727275,39,5,16,35.76863565258791,0.6180555555555556,44.73958333333333,1021.0416666666658,26.180555555555536,0
4055,4,0,0,44,0.0,0.0,1.0,44,1150,800,350,0.6956521739130435,15,8,7,352.8501886215255,0.4302215468639887,0.1618350546047873,0.20186983370027312,130422.14084201398,403.8953993055648,130826.03624131954,1709,5,363.47727272727275,39,5,16,35.62487252702428,0.6191239316239316,44.63541666666667,1021.458333333334,26.191239316239336,0
4056,4,0,0,44,0.0,0.0,1.0,44,1250,1000,250,0.8,15,10,5,361.4915135475976,0.43062896405919665,0.17495821935074263,0.19741126569898834,128593.16541883702,503.33930121530244,129096.50472005231,1710,6,364.47727272727275,39,5,16,37.26603419944543,0.6006944444444444,46.43229166666668,1014.2708333333351,26.00694444444449,8
4057,4,0,0,44,0.0,0.0,1.0,44,1700,1200,500,0.7058823529411765,22,12,10,358.0941405823128,0.4302325581395349,0.17044988249337822,0.19699219426616196,128883.87586805578,430.5121527777984,129314.38802083358,1711,7,365.47727272727275,39,5,17,37.05546436875939,0.6036324786324787,46.14583333333334,1015.4166666666684,26.036324786324833,0
4058,4,1,1,44,0.022222222222222223,0.022222222222222223,0.9777777777777777,45,1200,1000,200,0.8333333333333334,14,10,4,352.0538892456277,0.43247053872053876,0.17423361583899544,0.19549877000232685,129255.70371283508,101.77588985681658,129357.47960269189,1712,0,358.3333333333333,38,7,20,36.82999754850459,0.6091008771929824,45.77991452991453,1016.8803418803415,26.76000899685109,0
4059,4,0,0,44,0.0,0.0,1.0,44,1150,700,450,0.6086956521739131,16,7,9,354.33367978518487,0.43056289640591966,0.1796005958121285,0.1971718857530534,129337.19735051865,365.7050140623834,129702.90236458104,1713,1,366.34090909090907,38,6,20,36.68907327661661,0.6099232456140351,45.699786324786324,1017.2008547008545,26.76844354475933,0
4060,4,0,1,43,0.0,0.022727272727272728,0.9772727272727273,44,1250,1000,250,0.8,15,10,5,356.0508607689558,0.43062896405919665,0.18203767678888383,0.19881245601905456,129473.07715136235,419.8001132295915,129892.87726459194,1714,2,367.34090909090907,38,6,16,36.50710336622576,0.6112938596491229,45.56623931623931,1017.7350427350423,26.782501124606377,0
4061,4,0,1,42,0.0,0.023255813953488372,0.9767441860465116,43,1550,1100,450,0.7096774193548387,20,11,9,354.5975752196988,0.430094130675526,0.18852505007086795,0.1989628419405175,129663.42872242328,595.6674839287217,130259.096206352,1715,3,374.48837209302326,38,5,16,36.350484282667246,0.6132127192982456,45.37927350427351,1018.4829059829073,26.802181736392296,0
4062,4,1,0,43,0.023255813953488372,0.0,1.0,43,1550,1300,250,0.8387096774193549,18,13,5,357.788367339374,0.42930970837947585,0.1892747248460256,0.20145132512886382,129799.4797373805,688.1487873475169,130487.62852472802,1716,0,375.3953488372093,38,5,17,36.130914936744254,0.6145833333333333,45.2457264957265,1019.017094017095,26.816239316239344,0
4063,4,0,0,43,0.0,0.0,1.0,43,900,500,400,0.5555555555555556,13,5,8,355.6340903860004,0.42914820967146544,0.1870603890754703,0.20079647872563397,129908.37191358021,639.9691358024636,130548.34104938267,1717,1,376.3953488372093,38,5,18,36.075158946412344,0.6156798245614035,45.138888888888886,1019.4444444444441,26.82748538011695,0
4064,4,0,0,43,0.0,0.0,1.0,43,1350,900,450,0.6666666666666666,18,9,9,356.10855322873533,0.42870985603543743,0.19055131580197893,0.2012465657622899,129943.77170138885,654.8177083333294,130598.58940972218,1718,2,377.3953488372093,39,4,18,36.02710802343004,0.6143162393162394,45.104166666666664,1019.5833333333329,26.14316239316238,0
4065,4,0,0,43,0.0,0.0,1.0,43,1800,1500,300,0.8333333333333334,21,15,6,355.1084285306265,0.428640642303433,0.19484729244191934,0.201365190538531,130076.56385633702,638.2568359375192,130714.82069227453,1719,3,378.3953488372093,39,4,18,35.91776864426972,0.6156517094017093,44.97395833333334,1020.1041666666683,26.156517094017136,0
4066,4,0,0,43,0.0,0.0,1.0,43,1400,1100,300,0.7857142857142857,17,11,6,352.6478620812932,0.4282715023994094,0.1908662464237807,0.20024265559920407,130129.6997070314,577.9920789930713,130707.69178602447,1720,4,379.3953488372093,39,4,18,35.92659945550451,0.6161858974358974,44.92187500000001,1020.3125000000011,26.161858974359003,0
4067,4,0,0,43,0.0,0.0,1.0,43,900,600,300,0.6666666666666666,12,6,6,343.5010301163448,0.4274640088593577,0.2023302418791071,0.18753502628890176,128582.21379469907,258.71680952663047,128840.9306042257,1721,5,380.3953488372093,40,3,16,37.73338343353373,0.5989583333333333,46.44308943089432,1014.2276422764239,25.355691056910597,8
4068,4,1,0,44,0.022727272727272728,0.0,1.0,44,1350,900,450,0.6666666666666666,18,9,9,340.2007257266157,0.42950581395348836,0.2102039547319987,0.18698250413996692,128848.62075617285,-33.12114197530559,128815.49961419754,1722,0,372.72727272727275,41,3,17,37.545599635202926,0.6001016260162602,46.18055555555556,1015.2777777777778,24.76287262872629,0
4069,4,3,2,45,0.06382978723404255,0.0425531914893617,0.9574468085106383,47,1000,500,500,0.5,15,5,10,329.270217959989,0.435013876040703,0.22585021341389355,0.18443344617929452,129595.74619914661,-864.6315742910781,128731.11462485553,1723,0,349.8723404255319,42,5,15,37.06402264940996,0.6061507936507937,45.445736434108525,1018.2170542635654,24.243263196751556,0
4070,4,0,0,45,0.0,0.0,1.0,45,1650,1100,550,0.6666666666666666,22,11,11,349.1304886622299,0.4309343434343434,0.23084842030528896,0.19513900527013914,129511.5341397316,43.28504031990525,129554.8191800515,1724,1,366.4222222222222,40,5,17,36.64407780883918,0.6083333333333334,45.52845528455284,1017.8861788617883,25.447154471544707,0
4071,4,0,0,45,0.0,0.0,1.0,45,1600,1200,400,0.75,20,12,8,349.6306822788889,0.4305765993265993,0.2360476915271439,0.19633107543352973,129694.42942130867,69.0303692686565,129763.45979057733,1725,2,367.4222222222222,42,3,17,36.44545123033991,0.6071428571428572,45.34883720930232,1018.6046511627894,24.25249169435213,0
4072,4,3,1,47,0.0625,0.020833333333333332,0.9791666666666666,48,1150,800,350,0.6956521739130435,15,8,7,340.3642466151369,0.43466496749408984,0.2588545810129945,0.19535975250923598,130548.03688280775,-707.0143755879969,129841.02250721975,1726,0,345.3958333333333,40,8,15,35.81630369928401,0.61875,44.512195121951216,1021.9512195121943,25.548780487804855,0
4073,4,0,0,47,0.0,0.0,1.0,47,1500,800,700,0.5333333333333333,22,8,14,340.70776191893947,0.4343008017267962,0.2511048724398588,0.195688061771489,130574.0023816015,-502.4847767532598,130071.51760484824,1727,1,348.0,40,7,16,35.7812551788141,0.6190104166666667,44.48678861788618,1022.0528455284549,25.55132113821137,0
4074,4,0,0,47,0.0,0.0,1.0,47,1400,1100,300,0.7857142857142857,17,11,6,337.2332019431757,0.4332022818378045,0.2531585089469943,0.19460521469931893,130755.83316808785,-580.9583415956038,130174.87482649225,1728,2,349.0,40,7,16,35.68619170641229,0.6208333333333333,44.3089430894309,1022.764227642277,25.569105691056926,0
4075,4,0,0,47,0.0,0.0,1.0,47,1200,800,400,0.6666666666666666,16,8,8,335.3065266635821,0.43306737588652483,0.24586429302022816,0.19401529370396245,130859.79327781092,-624.371447220562,130235.42183059036,1729,3,350.0,40,7,16,35.630421467355326,0.621875,44.207317073170735,1023.1707317073178,25.579268292682947,0
4076,4,1,0,48,0.020833333333333332,0.0,1.0,48,1600,1200,400,0.75,20,12,8,331.48589922126666,0.43320589539007087,0.247837593596695,0.1936417628482602,131226.45817586294,-900.0559019904281,130326.4022738725,1730,0,343.6875,41,7,17,35.35816873224889,0.6239837398373984,43.84920634920635,1024.6031746031745,24.99032133178474,0
4077,4,0,1,47,0.0,0.020833333333333332,0.9791666666666666,48,950,400,550,0.42105263157894735,15,4,11,330.441481721645,0.4324117169030733,0.24574624217792396,0.19380149103924377,131378.97317491804,-917.387487402375,130461.58568751566,1731,1,344.6875,41,7,17,35.231194761628295,0.6255081300813008,43.70039682539682,1025.198412698412,25.00483933410761,0
4078,4,0,0,47,0.0,0.0,1.0,47,1650,1200,450,0.7272727272727273,21,12,9,335.707318356566,0.4306776133209991,0.25392306345862226,0.1970303161663405,131406.26161882805,-577.1912593363779,130829.07035949167,1732,2,352.82978723404256,40,7,19,35.06872171011332,0.62734375,43.673780487804876,1025.3048780487804,25.632621951219512,0
4079,4,0,1,46,0.0,0.02127659574468085,0.9787234042553191,47,1950,1500,450,0.7692307692307693,24,15,9,332.9030374881861,0.4297139993832871,0.2314469108019639,0.1822206099935335,128685.30636525882,-804.755044120561,127880.55132113825,1733,3,353.82978723404256,40,7,16,37.897093683226494,0.6,46.34146341463415,1014.6341463414637,25.365853658536594,8
4080,4,0,0,46,0.0,0.0,1.0,46,1100,700,400,0.6363636363636364,15,7,8,336.0045270183253,0.42896537842190013,0.2322656753321377,0.18439633054170498,128788.44024720737,-545.3002098618499,128243.14003734553,1734,4,353.5652173913044,40,6,16,37.71338105726873,0.6010416666666667,46.239837398373986,1015.0406504065043,25.376016260162608,0
4081,4,1,0,47,0.02127659574468085,0.0,1.0,47,1450,1000,450,0.6896551724137931,19,10,9,333.154638424814,0.43114014801110084,0.23864997105494812,0.18429977214304655,129105.1315713958,-797.6053145087217,128307.52625688708,1735,0,347.02127659574467,43,4,17,37.463504783202886,0.5998062015503876,45.928030303030305,1016.287878787879,23.634601832276257,0
4082,4,0,1,46,0.0,0.02127659574468085,0.9787234042553191,47,1400,1100,300,0.7857142857142857,17,11,6,331.7607289508856,0.4308703361085415,0.23380721190303988,0.18447105680389778,129307.31336805546,-820.0388114095549,128487.2745566459,1736,1,348.02127659574467,39,8,17,37.29345896490511,0.607905982905983,45.729166666666664,1017.0833333333326,26.07905982905981,0
4083,4,2,0,48,0.041666666666666664,0.0,1.0,48,1500,1100,400,0.7333333333333333,19,11,8,328.68231103457646,0.4321439125295508,0.2556429236034954,0.1855381126611052,129899.73855054878,-1060.8507460836647,128838.8878044651,1737,0,340.8333333333333,40,8,18,36.770802179908955,0.6122395833333334,45.147357723577244,1019.4105691056924,25.48526422764231,0
4084,4,0,0,48,0.0,0.0,1.0,48,1550,1000,550,0.6451612903225806,21,10,11,330.39058629882584,0.4313312647754137,0.2631750624007263,0.187391417479913,130085.41907793196,-1004.2004243827267,129081.21865354924,1738,1,341.8333333333333,41,7,18,36.53917063762198,0.6125508130081301,44.96527777777777,1020.1388888888878,24.881436314363118,0
4085,4,0,0,48,0.0,0.0,1.0,48,1800,1400,400,0.7777777777777778,22,14,8,348.19888342945114,0.4314420803782506,0.23766053287329858,0.18631318716425088,127776.88108436989,-701.6465356649323,127075.23454870496,1739,2,342.8333333333333,42,6,12,38.43724043192129,0.5877976190476191,47.23837209302325,1011.0465116279066,24.072535991140633,8
4086,4,2,0,50,0.04,0.0,1.0,50,1750,1200,550,0.6857142857142857,23,12,11,338.04180601037274,0.43463435374149656,0.24495585874799342,0.18313047403866273,128273.18395135163,-1325.5476184290578,126947.63633292257,1740,0,330.08,40,10,15,38.18699003477795,0.5958333333333333,46.74796747967479,1013.0081300813002,25.325203252032505,0
4087,4,0,0,50,0.0,0.0,1.0,50,800,500,300,0.625,11,5,6,336.280735678834,0.4343112244897959,0.2413517849979947,0.18264659565301367,128376.15258774527,-1365.9145928349626,127010.2379949103,1741,1,331.08,40,10,11,38.12654599545394,0.596875,46.64634146341463,1013.4146341463404,25.33536585365851,0
4088,4,0,0,50,0.0,0.0,1.0,50,950,500,450,0.5263157894736842,14,5,9,337.7162414939763,0.4342772108843537,0.24514136755564486,0.18366312937082435,128427.65239771295,-1325.5791856699104,127102.07321204305,1742,2,332.08,40,10,11,38.037647884499705,0.5973958333333333,46.59552845528455,1013.6178861788615,25.340447154471537,0
4089,4,2,1,51,0.038461538461538464,0.019230769230769232,0.9807692307692307,52,1550,1200,350,0.7741935483870968,19,12,7,320.48137478676074,0.438961161387632,0.229936142841644,0.16902753061282633,127194.50744431243,-2167.1901852402443,125027.31725907218,1743,0,320.2692307692308,40,12,18,39.73298240311644,0.5848958333333334,47.815040650406516,1008.7398373983755,25.218495934959385,8
4090,4,0,0,51,0.0,0.0,1.0,51,1350,1000,350,0.7407407407407407,17,10,7,327.09625828386856,0.4377124183006536,0.23918167018976155,0.17252724211443274,127197.07031250012,-1878.8628472222085,125318.20746527791,1744,1,327.4901960784314,39,12,18,39.5635412364037,0.5865384615384616,47.81250000000001,1008.7500000000009,25.865384615384638,0
4091,4,2,3,50,0.03773584905660377,0.05660377358490566,0.9433962264150944,53,1050,800,250,0.7619047619047619,13,8,5,317.3622123165759,0.4415366473149492,0.24899437740293862,0.1694594454445112,127692.92091836726,-2495.0184240362846,125197.90249433098,1745,0,316.0943396226415,41,12,17,39.30236552807225,0.5884146341463414,47.32142857142857,1010.714285714285,24.651567944250854,0
4092,4,1,0,51,0.0196078431372549,0.0,1.0,51,1900,1400,500,0.7368421052631579,24,14,10,327.6806141259056,0.4423202614379085,0.2593910730121187,0.17548019970682266,127810.33631601575,-1823.8061008658763,125986.53021514988,1746,0,327.80392156862746,40,11,18,38.921691792294794,0.5911458333333333,47.205284552845534,1011.1788617886191,25.279471544715477,0
4093,4,1,0,52,0.019230769230769232,0.0,1.0,52,1300,900,400,0.6923076923076923,17,9,8,322.72235987045315,0.44304612870789345,0.272577011426552,0.17416338925240152,128120.00480740328,-2130.5619403882083,125989.44286701508,1747,0,322.4807692307692,42,10,20,38.73109686064319,0.5912698412698413,46.899224806201545,1012.4031007751928,24.104835732742686,0
4094,4,1,2,51,0.018867924528301886,0.03773584905660377,0.9622641509433962,53,1750,1400,350,0.8,21,14,7,314.43088925320836,0.4447115384615385,0.2738241830992576,0.17111009930718774,128453.40617563935,-2522.0492116232144,125931.35696401613,1748,0,317.37735849056605,40,13,17,38.60150375939848,0.59765625,46.570121951219505,1013.7195121951207,25.342987804878017,0
4095,4,0,2,49,0.0,0.0392156862745098,0.9607843137254902,51,1750,1000,750,0.5714285714285714,25,10,15,321.62389117978626,0.44098039215686274,0.21652600689793333,0.17151666880457234,127641.65200477766,-1989.4790411214667,125652.1729636562,1749,2,330.6078431372549,43,8,13,39.24704416955611,0.5850290697674418,47.37215909090908,1010.5113636363617,23.500264270613062,8
4096,4,1,0,50,0.02,0.0,1.0,50,1750,1300,450,0.7428571428571429,22,13,9,329.652541065242,0.43994897959183676,0.23650936329588013,0.17674142261931605,127857.05061983436,-1570.3196740128915,126286.73094582147,1750,0,337.94,43,7,15,38.82412609238451,0.5872093023255813,47.15909090909089,1011.3636363636335,23.52008456659613,0
4097,4,1,2,49,0.0196078431372549,0.0392156862745098,0.9607843137254902,51,1650,1300,350,0.7878787878787878,20,13,7,322.38780438074457,0.44225490196078426,0.24695013643494867,0.1746367040069906,128270.1200416505,-1928.48703468804,126341.63300696247,1751,0,332.29411764705884,41,10,17,38.58655290046682,0.5942581300813008,46.75099206349204,1012.9960317460284,24.707220286488496,0
4098,4,0,0,49,0.0,0.0,1.0,49,1550,800,750,0.5161290322580645,23,8,15,328.56129388610435,0.43790745464852604,0.25355825761344297,0.17777414916274836,128223.64501953102,-1374.1346571180866,126849.51036241293,1752,1,346.57142857142856,39,10,17,38.47760036339946,0.5969551282051282,46.796874999999986,1012.8124999999982,25.969551282051235,0
4099,4,0,1,48,0.0,0.02040816326530612,0.9795918367346939,49,1400,1000,400,0.7142857142857143,18,10,8,304.2549784896833,0.43765943877551017,0.14479050761799184,0.16439608312229304,128168.5025413939,-1984.7355614023884,126183.76697999152,1753,2,347.57142857142856,43,6,18,39.1491513139437,0.5903585271317829,46.85132575757575,1012.5946969696957,23.54871388301618,8
4100,4,3,2,49,0.058823529411764705,0.0392156862745098,0.9607843137254902,51,1300,900,400,0.6923076923076923,17,9,8,297.7262214607853,0.44109477124183005,0.1740329509760179,0.16329037256329382,128764.33460834078,-2532.6962396293166,126231.63836871146,1754,0,334.3529411764706,45,6,11,38.709188606276975,0.59375,46.26358695652172,1014.9456521739096,22.55434782608688,0
4101,4,1,0,50,0.02,0.0,1.0,50,1500,1000,500,0.6666666666666666,20,10,10,297.48170780829787,0.4423214285714286,0.17390281702981092,0.16389135373928768,128942.64510459521,-2328.384344993157,126614.26075960205,1755,0,337.4,44,6,13,38.53454432187678,0.5968276515151515,46.087962962962955,1015.6481481481471,23.082912457912435,0
4102,4,1,3,48,0.0196078431372549,0.058823529411764705,0.9411764705882353,51,2150,1600,550,0.7441860465116279,27,16,11,289.39773628193234,0.4439705882352942,0.16740241899305786,0.16133026162059266,129408.67304826959,-2709.8845929164268,126698.78845535316,1756,0,331.7647058823529,45,6,15,38.26810513665092,0.6002314814814815,45.629528985507235,1017.4818840579694,22.610708534621544,0
4103,4,1,2,47,0.02040816326530612,0.04081632653061224,0.9591836734693877,49,1450,1100,350,0.7586206896551724,18,11,7,291.2006526123769,0.4449404761904762,0.10012435081559601,0.15564172812040813,127732.15973534946,-2343.923775204808,125388.23596014465,1757,0,343.2448979591837,45,4,17,39.92346176821985,0.5833333333333333,47.282608695652165,1010.8695652173892,22.46376811594198,8
4104,4,0,0,47,0.0,0.0,1.0,47,1600,1300,300,0.8125,19,13,6,297.23987331671515,0.44156645081714463,0.10979616574691398,0.15860719640179904,127665.57621671246,-1810.5400596877967,125855.03615702466,1758,1,358.63829787234044,43,4,17,39.83867441279361,0.5852713178294573,47.348484848484844,1010.6060606060597,23.50246652572232,0
4105,4,0,1,46,0.0,0.02127659574468085,0.9787234042553191,47,1550,1100,450,0.7096774193548387,20,11,9,298.2342679454843,0.4417977181621955,0.10653444193777317,0.1595164851996986,127761.29548324125,-1779.440713957782,125981.85476928347,1759,2,359.63829787234044,43,4,19,39.71602972399152,0.5862403100775193,47.25378787878787,1010.9848484848465,23.51127554615922,0
4106,4,3,3,46,0.061224489795918366,0.061224489795918366,0.9387755102040817,49,1250,800,450,0.64,17,8,9,287.7262018397789,0.4432397959183674,0.14805191416232244,0.15665411158347783,128472.86629801091,-2406.424107092251,126066.44219091866,1760,0,345.40816326530614,44,5,12,39.2585319816117,0.592092803030303,46.550925925925924,1013.7962962962957,23.040824915824903,0
4107,4,0,1,45,0.0,0.021739130434782608,0.9782608695652174,46,1400,1000,400,0.7142857142857143,18,10,8,297.09462863891855,0.4421900161030596,0.1405838687542884,0.16102251645515275,128291.73920024346,-1577.0426769725286,126714.69652327093,1761,1,363.89130434782606,42,4,21,39.205125139486675,0.5930059523809523,46.7296511627907,1013.081395348838,24.12098560354376,0
4108,4,0,0,45,0.0,0.0,1.0,45,1500,1000,500,0.6666666666666666,20,10,10,302.2462000901328,0.4385942760942761,0.15185511502692162,0.16413848665181846,128370.6353635204,-1240.0926516439886,127130.5427118764,1762,2,372.64444444444445,41,4,14,38.99443220753794,0.5952743902439024,46.651785714285715,1013.3928571428571,24.716898954703833,0
4109,4,2,0,47,0.0425531914893617,0.0,1.0,47,1100,900,200,0.8181818181818182,13,9,4,292.31643472275965,0.4424722479185939,0.169807837742882,0.16043726901143182,128792.54301717474,-1870.364601268354,126922.17841590638,1763,0,357.74468085106383,43,4,16,38.81785070124699,0.596656976744186,46.23579545454546,1015.0568181818195,23.605972515856266,0
4110,4,3,1,49,0.06,0.02,0.98,50,1150,700,450,0.6086956521739131,16,7,9,280.47126014061655,0.44587585034013605,0.19193674418604645,0.15687128233671344,129538.57197687122,-2731.6869870580513,126806.88498981316,1764,0,337.22,43,7,12,38.363953488372104,0.6041666666666667,45.50189393939395,1017.9924242424261,23.67424242424247,0
4111,4,1,0,50,0.02,0.0,1.0,50,1250,900,350,0.72,16,9,7,280.64558278126606,0.446437074829932,0.19726752113444213,0.15759990077471736,129696.07445987685,-2720.2739197530577,126975.80054012379,1765,0,338.2,44,6,14,38.200504499590934,0.6044034090909092,45.347222222222236,1018.6111111111136,23.150252525252583,0
4112,4,0,1,49,0.0,0.02,0.98,50,1200,1000,200,0.8333333333333334,14,10,4,278.6975407081716,0.44608843537414966,0.19822253821542812,0.15710945531304343,129846.81855177491,-2762.402200168025,127084.41635160688,1766,1,339.2,45,5,14,38.098041829600675,0.6046296296296296,45.19927536231884,1019.2028985507252,22.648953301127225,0
4113,4,1,0,50,0.02,0.0,1.0,50,1000,400,600,0.4,16,4,12,279.5272589792061,0.4451020408163265,0.20328695652173923,0.15788622191851043,129923.43506362868,-2736.571663900195,127186.86339972849,1767,0,340.12,46,4,15,37.999637681159435,0.6041666666666667,45.12411347517731,1019.5035460992915,22.163120567375902,0
4114,4,0,2,48,0.0,0.04,0.96,50,1650,1300,350,0.7878787878787878,20,13,7,278.66445575187754,0.44445578231292515,0.20687293585955135,0.15794646442764082,130059.04271037699,-2751.433529500509,127307.60918087648,1768,1,341.12,46,4,16,37.884944087142934,0.6055253623188406,44.99113475177306,1020.0354609929099,22.174683934628476,0
4115,4,0,0,48,0.0,0.0,1.0,48,1150,800,350,0.6956521739130435,15,8,7,289.78039735876905,0.44118461879432624,0.20735136076045113,0.16371328657349477,129931.97123628287,-2069.6523491083376,127862.31888717454,1769,2,355.8958333333333,44,4,16,37.72969454787636,0.6067708333333333,45.115740740740755,1019.5370370370395,23.17129629629635,0
4116,4,0,1,47,0.0,0.020833333333333332,0.9791666666666666,48,1200,700,500,0.5833333333333334,17,7,10,291.1222295051726,0.441156914893617,0.20873033877797886,0.16536943139933027,130144.46159122113,-2022.410836762664,128122.05075445847,1770,3,356.8958333333333,44,4,18,37.48109497882638,0.6089015151515151,44.90740740740742,1020.3703703703726,23.190235690235742,0
4117,4,0,1,46,0.0,0.02127659574468085,0.9787234042553191,47,1300,1000,300,0.7692307692307693,16,10,6,295.7838400994138,0.4394657724329325,0.20377289962950074,0.16842334983790713,130238.42047068704,-1695.5159729396134,128542.90449774743,1771,4,364.9148936170213,43,4,18,37.26739106905403,0.6111918604651163,44.815340909090914,1020.7386363636368,23.738107822410157,0
4118,4,1,0,47,0.02127659574468085,0.0,1.0,47,1400,900,500,0.6428571428571429,19,9,10,289.57570367037374,0.439754856614246,0.2133387655984338,0.166470523052794,130609.02970261693,-1835.755179873965,128773.27452274297,1772,0,364.93617021276594,42,5,14,37.05248522766772,0.6163194444444444,44.45251937984496,1022.1899224806193,24.337855297157603,0
4119,4,0,1,46,0.0,0.02127659574468085,0.9787234042553191,47,1150,800,350,0.6956521739130435,15,8,7,305.64811985651033,0.43990903484428,0.15716629375240143,0.16238207712006641,127489.12144204414,-1606.6379458161625,125882.48349622797,1773,1,365.93617021276594,44,3,15,39.80624064056723,0.5821496212121212,47.52314814814816,1009.9074074074093,22.952441077441122,8
4120,4,0,0,46,0.0,0.0,1.0,46,1550,1100,450,0.7096774193548387,20,11,9,308.83904223573325,0.4402878421900161,0.15671666136543405,0.16382297852325312,127426.43498192151,-1329.1483729338838,126097.28660898763,1774,2,361.2608695652174,43,3,15,39.78967360720316,0.5828488372093024,47.58522727272727,1009.6590909090911,23.480443974630024,0
4121,4,2,0,48,0.041666666666666664,0.0,1.0,48,1500,1100,400,0.7333333333333333,19,11,8,298.5784074380672,0.4426713947990544,0.16610531733953993,0.1605883191858759,127984.08557977552,-1957.3431100346838,126026.74246974084,1775,0,347.1666666666667,45,3,17,39.480481454957754,0.5858796296296296,47.03351449275361,1011.8659420289835,22.485909822866297,0
4122,4,1,1,48,0.02040816326530612,0.02040816326530612,0.9795918367346939,49,1050,800,250,0.7619047619047619,13,8,5,294.4275447508526,0.4436295351473923,0.17173229953849334,0.15946792132657545,128264.41012576019,-2246.7834074182647,126017.62671834193,1776,0,341.0612244897959,43,6,19,39.300446386837415,0.591327519379845,46.756628787878775,1012.9734848484828,23.55752290345309,0
4123,4,0,1,47,0.0,0.020833333333333332,0.9791666666666666,48,1450,1200,250,0.8275862068965517,17,12,5,300.2793178892674,0.4423943557919621,0.18079967589129886,0.16253985749714586,128240.4298668502,-1898.410238751161,126342.01962809903,1777,1,349.0833333333333,43,5,19,39.17663924208425,0.5910852713178294,46.780303030303024,1012.878787878787,23.555320648343884,0
4124,4,1,1,47,0.020833333333333332,0.020833333333333332,0.9791666666666666,48,800,500,300,0.625,11,5,6,300.0938262338152,0.4447584219858156,0.18886986301369912,0.16348395011245143,128496.33487654303,-1887.8086419753238,126608.5262345677,1778,0,348.2708333333333,44,4,13,38.92123287671234,0.5923295454545454,46.52777777777777,1013.8888888888874,23.04292929292926,0
4125,4,3,3,47,0.06,0.06,0.94,50,1000,500,500,0.5,15,5,10,291.48910573551535,0.4493367346938775,0.2097512871978362,0.16081722015518843,128998.67591073104,-2479.658263543108,126519.01764718792,1779,0,332.96,46,4,16,38.62993425837042,0.5948822463768115,46.0328014184397,1015.8687943262386,22.084104224483447,0
4126,4,0,1,46,0.0,0.02127659574468085,0.9787234042553191,47,1650,1100,550,0.6666666666666666,22,11,11,305.91576667877456,0.4452860006167129,0.2019966167115388,0.16759679732769692,128720.46100206635,-1524.4762970615002,127195.98470500486,1780,1,354.97872340425533,43,4,17,38.5459437601095,0.5959302325581395,46.306818181818194,1014.7727272727292,23.599365750528587,0
4127,4,0,0,46,0.0,0.0,1.0,46,1150,800,350,0.6956521739130435,15,8,7,310.5528519130761,0.44413244766505633,0.20793932802550397,0.17030002989201895,128758.4552085213,-1202.738905414319,127555.716303107,1781,2,361.69565217391306,42,4,17,38.389703074279154,0.597718253968254,46.26937984496125,1014.9224806201564,24.164820967146582,0
4128,4,0,0,46,0.0,0.0,1.0,46,1300,900,400,0.6923076923076923,17,9,8,313.2884137465636,0.44414251207729466,0.2123621334970991,0.17222644277211427,128856.81918905136,-1126.1303031668554,127730.6888858845,1782,3,362.69565217391306,42,4,18,38.22035852898136,0.5987103174603174,46.17248062015505,1015.3100775193816,24.17404946474718,0
4129,4,0,0,46,0.0,0.0,1.0,46,1200,700,500,0.5833333333333334,17,7,10,309.705623211456,0.4439714170692432,0.20888539318554034,0.17049707922585516,128912.72454660253,-1215.0008608815288,127697.72368572101,1783,4,363.69565217391306,43,3,18,38.25453810767126,0.5978682170542635,46.11742424242425,1015.5303030303043,23.616983791402426,0
4130,4,0,0,46,0.0,0.0,1.0,46,900,600,300,0.6666666666666666,12,6,6,309.72634421428,0.44298510466988733,0.21071231721946626,0.17092305662195487,129008.9101239672,-1208.508379246986,127800.40174472022,1784,5,364.69565217391306,43,3,18,38.15638205319415,0.5988372093023255,46.02272727272729,1015.909090909093,23.62579281183937,0
4131,4,0,0,46,0.0,0.0,1.0,46,1350,1100,250,0.8148148148148148,16,11,5,307.0411179790377,0.442079307568438,0.21079828937989964,0.17026825633383036,129201.38888888921,-1265.9722222221876,127935.41666666702,1785,6,365.69565217391306,43,3,18,38.02937158469947,0.6007751937984496,45.83333333333335,1016.6666666666692,23.643410852713238,0
4132,4,0,0,46,0.0,0.0,1.0,46,1050,800,250,0.7619047619047619,13,8,5,305.5056450091292,0.4422302737520129,0.20780369253476794,0.1697419169099505,129277.04480229606,-1301.026608560079,127976.01819373599,1786,7,366.69565217391306,41,5,18,37.99172031996877,0.6044207317073171,45.75892857142858,1016.9642857142869,24.804006968641144,0
4133,4,0,1,45,0.0,0.021739130434782608,0.9782608695652174,46,1000,400,600,0.4,16,4,12,307.8179874464869,0.44221014492753624,0.207683307332293,0.17157506952452006,129403.18720080622,-1233.474269337368,128169.71293146885,1787,8,367.69565217391306,41,5,20,37.80510595423818,0.6056910569105691,45.63492063492063,1017.4603174603172,24.816105303910177,0
4134,4,2,0,47,0.0425531914893617,0.0,1.0,47,1200,1000,200,0.8333333333333334,14,10,4,312.0559600959651,0.4436093123650941,0.19791166062300625,0.17075421636711816,128672.41753472234,-1283.8257235764565,127388.59181114587,1788,0,359.468085106383,41,6,22,38.43899726214923,0.5983231707317074,46.35416666666667,1014.5833333333343,24.745934959349615,8
4135,4,1,0,48,0.020833333333333332,0.0,1.0,48,850,600,250,0.7058823529411765,11,6,5,308.48696710920524,0.44362256205673756,0.20953777904979853,0.17000843266239204,128955.22072742053,-1643.7990129799643,127311.42171444057,1789,0,352.9583333333333,42,6,23,38.24234401831709,0.5997023809523809,46.07558139534885,1015.6976744186071,24.183277962347788,0
4136,4,3,3,48,0.058823529411764705,0.058823529411764705,0.9411764705882353,51,1650,1200,450,0.7272727272727273,21,12,9,308.70598754310055,0.45045751633986925,0.21655607281506506,0.1729815260057825,129610.88266363947,-2184.2466614592154,127426.63600218025,1790,0,333.1372549019608,43,8,12,37.57216978207634,0.6048934108527132,45.430871212121225,1018.2765151515171,23.680849189570164,8
4137,4,1,2,47,0.02040816326530612,0.04081632653061224,0.9591836734693877,49,1200,800,400,0.6666666666666666,16,8,8,317.9169231305961,0.44412556689342403,0.23268997270493186,0.17773907809935668,129521.758429857,-1564.5682163031022,127957.1902135539,1791,0,347.48979591836735,42,7,14,37.4280104712042,0.605406746031746,45.51841085271318,1017.9263565891474,24.23634182355113,0
4138,4,1,0,48,0.020833333333333332,0.0,1.0,48,1450,1100,350,0.7586206896551724,18,11,7,320.6118573606523,0.4437703161938534,0.23623264219136386,0.18026273092459355,129743.78511657959,-1280.5208145544084,128463.26430202519,1792,0,350.8125,42,6,16,37.13441601673958,0.6076388888888888,45.30038759689923,1018.7984496124035,24.257105943152464,0
4139,4,1,1,48,0.02040816326530612,0.02040816326530612,0.9795918367346939,49,1750,1400,350,0.8,21,14,7,319.75133642557546,0.44401927437641725,0.25128202213773276,0.1813944785314759,130093.469540935,-1480.4878508092202,128612.98169012577,1793,0,344.6326530612245,43,6,17,36.802364708066456,0.6097383720930232,44.95738636363637,1020.1704545454552,23.724894291754772,0
4140,4,0,0,48,0.0,0.0,1.0,48,1500,1300,200,0.8666666666666667,17,13,4,322.4205563793671,0.44164635047281325,0.2651408869843217,0.18383035910844553,130289.17236328135,-1198.088955069142,129091.08340821222,1794,1,352.5,39,9,18,36.536344080536026,0.6177884615384616,44.76562500000001,1020.9375000000008,26.177884615384635,0
4141,4,1,1,48,0.02040816326530612,0.02040816326530612,0.9795918367346939,49,1400,600,800,0.42857142857142855,22,6,16,318.48121455576603,0.4424426020408163,0.2620341614906838,0.18312669836956522,130617.28395061706,-1480.1697530864376,129137.11419753062,1795,0,346.2857142857143,41,8,13,36.305480072463794,0.6178861788617886,44.444444444444436,1022.2222222222204,24.932249322493178,0
4142,4,0,0,48,0.0,0.0,1.0,48,1700,1000,700,0.5882352941176471,24,10,14,326.75247928686906,0.4411384456264775,0.2613591171206999,0.1877986535238475,130599.97046235719,-1065.227171326577,129534.74329103061,1796,3,354.5,40,8,15,36.11159441903626,0.6192708333333333,44.461382113821145,1022.1544715447164,25.553861788617912,0
4143,4,0,1,47,0.0,0.020833333333333332,0.9791666666666666,48,1200,800,400,0.6666666666666666,16,8,8,327.65148677907337,0.440907579787234,0.2599808705157507,0.18894882014084913,130729.84959556167,-1033.2340827219061,129696.61551283977,1797,4,355.5,40,8,16,35.957426546092954,0.6205729166666667,44.33434959349594,1022.6626016260176,25.56656504065044,0
4144,4,0,0,47,0.0,0.0,1.0,47,1400,1100,300,0.7857142857142857,17,11,6,335.1712255293653,0.4389068763490595,0.2680816383152129,0.19307750879086003,130688.28125000025,-639.4097222221924,130048.87152777806,1798,5,363.3829787234043,39,8,16,35.807185547405616,0.6217948717948718,44.375000000000014,1022.5000000000019,26.21794871794877,0
4145,4,0,0,47,0.0,0.0,1.0,47,1200,700,500,0.5833333333333334,17,7,10,335.99035549465094,0.43875269811902556,0.27249125574823463,0.1938162931989711,130741.5418836808,-614.4205729166426,130127.12131076415,1799,6,364.3829787234043,39,8,16,35.73241325456643,0.6223290598290598,44.32291666666668,1022.7083333333353,26.22329059829065,0
4146,4,0,0,47,0.0,0.0,1.0,47,950,700,250,0.7368421052631579,12,7,5,336.8611249701,0.4385599753314832,0.26813449615929486,0.1948557108042594,130848.09570312512,-584.472656249986,130263.62304687513,1800,7,365.3829787234043,39,8,16,35.60247403787416,0.6233974358974359,44.21875000000001,1023.1250000000009,26.233974358974383,0
4147,4,1,1,47,0.020833333333333332,0.020833333333333332,0.9791666666666666,48,1600,1200,400,0.75,20,12,8,335.6016936971532,0.43813718971631205,0.2784024886220593,0.1959162629061897,131201.0476210158,-793.7412407092622,130407.30638030655,1801,0,358.75,41,7,18,35.2783762628708,0.623729674796748,43.87400793650793,1024.5039682539668,24.9879016647309,0
4148,4,0,0,47,0.0,0.0,1.0,47,1100,700,400,0.6363636363636364,15,7,8,343.82028172496314,0.4368640148011101,0.2770369400881967,0.2004259467614749,131145.8965913972,-381.87617737458993,130764.02041402261,1802,1,367.17021276595744,40,7,18,35.123565499222785,0.6247395833333333,43.92784552845528,1024.2886178861781,25.607215447154452,0
4149,4,0,0,47,0.0,0.0,1.0,47,1350,1100,250,0.8148148148148148,16,11,5,337.43142309471875,0.4360931236509405,0.26673585884795026,0.19763840495547783,131328.12499999977,-536.7732293939107,130791.35177060586,1803,2,368.17021276595744,37,10,19,35.103319783197826,0.6317567567567568,43.749999999999986,1024.9999999999982,27.702702702702652,0
4150,4,0,1,46,0.0,0.02127659574468085,0.9787234042553191,47,1650,1300,350,0.7878787878787878,20,13,7,314.2663530289558,0.43634366327474555,0.12185067367973379,0.1810588765047204,130693.35322381272,-1076.9883590010068,129616.36486481171,1804,3,369.17021276595744,41,6,14,36.336450147149165,0.6186483739837398,44.370039682539684,1022.5198412698417,24.939508323654675,8
4151,4,0,1,45,0.0,0.021739130434782608,0.9782608695652174,46,1400,1100,300,0.7857142857142857,17,11,6,320.71421547368385,0.43512479871175525,0.12680943368506625,0.18482396541215373,130703.86860499684,-816.2822641946084,129887.58634080223,1805,12,378.1304347826087,40,6,15,36.16101007089378,0.6203125,44.35975609756097,1022.5609756097546,25.564024390243866,0
4152,4,0,0,45,0.0,0.0,1.0,45,1350,1000,350,0.7407407407407407,17,10,7,328.44623898591004,0.4348063973063973,0.12891922175817427,0.18933392414120268,130714.91021050356,-413.4358723958303,130301.47433810773,1806,13,386.6222222222222,39,6,16,35.95219602050863,0.6220619658119658,44.348958333333336,1022.6041666666673,26.220619658119674,0
4153,4,0,0,45,0.0,0.0,1.0,45,1500,1200,300,0.8,18,12,6,327.7556611884439,0.4339646464646465,0.12799576172974425,0.18951845153268618,130833.79937743742,-423.69631585034995,130410.10306158707,1807,14,387.6222222222222,40,5,16,35.84980629780469,0.6216145833333333,44.232723577235774,1023.0691056910573,25.57672764227643,0
4154,4,0,0,45,0.0,0.0,1.0,45,1600,1300,300,0.8125,19,13,6,327.0162541248755,0.43367003367003365,0.13082614455106523,0.18964736896044632,130947.07739866778,-435.6354520975052,130511.44194657028,1808,15,388.6222222222222,41,4,17,35.75439808083747,0.6211890243902439,44.12202380952381,1023.5119047619046,24.963704994192796,0
4155,4,0,0,45,0.0,0.0,1.0,45,1400,1000,400,0.7142857142857143,18,10,8,328.26835610452525,0.43303872053872056,0.13009537342031052,0.19100259141549647,131074.03175390515,-394.50861363065206,130679.5231402745,1809,16,389.6222222222222,41,4,17,35.59428082412968,0.6224593495934959,43.998015873015866,1024.0079365079355,24.97580332946184,0
4156,4,0,1,44,0.0,0.022222222222222223,0.9777777777777777,45,1700,1200,500,0.7058823529411765,22,12,10,326.66979093228304,0.43259680134680134,0.12755775044920048,0.19070203114514886,131201.0476210158,-428.11624070926064,130772.93138030655,1810,17,390.6222222222222,41,4,19,35.507145508537505,0.623729674796748,43.87400793650793,1024.5039682539668,24.9879016647309,0
4157,4,0,1,43,0.0,0.022727272727272728,0.9772727272727273,44,1300,1100,200,0.8461538461538461,15,11,4,326.1863358482427,0.43134469696969696,0.13614950456664254,0.19066300431059868,131250.01161882796,-237.6079260030523,131012.40369282491,1811,18,398.59090909090907,40,4,19,35.4701808324242,0.62578125,43.82621951219512,1024.6951219512187,25.617378048780466,0
4158,4,0,0,43,0.0,0.0,1.0,43,1150,700,450,0.6086956521739131,16,7,9,328.8190062311826,0.4303479143595423,0.15008098745581133,0.19192492144116793,131194.69536675338,27.861870659711755,131222.5572374131,1812,19,408.4186046511628,39,4,19,35.458502796136244,0.6268696581196581,43.88020833333333,1024.4791666666658,26.26869658119656,0
4159,4,0,0,43,0.0,0.0,1.0,43,1050,700,350,0.6666666666666666,14,7,7,329.8983359631509,0.4304171280915467,0.14937060820715575,0.19268883803643397,131221.37586805536,57.942708333313064,131279.31857638867,1813,20,409.4186046511628,39,4,19,35.40395824861056,0.6271367521367521,43.85416666666666,1024.5833333333317,26.271367521367477,0
4160,4,1,0,44,0.022727272727272728,0.0,1.0,44,1200,700,500,0.5833333333333334,17,7,10,323.69751537067145,0.4322035764622974,0.15710579284619564,0.19038982893307232,131488.33007812497,-287.4674479166671,131200.8626302083,1814,0,401.09090909090907,39,5,20,35.293943394948904,0.6298076923076923,43.59375,1025.6249999999998,26.298076923076916,0
4161,4,0,0,44,0.0,0.0,1.0,44,1050,600,450,0.5714285714285714,15,6,9,327.9136282820993,0.43184020436927417,0.1645823719427777,0.19341013404662755,131595.187717014,-169.62890624999505,131425.558810764,1815,1,402.09090909090907,39,5,15,35.07825719120133,0.6308760683760684,43.489583333333336,1026.0416666666674,26.308760683760703,0
4162,4,0,1,43,0.0,0.022727272727272728,0.9772727272727273,44,750,200,550,0.26666666666666666,13,2,11,327.8737463920467,0.43143278717406625,0.16086737848487975,0.19352212556668968,131621.90890842004,-168.926323784727,131452.98258463532,1816,2,403.09090909090907,39,5,15,35.05238469867697,0.6311431623931624,43.463541666666664,1026.1458333333326,26.311431623931604,0
4163,4,0,1,42,0.0,0.023255813953488372,0.9767441860465116,43,1150,800,350,0.6956521739130435,15,8,7,332.60288940542483,0.4289405684754522,0.1569312811598853,0.1957645338897323,131515.04041883687,148.45648871528184,131663.49690755215,1817,24,413.4186046511628,39,4,21,35.03869621881452,0.6300747863247863,43.567708333333336,1025.7291666666672,26.300747863247878,0
4164,4,0,0,42,0.0,0.0,1.0,42,1000,600,400,0.6,14,6,8,344.00717931829325,0.4278939217963608,0.17846279288912337,0.18987560950148924,129016.12548828128,479.4487847222229,129495.5742730035,1818,28,423.6904761904762,39,3,18,37.278380156533025,0.6049679487179487,46.015625,1015.9375000000002,26.049679487179493,8
4165,4,0,0,42,0.0,0.0,1.0,42,1500,1100,400,0.7333333333333333,19,11,8,349.476734983448,0.4278576267905536,0.18434454298006853,0.19406097195155972,129254.34570312503,634.2773437500007,129888.62304687503,1819,29,424.6904761904762,39,3,18,36.89689612784265,0.6073717948717949,45.78125,1016.8750000000002,26.073717948717956,0
4166,4,0,1,41,0.0,0.023809523809523808,0.9761904761904762,42,1000,600,400,0.6,14,6,8,353.6014937828521,0.42816008517228027,0.18792821788213487,0.19674749782276668,129333.80126953141,746.5250651041814,130080.3263346356,1820,30,425.6904761904762,39,3,18,36.71114951356886,0.6081730769230769,45.70312500000001,1017.1875000000013,26.081730769230802,0
4167,4,0,0,41,0.0,0.0,1.0,41,1100,700,400,0.6363636363636364,15,7,8,357.20188578168813,0.42637195121951216,0.2123928253142251,0.19917978689606536,129418.71667031923,1045.721930016802,130464.43860033604,1821,31,435.609756097561,38,3,18,36.53314433711325,0.6107456140350878,45.61965811965812,1017.5213675213674,26.776878092667562,0
4168,4,0,0,41,0.0,0.0,1.0,41,1150,800,350,0.6956521739130435,15,8,7,359.5567194766793,0.426244918699187,0.20504392701357688,0.20104791215808712,129527.44904667995,1114.4929322814055,130641.94197896135,1822,32,436.609756097561,38,3,14,36.362562972292174,0.611842105263158,45.51282051282052,1017.948717948719,26.788124156545237,0
4169,4,0,0,41,0.0,0.0,1.0,41,950,800,150,0.8421052631578947,11,8,3,361.62699239857477,0.42637195121951216,0.20714181546514943,0.20290701109685777,129663.42872242315,1177.9591505953717,130841.38787301852,1823,33,437.609756097561,38,3,15,36.17150075177454,0.6132127192982456,45.379273504273506,1018.4829059829062,26.80218173639227,0
4170,4,0,1,40,0.0,0.024390243902439025,0.975609756097561,41,900,600,300,0.6666666666666666,12,6,6,359.48307684620073,0.4263973577235773,0.2039306760517272,0.20212444698144866,129745.05077069183,1128.2300113229658,130873.2807820148,1824,34,438.609756097561,38,3,15,36.14308060682329,0.6140350877192983,45.2991452991453,1018.803418803419,26.8106162843005,0
4171,4,0,0,40,0.0,0.0,1.0,40,950,800,150,0.8421052631578947,11,8,3,362.2015632253127,0.42471955128205124,0.2152862985685069,0.2035822579507792,129731.44531250001,1397.7864583333342,131129.23177083334,1825,35,449.675,37,3,16,36.08767893660531,0.6157094594594594,45.3125,1018.7500000000001,27.533783783783786,0
4172,4,1,1,40,0.024390243902439025,0.024390243902439025,0.975609756097561,41,850,500,350,0.5882352941176471,12,5,7,356.0861877007713,0.42543191056910573,0.2161526925838031,0.20175399608185518,130044.5513391225,1061.413703521061,131105.96504264357,1826,0,439.6829268292683,38,3,18,35.925334310952834,0.6170504385964912,45.005341880341874,1019.9786324786312,26.841542959963977,0
4173,4,0,0,40,0.0,0.0,1.0,40,700,300,400,0.42857142857142855,11,3,8,354.8708388273434,0.42544070512820514,0.21439679547596646,0.20134650267155677,130099.04308431942,1233.6713099934173,131332.71439431285,1827,1,445.8,38,2,19,35.90101057702378,0.6175986842105263,44.95192307692307,1020.1923076923068,26.847165991902813,0
4174,4,0,0,40,0.0,0.0,1.0,40,650,300,350,0.46153846153846156,10,3,7,353.95487084248833,0.4251201923076923,0.2133048895403622,0.20110785076838816,130153.54624379061,1213.696330082546,131367.24257387317,1828,2,446.8,38,2,20,35.86906257634454,0.6181469298245614,44.89850427350427,1020.4059829059827,26.85278902384165,0
4175,4,0,0,40,0.0,0.0,1.0,40,1450,1100,350,0.7586206896551724,18,11,7,354.8317112440542,0.4247061965811966,0.21351604126516288,0.20232517937193276,130292.12648158852,1246.492611508565,131538.61909309708,1829,3,447.8,35,5,20,35.70610380531308,0.625297619047619,44.762731481481474,1020.949074074073,29.169973544973516,0
4176,4,0,0,40,0.0,0.0,1.0,40,1200,1000,200,0.8333333333333334,14,10,4,352.72474024899674,0.4233840811965812,0.2052718006795018,0.2025071168009517,130558.1342699758,1210.2167995541574,131768.35106952995,1830,4,448.8,35,5,16,35.490279350698366,0.6279761904761905,44.5023148148148,1021.9907407407392,29.199735449735403,0
4177,4,1,0,41,0.024390243902439025,0.0,1.0,41,1000,800,200,0.8,12,8,4,345.21349077208953,0.4240599593495935,0.1984502116397857,0.19993339647201908,130895.62694028488,837.3872605713842,131733.01420085627,1831,0,438.8292682926829,36,5,17,35.34077986867688,0.6293402777777778,44.1722972972973,1023.3108108108108,28.4253003003003,0
4178,4,0,0,41,0.0,0.0,1.0,41,1000,600,400,0.6,14,6,8,348.0571828802311,0.4238058943089431,0.19934344274166316,0.20263969405331772,131097.37059694837,925.8762985959053,132023.2468955443,1832,1,439.8292682926829,36,5,18,35.06409903965987,0.6313657407407407,43.97522522522523,1024.0990990990997,28.447197197197212,0
4179,4,0,1,40,0.0,0.024390243902439025,0.975609756097561,41,1100,700,400,0.6363636363636364,15,7,8,349.18261354976795,0.4235010162601626,0.19947074484485605,0.20375331850303025,131183.8797200918,961.4259952520196,132145.3057153438,1833,2,440.8292682926829,36,5,19,34.94787658935181,0.6322337962962963,43.89076576576577,1024.4369369369376,28.456581581581602,0
4180,4,0,0,40,0.0,0.0,1.0,40,1850,1700,150,0.918918918918919,20,17,3,359.3602134305916,0.42238247863247863,0.202613289637247,0.20934684191226494,131120.5970963006,1423.9051515346393,132544.50224783525,1834,3,452.675,35,5,19,34.75121953516405,0.6336309523809525,43.9525462962963,1024.189814814815,29.262566137566143,0
4181,4,1,0,41,0.024390243902439025,0.0,1.0,41,1150,900,250,0.782608695652174,14,9,5,349.38038755722494,0.4249237804878048,0.19721985909327455,0.20511337663150792,131417.11576485334,983.0766675240016,132400.19243237734,1835,0,442.609756097561,35,6,22,34.70728919742634,0.6366071428571429,43.66319444444444,1025.347222222222,29.295634920634914,0
4182,4,0,0,41,0.0,0.0,1.0,41,1350,1000,350,0.7407407407407407,17,10,7,347.3664571958475,0.4245426829268293,0.19535313836550672,0.2044064770032935,131506.13667052463,936.1641589506107,132442.30082947525,1836,1,443.609756097561,35,6,23,34.66909275558563,0.6375,43.576388888888886,1025.6944444444441,29.305555555555546,0
4183,4,2,1,42,0.046511627906976744,0.023255813953488372,0.9767441860465116,43,900,600,300,0.6666666666666666,12,6,6,333.0755584129508,0.4281330749354005,0.1938323586551176,0.19872165556999297,132031.5039843991,195.29338354109748,132226.79736794022,1837,0,423.93023255813955,37,6,18,34.506805896368995,0.638795045045045,43.064692982456144,1027.741228070176,27.776789947842595,0
4184,4,0,0,42,0.0,0.0,1.0,42,1150,800,350,0.6956521739130435,15,8,7,335.3140376369468,0.4245426829268293,0.20482861459375679,0.17964838175383444,127828.32031250001,180.34395198522742,128008.66426448524,1838,1,434.9761904761905,39,3,15,38.710341985990915,0.592948717948718,47.1875,1011.2500000000001,25.929487179487182,8
4185,4,0,1,41,0.0,0.023809523809523808,0.9761904761904762,42,1150,1000,150,0.8695652173913043,13,10,3,335.42416133307,0.42465156794425085,0.19605781157310087,0.18029744764959088,127960.02739800341,184.17697482638522,128144.2043728298,1839,2,435.9761904761905,39,3,15,38.57298208586432,0.594284188034188,47.057291666666664,1011.7708333333328,25.942841880341867,0
4186,4,0,0,41,0.0,0.0,1.0,41,1300,1100,200,0.8461538461538461,15,11,4,341.99830080651566,0.4238821138211382,0.1961159346079413,0.18431489123332884,128065.44189453151,559.6327039930861,128625.0745985246,1840,3,447.4146341463415,39,2,15,38.298964872560134,0.5953525641025641,46.953125000000014,1012.187500000002,25.953525641025692,0
4187,4,2,0,43,0.046511627906976744,0.0,1.0,43,1250,1000,250,0.8,15,10,5,304.5754303568135,0.4271179401993355,0.1012266697405455,0.16064860934506434,127197.0703125,-805.6993272569437,126391.37098524306,1841,0,427.5581395348837,39,4,23,40.13148836568909,0.5865384615384616,47.8125,1008.75,25.865384615384617,8
4188,4,0,0,43,0.0,0.0,1.0,43,1150,700,450,0.6086956521739131,16,7,9,304.19693488534796,0.4265642303433001,0.10630091819601728,0.16094724349208256,127322.68248273183,-853.7660494745196,126468.91643325731,1842,1,428.5581395348837,40,3,17,40.012754673916675,0.5861979166666667,47.6880081300813,1009.2479674796748,25.23119918699187,0
4189,4,1,1,43,0.022727272727272728,0.022727272727272728,0.9772727272727273,44,700,400,300,0.5714285714285714,10,4,6,298.2454442476933,0.42962693798449614,0.11034476745199906,0.15881036781033978,127581.0169536086,-1189.908584219695,126391.10836938891,1843,0,419.79545454545456,42,2,18,39.89945009271692,0.5858134920634921,47.43217054263566,1010.2713178294578,24.05407899593947,0
4190,4,0,0,43,0.0,0.0,1.0,43,1250,800,450,0.64,17,8,9,301.6591523890186,0.42930970837947585,0.10936604326864874,0.1605747594760781,127567.61508133342,-903.6122724552824,126664.00280887814,1844,1,428.7906976744186,41,2,18,39.82689695243705,0.5871443089430894,47.445436507936506,1010.2182539682536,24.639469608981795,0
4191,4,1,0,44,0.022727272727272728,0.0,1.0,44,1450,1200,250,0.8275862068965517,17,12,5,294.42611390316114,0.43345886187455956,0.1089607404376105,0.1582142591488887,127948.38543544569,-1265.7308192115747,126682.65461623411,1845,0,420.02272727272725,42,2,20,39.621843373878626,0.5895337301587302,47.06879844961241,1011.7248062015512,24.088685861941695,0
4192,4,2,2,44,0.043478260869565216,0.043478260869565216,0.9565217391304348,46,1200,800,400,0.6666666666666666,16,8,8,283.7580615785947,0.43765096618357485,0.1175308978243852,0.15419533814292155,128395.7703451752,-1912.8823243236639,126482.88802085153,1846,0,402.7173913043478,41,5,12,39.43732054293919,0.5955284552845528,46.626984126984134,1013.4920634920643,24.719318621757665,0
4193,4,3,2,45,0.06382978723404255,0.0425531914893617,0.9574468085106383,47,1200,1000,200,0.8333333333333334,14,10,4,281.9589073402166,0.43892614862781376,0.13670299058095914,0.15509960052588626,128881.41605259619,-2132.147350670015,126749.26870192618,1847,0,394.8936170212766,42,5,15,38.99067977224291,0.5989583333333333,46.1482558139535,1015.4069767441875,24.17635658914732,0
4194,4,2,0,47,0.0425531914893617,0.0,1.0,47,1500,900,600,0.6,21,9,12,280.3746997685385,0.4398126734505088,0.14804372959049106,0.1552867265349512,129152.13647767591,-2157.801702121243,126994.33477555467,1848,0,393.82978723404256,42,5,18,38.75695106450588,0.6016865079365079,45.88178294573645,1016.4728682170567,24.201734957548968,0
4195,4,1,1,47,0.020833333333333332,0.020833333333333332,0.9791666666666666,48,1250,700,550,0.56,18,7,11,276.6076253314461,0.44048278664302604,0.15227311497782337,0.15442608568504185,129466.28146701412,-2437.727864583307,127028.55360243081,1849,0,386.6041666666667,43,5,12,38.535269532582745,0.6034399224806202,45.57291666666668,1017.7083333333353,23.667635658914776,0
4196,4,0,1,46,0.0,0.02127659574468085,0.9787234042553191,47,800,500,300,0.625,11,5,6,284.0477097505665,0.4400632130743139,0.14971428571428502,0.15830684460620778,129398.49242833989,-2048.9309161107876,127349.5615122291,1850,1,395.6595744680851,42,5,21,38.414484126984114,0.6041666666666667,45.63953488372094,1017.4418604651183,24.224806201550436,0
4197,4,0,0,46,0.0,0.0,1.0,46,1200,900,300,0.75,15,9,6,288.8055419703103,0.4406300322061192,0.1446838002467037,0.16108093768295118,129428.42306193312,-1724.070826247159,127704.35223568596,1851,2,396.10869565217394,41,5,14,38.26319830359757,0.6059451219512195,45.61011904761905,1017.5595238095239,24.818524970963995,0
4198,4,0,0,46,0.0,0.0,1.0,46,1350,900,450,0.6666666666666666,18,9,9,287.01248383971836,0.4397443639291465,0.14048793917702573,0.16090568796366514,129630.3985280455,-1758.8914674666185,127871.50706057888,1852,3,397.10869565217394,41,5,14,38.104704497483354,0.6079776422764227,45.41170634920635,1018.3531746031748,24.83788230739451,0
4199,4,1,1,46,0.02127659574468085,0.02127659574468085,0.9787234042553191,47,1300,1000,300,0.7692307692307693,16,10,6,287.1878177171196,0.44158572309589883,0.15630464446353676,0.16259557727125776,130015.40927716169,-1932.2316680187653,128083.17760914292,1853,0,389.63829787234044,42,5,15,37.711599366587464,0.6103670634920635,45.03391472868216,1019.8643410852702,24.282484311554054,0
4200,4,0,2,44,0.0,0.043478260869565216,0.9565217391304348,46,1200,800,400,0.6666666666666666,16,8,8,291.9839815894261,0.4389190821256039,0.15297749957705964,0.16528608649445464,130009.52695893156,-1607.8601347946778,128401.66682413688,1854,1,399.0,41,5,16,37.59524967574577,0.6117886178861789,45.03968253968253,1019.8412698412685,24.87417731320167,0
4201,4,1,2,43,0.022222222222222223,0.044444444444444446,0.9555555555555556,45,1150,800,350,0.6956521739130435,15,8,7,303.67381293425785,0.4383838383838384,0.16767193658385415,0.17199042813816084,130029.2691189106,-1102.7032107211414,128926.56590818946,1855,0,408.5111111111111,40,5,18,37.27726019662549,0.6135416666666667,45.02032520325203,1019.918699186991,25.497967479674777,0
4202,4,1,0,44,0.022727272727272728,0.0,1.0,44,1100,800,300,0.7272727272727273,14,8,6,305.32667000946174,0.43627774841437633,0.16818906049139093,0.1736178040903177,130184.79100568428,-850.2222552713504,129334.56875041293,1856,0,412.97727272727275,40,4,20,37.078022306313464,0.6151041666666667,44.86788617886178,1020.5284552845516,25.513211382113788,0
4203,4,0,0,44,0.0,0.0,1.0,44,1350,900,450,0.6666666666666666,18,9,9,302.34690365227783,0.43548493657505283,0.1698438404748115,0.17261259590330041,130340.40584308277,-918.3963745125357,129422.00946857024,1857,1,413.97727272727275,40,4,21,36.99699774416134,0.6166666666666667,44.71544715447154,1021.1382113821135,25.528455284552837,0
4204,4,0,0,44,0.0,0.0,1.0,44,800,600,200,0.75,10,6,4,305.90570519957225,0.4349894291754757,0.18077577084143637,0.1749947776301025,130418.24811826626,-820.8627676977953,129597.38535056847,1858,2,414.97727272727275,40,4,21,36.82759592743675,0.6174479166666667,44.639227642276424,1021.4430894308944,25.53607723577236,0
4205,4,0,0,44,0.0,0.0,1.0,44,1050,900,150,0.8571428571428571,12,9,3,306.7851851429924,0.43518763213530653,0.18359911766833026,0.17608629119851213,130548.0368828079,-789.9592669707122,129758.07761583719,1859,3,415.97727272727275,40,4,15,36.67420776982233,0.61875,44.51219512195122,1021.9512195121954,25.548780487804883,0
4206,4,0,1,43,0.0,0.022727272727272728,0.9772727272727273,44,1000,800,200,0.8,12,8,4,302.42714297473304,0.43474718111346017,0.10193472216932653,0.17147116158686135,130071.79578493649,-854.4473395281294,129217.34844540837,1860,4,416.97727272727275,38,6,18,37.266094120932834,0.6173245614035088,44.97863247863246,1020.0854700854675,26.844354475933354,8
4207,4,1,0,44,0.022727272727272728,0.0,1.0,44,1050,700,350,0.6666666666666666,14,7,7,302.1913407730893,0.4349453840732911,0.11642327928701879,0.17255107030164202,130346.55044100103,-921.9404065579811,129424.61003444305,1861,0,417.6818181818182,37,7,20,36.9947698557572,0.6219031531531531,44.709429824561404,1021.162280701754,27.598980559506863,0
4208,4,0,0,44,0.0,0.0,1.0,44,1000,700,300,0.7,13,7,6,323.1113008881267,0.43486830514446795,0.1742360197131414,0.17284354100081095,127766.20513048812,-543.4590501497379,127222.74608033837,1862,1,418.6818181818182,38,6,15,39.08225897354611,0.5940241228070176,47.24893162393163,1011.0042735042746,26.605375618533543,7
4209,4,2,0,46,0.043478260869565216,0.0,1.0,46,1100,700,400,0.6363636363636364,15,7,8,311.311203878092,0.43771135265700484,0.18371397166585246,0.16864946088352312,128273.18395135185,-1213.4241357657288,127059.75981558612,1863,0,401.4347826086956,40,6,17,38.863947966827205,0.5958333333333333,46.747967479674806,1013.0081300813019,25.325203252032548,0
4210,4,0,1,45,0.0,0.021739130434782608,0.9782608695652174,46,1400,800,600,0.5714285714285714,20,8,12,309.23348311493567,0.4376207729468599,0.17678194597045604,0.16795622514281833,128376.1525877456,-1260.359037279379,127115.79355046622,1864,1,402.4347826086956,40,6,14,38.81179803449658,0.596875,46.64634146341464,1013.4146341463431,25.33536585365858,0
4211,4,1,1,45,0.021739130434782608,0.021739130434782608,0.9782608695652174,46,1750,1400,350,0.8,21,14,7,311.37962269273635,0.4385466988727858,0.1909851360369279,0.17060000859796476,128722.74900990492,-1183.6717962647986,127539.07721364012,1865,0,402.9130434782609,41,5,15,38.40500456219246,0.5988313008130082,46.304563492063494,1014.7817460317463,24.750774293457226,0
4212,4,1,1,45,0.021739130434782608,0.021739130434782608,0.9782608695652174,46,1300,700,600,0.5384615384615384,19,7,12,311.85088858336167,0.4381541867954912,0.20357893842526664,0.17150961013706112,128873.80248685126,-1162.1180358717568,127711.6844509795,1866,0,403.8478260869565,41,5,17,38.23959859957659,0.6003556910569106,46.15575396825397,1015.3769841269844,24.765292295780107,0
4213,4,0,1,44,0.0,0.022222222222222223,0.9777777777777777,45,1300,1100,200,0.8461538461538461,15,11,4,320.43833416104684,0.4374158249158249,0.2117124026096724,0.17688691477680726,129020.64252635646,-731.3680472932975,128289.27447906316,1867,1,412.1333333333333,40,5,18,37.87240338768297,0.6033854166666667,46.01117886178861,1015.9552845528439,25.398882113821095,0
4214,4,0,0,44,0.0,0.0,1.0,44,800,400,400,0.5,12,4,8,328.8685678260626,0.4379294397463002,0.21029659871554673,0.1815198156201236,129016.12548828099,-314.130316840306,128701.99517144068,1868,2,404.75,39,5,18,37.66287723435521,0.6049679487179487,46.015624999999986,1015.937499999998,26.049679487179436,0
4215,4,1,0,45,0.022222222222222223,0.0,1.0,45,1250,800,450,0.64,17,8,9,326.7745188255053,0.43890993265993267,0.22024711584408418,0.18194298465506759,129360.29188368065,-545.537651909716,128814.75423177093,1869,0,396.73333333333335,39,6,19,37.36645846132842,0.608440170940171,45.677083333333336,1017.2916666666674,26.084401709401728,0
4216,4,1,0,46,0.021739130434782608,0.0,1.0,46,1500,1300,200,0.8666666666666667,17,13,4,324.8291241969885,0.440408615136876,0.2305041743467413,0.18263667807486345,129744.3870732536,-771.0488755039755,128973.33819774963,1870,0,389.0869565217391,40,6,17,37.026392352452206,0.6106770833333333,45.29979674796749,1018.8008130081321,25.4700203252033,0
4217,4,0,0,46,0.0,0.0,1.0,46,1250,1100,150,0.88,14,11,3,329.6846866727896,0.44016706924315624,0.23528149692474964,0.18610394440150568,129899.7385505488,-634.8090794169963,129264.9294711318,1871,1,390.0869565217391,40,6,17,36.74525637191373,0.6122395833333334,45.147357723577244,1019.4105691056926,25.485264227642315,0
4218,4,0,0,46,0.0,0.0,1.0,46,1600,1200,400,0.75,20,12,8,330.89097687366126,0.4396537842190016,0.23543541071946827,0.1875297986945761,130055.18297846873,-593.1826913543285,129462.0002871144,1872,2,391.0869565217391,40,6,17,36.55703065324965,0.6138020833333333,44.994918699187004,1020.0203252032538,25.500508130081347,0
4219,4,0,2,44,0.0,0.043478260869565216,0.9565217391304348,46,1700,1300,400,0.7647058823529411,21,13,8,333.5818218238794,0.4393115942028985,0.23877980364656382,0.18993740467114772,130236.65229030343,-511.08405215149105,129725.56823815194,1873,3,392.0869565217391,40,6,17,36.304634607726,0.615625,44.81707317073171,1020.7317073170735,25.518292682926838,0
4220,4,0,1,43,0.0,0.022727272727272728,0.9772727272727273,44,750,500,250,0.6666666666666666,10,5,5,346.3325486186639,0.43743393234672306,0.24267184732301028,0.19609077752750687,130017.3097468771,205.84524983564046,130223.15499671274,1874,4,410.20454545454544,38,6,17,36.20168133249529,0.6167763157894737,45.032051282051285,1019.8717948717951,26.838731443994607,0
4221,4,2,1,44,0.044444444444444446,0.022222222222222223,0.9777777777777777,45,1650,1000,650,0.6060606060606061,23,10,13,340.34204271593325,0.4385942760942761,0.25625707173568624,0.19659757996885102,130794.81336805566,-96.54293022681804,130698.27043782885,1875,0,399.0,37,8,15,35.567294636795644,0.6264076576576576,44.270833333333336,1022.9166666666675,27.64639639639642,0
4222,4,0,0,44,0.0,0.0,1.0,44,1300,900,400,0.6923076923076923,17,9,8,348.40727595068694,0.4371146053558845,0.2569610561188236,0.20118139144692251,130780.41459956583,312.96959966724194,131093.38419923309,1876,1,409.0681818181818,36,8,16,35.375610114132634,0.6281828703703703,44.28490990990991,1022.8603603603608,28.4127877877878,0
4223,4,0,1,43,0.0,0.022727272727272728,0.9772727272727273,44,1750,1300,450,0.7428571428571429,22,13,9,351.48550725470614,0.43627774841437633,0.2598199018009817,0.20417602213754238,131010.89000740627,409.68582602875796,131420.57583343502,1877,2,410.0681818181818,36,8,17,35.063753529131375,0.6304976851851851,44.0596846846847,1023.761261261263,28.43781281281286,0
4224,4,0,0,43,0.0,0.0,1.0,43,1250,1000,250,0.8,15,10,5,355.5078496708728,0.43717700258397935,0.26006139871315015,0.20694299038736103,131090.96364883424,720.77331961594,131811.7369684502,1878,3,416.2093023255814,35,8,17,34.87982218203737,0.6333333333333333,43.981481481481495,1024.074074074076,29.259259259259313,0
4225,4,0,1,42,0.0,0.023255813953488372,0.9767441860465116,43,1000,800,200,0.8,12,8,4,355.7136403049451,0.43747692875599853,0.26000092021246646,0.207720327310295,131212.72243527343,734.8310303547127,131947.55346562815,1879,4,417.2093023255814,36,7,18,34.75145636403605,0.6325231481481481,43.86261261261263,1024.549549549552,28.459709709709777,0
4226,4,0,0,42,0.0,0.0,1.0,42,1300,800,500,0.6153846153846154,18,8,10,366.2661886513454,0.43569734804490906,0.27114685768743363,0.21324101918023947,131097.37059694852,1203.3068541514729,132300.6774511,1880,5,427.9047619047619,36,6,18,34.59790337951763,0.6313657407407407,43.97522522522524,1024.0990990991008,28.447197197197244,0
4227,4,0,2,40,0.0,0.047619047619047616,0.9523809523809523,42,1300,1000,300,0.7692307692307693,16,10,6,365.19267631700706,0.4348867595818815,0.26461478900503277,0.21389856755710424,131328.12500000012,1192.0138888889028,132520.13888888902,1881,6,428.9047619047619,37,5,18,34.39193766937669,0.6317567567567568,43.75000000000001,1025.000000000001,27.702702702702727,0
4228,4,0,0,40,0.0,0.0,1.0,40,1600,1300,300,0.8125,19,13,6,363.4524158051698,0.431917735042735,0.2522937591693939,0.2137061616754883,131476.4596863211,1557.0873789008806,133033.54706522197,1882,7,428.625,35,5,18,34.28659763758792,0.637202380952381,43.60532407407407,1025.5787037037032,29.302248677248663,0
4229,4,0,0,40,0.0,0.0,1.0,40,1250,900,350,0.72,16,9,7,360.5309081846828,0.43124999999999997,0.24757245968196795,0.21297985095759997,131654.57182623853,1493.108469435841,133147.68029567436,1883,8,429.625,35,5,15,34.18163320927785,0.6389880952380953,43.43171296296295,1026.2731481481455,29.32208994708987,0
4230,4,0,0,40,0.0,0.0,1.0,40,1350,1100,250,0.8148148148148148,16,11,5,361.91270000202417,0.43103632478632475,0.2469310111599592,0.21446409897915525,131773.3802324459,1538.0919656635651,133311.47219810946,1884,9,430.625,35,5,15,34.0262512681772,0.6401785714285715,43.315972222222214,1026.7361111111104,29.33531746031744,0
4231,4,1,0,41,0.024390243902439025,0.0,1.0,41,1550,1300,250,0.8387096774193549,18,13,5,353.87282470685875,0.4305132113821138,0.24123187689776837,0.21220751858488118,132224.21481870385,1158.1112785082435,133382.3260972121,1885,0,421.0975609756098,36,5,16,33.77837694806382,0.642650462962963,42.877252252252255,1028.4909909909911,28.569194194194196,0
4232,4,0,0,41,0.0,0.0,1.0,41,1150,700,450,0.6086956521739131,16,7,9,355.3342207099074,0.43046239837398376,0.24495441013523456,0.21341078936127558,132282.13168827596,1200.8736354597668,133483.00532373574,1886,1,422.0975609756098,36,5,17,33.6824940704251,0.6432291666666667,42.82094594594594,1028.716216216215,28.575450450450415,0
4233,4,0,0,41,0.0,0.0,1.0,41,1450,1000,450,0.6896551724137931,19,10,9,359.4551623530956,0.4302083333333333,0.24785227609361127,0.21654981732003542,132398.00347222204,1318.3306194707993,133716.33409169284,1887,2,423.0975609756098,34,7,17,33.459851551956824,0.6485906862745099,42.70833333333332,1029.1666666666652,30.26960784313721,0
4234,4,0,1,40,0.0,0.024390243902439025,0.975609756097561,41,1100,700,400,0.6363636363636364,15,7,8,359.98078081474347,0.4294207317073171,0.2449963489347069,0.21792818298308905,132581.84700963704,1345.3833616779916,133927.23037131503,1888,3,424.0975609756098,34,7,17,33.26132817015374,0.6504289215686274,42.5297619047619,1029.8809523809514,30.29061624649857,0
4235,4,0,0,40,0.0,0.0,1.0,40,900,800,100,0.8888888888888888,10,8,2,368.9206349206348,0.4278979700854701,0.2469880952380954,0.22262452107279698,132461.0726643599,1773.524605920803,134234.5972702807,1889,4,434.9,33,7,17,33.15277777777777,0.6515151515151515,42.64705882352941,1029.4117647058827,31.19429590017826,0
4236,4,0,0,40,0.0,0.0,1.0,40,1400,1000,400,0.7142857142857143,18,10,8,366.42758225101204,0.42764423076923075,0.24683484055211813,0.22186292516120365,132587.25610342188,1716.7255382545318,134303.98164167642,1890,5,435.9,33,7,17,33.08989766777725,0.6527777777777778,42.524509803921575,1029.9019607843145,31.20915032679741,0
4237,4,0,1,39,0.0,0.025,0.975,40,1200,1000,200,0.8333333333333334,14,10,4,366.81262468523823,0.4268028846153846,0.24640309155766915,0.22321954946475064,132776.64389898122,1740.8298490965071,134517.47374807773,1891,6,436.9,33,7,15,32.88941736028538,0.6546717171717171,42.34068627450981,1030.6372549019613,31.231431966726102,0
4238,4,1,1,39,0.025,0.025,0.975,40,1500,1200,300,0.8,18,12,6,367.26502720508955,0.4270032051282051,0.2429569168630088,0.22497822594357128,133024.10361207562,1771.0202064043187,134795.12381847994,1198,0,390.6,35,5,16,32.62895489734096,0.6526785714285714,42.10069444444444,1031.5972222222222,29.474206349206348,0
4239,4,0,0,39,0.0,0.0,1.0,39,1000,700,300,0.7,13,7,6,366.6040096549969,0.4260571300044984,0.2497901487425711,0.2251715244288467,133123.3513919325,1960.7108797987146,135084.0622717312,1199,1,398.97435897435895,36,3,16,32.546286192346855,0.6516203703703703,42.0045045045045,1031.981981981982,28.666166166166168,0
4240,4,0,0,39,0.0,0.0,1.0,39,1100,800,300,0.7272727272727273,14,8,6,370.6164871972928,0.4255510571300045,0.2550342327829236,0.2283475775957515,133239.59094229373,2076.157830127432,135315.74877242115,1200,2,399.97435897435895,36,3,16,32.32597985747528,0.6527777777777778,41.891891891891895,1032.432432432433,28.678678678678693,0
4241,4,0,0,39,0.0,0.0,1.0,39,1350,900,450,0.6666666666666666,18,9,9,373.0814412866006,0.42510121457489874,0.2622476137634484,0.22142820257765936,131832.80452942822,2037.2803557553798,133870.0848851836,1201,3,400.97435897435895,35,4,15,33.67953811187496,0.6407738095238096,43.258101851851855,1026.967592592593,29.34193121693123,8
4242,4,0,0,39,0.0,0.0,1.0,39,1250,1100,150,0.88,14,11,3,370.01574680263764,0.42484817813765186,0.2552355579536636,0.22036708053702797,131963.74584043512,1965.732793604423,133929.47863403955,1202,4,401.97435897435895,36,3,16,33.62605947683763,0.6400462962962963,43.130630630630634,1027.4774774774783,28.541041041041062,0
4243,4,0,0,39,0.0,0.0,1.0,39,950,600,350,0.631578947368421,13,6,7,368.678566304959,0.42462325686009894,0.2524261478896588,0.21990592131366396,132021.60564280508,1934.7072579336213,133956.3129007387,1203,5,402.97435897435895,36,3,16,33.60202534882021,0.640625,43.07432432432433,1027.7027027027036,28.547297297297323,0
4244,4,0,0,39,0.0,0.0,1.0,39,850,600,250,0.7058823529411765,11,6,5,370.9548647910307,0.42451079622132254,0.254556079032906,0.22143263904170948,132050.54029959018,1996.9580644834086,134047.4983640736,1204,6,403.97435897435895,36,3,16,33.514343888097585,0.6409143518518519,43.046171171171174,1027.8153153153157,28.550425425425438,0
4245,4,0,2,37,0.0,0.05128205128205128,0.9487179487179487,39,1300,1100,200,0.8461538461538461,15,11,4,373.0625479691726,0.42386414754835805,0.25164205341622936,0.223372729541411,132166.31063073222,2061.260119917231,134227.57075064944,1205,7,404.97435897435895,36,3,16,33.34337239440733,0.6420717592592593,42.933558558558566,1028.265765765767,28.56293793793797,0
4246,4,0,1,36,0.0,0.02702702702702703,0.972972972972973,37,1150,1000,150,0.8695652173913043,13,10,3,375.2253712304537,0.41976351351351354,0.19596088791135258,0.21051726162582068,129659.7526580637,2330.32576495417,131990.07842301787,1206,15,405.6756756756757,36,1,13,35.829002653693074,0.6168981481481481,45.382882882882896,1018.4684684684703,28.29079079079084,8
4247,4,0,0,36,0.0,0.0,1.0,36,1150,900,250,0.782608695652174,14,9,5,378.8595041322312,0.4185681216931217,0.18565656565656585,0.21262523191094618,129672.4965706448,2625.531550068595,132298.0281207134,1207,16,400.02777777777777,35,1,13,35.72348484848484,0.6190476190476191,45.370370370370374,1018.5185185185192,29.10052910052912,0
4248,4,1,0,37,0.02702702702702703,0.0,1.0,37,1300,800,500,0.6153846153846154,18,8,10,371.9766060979119,0.4193255755755756,0.18073914055366935,0.21084881714861628,130061.48674011862,2275.966084327587,132337.4528244462,1208,0,390.18918918918916,36,1,14,35.502916390667565,0.6209490740740741,44.988738738738746,1020.045045045046,28.33458458458461,0
4249,4,0,0,37,0.0,0.0,1.0,37,1050,600,450,0.5714285714285714,15,6,9,372.50949032449824,0.4191378878878879,0.18044269434997884,0.21146215428195225,130118.92804967145,2294.1071138706484,132413.0351635421,1209,1,391.18918918918916,36,1,14,35.43092347314203,0.6215277777777778,44.93243243243244,1020.2702702702716,28.340840840840876,0
4250,4,0,0,37,0.0,0.0,1.0,37,1100,800,300,0.7272727272727273,14,8,6,371.337773120952,0.4191378878878879,0.18058778266237963,0.21110808657603958,130176.38204082483,2267.8815639964546,132444.2636048213,1210,2,392.18918918918916,36,1,15,35.40241300669463,0.6221064814814814,44.87612612612614,1020.4954954954973,28.347097097097148,0
4251,4,1,1,37,0.02631578947368421,0.02631578947368421,0.9736842105263158,38,950,500,450,0.5263157894736842,14,5,9,363.79003056048913,0.4229492650545282,0.18074662458151747,0.20819806733212629,130435.08193582116,1890.2250223196409,132325.3069581408,1211,0,382.8421052631579,36,2,17,35.33237790761769,0.6247106481481481,44.62274774774776,1021.5090090090106,28.375250250250293,0
4252,4,0,1,36,0.0,0.02702702702702703,0.972972972972973,37,900,400,500,0.4444444444444444,14,4,10,370.1856437061166,0.4228603603603604,0.17177096802389524,0.19653372807061853,127461.32270361579,2039.917113059007,129501.2398166748,1212,1,393.64864864864865,36,1,14,38.20536411285826,0.5946180555555556,47.55067567567568,1009.7972972972974,28.049924924924927,6
4253,4,0,0,36,0.0,0.0,1.0,36,700,500,200,0.7142857142857143,9,5,4,376.0146653345903,0.41870039682539684,0.1841778440139097,0.1993906337819836,127413.15593117708,2381.8430373370975,129794.99896851418,1213,5,405.55555555555554,35,1,15,38.10770854828232,0.5961309523809524,47.598379629629626,1009.6064814814811,28.845899470899457,0
4254,4,0,0,36,0.0,0.0,1.0,36,1000,800,200,0.8,12,8,4,376.4301021532797,0.41924603174603176,0.18451407473485948,0.19998964194968102,127489.75326678042,2398.1961691421275,129887.94943592255,1214,6,406.55555555555554,36,0,15,38.018510258697596,0.5949074074074074,47.52252252252253,1009.909909909911,28.053053053053084,0
4255,4,3,0,39,0.07692307692307693,0.0,1.0,39,1500,1000,500,0.6666666666666666,20,10,10,367.5030082254766,0.4283625730994152,0.2070912075237339,0.20039314976823136,128533.39489073545,1650.636139293056,130184.0310300285,1215,0,376.20512820512823,37,2,16,37.17470444059977,0.6036036036036037,46.49122807017543,1014.0350877192969,27.40635372214316,0
4256,4,0,0,39,0.0,0.0,1.0,39,950,500,450,0.5263157894736842,14,5,9,367.32732409300723,0.42892487629329734,0.20769878815371667,0.20092973903152028,128658.86843450925,1651.9835725764972,130310.85200708575,1216,1,377.20512820512823,38,1,17,37.05090739960684,0.6030701754385965,46.367521367521356,1014.5299145299128,26.69815564552402,0
4257,4,2,0,41,0.04878048780487805,0.0,1.0,41,1300,1000,300,0.7692307692307693,16,10,6,358.75401981877354,0.4331808943089431,0.1977662134011826,0.19935665584675408,129282.86540516073,1078.4323864051048,130361.29779156584,1217,0,359.7560975609756,38,3,20,36.63199915957558,0.609375,45.75320512820511,1016.9871794871767,26.76282051282044,0
4258,4,0,0,41,0.0,0.0,1.0,41,750,500,250,0.6666666666666666,10,5,5,360.2079810380641,0.43307926829268295,0.2499504376841135,0.19267707987553498,127763.95486379013,1191.053919097379,128955.00878288751,1218,1,360.7560975609756,35,6,17,38.14694237740889,0.5997023809523809,47.2511574074074,1010.995370370369,28.88558201058197,8
4259,4,1,1,41,0.023809523809523808,0.023809523809523808,0.9761904761904762,42,950,900,50,0.9473684210526315,10,9,1,351.2475866815425,0.43503193960511033,0.2439198173428896,0.18940399260230267,128087.52745566511,598.0869805616373,128685.61443622675,1219,0,353.14285714285717,36,6,19,38.04232951385025,0.6009837962962963,46.931306306306304,1012.2747747747748,28.118743743743742,0
4260,4,2,2,41,0.046511627906976744,0.046511627906976744,0.9534883720930233,43,1250,800,450,0.64,17,8,9,343.1013523089106,0.4375922849760059,0.2658216435522791,0.1882978009855535,128789.87295310349,237.62127798155393,129027.49423108505,1220,0,345.7906976744186,35,8,17,37.53183200304066,0.6101190476190477,46.238425925925924,1015.0462962962957,29.001322751322736,0
4261,4,0,0,41,0.0,0.0,1.0,41,1250,700,550,0.56,18,7,11,351.1635603530076,0.43546747967479676,0.19436475519105878,0.17886660635352536,125768.72210680219,633.0784472145419,126401.80055401674,1134,1,333.8780487804878,37,4,17,40.42641378807755,0.5754504504504505,49.232456140350884,1003.0701754385973,27.11000474158371,8
4262,4,4,5,40,0.08888888888888889,0.1111111111111111,0.8888888888888888,45,850,500,350,0.5882352941176471,12,5,7,323.8521510433989,0.44396043771043775,0.20001149623498282,0.16873482694525374,126698.43885633707,-793.0864620003016,125905.35239433678,1135,0,305.1111111111111,39,6,12,40.15616916709777,0.5814636752136753,48.30729166666668,1006.7708333333355,25.81463675213681,0
4263,4,2,1,41,0.047619047619047616,0.023809523809523808,0.9761904761904762,42,1550,1100,450,0.7096774193548387,20,11,9,344.70062913829275,0.4392663569492838,0.21761738697222577,0.1789011862541273,126539.80070790999,323.66978301014103,126863.47049092014,1136,0,324.4761904761905,37,5,14,39.79448198198196,0.5833333333333333,48.464912280701746,1006.140350877192,27.192982456140324,0
4264,4,1,0,42,0.023809523809523808,0.0,1.0,42,900,600,300,0.6666666666666666,12,6,6,344.33251824597966,0.44048828881145957,0.22905223520624918,0.1793146256390435,126677.74128818465,323.8531326946546,127001.59442087931,1137,0,325.45238095238096,37,5,15,39.66196038920959,0.584740990990991,48.32785087719297,1006.6885964912267,27.20779990516829,0
4265,4,0,1,41,0.0,0.023809523809523808,0.9761904761904762,42,850,700,150,0.8235294117647058,10,7,3,345.0359438494221,0.440754452187379,0.22774969541436607,0.18016800137901876,126788.14785559005,349.29365285471204,127137.44150844477,1138,1,326.45238095238096,37,5,17,39.53082471420796,0.5858671171171171,48.21820175438596,1007.1271929824552,27.219653864390683,0
4266,4,1,0,42,0.023809523809523808,0.0,1.0,42,1550,800,750,0.5161290322580645,23,8,15,339.118609152986,0.4439847077042199,0.2199159602984857,0.1791371665571627,127257.91229031995,231.4689375576882,127489.38122787763,1139,0,302.6666666666667,37,5,20,39.1980004346881,0.5906531531531531,47.75219298245613,1008.9912280701742,27.27003319108579,0
4267,4,0,0,42,0.0,0.0,1.0,42,1500,1300,200,0.8666666666666667,17,13,4,347.55488607839413,0.4436822493224932,0.18203879999423878,0.18249851323512942,127015.17083292035,428.9486458126901,127444.11947873305,1140,1,303.6666666666667,40,2,16,39.23425580535672,0.5830729166666666,47.992886178861795,1008.028455284554,25.200711382113848,8
4268,4,5,4,43,0.10638297872340426,0.0851063829787234,0.9148936170212766,47,1450,1100,350,0.7586206896551724,18,11,7,310.8748023427476,0.45235892691951896,0.17881097864379192,0.16767162649061385,128096.59539284871,-1435.552769981548,126661.04262286717,1141,0,272.25531914893617,43,4,15,39.05480199563458,0.5896317829457365,46.92234848484848,1012.3106060606042,23.54210711768847,0
4269,4,2,0,45,0.044444444444444446,0.0,1.0,45,1500,1300,200,0.8666666666666667,17,13,4,328.71005436163176,0.4458543771043771,0.22149062642889827,0.1775034293552813,128144.53125000012,-575.5118658172494,127569.01938418287,1142,0,285.26666666666665,40,5,19,38.55452674897121,0.59453125,46.87500000000001,1012.5000000000009,25.31250000000002,0
4270,4,1,0,46,0.021739130434782608,0.0,1.0,46,1600,1100,500,0.6875,21,11,10,325.76605330952367,0.44670893719806765,0.2251511760024849,0.17713420791183637,128420.90778730484,-832.9655415406805,127587.94224576416,1143,0,280.04347826086956,41,5,15,38.347341848553064,0.5957825203252032,46.602182539682545,1013.5912698412706,24.721738288811476,0
4271,4,1,0,47,0.02127659574468085,0.0,1.0,47,1500,1100,400,0.7333333333333333,19,11,8,319.2140390149602,0.44694341658957754,0.22709063694798592,0.17509396469612823,128768.51343692618,-1179.0565455693177,127589.45689135687,1144,0,275.06382978723406,43,4,17,38.15971574298689,0.5964147286821706,46.2594696969697,1014.9621212121219,23.603770260747023,0
4272,4,3,3,47,0.06,0.06,0.94,50,1950,1600,350,0.8205128205128205,23,16,7,307.1105498536806,0.4505187074829932,0.24200236428116728,0.17204761674686353,129601.77576303176,-2038.132739077061,127563.6430239547,1145,0,259.5,44,6,16,37.62200297050708,0.6034564393939394,45.439814814814824,1018.2407407407425,23.141835016835056,0
4273,4,0,0,47,0.0,0.0,1.0,47,1350,900,450,0.6666666666666666,18,9,9,326.87129821681225,0.44501618871415355,0.25256909864301824,0.18254614308145212,129478.90216561152,-935.412631487794,128543.48953412373,1146,1,276.70212765957444,41,6,17,37.24361942359552,0.6064532520325203,45.560515873015866,1017.7579365079358,24.823364305071607,0
4274,4,1,0,48,0.020833333333333332,0.0,1.0,48,1450,800,650,0.5517241379310345,21,8,13,322.61901836981144,0.4452016843971631,0.2576604210259341,0.18139124915188196,129743.7851165793,-1228.4374812211017,128515.3476353582,1147,0,271.9166666666667,42,6,19,37.08329370363325,0.6076388888888888,45.30038759689921,1018.7984496124012,24.25710594315241,0
4275,4,0,0,48,0.0,0.0,1.0,48,1150,700,450,0.6086956521739131,16,7,9,323.35121283064376,0.4451278073286052,0.2605236465069105,0.18203219240508792,129793.1502013097,-1206.2454930593399,128586.90470825037,1148,1,272.9166666666667,42,6,19,37.014628502599216,0.6081349206349207,45.25193798449611,1018.992248062013,24.26172019195269,0
4276,4,0,0,48,0.0,0.0,1.0,48,1850,1400,450,0.7567567567567568,23,14,9,326.35560773796794,0.4444629137115839,0.25650620921244416,0.184420714533775,129941.30179225974,-1118.5854966648997,128822.71629559483,1149,2,273.9166666666667,42,6,19,36.78799974656274,0.6096230158730158,45.106589147286805,1019.5736434108499,24.275562938353566,0
4277,4,0,1,47,0.0,0.020833333333333332,0.9791666666666666,48,1900,1400,500,0.7368421052631579,24,14,10,325.0450510617163,0.44425051713947994,0.25702224965185416,0.18484743400550727,130188.40889970551,-1136.5803963103278,129051.82850339518,1150,3,274.9166666666667,42,6,20,36.571282757311025,0.6121031746031746,44.86434108527131,1020.5426356589145,24.29863418235511,0
4278,4,0,0,47,0.0,0.0,1.0,47,1700,1200,500,0.7058823529411765,22,12,10,335.60533134363357,0.44297332716620413,0.2630402939497012,0.1904726946764859,130110.72137188188,-666.8296485260919,129443.89172335579,1151,4,281.6170212765957,41,6,20,36.38054259043175,0.6128048780487805,44.94047619047618,1020.2380952380936,24.883855981416918,0
4279,4,0,0,47,0.0,0.0,1.0,47,1550,1300,250,0.8387096774193549,18,13,5,339.18119633745295,0.4428384212149245,0.26870338712033504,0.19301451605728973,130214.25637769743,-566.7545483241573,129647.50182937327,1152,5,282.6170212765957,43,4,20,36.18443434155994,0.6109496124031008,44.83901515151515,1020.6439393939394,23.735905567300914,0
4280,4,0,0,47,0.0,0.0,1.0,47,1550,1100,450,0.7096774193548387,20,11,9,341.4541224227121,0.4422217082947888,0.26309727955964823,0.19519988227236976,130392.29811124344,-495.37555300072245,129896.92255824272,1153,6,283.6170212765957,40,7,21,35.946102819237154,0.6171875,44.66463414634147,1021.3414634146352,25.53353658536588,0
4281,4,0,0,47,0.0,0.0,1.0,47,1050,700,350,0.6666666666666666,14,7,7,340.37265430707976,0.4420675300647549,0.26916934765733247,0.19575806344625046,130625.9411250745,-507.7003395795997,130118.2407854949,1154,7,284.6170212765957,40,7,17,35.737275077045446,0.61953125,44.435975609756106,1022.2560975609767,25.556402439024417,0
4282,4,0,0,47,0.0,0.0,1.0,47,1000,600,400,0.6,14,6,8,340.6383898264471,0.44243370336108545,0.2672029163864893,0.19630604114740624,130703.86860499713,-495.4489308612464,130208.41967413589,1155,8,285.6170212765957,40,7,17,35.65166799178428,0.6203125,44.35975609756098,1022.560975609757,25.564024390243922,0
4283,4,0,0,47,0.0,0.0,1.0,47,1350,1000,350,0.7407407407407407,17,10,7,345.73279989428517,0.4416435399321616,0.2781930740138183,0.20031814125060146,130911.78882444323,-347.90014211116454,130563.88868233206,1156,9,286.6170212765957,40,7,17,35.311155246607086,0.6223958333333333,44.15650406504066,1023.3739837398382,25.584349593495954,0
4284,4,0,0,47,0.0,0.0,1.0,47,1900,1600,300,0.8421052631578947,22,16,6,345.34883720930173,0.44158572309589883,0.28226125680356207,0.2006756756756757,131023.24263038574,-350.2551020407956,130672.98752834494,1157,10,287.6170212765957,41,6,17,35.208333333333336,0.6219512195121951,44.04761904761906,1023.8095238095258,24.97096399535429,0
4285,4,0,2,45,0.0,0.0425531914893617,0.9574468085106383,47,1350,1000,350,0.7407407407407407,17,10,7,348.4561032457515,0.4406991982732038,0.2911256609310495,0.20317316422563939,131154.36952594505,-259.6918942671628,130894.67763167789,1158,11,288.6170212765957,42,5,17,34.99629489483808,0.6217757936507937,43.91957364341086,1024.3217054263573,24.38861203396089,0
4286,4,0,0,45,0.0,0.0,1.0,45,1200,900,300,0.75,15,9,6,354.9796667888745,0.438236531986532,0.2836772256127096,0.2066810547242839,131099.43000637766,307.52639597506726,131406.95640235272,1159,14,295.4222222222222,41,4,18,34.88478397752592,0.6227134146341464,43.97321428571429,1024.1071428571436,24.978222996515697,0
4287,4,0,0,45,0.0,0.0,1.0,45,1450,1200,250,0.8275862068965517,17,12,5,354.96894726705347,0.4378577441077441,0.28579051553489987,0.2073596881998941,131226.45817586294,316.26354245401575,131542.72171831696,1160,15,296.4222222222222,41,4,19,34.75664859282208,0.6239837398373984,43.84920634920635,1024.6031746031745,24.99032133178474,0
4288,4,0,1,44,0.0,0.022222222222222223,0.9777777777777777,45,1000,700,300,0.7,13,7,6,349.75520218894525,0.4371212121212121,0.2761262939257454,0.20528565624005893,131408.21533203125,192.22011974639327,131600.43545177765,1161,16,297.4222222222222,39,6,20,34.706665481391184,0.6290064102564102,43.671875,1025.3125,26.290064102564102,0
4289,4,0,0,44,0.0,0.0,1.0,44,1550,800,750,0.5161290322580645,23,8,15,356.7098044060799,0.43814966525722343,0.27453945242162603,0.20966018055987212,131461.62245008687,578.7299262152875,132040.35237630215,1162,17,284.6363636363636,39,5,21,34.474458269849336,0.6295405982905983,43.61979166666667,1025.520833333334,26.295405982905997,0
4290,4,0,1,43,0.0,0.022727272727272728,0.9772727272727273,44,1100,900,200,0.8181818181818182,13,9,4,361.12376283078066,0.437918428470754,0.2826098992359647,0.21329684121156178,131648.6328125,708.2899305555554,132356.92274305556,1163,18,285.6363636363636,39,5,16,34.172418459872794,0.6314102564102564,43.4375,1026.25,26.314102564102566,0
4291,4,0,0,43,0.0,0.0,1.0,43,1150,700,450,0.6086956521739131,16,7,9,359.51474055817033,0.4363002953119232,0.2784611864498736,0.2133928854402768,131835.77609592004,879.380967881935,132715.15706380198,1164,19,290.7906976744186,39,4,17,34.024854616763015,0.6332799145299146,43.25520833333333,1026.9791666666658,26.332799145299123,0
4292,4,1,0,44,0.022727272727272728,0.0,1.0,44,1450,1000,450,0.6896551724137931,19,10,9,352.9380362636469,0.43585931994362226,0.2818321097702343,0.21115754659250804,132136.6572993091,527.2104691321135,132663.8677684412,1165,0,285.15909090909093,40,4,19,33.89056373760338,0.6346354166666667,42.96239837398373,1028.1504065040635,25.70376016260159,0
4293,4,0,0,44,0.0,0.0,1.0,44,1250,800,450,0.64,17,8,9,349.0832120799632,0.43519864341085274,0.27428553465897876,0.20957415614907376,132267.29811124317,434.4586555621521,132701.75676680534,1166,1,286.15909090909093,40,4,19,33.85818020154119,0.6359375,42.83536585365853,1028.6585365853648,25.71646341463412,0
4294,4,0,0,44,0.0,0.0,1.0,44,1300,1000,300,0.7692307692307693,16,10,6,345.0310609910016,0.4350665081042988,0.26619433198380604,0.20786017576774937,132398.00347222202,336.41382031195826,132734.41729253397,1167,2,287.15909090909093,38,6,20,33.83097165991903,0.640625,42.70833333333332,1029.166666666665,27.083333333333286,0
4295,4,0,0,44,0.0,0.0,1.0,44,1250,900,350,0.72,16,9,7,345.1658913425499,0.4338222339675828,0.25807410062442293,0.20870193605768456,132535.48127145867,349.3455055153606,132884.82677697402,1168,3,288.15909090909093,38,6,21,33.68934599156118,0.6419956140350878,42.57478632478632,1029.7008547008534,27.09739091318035,0
4296,4,0,0,44,0.0,0.0,1.0,44,1650,1100,550,0.6666666666666666,22,11,11,344.3664048018659,0.43372313248766736,0.2548354921446234,0.20879456634492025,132639.3242730034,335.30544704860114,132974.629720052,1169,4,289.15909090909093,39,5,15,33.60562662217277,0.6412927350427351,42.47395833333333,1030.104166666666,26.412927350427335,0
4297,4,0,0,44,0.0,0.0,1.0,44,1050,700,350,0.6666666666666666,14,7,7,364.28809449729283,0.4335029069767442,0.28385962748242277,0.2114018312161455,130972.4633487654,834.149546682097,131806.6128954475,1170,5,290.15909090909093,38,6,18,34.77498869289913,0.6263706140350878,44.09722222222222,1023.611111111111,26.93713450292397,8
4298,4,0,0,44,0.0,0.0,1.0,44,1150,700,450,0.6086956521739131,16,7,9,369.0822852721096,0.4338002114164905,0.2921834110820345,0.21525309922074126,131163.9135437212,882.0553911900042,132045.9689349112,1171,6,291.15909090909093,38,6,19,34.4584376303713,0.6282894736842105,43.91025641025641,1024.3589743589741,26.956815114709844,0
4299,4,0,0,44,0.0,0.0,1.0,44,1450,1000,450,0.6896551724137931,19,10,9,368.1760881496331,0.43348088442565186,0.2883273940404889,0.21533811204458997,131273.37643363263,866.343642705802,132139.72007633842,1172,7,292.15909090909093,38,6,19,34.37087329719211,0.6293859649122807,43.80341880341879,1024.7863247863231,26.96806117858745,0
4300,4,0,0,44,0.0,0.0,1.0,44,1450,1000,450,0.6896551724137931,19,10,9,362.7534818254829,0.4331065010570825,0.28860696130556085,0.21325162259671512,131468.65051025298,738.1535589725851,132206.80406922556,1173,8,293.15909090909093,37,7,19,34.31240867457857,0.6331644144144144,43.61293859649122,1025.5482456140337,27.71752015173064,0
4301,4,0,0,44,0.0,0.0,1.0,44,1100,800,300,0.7272727272727273,14,8,6,362.0753279546688,0.43335976039464413,0.28619654549340456,0.21363814117274801,131609.25116381928,730.492555401624,132339.74371922092,1174,9,294.15909090909093,37,7,16,34.18777160361899,0.634572072072072,43.47587719298244,1026.0964912280674,27.73233760075858,0
4302,4,1,0,45,0.022222222222222223,0.0,1.0,45,1250,800,450,0.64,17,8,9,353.7342546666368,0.43522727272727274,0.28078518364470373,0.2106416301627889,131958.55391418267,335.65214314410315,132294.20605732678,1175,0,288.6,38,7,17,34.049513015146786,0.6362390350877193,43.13568376068375,1027.4572649572629,27.038349077822705,0
4303,4,0,1,44,0.0,0.022222222222222223,0.9777777777777777,45,1000,500,500,0.5,15,5,10,355.60002970435283,0.4347853535353536,0.28390569590278547,0.21205931095636482,132013.44515897782,388.79700398127665,132402.2421629591,1176,1,289.6,38,7,17,33.946269535987796,0.6367872807017544,43.08226495726495,1027.6709401709386,27.04397210976154,0
4304,4,0,0,44,0.0,0.0,1.0,44,1300,1000,300,0.7692307692307693,16,10,6,355.8191786666667,0.4349123502466526,0.27971151515151527,0.21260706182281688,132087.85545792925,599.8784481763436,132687.7339061056,1177,2,292.5,37,7,18,33.86566666666666,0.6393581081081081,43.00986842105262,1027.9605263157885,27.78271692745374,0
4305,4,0,0,44,0.0,0.0,1.0,44,900,500,400,0.5555555555555556,13,5,8,359.4577794325636,0.4350004404510219,0.27976334745557296,0.21510118683721424,132144.2189543897,700.0535020390739,132844.2724564288,1178,3,293.5,37,7,18,33.715362944793995,0.6399211711711712,42.955043859649116,1028.1798245614027,27.788643907064937,0
4306,4,0,0,44,0.0,0.0,1.0,44,1200,800,400,0.6666666666666666,16,8,8,355.8167129627523,0.4347031360112756,0.28278736189183906,0.21339902606078107,132228.78674207444,609.8424515235374,132838.62919359797,1179,4,294.5,37,7,18,33.72379175550816,0.6407657657657657,42.872807017543856,1028.5087719298242,27.797534376481735,0
4307,4,0,0,44,0.0,0.0,1.0,44,1350,800,550,0.5925925925925926,19,8,11,356.96700193105875,0.4346701021846371,0.2825215066263653,0.21472938116160614,132341.58587257622,648.3158279470609,132989.90170052327,1180,5,295.5,37,7,18,33.58065146348393,0.6418918918918919,42.76315789473684,1028.947368421053,27.809388335704135,0
4308,4,0,0,44,0.0,0.0,1.0,44,1350,1000,350,0.7407407407407407,17,10,7,357.88788886242855,0.434736169837914,0.28512374679130104,0.2154443769707437,132369.79316953302,674.7091653201005,133044.5023348531,1181,6,296.5,37,7,18,33.5285695258391,0.6421734234234234,42.73574561403509,1029.0570175438602,27.812351825509733,0
4309,4,0,0,44,0.0,0.0,1.0,44,1050,200,850,0.19047619047619047,19,2,17,357.48823944008245,0.43461504580690624,0.2847810084652187,0.2153648661992693,132398.0034722223,666.1458333333374,133064.14930555565,1182,7,297.5,37,7,18,33.5104588394062,0.642454954954955,42.708333333333336,1029.1666666666672,27.81531531531533,0
4310,4,0,1,43,0.0,0.022727272727272728,0.9772727272727273,44,850,700,150,0.8235294117647058,10,7,3,344.97342755723434,0.4352647110641297,0.18207136010995173,0.1977401847582916,130496.11363110582,203.53832044417902,130699.65195155,1183,8,298.5,40,4,14,35.75111066905379,0.6182291666666666,44.5630081300813,1021.7479674796748,25.54369918699187,8
4311,4,1,0,44,0.022727272727272728,0.0,1.0,44,1250,800,450,0.64,17,8,9,343.82292286925275,0.43577122973925303,0.18389752771726187,0.1980873597548009,130693.3532238127,187.07414099899438,130880.4273648117,1184,0,298.0681818181818,41,3,15,35.58089566960964,0.6186483739837398,44.370039682539684,1022.5198412698414,24.939508323654668,0
4312,4,0,0,44,0.0,0.0,1.0,44,1100,900,200,0.8181818181818182,13,9,4,341.4845493978108,0.43589235377026075,0.18133330982438856,0.1973872574770306,130820.18455530361,134.61435500126078,130954.79891030487,1185,1,299.0681818181818,41,3,17,35.51242888544092,0.6199186991869918,44.24603174603175,1023.0158730158731,24.951606658923733,0
4313,4,0,0,44,0.0,0.0,1.0,44,800,400,400,0.5,12,4,8,346.9638222400902,0.43516560958421424,0.18198561810426894,0.20108307810273993,130921.69390904513,285.0182665658908,131206.71217561103,1186,2,300.0681818181818,41,3,17,35.26964585756753,0.6209349593495934,44.1468253968254,1023.4126984126987,24.96128532713899,0
4314,4,0,0,44,0.0,0.0,1.0,44,1000,700,300,0.7,13,7,6,348.66143861546783,0.4347251585623679,0.17468287526427062,0.202600565681961,131023.24263038543,336.5504535147326,131359.79308390015,1187,3,301.0681818181818,41,3,17,35.12354651162791,0.6219512195121951,44.047619047619044,1023.8095238095233,24.970963995354225,0
4315,4,1,1,44,0.022222222222222223,0.022222222222222223,0.9777777777777777,45,1100,700,400,0.6363636363636364,15,7,8,346.35468305902555,0.4359848484848485,0.18337850045167148,0.20286488579171513,131328.12500000015,97.22222222223738,131425.3472222224,1188,0,295.35555555555555,42,3,19,34.874661246612476,0.6235119047619048,43.75000000000001,1025.0000000000011,24.404761904761934,0
4316,4,0,0,44,0.0,0.0,1.0,44,1150,800,350,0.6956521739130435,15,8,7,348.93228455221936,0.436531007751938,0.18471746136004463,0.20469153487175892,131387.44882758922,369.06453617970635,131756.51336376893,1189,1,301.70454545454544,35,9,19,34.748720553924905,0.6363095238095238,43.69212962962963,1025.231481481482,29.292328042328055,0
4317,4,0,3,41,0.0,0.06818181818181818,0.9318181818181819,44,1200,800,400,0.6666666666666666,16,8,8,348.1126209631391,0.4365750528541226,0.18267829027931692,0.20479531172888069,131496.76462950135,355.13667666974254,131851.9013061711,1190,2,302.70454545454544,37,7,19,34.65941486708004,0.6334459459459459,43.58552631578947,1025.6578947368419,27.720483641536266,0
4318,4,0,0,41,0.0,0.0,1.0,41,1750,1300,450,0.7428571428571429,22,13,9,363.7104229632765,0.43282520325203255,0.20080253049134478,0.2135404139729175,131419.65880102038,1359.739937641721,132779.3987386621,1191,3,321.5609756097561,34,7,19,34.33738728278958,0.6387867647058824,43.660714285714285,1025.3571428571427,30.157563025210077,0
4319,4,0,0,41,0.0,0.0,1.0,41,1250,800,450,0.64,17,8,9,374.6117524269403,0.4325457317073171,0.19872751254108278,0.20713826310666106,129086.9247626004,1475.1239380582956,130562.0487006587,1192,4,322.5609756097561,36,5,17,36.42878250591016,0.6111111111111112,45.945945945945944,1016.2162162162159,28.228228228228218,8
4320,4,0,0,41,0.0,0.0,1.0,41,900,600,300,0.6666666666666666,12,6,6,375.907014243483,0.4320376016260163,0.1941223510595762,0.2084575260804767,129201.38888888872,1513.6938458728741,130715.08273476159,1193,5,323.5609756097561,33,8,17,36.2790300546448,0.6186868686868687,45.83333333333332,1016.6666666666653,30.808080808080767,0
4321,4,1,1,41,0.023809523809523808,0.023809523809523808,0.9761904761904762,42,1400,1100,300,0.7857142857142857,17,11,6,366.63186895556885,0.43228561749903216,0.20840359048843382,0.20599270536131306,129716.28578514715,1111.6248582766202,130827.91064342376,1194,0,316.8333333333333,34,8,15,35.990271123057155,0.6216299019607843,45.32738095238094,1018.6904761904742,29.961484593837476,0
4322,4,0,1,40,0.0,0.024390243902439025,0.975609756097561,41,1550,700,850,0.45161290322580644,24,7,17,363.9095049972288,0.43147865853658535,0.20034700755838286,0.20509738461364535,129837.58680555539,1249.8263888888628,131087.41319444426,1195,1,320.4146341463415,34,7,15,35.93622240392475,0.6228553921568627,45.20833333333332,1019.1666666666653,29.97549019607839,0
4323,4,1,1,40,0.024390243902439025,0.024390243902439025,0.975609756097561,41,1050,900,150,0.8571428571428571,12,9,3,363.8319132918871,0.4310213414634146,0.21879809839740738,0.20697617734912707,130201.83000283432,1274.3161848072373,131476.14618764157,1196,0,321.1219512195122,34,7,17,35.56806252187099,0.626531862745098,44.85119047619047,1020.5952380952369,30.017507002801086,0
4324,4,0,0,40,0.0,0.0,1.0,40,1000,700,300,0.7,13,7,6,371.54513221410576,0.42918002136752137,0.22111928104575185,0.2105422415879931,130049.99999999988,1663.8888888888732,131713.88888888876,1197,1,329.95,34,6,17,35.52559912854029,0.625,44.99999999999999,1019.9999999999991,29.99999999999997,0
4325,4,0,0,40,0.0,0.0,1.0,40,650,200,450,0.3076923076923077,11,2,9,373.9480910964615,0.42855235042735046,0.22249154124372894,0.21239954200051506,130141.08737244898,1733.202239229021,131874.289611678,1198,2,330.95,34,6,17,35.371699140512575,0.6259191176470589,44.910714285714285,1020.3571428571428,30.01050420168067,0
4326,4,0,0,40,0.0,0.0,1.0,40,1100,700,400,0.6363636363636364,15,7,8,371.67846730528925,0.42869925213675214,0.2135714285714283,0.21177028951115323,130262.58680555565,1683.2164115646347,131945.8032171203,1199,3,331.95,33,7,17,35.3061224489796,0.6294191919191919,44.79166666666667,1020.8333333333342,30.93434343434346,0
4327,4,0,0,40,0.0,0.0,1.0,40,800,500,300,0.625,11,5,6,373.42936892990116,0.4290998931623931,0.21887982195845646,0.2132977920836897,130359.27456382026,1735.9963269054433,132095.27089072572,1200,4,332.95,32,8,17,35.16320474777448,0.6328125,44.69696969696971,1021.2121212121232,31.91287878787885,0
4328,4,1,0,41,0.024390243902439025,0.0,1.0,41,900,800,100,0.8888888888888888,10,8,2,364.29816206440364,0.43046239837398376,0.2207897375629635,0.20975428337497057,130669.48596993963,1320.53071534989,131990.01668528953,1201,0,325.8048780487805,33,8,16,35.081680250908946,0.6335227272727273,44.39338235294119,1022.4264705882368,30.982620320855663,0
4329,4,1,0,42,0.023809523809523808,0.0,1.0,42,1400,900,500,0.6428571428571429,19,9,10,351.94943981614466,0.4315234223770809,0.21415657788539155,0.20518791451731777,131150.23389274708,831.65027006175,131981.88416280883,1202,0,319.0238095238095,35,7,17,34.91101694915255,0.6339285714285714,43.92361111111112,1024.305555555557,29.26587301587306,0
4330,4,0,0,42,0.0,0.0,1.0,42,1400,1000,400,0.7142857142857143,18,10,8,353.14970056825535,0.43151132404181186,0.21658734640101107,0.20668477187917422,131298.46810967528,873.6029396005061,132172.07104927578,1203,1,320.0238095238095,35,7,18,34.730495953322055,0.6354166666666667,43.7789351851852,1024.884259259261,29.282407407407455,0
4331,4,0,0,42,0.0,0.0,1.0,42,1500,1200,300,0.8,18,12,6,352.08117700063553,0.4311967673248161,0.2142003856852739,0.20740827112402002,131548.03929077776,863.1243990841217,132411.1636898619,1204,2,321.0238095238095,33,9,20,34.50590829450881,0.6423611111111112,43.535539215686285,1025.8578431372564,31.08660130718959,0
4332,4,0,0,42,0.0,0.0,1.0,42,1100,600,500,0.5454545454545454,16,6,10,353.71241701938084,0.4303498838559814,0.21326794598436405,0.2090572683512572,131673.78720023547,914.9307057381797,132588.71790597364,1205,3,322.0238095238095,33,9,16,34.33718905472638,0.6436237373737373,43.41299019607843,1026.3480392156862,31.101455733808674,0
4333,4,0,0,42,0.0,0.0,1.0,42,1100,800,300,0.7272727272727273,14,8,6,354.3702758585336,0.4305071622144793,0.21287646323445863,0.21031323737213234,131831.05656478263,943.4015763167844,132774.4581410994,1206,4,323.0238095238095,33,9,17,34.16169451073985,0.6452020202020202,43.25980392156862,1026.9607843137244,31.120023767082557,0
4334,4,0,0,42,0.0,0.0,1.0,42,1600,1300,300,0.8125,19,13,6,352.3478017015325,0.4299748354626403,0.21078698655034533,0.2098071001040943,131956.93963860048,898.9475201845364,132855.88715878502,1207,5,324.0238095238095,33,9,17,34.086752544529254,0.6464646464646464,43.13725490196078,1027.4509803921565,31.13487819370171,0
4335,4,0,0,42,0.0,0.0,1.0,42,1200,900,300,0.75,15,9,6,350.4523740009073,0.42877710027100274,0.20488807674737375,0.19035738131215518,128379.01341735238,598.1460048010827,128977.15942215346,1208,6,325.0238095238095,35,7,18,37.76458047814833,0.605952380952381,46.64351851851851,1013.4259259259246,28.955026455026417,8
4336,4,2,0,44,0.045454545454545456,0.0,1.0,44,1000,800,200,0.8,12,8,4,335.33525135648716,0.43343683932346727,0.20801931229392423,0.1849134386051483,128978.53185595541,-149.79032009851875,128828.7415358569,1209,0,311.20454545454544,37,7,20,37.536881116868166,0.6081081081081081,46.052631578947356,1015.7894736842084,27.453769559032658,0
4337,4,0,2,42,0.0,0.045454545454545456,0.9545454545454546,44,1600,1300,300,0.8125,19,13,6,334.9967241882912,0.43297436575052856,0.21109640090222626,0.18550893866340828,129145.65659626015,-147.32561942138898,128998.33097683876,1210,1,312.20454545454544,37,7,21,37.375494426465295,0.6097972972972974,45.88815789473683,1016.4473684210507,27.471550497866236,0
4338,4,0,1,41,0.0,0.023809523809523808,0.9761904761904762,42,1000,600,400,0.6,14,6,8,346.30723102523,0.43088221060782034,0.2261023128631654,0.1910457930049303,128995.54887099176,534.4182688185656,129529.96713981032,1211,2,326.8095238095238,35,7,21,37.240918499107515,0.6122023809523809,46.03587962962962,1015.8564814814799,29.024470899470856,0
4339,4,4,2,43,0.08888888888888889,0.044444444444444446,0.9555555555555556,45,1050,700,350,0.6666666666666666,14,7,7,320.0092650460489,0.4404040404040404,0.22381114515946,0.1810919482543823,129996.88042534702,-679.9587673611359,129316.92165798588,1212,0,303.02222222222224,39,6,18,36.89351378958121,0.6148504273504274,45.05208333333332,1019.7916666666649,26.14850427350423,0
4340,4,0,0,43,0.0,0.0,1.0,43,1050,800,250,0.7619047619047619,13,8,5,334.76775356409547,0.4359772978959025,0.23189232891044842,0.18816256493430153,129731.44531249974,85.98090277774762,129817.42621527749,1213,1,318.1162790697674,37,6,18,36.786383776414446,0.6157094594594594,45.312499999999986,1018.749999999998,27.53378378378373,0
4341,4,1,1,43,0.022727272727272728,0.022727272727272728,0.9772727272727273,44,1300,800,500,0.6153846153846154,18,8,10,326.1186527568948,0.43773123678646936,0.2290103591423236,0.18490385371275703,130071.7957849367,-316.23223938930823,129755.56354554738,1214,0,311.8636363636364,38,6,20,36.66190999860353,0.6173245614035088,44.97863247863247,1020.0854700854692,26.8443544759334,0
4342,4,1,0,44,0.022727272727272728,0.0,1.0,44,1150,800,350,0.6956521739130435,15,8,7,333.20790871939494,0.43582628611698376,0.24710176041219412,0.1906735182819341,130430.54112803958,-107.76260665799089,130322.77852138158,1215,0,312.72727272727275,37,7,22,36.1179690854444,0.6227477477477478,44.62719298245615,1021.4912280701769,27.6078710289237,0
4343,4,0,0,44,0.0,0.0,1.0,44,1350,900,450,0.6666666666666666,18,9,9,327.769970813966,0.4353968463706836,0.235280706754061,0.18873397236399866,130671.89554569377,-233.93532215645735,130437.96022353732,1216,1,313.72727272727275,38,6,16,36.01293103448278,0.6233552631578947,44.39102564102565,1022.4358974358986,26.906207827260488,0
4344,4,0,1,43,0.0,0.022727272727272728,0.9772727272727273,44,1150,800,350,0.6956521739130435,15,8,7,351.6830048383882,0.43570516208597604,0.25797529988993073,0.1932075854089591,128830.9950086807,274.5037572937308,129105.49876597442,1217,2,314.72727272727275,39,5,14,37.27212873657568,0.6030982905982907,46.19791666666667,1015.2083333333345,26.030982905982935,8
4345,4,1,0,44,0.022727272727272728,0.0,1.0,44,1400,900,500,0.6428571428571429,19,9,10,351.4941625099635,0.4349894291754757,0.26972942502818475,0.19452799453259884,129121.97401258699,277.12402343752024,129399.0980360245,1218,0,315.6363636363636,39,5,15,36.98039441768304,0.6060363247863247,45.91145833333334,1016.3541666666681,26.060363247863286,0
4346,4,0,1,43,0.0,0.022727272727272728,0.9772727272727273,44,900,400,500,0.4444444444444444,14,4,10,350.37624294544514,0.43489032769556024,0.27179582712369665,0.19429955290611028,129201.38888888876,253.84385850693513,129455.2327473957,1219,1,316.6363636363636,38,6,17,36.927937158469966,0.6085526315789473,45.83333333333333,1016.6666666666656,26.754385964912252,0
4347,4,1,1,43,0.022727272727272728,0.022727272727272728,0.9772727272727273,44,700,300,400,0.42857142857142855,11,3,8,352.6136525307374,0.434526955602537,0.2763461740316997,0.19702934121174973,129500.26167223671,332.7120543867196,129832.97372662343,1220,0,314.1363636363636,38,6,14,36.56690633637731,0.6115679824561404,45.53952991452991,1017.8418803418793,26.78531264057577,0
4348,4,0,0,43,0.0,0.0,1.0,43,1950,1500,450,0.7692307692307693,24,15,9,359.67492064051396,0.433139534883721,0.27853778764733206,0.20139259657485836,129581.83235627109,721.4670538388076,130303.29941010989,1221,1,322.0,38,5,14,36.304214760405735,0.612390350877193,45.45940170940169,1018.1623931623901,26.79374718848395,0
4349,4,0,0,43,0.0,0.0,1.0,43,1100,600,500,0.5454545454545454,16,6,10,365.33666020559036,0.4325858250276855,0.2862160217558323,0.20527313229583402,129717.8405677003,878.1365284169731,130595.97709611728,1222,2,323.0,38,5,15,36.021674532424406,0.6137609649122807,45.3258547008547,1018.696581196581,26.807804768331078,0
4350,4,1,0,44,0.022727272727272728,0.0,1.0,44,1800,1400,400,0.7777777777777778,22,14,8,355.4420995355415,0.4336570648343904,0.27791882884806385,0.20155439958028698,130076.56385633674,446.93739149304497,130523.50124782979,1223,0,316.6363636363636,39,5,17,35.909259164709475,0.6156517094017093,44.97395833333333,1020.1041666666661,26.15651709401708,0
4351,4,1,1,44,0.022222222222222223,0.022222222222222223,0.9777777777777777,45,1450,1100,350,0.7586206896551724,18,11,7,353.5198345096848,0.434469696969697,0.2808911201757138,0.2022742751494374,130426.23325525981,221.91792123809552,130648.15117649791,1224,0,310.5777777777778,38,7,19,35.60362409789771,0.6208881578947368,44.63141025641026,1021.4743589743599,26.880904183535787,0
4352,4,0,1,43,0.0,0.022727272727272728,0.9772727272727273,44,950,600,350,0.631578947368421,13,6,7,350.9907762641901,0.4352316772374912,0.26298904984601346,0.20125154581479107,130508.09500328731,361.42751479289984,130869.52251808021,1225,1,310.97727272727275,38,6,13,35.58526767043079,0.6217105263157895,44.55128205128205,1021.7948717948717,26.889338731443992,0
4353,4,0,1,42,0.0,0.023255813953488372,0.9767441860465116,43,1400,1000,400,0.7142857142857143,18,10,8,355.99531063887406,0.43521594684385384,0.24970188052269426,0.20459853796396943,130598.60365689448,698.4980955678725,131297.10175246236,1226,2,305.7906976744186,37,6,13,35.36571193592219,0.6244369369369369,44.46271929824562,1022.149122807018,27.625651967757243,0
4354,4,0,0,42,0.0,0.0,1.0,42,1100,700,400,0.6363636363636364,15,7,8,363.27666926395614,0.4331566976384049,0.25550621483161184,0.20805845603299306,130463.84222059902,1078.8940122555027,131542.7362328545,1227,4,314.0238095238095,36,6,19,35.31631209582598,0.625,44.5945945945946,1021.6216216216219,28.378378378378386,0
4355,4,0,0,42,0.0,0.0,1.0,42,1450,1200,250,0.8275862068965517,17,12,5,360.00739909450874,0.4316807007355788,0.2522477155656271,0.20710691818630866,130636.47050766986,1006.0191948705483,131642.48970254042,1228,5,315.0238095238095,36,6,14,35.224810898142046,0.6267361111111112,44.42567567567568,1022.2972972972975,28.39714714714715,0
4356,4,0,1,41,0.0,0.023809523809523808,0.9761904761904762,42,1200,800,400,0.6666666666666666,16,8,8,358.03165708917396,0.431354045683314,0.243004985766188,0.2067388138169718,130780.4145995657,964.705710778337,131745.12031034403,1229,6,316.0238095238095,36,6,15,35.12950016514367,0.6281828703703703,44.284909909909906,1022.8603603603598,28.41278778778777,0
4357,4,0,0,41,0.0,0.0,1.0,41,1200,800,400,0.6666666666666666,16,8,8,365.8262740500472,0.4297764227642276,0.2511471752707113,0.21067205377823445,130676.44702717768,1360.9755444101547,132037.42257158784,1230,10,324.5853658536585,35,6,15,35.03556335370916,0.6291666666666667,44.386574074074076,1022.453703703704,29.212962962962973,0
4358,4,0,0,41,0.0,0.0,1.0,41,1700,1300,400,0.7647058823529411,21,13,8,361.76326916220063,0.4298780487804878,0.2197509341357926,0.20091353241840046,129260.23046339172,1165.2075831618777,130425.4380465536,1231,11,325.5853658536585,35,6,18,36.57855300098643,0.6148809523809524,45.77546296296297,1016.8981481481488,29.054232804232825,8
4359,4,1,0,42,0.023809523809523808,0.0,1.0,42,900,600,300,0.6666666666666666,12,6,6,352.716484790026,0.43079752226093687,0.22543351079235152,0.19774427600472477,129631.0811444894,744.603852163006,130375.68499665242,1232,0,318.8095238095238,36,6,15,36.43126359246562,0.6166087962962963,45.41103603603605,1018.3558558558584,28.287662662662733,0
4360,4,0,0,42,0.0,0.0,1.0,42,1000,700,300,0.7,13,7,6,352.26248487781686,0.4305797522260937,0.22041312655948997,0.19792338125495237,129717.10519641275,738.893961529114,130455.99915794187,1233,1,319.8095238095238,36,6,16,36.35538727982904,0.6174768518518519,45.326576576576585,1018.6936936936947,28.297047047047077,0
4361,4,0,0,42,0.0,0.0,1.0,42,1100,700,400,0.6363636363636364,15,7,8,353.0881230731659,0.43016840882694546,0.21930544593528012,0.19896933460847804,129831.84831791274,768.4167275383754,130600.26504545112,1234,2,320.8095238095238,36,6,16,36.21777163904236,0.6186342592592593,45.21396396396398,1019.144144144146,28.309559559559613,0
4362,4,0,1,41,0.0,0.023809523809523808,0.9761904761904762,42,1250,600,650,0.48,19,6,13,355.1154531318921,0.4298780487804878,0.22147696904656677,0.20040555372505556,129889.23890106338,825.1351858615533,130714.37408692493,1235,3,321.8095238095238,36,6,16,36.10781226984828,0.619212962962963,45.157657657657666,1019.3693693693706,28.31581581581585,0
4363,4,1,0,42,0.023809523809523808,0.0,1.0,42,900,500,400,0.5555555555555556,13,5,8,360.44864021812737,0.4312451606658924,0.2492220254355162,0.2001604526018748,129255.70371283506,918.0085287457048,130173.71224158077,1236,0,320.57142857142856,38,4,19,36.6165861175317,0.6091008771929824,45.77991452991453,1016.8803418803413,26.760008996851088,7
4364,4,0,0,42,0.0,0.0,1.0,42,1700,1100,600,0.6470588235294118,23,11,12,358.1395002790005,0.43137824235385214,0.25001124859392587,0.1998405823173686,129445.89548405661,871.9376643655594,130317.83314842217,1237,1,321.57142857142856,38,4,16,36.481627296587945,0.6110197368421053,45.59294871794872,1017.6282051282058,26.779689608636993,0
4365,4,0,0,42,0.0,0.0,1.0,42,1550,800,750,0.5161290322580645,23,8,15,355.74011889011695,0.43162020905923343,0.2449543392682294,0.19946557725062347,129636.22708013753,823.3613667908775,130459.5884469284,1238,2,322.57142857142856,38,4,17,36.349052315009104,0.6129385964912281,45.40598290598292,1018.3760683760698,26.79937022042289,0
4366,4,1,0,43,0.023255813953488372,0.0,1.0,43,850,500,350,0.5882352941176471,12,5,7,348.4296209473369,0.43247046880767814,0.24700687740911342,0.1966396926522862,129890.6738281251,451.55164930557055,130342.22547743068,1239,0,316.04651162790697,39,4,18,36.276738878670244,0.6137820512820513,45.15625000000001,1019.3750000000008,26.137820512820532,0
4367,4,0,0,43,0.0,0.0,1.0,43,800,400,400,0.5,12,4,8,349.24661924477533,0.4317783314876338,0.24348640025467616,0.19750289750358813,129970.32470703138,478.33930121529283,130448.66400824668,1240,1,317.04651162790697,39,4,19,36.17506469847108,0.6145833333333333,45.07812500000001,1019.687500000001,26.14583333333336,0
4368,4,1,2,42,0.022727272727272728,0.045454545454545456,0.9545454545454546,44,1100,800,300,0.7272727272727273,14,8,6,353.51682740990384,0.43426268498942916,0.17796013432997482,0.19050285077763096,128061.27997316465,269.1312771718017,128330.41125033646,1241,0,310.8181818181818,37,7,14,38.0117493590438,0.5988175675675675,46.95723684210525,1012.1710526315776,27.355974395448044,8
4369,4,1,0,43,0.023255813953488372,0.0,1.0,43,1150,900,250,0.782608695652174,14,9,5,353.23412962608904,0.43443152454780365,0.16611523467085543,0.19116585456758822,128232.43694540876,459.24170244154504,128691.6786478503,1242,0,312.8139534883721,35,8,15,37.84388926979774,0.6044642857142857,46.788194444444436,1012.8472222222206,28.938492063492017,0
4370,4,0,1,42,0.0,0.023255813953488372,0.9767441860465116,43,1000,600,400,0.6,14,6,8,353.39466621178525,0.43413159837578447,0.16812187055901595,0.19181464988742586,128349.69142500428,471.6192719050035,128821.31069690928,1243,1,313.8139534883721,35,8,17,37.719993337140686,0.6056547619047619,46.6724537037037,1013.3101851851851,28.951719576719576,0
4371,4,1,1,42,0.023255813953488372,0.023255813953488372,0.9767441860465116,43,1250,900,350,0.72,16,9,7,353.1765652483304,0.4352390180878553,0.17934662869004558,0.19254386360551487,128525.67361379034,478.45119062929194,129004.12480441963,1244,0,312.51162790697674,35,8,14,37.54577578663014,0.6074404761904761,46.498842592592595,1014.00462962963,28.97156084656086,0
4372,4,2,0,44,0.045454545454545456,0.0,1.0,44,1150,800,350,0.6956521739130435,15,8,7,345.61812035474145,0.4370925828047921,0.19437387850561483,0.1902798662612368,128915.32368517166,111.09437139842231,129026.41805657008,1245,0,306.3181818181818,36,8,18,37.34013454572335,0.609375,46.11486486486486,1015.5405405405406,28.209459459459463,0
4373,4,0,1,43,0.0,0.022727272727272728,0.9772727272727273,44,1200,700,500,0.5833333333333334,17,7,10,350.7394878432923,0.43745595489781536,0.1918318826563501,0.19393830504276188,129086.92476260068,255.17637570005002,129342.10113830073,1246,1,307.3181818181818,36,8,18,37.035267065602824,0.6111111111111112,45.94594594594596,1016.2162162162182,28.228228228228282,0
4374,4,0,1,42,0.0,0.023255813953488372,0.9767441860465116,43,1500,900,600,0.6,21,9,12,349.03251814028465,0.4364387227759321,0.1709874189858942,0.19355439642324898,129201.38888888907,419.0972222222415,129620.48611111131,1247,2,305.4651162790698,36,7,18,36.96209016393442,0.6122685185185186,45.83333333333334,1016.6666666666681,28.24074074074078,0
4375,4,0,3,39,0.0,0.07142857142857142,0.9285714285714286,42,1600,1300,300,0.8125,19,13,6,366.06758983679254,0.4353706929926442,0.15987475842302556,0.19245570168745504,127065.08333561647,907.2220395938632,127972.30537521033,1248,3,313.0952380952381,38,4,19,38.71639998587122,0.5868969298245614,47.94337606837608,1008.226495726498,26.532276203328895,8
4376,4,2,0,41,0.04878048780487805,0.0,1.0,41,1150,900,250,0.782608695652174,14,9,5,368.5857552163267,0.4350355691056911,0.17237973458087263,0.19460702775413202,127237.93730977792,1179.6239502355395,128417.56126001346,1249,0,318.780487804878,35,6,21,38.47522561278729,0.5943452380952381,47.77199074074074,1008.9120370370367,28.826058201058192,0
4377,4,0,0,41,0.0,0.0,1.0,41,850,700,150,0.8235294117647058,10,7,3,367.75572688792215,0.4347815040650407,0.17184208664224543,0.1945588444137875,127319.21744379526,1164.4742715688794,128483.69171536414,1250,1,319.780487804878,36,5,17,38.41264970616679,0.5931712962962963,47.69144144144145,1009.2342342342351,28.03428428428431,0
4378,4,3,2,42,0.06818181818181818,0.045454545454545456,0.9545454545454546,44,1150,900,250,0.782608695652174,14,9,5,350.0482650002542,0.44035192036645526,0.19650205761316886,0.1890260631001372,128144.53124999987,179.35308619428804,128323.88433619415,1251,0,298.90909090909093,36,8,20,38.014403292181065,0.6015625,46.87499999999999,1012.499999999999,28.12499999999997,0
4379,4,1,1,42,0.023255813953488372,0.023255813953488372,0.9767441860465116,43,1050,500,550,0.47619047619047616,16,5,11,366.7092523781135,0.4372231450719823,0.225904217533331,0.19421160218076325,127362.24666950094,762.6842403627854,128124.93090986372,1252,0,306.74418604651163,34,9,15,38.394857884184454,0.5977328431372548,47.64880952380951,1009.4047619047603,29.68837535014001,7
4380,4,1,1,42,0.023255813953488372,0.023255813953488372,0.9767441860465116,43,900,700,200,0.7777777777777778,11,7,4,361.9376221731101,0.43890734588409,0.2229435450735473,0.19326103221696256,127692.92091836732,643.3744331065722,128336.29535147389,1253,0,304.04651162790697,34,9,16,38.176040439733036,0.6011029411764706,47.32142857142857,1010.7142857142854,29.726890756302513,0
4381,4,1,0,43,0.023255813953488372,0.0,1.0,43,2150,1700,450,0.7906976744186046,26,17,9,365.16443044252856,0.4412375415282392,0.222836514118526,0.19600771733860814,127903.57320011343,741.1670918367412,128644.74029195018,1254,0,304.9767441860465,34,9,17,37.87856498371974,0.6032475490196079,47.11309523809524,1011.5476190476195,29.751400560224102,0
4382,4,2,1,44,0.044444444444444446,0.022222222222222223,0.9777777777777777,45,1300,800,500,0.6153846153846154,18,8,10,349.8465361810926,0.4458543771043771,0.23067292644757442,0.19107003129890462,128596.93877551037,-1.7077664398904062,128595.23100907047,1255,0,292.3777777777778,34,11,15,37.55746283255087,0.6102941176470589,46.42857142857144,1014.2857142857156,29.831932773109283,0
4383,4,0,1,43,0.0,0.022727272727272728,0.9772727272727273,44,1200,900,300,0.75,15,9,6,353.64221836662466,0.4469917195207893,0.21565846166972413,0.19373048003580395,128717.71541950115,304.0036848072576,129021.71910430842,1256,1,276.40909090909093,34,10,15,37.33795753167526,0.6115196078431373,46.30952380952381,1014.7619047619048,29.84593837535014,0
4384,4,0,0,43,0.0,0.0,1.0,43,1150,900,250,0.782608695652174,14,9,5,365.3964797380653,0.4450904392764858,0.22182382231613973,0.19947369830555609,128579.18228565945,796.4761149557983,129375.65840061526,1257,2,283.7906976744186,33,10,15,37.18130739487675,0.6123737373737373,46.446078431372555,1014.2156862745105,30.733808674985166,0
4385,4,1,0,44,0.022727272727272728,0.0,1.0,44,1150,900,250,0.782608695652174,14,9,5,357.7079664126491,0.44561531007751937,0.22091164812683783,0.19715532102278582,128959.43877551031,425.96371882087163,129385.40249433118,1258,0,278.3181818181818,34,10,16,36.98820128145023,0.6139705882352942,46.07142857142858,1015.7142857142866,29.873949579831958,0
4386,4,0,2,42,0.0,0.045454545454545456,0.9545454545454546,44,1650,1400,250,0.8484848484848485,19,14,5,354.0790250389645,0.4454831747709655,0.21347450136837454,0.1959023095759977,129110.63102324284,343.07327097507647,129453.70429421791,1259,1,279.3181818181818,34,10,17,36.92627191441177,0.6155024509803921,45.92261904761906,1016.3095238095256,29.891456582633104,0
4387,4,1,1,42,0.023255813953488372,0.023255813953488372,0.9767441860465116,43,1600,1100,500,0.6875,21,11,10,361.6833364222228,0.44395994832041347,0.2175083367842896,0.19995653884067965,129080.38548752839,737.2448979591904,129817.63038548757,1260,0,286.4186046511628,34,9,18,36.76390190565448,0.6151960784313726,45.952380952380956,1016.1904761904766,29.88795518207284,0
4388,4,0,0,42,0.0,0.0,1.0,42,800,700,100,0.875,9,7,2,360.22516009938226,0.4432588075880759,0.19542167149345624,0.19961648374568006,129172.76810171679,906.2562139842773,130079.02431570107,1261,1,267.8809523809524,36,6,18,36.70677781470404,0.6119791666666667,45.8614864864865,1016.5540540540558,28.23761261261266,0
4389,4,0,0,42,0.0,0.0,1.0,42,900,500,400,0.5555555555555556,13,5,8,359.8706603070727,0.44359756097560976,0.1992936034031927,0.19971769393649821,129231.64859693879,901.3420834306488,130132.99068036943,1262,2,268.8809523809524,34,8,18,36.655787768801474,0.6167279411764706,45.80357142857143,1016.7857142857144,29.905462184873954,0
4390,4,2,0,44,0.045454545454545456,0.0,1.0,44,1550,1200,350,0.7741935483870968,19,12,7,343.75427758779284,0.4442719344608879,0.20472120676495376,0.1939939975514156,129889.23890106347,129.99629697267807,130019.23519803614,1263,0,257.6136363636364,36,8,19,36.39734312859038,0.619212962962963,45.15765765765767,1019.3693693693713,28.315815815815867,0
4391,4,0,1,43,0.0,0.022727272727272728,0.9772727272727273,44,1350,800,550,0.5925925925925926,19,8,11,343.32448904902185,0.4442719344608879,0.2003397673321492,0.19446465899418372,130032.77084094255,128.68692171905064,130161.45776266161,1264,1,258.6136363636364,36,8,19,36.26269736115713,0.6206597222222222,45.01689189189191,1019.9324324324346,28.331456456456515,0
4392,4,0,0,43,0.0,0.0,1.0,43,1550,1300,250,0.8387096774193549,18,13,5,349.52159255896305,0.4420450350682909,0.20771184630114603,0.19869322253980504,130173.98787133479,499.7239101080089,130673.71178144279,1265,2,265.5348837209302,35,8,19,35.961423953725735,0.6241071428571429,44.878472222222214,1020.4861111111104,29.15674603174601,0
4393,4,0,0,43,0.0,0.0,1.0,43,900,500,400,0.5555555555555556,13,5,8,349.9045611902092,0.4418835363602805,0.20460394807407578,0.19906999611216988,130205.11379200147,511.87264122230846,130716.98643322378,1266,3,266.5348837209302,36,7,19,35.92008716760454,0.6223958333333333,44.847972972972975,1020.6081081081082,28.35022522522523,0
4394,4,0,0,43,0.0,0.0,1.0,43,700,300,400,0.42857142857142855,11,3,8,342.4595304839492,0.4417220376522702,0.09496223772875778,0.18432101599177678,128012.72922092034,172.65800759059283,128185.38722851094,1267,4,267.5348837209302,39,4,16,38.341160576428216,0.5948183760683761,47.00520833333334,1011.9791666666683,25.948183760683804,8
4395,4,0,3,40,0.0,0.06976744186046512,0.9302325581395349,43,950,700,250,0.7368421052631579,12,7,5,343.19655495681366,0.4412836840162422,0.09528686318096669,0.1852041819891877,128118.16541883675,193.94259982638494,128312.10801866314,1268,5,268.5348837209302,39,4,16,38.21477261035086,0.5958867521367521,46.901041666666664,1012.3958333333329,25.958867521367512,0
4396,4,1,0,41,0.024390243902439025,0.0,1.0,41,1000,600,400,0.6,14,6,8,352.79406018342513,0.4427845528455285,0.10936909759003366,0.1903768297880515,128116.7778186556,839.7676448522462,128956.54546350783,1269,0,276.9024390243902,37,4,18,37.973279721289565,0.5993806306306306,46.902412280701746,1012.3903508771918,27.36190137505924,0
4397,4,2,2,41,0.046511627906976744,0.046511627906976744,0.9534883720930233,43,1100,900,200,0.8181818181818182,13,9,4,337.11207361022963,0.4455518641565153,0.11091775971674567,0.18382148919501204,128533.39489073562,66.03786742074391,128599.43275815637,1270,0,264.9767441860465,37,6,15,37.94514129181084,0.6036036036036037,46.49122807017544,1014.0350877192984,27.4063537221432,0
4398,4,1,1,41,0.023809523809523808,0.023809523809523808,0.9761904761904762,42,1050,900,150,0.8571428571428571,12,9,3,346.47774177338965,0.44356126596980255,0.12335306220677777,0.18870775010198593,128486.82032962015,503.5646710900078,128990.38500071016,1271,0,272.26190476190476,36,6,17,37.75523899440928,0.6050347222222222,46.53716216216216,1013.8513513513512,28.162537537537535,0
4399,4,1,0,42,0.023809523809523808,0.0,1.0,42,1050,800,250,0.7619047619047619,13,8,5,344.8196787706453,0.4437548393341076,0.1307793120577494,0.18888572190895353,128715.26668137735,476.7113819901008,129191.97806336745,1272,0,272.8095238095238,36,6,18,37.564273295601666,0.607349537037037,46.31193693693694,1014.7522522522526,28.187562562562572,0
4400,4,1,0,43,0.023255813953488372,0.0,1.0,43,1300,1000,300,0.7692307692307693,16,10,6,342.1537779479418,0.4445828719084533,0.15041090732151008,0.1890891680454895,129065.65176647306,232.06007104244026,129297.7118375155,1273,0,267.4418604651163,38,5,19,37.27504118038762,0.6071820175438596,45.96688034188034,1016.1324786324785,26.740328385065226,0
4401,4,0,0,43,0.0,0.0,1.0,43,700,300,400,0.42857142857142855,11,3,8,340.9555783398121,0.4443060169804356,0.1569223624876266,0.1889453889285561,129174.23575726844,208.53525184452644,129382.77100911297,1274,1,268.4418604651163,38,5,20,37.194999124189856,0.6082785087719298,45.860042735042725,1016.5598290598277,26.751574448942836,0
4402,4,0,0,43,0.0,0.0,1.0,43,1100,700,400,0.6363636363636364,15,7,8,340.40119743588815,0.4443983019564415,0.1562904015040305,0.1890419934099672,129258.63997443371,199.9648723834249,129458.60484681714,1275,2,269.4418604651163,36,7,20,37.12324658545589,0.6128472222222222,45.77702702702702,1016.8918918918905,28.24699699699696,0
4403,4,1,0,44,0.022727272727272728,0.0,1.0,44,1150,600,550,0.5217391304347826,17,6,11,335.18299443994715,0.4445251937984496,0.16081220258813933,0.18806942236586288,129663.42872242288,-107.80473829354605,129555.62398412933,1276,0,264.29545454545456,38,6,15,36.844819748942264,0.6132127192982456,45.37927350427349,1018.4829059829041,26.802181736392214,0
4404,4,1,0,45,0.022222222222222223,0.0,1.0,45,1650,1300,350,0.7878787878787878,20,13,7,326.19313379405855,0.4458754208754209,0.1665055703038143,0.18509475969750905,130103.13042534704,-512.2504340277977,129590.87999131925,1277,0,259.4,39,6,16,36.628292832346325,0.6159188034188035,44.94791666666666,1020.2083333333319,26.159188034188,0
4405,4,2,0,47,0.0425531914893617,0.0,1.0,47,1550,1000,550,0.6451612903225806,21,10,11,352.2150755762491,0.4474637681159421,0.2795936781441921,0.1935858798843894,128848.62075617275,-153.51683063272776,128695.10392554002,1278,0,249.31914893617022,38,9,20,37.24065207478339,0.6049890350877193,46.18055555555555,1015.277777777777,26.717836257309923,8
4406,4,0,2,45,0.0,0.0425531914893617,0.9574468085106383,47,1200,900,300,0.75,15,9,6,353.5541506800341,0.4471168670983657,0.2818824393104473,0.1947210751080185,128929.985983271,-283.25366169919994,128646.7323215718,1279,1,250.31914893617022,38,9,21,37.123702573813034,0.6058114035087719,46.10042735042734,1015.5982905982887,26.726270805218125,0
4407,4,0,0,45,0.0,0.0,1.0,45,1250,900,350,0.72,16,9,7,361.441922345398,0.4467171717171717,0.2745619871368372,0.19899165175279623,128915.32368517175,319.0804825095489,129234.4041676813,1280,2,241.42222222222222,36,9,21,36.938391735048405,0.609375,46.11486486486487,1015.5405405405413,28.20945945945948,0
4408,4,0,3,42,0.0,0.06666666666666667,0.9333333333333333,45,1150,700,450,0.6086956521739131,16,7,9,361.26338205660574,0.44629629629629625,0.2753061102116685,0.19935111582813891,129006.37846500851,321.056118228691,129327.4345832372,1281,3,242.42222222222222,37,8,21,36.85004047490556,0.6083896396396397,46.02521929824562,1015.899122807018,27.456733048838323,0
4409,4,0,0,42,0.0,0.0,1.0,42,1400,1000,400,0.7142857142857143,18,10,8,371.4082840236685,0.44556958962446763,0.2978021978021981,0.2045893089960888,128936.76757812512,1177.636718750015,130114.40429687513,1282,4,256.7142857142857,35,7,22,36.66346153846155,0.6116071428571428,46.09375000000001,1015.6250000000009,29.017857142857167,0
4410,4,4,3,43,0.08695652173913043,0.06521739130434782,0.9347826086956522,46,1100,800,300,0.7272727272727273,14,8,6,341.49540806930844,0.44808776167471814,0.2927478578740945,0.1933200724560341,130010.858208776,-319.8352497883729,129691.02295898763,1283,0,235.30434782608697,37,9,20,36.3315548507329,0.6185247747747749,45.038377192982466,1019.846491228072,27.56341868183978,0
4411,4,0,0,43,0.0,0.0,1.0,43,1450,1000,450,0.6896551724137931,19,10,9,364.23051597341174,0.44469822812846066,0.3136148906832601,0.20369752400841365,129534.44054705216,836.0792233560069,130370.51977040817,1284,1,252.72093023255815,34,9,20,36.236502553307595,0.6197916666666667,45.50595238095238,1017.9761904761905,29.94047619047619,0
4412,4,0,2,41,0.0,0.046511627906976744,0.9534883720930233,43,1100,600,500,0.5454545454545454,16,6,10,363.6908754598857,0.44442137320044295,0.3133228959413763,0.20418235764007747,129685.9693877551,833.1207482993159,130519.09013605442,1285,2,253.72093023255815,34,9,20,36.09601449275362,0.6213235294117647,45.357142857142854,1018.5714285714286,29.95798319327731,0
4413,4,0,1,40,0.0,0.024390243902439025,0.975609756097561,41,1450,1100,350,0.7586206896551724,18,11,7,364.9123604610193,0.4428861788617886,0.29575414315058945,0.20566258840729335,129837.58680555549,1275.8680555555468,131113.45486111104,1286,3,258.7317073170732,34,7,21,35.910670482420265,0.6228553921568627,45.20833333333333,1019.1666666666661,29.975490196078415,0
4414,4,0,0,40,0.0,0.0,1.0,40,1600,1200,400,0.75,20,12,8,360.0416107755826,0.44272168803418804,0.2751809268121863,0.20386493585686816,130019.64462868469,1362.4964569160861,131382.14108560077,1287,4,259.0,34,6,22,35.849772382397575,0.6246936274509804,45.0297619047619,1019.8809523809515,29.99649859943975,0
4415,4,0,0,40,0.0,0.0,1.0,40,1500,1000,500,0.6666666666666666,20,10,10,363.16521332650495,0.4427350427350427,0.27968914032427383,0.20659690602840913,130201.83000283435,1456.9550736961264,131658.78507653048,1288,5,260.0,34,6,22,35.58507329211866,0.626531862745098,44.85119047619047,1020.5952380952372,30.017507002801093,0
4416,4,1,0,41,0.024390243902439025,0.0,1.0,41,1350,1100,250,0.8148148148148148,16,11,5,337.97221576856975,0.44400406504065043,0.21646612948765376,0.18159942502780052,127945.07345182997,448.3901665730588,128393.46361840302,1289,0,254.6341463414634,36,5,20,38.52381084891662,0.599537037037037,47.07207207207206,1011.7117117117098,28.10310310310305,8
4417,4,3,0,44,0.06818181818181818,0.0,1.0,44,1100,700,400,0.6363636363636364,15,7,8,356.13933848960954,0.44962341437632136,0.2677225689632503,0.1917689775318226,128030.53634293069,631.956238332917,128662.4925812636,1290,0,238.20454545454547,36,8,18,37.976846185230514,0.6004050925925926,46.98761261261261,1012.0495495495489,28.11248748748747,8
4418,4,2,1,45,0.043478260869565216,0.021739130434782608,0.9782608695652174,46,1550,1300,250,0.8387096774193549,18,13,5,339.6192071712889,0.4536936392914654,0.2546821813968083,0.18523749004103315,128543.91289515869,-468.7021903660393,128075.21070479265,1291,0,228.80434782608697,36,10,17,37.87085878215806,0.6056134259259259,46.48085585585586,1014.0765765765767,28.168793793793796,0
4419,4,2,2,45,0.0425531914893617,0.0425531914893617,0.9574468085106383,47,1450,1000,450,0.6896551724137931,19,10,9,330.3261045135259,0.4550185013876041,0.2573514599961504,0.1819281546642858,128929.98598327102,-882.2119950325316,128047.77398823849,1292,0,224.89361702127658,38,9,19,37.71346167332913,0.6058114035087719,46.10042735042734,1015.5982905982888,26.726270805218128,0
4420,4,0,0,45,0.0,0.0,1.0,45,900,400,500,0.4444444444444444,14,4,10,343.51717067483554,0.45338804713804715,0.25977215564432643,0.18830758772029285,128743.83674214738,-154.85629210293084,128588.98045004444,1293,1,235.4,36,9,19,37.56819610889184,0.6076388888888888,46.283783783783775,1014.8648648648635,28.190690690690655,0
4421,4,1,3,43,0.021739130434782608,0.06521739130434782,0.9347826086956522,46,1250,800,450,0.64,17,8,9,341.64203171190564,0.4532105475040258,0.278332145402709,0.18945603576751113,129201.38888888879,-370.2517551335219,128831.13713375527,1294,0,231.2608695652174,35,11,20,37.149931693989075,0.6142857142857143,45.83333333333333,1016.6666666666658,29.047619047619023,0
4422,4,1,3,41,0.022727272727272728,0.06818181818181818,0.9318181818181819,44,1050,700,350,0.6666666666666666,14,7,7,366.3165117370206,0.45329016913319237,0.1803808645487901,0.20228181154679575,129034.22807979376,653.4736649738313,129687.70174476759,1295,0,240.20454545454547,37,7,20,36.69328728685516,0.6086711711711712,45.997807017543856,1016.0087719298243,27.4596965386439,8
4423,4,0,1,40,0.0,0.024390243902439025,0.975609756097561,41,1350,1100,250,0.8148148148148148,16,11,5,376.8823163158613,0.44974593495934956,0.19302039840548835,0.20745078063709974,128907.38195516127,1516.5825402949363,130423.96449545621,1296,1,255.02439024390245,35,6,20,36.554498138439314,0.6113095238095239,46.12268518518519,1015.50925925926,29.014550264550287,0
4424,4,1,0,41,0.024390243902439025,0.0,1.0,41,1550,1200,350,0.7741935483870968,19,12,7,370.54637646437135,0.4485772357723577,0.19862600940098818,0.205647042510026,129232.53864198866,1377.9995789695122,130610.53822095817,1297,0,255.0,33,8,21,36.3835070909164,0.6190025252525253,45.802696078431374,1016.7892156862746,30.811794414735594,0
4425,4,0,0,41,0.0,0.0,1.0,41,950,600,350,0.631578947368421,13,6,7,368.74567612453706,0.4482977642276423,0.19334043276052548,0.20495733969628646,129292.17864229038,1335.1863662131695,130627.36500850355,1298,1,256.0,34,7,21,36.368469312107386,0.6173406862745099,45.74404761904763,1017.0238095238105,29.91246498599443,0
4426,4,0,0,41,0.0,0.0,1.0,41,700,600,100,0.8571428571428571,8,6,2,367.5438475903506,0.4479928861788618,0.1901617073741526,0.20476073803827505,129383.00028344685,1310.7851473923058,130693.78543083915,1299,2,257.0,34,7,22,36.306459162181156,0.6182598039215687,45.65476190476191,1017.3809523809535,29.922969187675104,0
4427,4,0,1,40,0.0,0.024390243902439025,0.975609756097561,41,1150,800,350,0.6956521739130435,15,8,7,365.37133646882774,0.4475609756097561,0.1805476990649859,0.20444060277225268,129554.6392746915,1267.1103395061934,130821.74961419769,1300,3,258.0,35,6,18,36.18690313778991,0.6178571428571429,45.48611111111112,1018.0555555555567,29.08730158730162,0
4428,4,1,1,40,0.024390243902439025,0.024390243902439025,0.975609756097561,41,1150,800,350,0.6956521739130435,15,8,7,357.0997222307007,0.4488058943089431,0.1612558954318819,0.20122991819351485,129831.84831791287,1072.5833942050565,130904.43171211792,1301,0,245.26829268292684,36,5,19,36.11556169429099,0.6186342592592593,45.213963963963984,1019.144144144147,28.30955955955964,0
4429,4,1,1,40,0.024390243902439025,0.024390243902439025,0.975609756097561,41,1100,600,500,0.5454545454545454,16,6,10,356.16493428650756,0.4474339430894309,0.16319388359446485,0.20218385367392025,130118.9280496717,1068.759891648454,131187.68794132015,1302,0,246.14634146341464,36,5,21,35.84782008830024,0.6215277777777778,44.932432432432456,1020.2702702702735,28.34084084084093,0
4430,4,0,1,39,0.0,0.025,0.975,40,1050,600,450,0.5714285714285714,15,6,9,365.951933329657,0.4453125,0.16570796460177006,0.20756115446380935,130085.4190779321,1521.0021219135824,131606.4211998457,1303,1,253.05,35,5,21,35.63223281143635,0.6232142857142857,44.96527777777778,1020.1388888888889,29.1468253968254,0
4431,4,0,1,38,0.0,0.02564102564102564,0.9743589743589743,39,1250,1000,250,0.8,15,10,5,372.0590255628808,0.44301057130004495,0.1651776494778716,0.21066950905467283,130019.6446286848,1874.9964569160993,131894.6410856009,1304,2,260.3333333333333,34,5,21,35.54336407143691,0.6246936274509804,45.029761904761905,1019.8809523809523,29.996498599439775,0
4432,4,1,0,39,0.02564102564102564,0.0,1.0,39,1150,800,350,0.6956521739130435,15,8,7,372.01166180757997,0.4427294197031039,0.17519623233908987,0.21196013289036558,130262.58680555571,1891.840277777801,132154.42708333352,1305,0,260.4102564102564,34,5,23,35.29761904761905,0.6271446078431373,44.79166666666668,1020.8333333333346,30.024509803921607,0
4433,4,0,0,39,0.0,0.0,1.0,39,1350,900,450,0.6666666666666666,18,9,9,371.5961306838809,0.4419140800719748,0.18198206512543602,0.2125774707790083,130419.01139285386,1892.6400002403104,132311.6513930942,1306,1,261.4102564102564,33,6,23,35.14934513097382,0.6309974747474747,44.63848039215687,1021.4460784313738,30.95291146761739,0
4434,4,0,0,39,0.0,0.0,1.0,39,1050,700,350,0.6666666666666666,14,7,7,376.4822659760141,0.44084570400359874,0.18028951825858663,0.21641892353590184,130606.84479827479,2034.2321763264226,132641.07697460122,1307,2,262.4102564102564,33,6,22,34.83382787835191,0.6328914141414141,44.454656862745104,1022.1813725490204,30.975193107546072,0
4435,4,1,0,40,0.025,0.0,1.0,40,1250,1000,250,0.8,15,10,5,366.2879778432382,0.44305555555555554,0.18158292626192152,0.21250634504022684,130962.30867346934,1593.9838435374083,132556.29251700675,1308,0,256.825,34,6,23,34.734095138404264,0.6341911764705883,44.107142857142854,1023.5714285714282,30.105042016806713,0
4436,4,0,0,40,0.0,0.0,1.0,40,850,500,350,0.5882352941176471,12,5,7,365.9816116819904,0.44257478632478636,0.1813662790697681,0.21266499057196733,131023.24263038552,1590.4195011337943,132613.66213151932,1309,1,257.825,34,6,23,34.680232558139544,0.6348039215686274,44.04761904761905,1023.809523809524,30.112044817927174,0
4437,4,1,0,41,0.024390243902439025,0.0,1.0,41,1250,1000,250,0.8,15,10,5,357.7657263545076,0.44334349593495936,0.17540133604052888,0.2100501841234746,131419.65880102038,1203.844246031744,132623.50304705213,1310,0,252.5121951219512,34,7,24,34.48977321103757,0.6387867647058824,43.660714285714285,1025.3571428571427,30.157563025210077,0
4438,4,0,0,41,0.0,0.0,1.0,41,1900,1300,600,0.6842105263157895,25,13,12,357.53196763015535,0.4431656504065041,0.1676210100849993,0.21058461825489058,131541.75347222228,1206.076388888899,132747.82986111118,1311,1,253.5121951219512,34,7,24,34.37246141348496,0.6400122549019608,43.54166666666667,1025.833333333334,30.171568627451,0
4439,4,0,1,40,0.0,0.024390243902439025,0.975609756097561,41,1500,1300,200,0.8666666666666667,17,13,4,357.47313491100147,0.4425304878048781,0.1748990694871575,0.21122521563178506,131663.90483276645,1213.2617630385557,132877.166595805,1312,2,254.5121951219512,34,7,19,34.25066697598887,0.6412377450980392,43.42261904761905,1026.3095238095239,30.185574229691877,0
4440,4,0,1,39,0.0,0.025,0.975,40,1050,800,250,0.7619047619047619,13,8,5,356.3112269678782,0.4415464743589744,0.17274409166865645,0.2111156619191571,131768.13755526708,1390.0933535178613,133158.23090878493,1313,3,260.45,33,7,19,34.17532028328162,0.6445707070707071,43.32107843137254,1026.7156862745087,31.112596553772992,0
4441,4,0,0,39,0.0,0.0,1.0,39,850,500,350,0.5882352941176471,12,5,7,362.1510445820712,0.43963675213675213,0.1759072966525499,0.21369208571428336,131610.9057363754,1732.6053981641724,133343.51113453956,1314,6,268.05128205128204,33,6,19,34.18415840598752,0.6429924242424243,43.474264705882355,1026.1029411764705,31.094028520499105,0
4442,4,2,0,41,0.04878048780487805,0.0,1.0,41,850,500,350,0.5882352941176471,12,5,7,343.0173403115975,0.440015243902439,0.17190674383105842,0.2053481166663227,132159.8776148832,866.6259430726778,133026.50355795588,1315,0,255.9268292682927,35,6,22,34.122204712591916,0.644047619047619,42.9398148148148,1028.240740740739,29.37830687830683,0
4443,4,0,4,37,0.0,0.0975609756097561,0.9024390243902439,41,1650,1300,350,0.7878787878787878,20,13,7,344.56661610913767,0.4392530487804878,0.1641506483673545,0.20741650533692219,132368.22601862554,921.9343439214548,133290.160362547,1316,1,256.9268292682927,35,6,23,33.872853634761746,0.6461309523809524,42.73726851851851,1029.050925925925,29.401455026455,0
4444,4,0,0,37,0.0,0.0,1.0,37,1400,900,500,0.6428571428571429,19,9,10,369.8562114136379,0.4345908408408408,0.171093546663744,0.22046111937133175,131996.29041883687,2363.9295789930625,134360.21999782993,1317,2,280.0810810810811,31,6,23,33.59731373542828,0.6518817204301075,43.098958333333336,1027.6041666666672,33.14852150537636,0
4445,4,0,0,37,0.0,0.0,1.0,37,1050,600,450,0.5714285714285714,15,6,9,368.9606218222915,0.43390265265265265,0.1743202168734086,0.22070553559915268,132130.12695312512,2350.1627604166815,134480.2897135418,1318,3,281.0810810810811,31,6,23,33.48530901722392,0.6532258064516129,42.96875000000001,1028.125000000001,33.16532258064519,0
4446,4,0,0,37,0.0,0.0,1.0,37,1300,900,400,0.6923076923076923,17,9,8,371.17897772792844,0.43346471471471476,0.17798152582962756,0.2228202069947289,132264.0313042534,2418.725585937496,134682.7568901909,1319,4,282.0810810810811,31,6,23,33.29324894514767,0.6545698924731183,42.838541666666664,1028.645833333333,33.18212365591397,0
4447,4,0,0,37,0.0,0.0,1.0,37,1450,1200,250,0.8275862068965517,17,12,5,370.34552532081,0.4326514014014014,0.1797307885059254,0.22331543566195006,132432.5879436931,2409.231087160571,134841.81903085366,1320,5,283.0810810810811,30,7,23,33.14480499695308,0.6590277777777778,42.67473118279571,1029.3010752688187,34.310035842293956,0
4448,4,0,0,37,0.0,0.0,1.0,37,1050,800,250,0.7619047619047619,13,8,5,370.82413479250073,0.4326826826826827,0.1764147648496952,0.22422128623878052,132536.36845661353,2429.5368322927598,134965.9052889063,1321,6,284.0810810810811,30,7,23,33.027944567723985,0.6600694444444444,42.5739247311828,1029.704301075269,34.32347670250897,0
4449,4,0,0,37,0.0,0.0,1.0,37,800,300,500,0.375,13,3,10,370.87659518133205,0.43215090090090086,0.17791147096992632,0.22487327733146603,132640.18961729694,2438.6283818938837,135078.81799919083,1322,7,285.0810810810811,30,7,19,32.922048973556024,0.6611111111111111,42.4731182795699,1030.1075268817217,34.336917562724054,0
4450,4,0,0,37,0.0,0.0,1.0,37,850,500,350,0.5882352941176471,12,5,7,370.52995703956117,0.43190065065065064,0.18306174684990273,0.22507786455350837,132709.4263065094,2434.563605619148,135143.98991212857,1323,8,286.0810810810811,30,7,20,32.861281415775295,0.6618055555555555,42.405913978494624,1030.3763440860214,34.34587813620071,0
4451,4,0,0,37,0.0,0.0,1.0,37,700,500,200,0.7142857142857143,9,5,4,369.1284011382786,0.43177552552552556,0.1820149903535877,0.22456966141502507,132766.77661471904,2401.597595214855,135168.37420993389,1324,9,287.0810810810811,31,6,20,32.8396767740577,0.6596102150537635,42.35026041666667,1030.598958333334,33.24512768817206,0
4452,4,1,1,37,0.02631578947368421,0.02631578947368421,0.9736842105263158,38,1450,900,550,0.6206896551724138,20,9,11,362.144035784413,0.4317508297771456,0.1864782133374978,0.22319411130092753,133250.7047319541,2051.1895965494077,135301.8943285035,1325,0,280.5,33,5,21,32.533506429277935,0.6594065656565656,41.881127450980394,1032.4754901960787,31.287136066547838,0
4453,4,0,0,37,0.0,0.0,1.0,37,1100,700,400,0.6363636363636364,15,7,8,369.51828606278315,0.43043043043043044,0.18327867985402224,0.22749860744347256,133211.4069992859,2444.810159677595,135656.21715896347,1326,1,285.5405405405405,32,5,21,32.3826341324201,0.6614583333333333,41.919191919191924,1032.323232323233,32.26010101010103,0
4454,4,0,1,36,0.0,0.02702702702702703,0.972972972972973,37,1550,1200,350,0.7741935483870968,19,12,7,367.45577523413084,0.42921046046046046,0.18047079337401883,0.2278225806451613,133472.2222222223,2409.027777777788,135881.2500000001,1327,2,286.5405405405405,33,4,22,32.17405913978494,0.6616161616161615,41.66666666666667,1033.3333333333342,31.31313131313134,0
4455,4,0,0,36,0.0,0.0,1.0,36,1200,900,300,0.75,15,9,6,375.1790653946213,0.42713293650793654,0.19430183759116604,0.23199848329504175,133374.386621901,2807.855544077159,136182.24216597815,1328,3,295.1666666666667,32,4,22,32.07279061239457,0.6630859375,41.76136363636365,1032.9545454545469,32.27982954545459,0
4456,4,1,1,36,0.02702702702702703,0.02702702702702703,0.972972972972973,37,1000,800,200,0.8,12,8,4,365.65942766484125,0.4269582082082082,0.18692644551891657,0.22815654626408766,133707.78613620342,2378.374250707991,136086.16038691142,1329,0,288.1621621621622,31,6,21,31.984268118678905,0.669018817204301,41.438802083333336,1034.2447916666672,33.36273521505378,0
4457,4,0,0,36,0.0,0.0,1.0,36,1050,700,350,0.6666666666666666,14,7,7,378.0318659444245,0.4257771164021164,0.19178656035130293,0.2352606078353164,133611.14724245569,2901.854260608148,136513.00150306383,1330,5,297.1666666666667,30,6,23,31.761353787484826,0.6708333333333334,41.53225806451612,1033.8709677419347,34.46236559139782,0
4458,4,0,0,36,0.0,0.0,1.0,36,1400,1100,300,0.7857142857142857,17,11,6,379.25956615954556,0.42468584656084657,0.19675384659796213,0.23736098701594974,133819.67026534854,2950.478017689902,136770.14828303843,1331,6,298.1666666666667,30,6,21,31.52036243180048,0.6729166666666666,41.33064516129032,1034.6774193548383,34.489247311827945,0
4459,4,0,0,36,0.0,0.0,1.0,36,1400,1200,200,0.8571428571428571,16,12,4,379.2349986155609,0.4239914021164021,0.19349406009783365,0.23814520055242566,133943.5577392578,2959.216986762152,136902.77472601997,1332,7,299.1666666666667,31,5,22,31.39675052410902,0.6713709677419355,41.2109375,1035.15625,33.39213709677419,0
4460,4,0,0,36,0.0,0.0,1.0,36,1000,700,300,0.7,13,7,6,377.8970912175166,0.4232142857142857,0.19346647666149774,0.237958477153833,134044.6662902832,2931.0178968641494,136975.68418714736,1333,8,300.1666666666667,31,5,22,31.33002745295277,0.6723790322580645,41.11328125,1035.546875,33.40473790322581,0
4461,4,0,1,35,0.0,0.027777777777777776,0.9722222222222222,36,1150,900,250,0.782608695652174,14,9,5,377.8054804501203,0.42308201058201056,0.19202721917529963,0.23863694896791643,134158.07578627174,2937.1312557392025,137095.20704201094,1334,9,301.1666666666667,32,4,22,31.218769043266303,0.6708984375,41.003787878787875,1035.984848484848,32.3745265151515,0
4462,4,1,0,36,0.027777777777777776,0.0,1.0,36,600,400,200,0.6666666666666666,8,4,4,379.0437080236959,0.4226686507936508,0.18728515360671238,0.24049063700730625,134321.63331547796,2982.753991939588,137304.38730741755,1335,0,300.55555555555554,32,4,23,31.022888753552568,0.6725260416666667,40.84595959595959,1036.6161616161612,32.39425505050504,0
4463,4,0,0,36,0.0,0.0,1.0,36,1350,1100,250,0.8148148148148148,16,11,5,375.36047255405765,0.4221064814814815,0.17761499684940185,0.23923577106156182,134487.21645520942,2896.237024221441,137383.45347943087,1336,1,301.55555555555554,33,3,23,30.95266225582861,0.6717171717171717,40.686274509803916,1037.2549019607834,31.431966726084344,0
4464,4,0,0,36,0.0,0.0,1.0,36,900,600,300,0.6666666666666666,12,6,6,374.02622538346156,0.42180886243386245,0.17614904060687198,0.23880135928328697,134550.78125,2865.1191849288725,137415.90043492886,1337,2,302.55555555555554,32,4,23,30.923694779116463,0.6748046875,40.625,1037.5,32.421875,0
4465,4,0,0,36,0.0,0.0,1.0,36,1100,900,200,0.8181818181818182,13,9,4,371.7299802866428,0.4216931216931217,0.16912003244120055,0.23797666962275743,134649.04729109278,2810.617539026631,137459.6648301194,1338,3,303.55555555555554,32,4,24,30.885036496350374,0.67578125,40.53030303030303,1037.878787878788,32.433712121212125,0
4466,4,0,1,35,0.0,0.027777777777777776,0.9722222222222222,36,1050,900,150,0.8571428571428571,12,9,3,369.43915733443777,0.42055224867724866,0.15769169740965516,0.2234987213161467,132555.70461180783,2594.2535623317804,135149.9581741396,1339,4,304.55555555555554,33,3,19,33.044126105755886,0.6524621212121212,42.55514705882352,1029.779411764705,31.205436720142576,8
4467,4,1,1,35,0.027777777777777776,0.027777777777777776,0.9722222222222222,36,450,100,350,0.2222222222222222,8,1,7,370.5333806638291,0.42213955026455025,0.1615365811762528,0.22529394056414595,132745.069879974,2637.295901816601,135382.3657817906,1340,0,305.4166666666667,33,3,18,32.82532108455226,0.6543560606060606,42.37132352941176,1030.5147058823527,31.227718360071293,0
4468,4,1,0,36,0.027777777777777776,0.0,1.0,36,950,600,350,0.631578947368421,13,6,7,370.95423616151385,0.4203869047619047,0.17390084129059558,0.22631167431666546,132871.3884833958,2657.8408845155723,135529.22936791138,1341,0,306.3888888888889,33,3,19,32.687383612662956,0.6556186868686869,42.24877450980392,1031.0049019607843,31.242572786690435,0
4469,4,0,0,36,0.0,0.0,1.0,36,1200,800,400,0.6666666666666666,16,8,8,371.3382511233975,0.42017195767195764,0.16976188590586339,0.2275054874786579,133029.37121539787,2679.7788110342144,135709.1500264321,1342,1,307.3888888888889,33,3,19,32.51861091312268,0.6571969696969697,42.095588235294116,1031.6176470588232,31.26114081996434,0
4470,4,0,0,36,0.0,0.0,1.0,36,850,600,250,0.7058823529411765,11,6,5,370.57452846688955,0.42023809523809524,0.1697677487463709,0.22742256047312034,133092.5905901577,2664.1448000769024,135756.7353902346,1343,2,308.3888888888889,33,3,19,32.47476247030879,0.6578282828282829,42.0343137254902,1031.8627450980398,31.268568033273933,0
4471,4,0,0,36,0.0,0.0,1.0,36,1350,1000,350,0.7407407407407407,17,10,7,370.8226750730819,0.4200562169312169,0.17257970899785025,0.22815481315855124,133187.44781153876,2677.78513672625,135865.232948265,1344,3,309.3888888888889,33,3,19,32.373041078000725,0.6587752525252526,41.94240196078431,1032.230392156862,31.279708853238244,0
4472,4,0,1,35,0.0,0.027777777777777776,0.9722222222222222,36,750,400,350,0.5333333333333333,11,4,7,373.5443298787522,0.4193617724867725,0.17706890867128244,0.23022026183090605,133250.70473195397,2755.0090409938375,136005.7137729478,1345,4,310.3888888888889,33,3,19,32.23924332344213,0.6594065656565656,41.88112745098039,1032.4754901960778,31.287136066547813,0
4473,4,0,0,35,0.0,0.0,1.0,35,1150,800,350,0.6956521739130435,15,8,7,380.92487414078204,0.41785714285714287,0.17389121622767578,0.23437035901298808,133187.4478115389,3146.8823589484873,136334.3301704874,1346,5,318.2857142857143,33,2,19,32.11234615536824,0.6587752525252526,41.942401960784316,1032.2303921568632,31.27970885323828,0
4474,4,0,0,35,0.0,0.0,1.0,35,1100,800,300,0.7272727272727273,14,8,6,381.3616744005848,0.4177871148459384,0.1707299703264098,0.23503819362289138,133250.70473195397,3163.34237432717,136414.04710628113,1347,6,319.2857142857143,33,2,19,32.03746290801186,0.6594065656565656,41.88112745098039,1032.4754901960778,31.287136066547813,0
4475,4,0,0,35,0.0,0.0,1.0,35,950,800,150,0.8421052631578947,11,8,3,382.43034214381106,0.41687675070028013,0.17060139670486119,0.23629933457390312,133345.61827181844,3199.082083813903,136544.70035563235,1348,7,320.2857142857143,33,2,19,31.91445182724252,0.6603535353535354,41.7892156862745,1032.8431372549012,31.298276886512156,0
4476,4,0,1,34,0.0,0.02857142857142857,0.9714285714285714,35,1200,900,300,0.75,15,9,6,381.139432120303,0.4167717086834734,0.16740843685914308,0.2357024411843017,133377.26362757102,3167.066903354463,136544.33053092548,1349,8,321.2857142857143,33,2,19,31.915979554711893,0.6606691919191919,41.75857843137254,1032.965686274509,31.301990493166937,0
4477,4,0,0,34,0.0,0.0,1.0,34,1250,1000,250,0.8,15,10,5,383.37766990871677,0.4148098633392751,0.1827340716237602,0.2368602220433006,133341.7827262523,3424.052392612987,136765.8351188653,1350,9,330.05882352941177,32,2,19,31.893846780766104,0.6627604166666667,41.79292929292929,1032.8282828282818,32.275883838383805,0
4478,4,0,0,34,0.0,0.0,1.0,34,800,500,300,0.625,11,5,6,386.1694243780922,0.41440136660724897,0.1889729247846783,0.2390044047096483,133406.99450311202,3503.5404550556204,136910.53495816764,1351,10,331.05882352941177,32,2,19,31.75619245498249,0.6634114583333333,41.729797979797986,1033.0808080808088,32.283775252525274,0
4479,4,0,1,33,0.0,0.029411764705882353,0.9705882352941176,34,1100,900,200,0.8181818181818182,13,9,4,369.64263541404677,0.41308303624480097,0.10833897347028332,0.22368045933356506,132565.56404961474,3216.749105384402,135782.31315499914,1352,11,332.05882352941177,31,3,23,33.02895962405698,0.6575940860215054,42.545572916666664,1029.817708333333,33.21992607526881,8
4480,4,0,0,33,0.0,0.0,1.0,33,900,600,300,0.6666666666666666,12,6,6,379.90868131027196,0.41181344696969696,0.1210063818759477,0.2292924026915188,132467.17693158166,3465.0861009943346,135932.263032576,1353,12,341.3636363636364,30,3,23,32.86384210297255,0.659375,42.641129032258064,1029.4354838709676,34.31451612903225,0
4481,4,0,0,33,0.0,0.0,1.0,33,1200,700,500,0.5833333333333334,17,7,10,378.48260081834565,0.4109059343434343,0.11642279413173307,0.2290297543896173,132565.56404961488,3434.7518920898547,136000.31594170473,1354,13,342.3636363636364,31,2,23,32.80137080119695,0.6575940860215054,42.54557291666667,1029.8177083333342,33.219926075268845,0
4482,4,0,0,33,0.0,0.0,1.0,33,1000,700,300,0.7,13,7,6,378.17287901671887,0.409603851010101,0.1197032884130067,0.22966093566072865,132699.68880547408,3436.684672037751,136136.37347751184,1355,14,343.3636363636364,31,2,20,32.67421226673407,0.6589381720430108,42.41536458333333,1030.3385416666658,33.23672715053761,0
4483,4,0,1,32,0.0,0.030303030303030304,0.9696969696969697,33,900,600,300,0.6666666666666666,12,6,6,376.68638439848854,0.40834122474747475,0.11952776884560667,0.22937303222295644,132800.32687717004,3404.8149956597135,136205.14187282976,1356,15,344.3636363636364,31,2,20,32.611167256189994,0.6599462365591398,42.31770833333333,1030.7291666666658,33.24932795698922,0
4484,4,0,0,32,0.0,0.0,1.0,32,1000,800,200,0.8,12,8,4,376.74021126999673,0.4060819892473118,0.09366318348276348,0.23002357232437173,132901.00309583865,3613.8303968641403,136514.83349270278,1357,16,342.28125,31,1,20,32.50844487940398,0.6609543010752688,42.22005208333333,1031.1197916666658,33.261928763440835,0
4485,4,0,0,32,0.0,0.0,1.0,32,800,500,300,0.625,11,5,6,376.01199058290575,0.40620799731182794,0.09451517733181825,0.23040549121333043,133035.29739379886,3604.573398166234,136639.87079196508,1358,17,343.28125,31,1,21,32.39211262568892,0.6622983870967742,42.08984375,1031.6406250000002,33.27872983870969,0
4486,4,0,0,32,0.0,0.0,1.0,32,650,500,150,0.7692307692307693,8,5,3,375.5193526494029,0.4059349798387097,0.0959106106484986,0.23072607667435405,133136.0626220703,3599.033610026043,136735.09623209634,1359,18,344.28125,31,1,22,32.30349482715115,0.6633064516129032,41.9921875,1032.03125,33.29133064516129,0
4487,4,0,1,31,0.0,0.03125,0.96875,32,1400,1000,400,0.7142857142857143,18,10,8,375.4154710137081,0.40440188172043007,0.0931118429345772,0.23212555974682353,133371.32983737517,3613.932122124562,136985.26195949974,1360,19,345.28125,31,1,23,32.06975608218833,0.6656586021505376,41.764322916666664,1032.942708333333,33.32073252688171,0
4488,4,0,0,31,0.0,0.0,1.0,31,700,500,200,0.7142857142857143,9,5,4,374.6694834794049,0.40098566308243727,0.11746147617669167,0.23251280536506408,133506.94670265345,3804.2338993717785,137311.18060202524,1361,20,355.741935483871,30,1,23,31.952843889539178,0.6697916666666667,41.63306451612903,1033.4677419354837,34.44892473118279,0
4489,4,0,0,31,0.0,0.0,1.0,31,850,700,150,0.8235294117647058,10,7,3,375.4545198392718,0.39991039426523295,0.11839975850474183,0.23409619737790577,133680.63685108104,3838.199864146138,137518.83671522717,1362,21,356.741935483871,30,1,24,31.75824235334892,0.6715277777777777,41.46505376344086,1034.1397849462364,34.47132616487455,0
4490,4,0,0,31,0.0,0.0,1.0,31,550,300,250,0.5454545454545454,8,3,5,376.7306557717159,0.39910394265232974,0.12464791093823346,0.2353343447093447,133750.1445253787,3877.555931321542,137627.70045670026,1363,22,357.741935483871,30,1,20,31.655513686763683,0.6722222222222223,41.39784946236559,1034.408602150538,34.48028673835127,0
4491,4,0,0,31,0.0,0.0,1.0,31,1150,1000,150,0.8695652173913043,13,10,3,377.91279269851174,0.398073476702509,0.1260909460382369,0.23674130113798558,133854.4399099607,3917.0610402936763,137771.50095025438,1364,23,358.741935483871,30,1,21,31.52032731523573,0.6732638888888889,41.29704301075269,1034.8118279569894,34.493727598566316,0
4492,4,0,0,31,0.0,0.0,1.0,31,650,200,450,0.3076923076923077,11,2,9,378.10569732088993,0.39740143369175623,0.1266195006094728,0.237309859418759,133923.99274843908,3927.48493322927,137851.47768166836,1365,24,359.741935483871,30,1,22,31.445591481625762,0.6739583333333333,41.229838709677416,1035.08064516129,34.502688172043,0
4493,4,0,0,31,0.0,0.0,1.0,31,950,700,250,0.7368421052631579,12,7,5,375.88496326704905,0.39690860215053764,0.12364753961075947,0.23658641805631908,134028.35587929236,3875.848725286155,137904.20460457852,1366,25,360.741935483871,30,1,22,31.39846183800623,0.675,41.12903225806451,1035.4838709677415,34.51612903225805,0
4494,4,0,0,31,0.0,0.0,1.0,31,650,500,150,0.7692307692307693,8,5,3,398.8760285334584,0.3967741935483871,0.05909822798290976,0.23510584755180577,131569.33108235046,4383.23216556826,135952.5632479187,1367,26,361.741935483871,30,1,19,33.284204550417044,0.6503472222222222,43.51478494623655,1025.940860215053,34.1980286738351,8
4495,4,0,0,31,0.0,0.0,1.0,31,700,600,100,0.8571428571428571,8,6,2,400.4550871875238,0.396415770609319,0.05978534046893946,0.23689198302487374,131707.26249060588,4348.568656781136,136055.831147387,1368,27,362.741935483871,30,1,19,33.10391296757016,0.6517361111111111,43.380376344086024,1026.4784946236562,34.21594982078854,0
4496,4,0,0,31,0.0,0.0,1.0,31,600,300,300,0.5,9,3,6,398.64073079137074,0.3966397849462366,0.060496537747002366,0.23646080615264536,131810.75846918713,4309.027416464319,136119.78588565145,1369,28,363.741935483871,30,1,19,33.045647905759154,0.6527777777777778,43.27956989247311,1026.881720430107,34.229390681003565,0
4497,4,0,0,31,0.0,0.0,1.0,31,750,600,150,0.8,9,6,3,396.9496465011156,0.3961917562724014,0.053071352610523315,0.23631488301047712,131948.81633714875,4275.407200254356,136224.2235374031,1370,29,364.741935483871,30,1,20,32.949317547531834,0.6541666666666667,43.14516129032258,1027.419354838709,34.24731182795697,0
4498,4,0,0,31,0.0,0.0,1.0,31,850,600,250,0.7058823529411765,11,6,5,396.1112079819521,0.3953405017921147,0.05675915368047635,0.23631940775521879,132029.74319457996,4259.692213270385,136289.43540785034,1371,30,365.741935483871,31,0,20,32.888978630854346,0.6522177419354839,43.06640624999999,1027.734374999999,33.152721774193516,0
4499,4,0,0,31,0.0,0.0,1.0,31,950,600,350,0.631578947368421,13,6,7,395.6499993382109,0.3951164874551971,0.05073035199901965,0.23646152496405548,132096.6614617241,4252.808803982196,136349.4702657063,1372,31,366.741935483871,31,0,20,32.833148617268314,0.6528897849462365,43.00130208333333,1027.994791666666,33.16112231182794,0
4500,4,0,0,31,0.0,0.0,1.0,31,850,600,250,0.7058823529411765,11,6,5,395.134113122897,0.3938620071684588,0.05487954267047779,0.2372005694278788,132264.0313042534,4252.406141493051,136516.43744574647,1373,32,367.741935483871,31,0,21,32.677215189873415,0.6545698924731183,42.838541666666664,1028.645833333333,33.18212365591397,0
4501,4,0,0,31,0.0,0.0,1.0,31,900,700,200,0.7777777777777778,11,7,4,396.3116148081143,0.39381720430107525,0.05461129869228465,0.23811848430409974,132297.51798841692,4286.208597819015,136583.72658623592,1374,33,368.741935483871,31,0,21,32.61309222461292,0.6549059139784946,42.805989583333336,1028.776041666667,33.18632392473119,0
4502,4,0,0,31,0.0,0.0,1.0,31,1100,800,300,0.7272727272727273,14,8,6,400.7416393164328,0.39202508960573473,0.0103294440631434,0.2140324664530947,127702.62458087644,4040.344050744048,131742.9686316205,1375,34,369.741935483871,30,1,18,37.18556072695036,0.6111111111111112,47.31182795698925,1010.7526881720432,33.69175627240144,8
4503,4,1,0,32,0.03125,0.0,1.0,32,900,800,100,0.8888888888888888,10,8,2,395.0017370707039,0.39507728494623656,0.003256045793671447,0.21295031234311032,128078.62175835489,3718.255615234354,131796.87737358923,1376,0,359.15625,31,1,19,36.94419432295687,0.612231182795699,46.94010416666666,1012.2395833333321,32.6528897849462,0
4504,4,1,0,33,0.030303030303030304,0.0,1.0,33,450,300,150,0.6666666666666666,6,3,3,384.89367073365247,0.39835858585858586,0.01295586907097701,0.20921873833734284,128408.33875868049,3284.7283257378367,131693.06708441832,1377,0,349.24242424242425,31,2,17,36.86193902021242,0.6155913978494624,46.61458333333333,1013.5416666666661,32.69489247311826,0
4505,4,1,1,33,0.029411764705882353,0.029411764705882353,0.9705882352941176,34,1000,800,200,0.8,12,8,4,378.5152797361838,0.4028520499108734,0.008411984859137078,0.20776952034823132,128796.78376405715,2950.310127114577,131747.09389117174,1378,0,339.94117647058823,33,1,18,36.626096623606564,0.6145833333333333,46.231617647058826,1015.0735294117652,30.759803921568643,0
4506,4,1,0,34,0.029411764705882353,0.0,1.0,34,1000,700,300,0.7,13,7,6,379.2277916827706,0.401849376114082,0.02243620673017288,0.2093357033777984,129019.90504535142,2985.586734693872,132005.4917800453,1379,0,340.8529411764706,34,0,19,36.37997031481915,0.6145833333333333,46.01190476190476,1015.9523809523805,29.88095238095237,0
4507,4,0,0,34,0.0,0.0,1.0,34,1150,700,450,0.6086956521739131,16,7,9,381.08551515194404,0.40229500891265596,0.014709327160238317,0.21100571519891673,129140.88010204067,3042.743764172312,132183.623866213,1380,1,341.8529411764706,34,0,19,36.209201998906835,0.6158088235294117,45.89285714285713,1016.4285714285702,29.89495798319324,0
4508,4,0,0,34,0.0,0.0,1.0,34,900,700,200,0.7777777777777778,11,7,4,380.2860331234617,0.4022021687462864,0.01363710483590852,0.21105238908530813,129232.53864198842,3029.0800664628346,132261.61870845125,1381,2,342.8529411764706,33,1,20,36.135927644530156,0.6190025252525253,45.80269607843136,1016.7892156862725,30.81179441473553,0
4509,4,0,0,34,0.0,0.0,1.0,34,900,700,200,0.7777777777777778,11,7,4,381.8702334267569,0.40118092691622104,0.016246970963764706,0.21277091798046552,129388.3437259708,3081.9114042675865,132470.2551302384,1382,3,343.8529411764706,33,1,20,35.9366216975829,0.6205808080808081,45.64950980392157,1017.4019607843139,30.830362448009513,0
4510,4,0,0,34,0.0,0.0,1.0,34,950,600,350,0.631578947368421,13,6,7,376.95778738545266,0.4002710932857992,0.018643851811996903,0.21120311904151892,129606.62853529886,2971.245584630901,132577.87411992977,1383,4,344.8529411764706,33,1,17,35.83902495286235,0.622790404040404,45.43504901960784,1018.2598039215682,30.856357694592976,0
4511,4,1,0,35,0.02857142857142857,0.0,1.0,35,700,500,200,0.7142857142857143,9,5,4,366.6840665344546,0.40504201680672264,0.03422969841455137,0.2079494219810548,130080.35891439894,2539.6789965986245,132620.03791099758,1384,0,335.9714285714286,34,1,18,35.618703076982925,0.6253063725490196,44.97023809523809,1020.1190476190463,30.003501400560186,0
4512,4,0,0,35,0.0,0.0,1.0,35,850,600,250,0.7058823529411765,11,6,5,367.2610991758847,0.40504201680672264,0.031943750208271116,0.2090900839531228,130232.2066326528,2565.844671201781,132798.0513038546,1385,1,336.9714285714286,34,1,18,35.44971230852966,0.6268382352941176,44.821428571428555,1020.7142857142836,30.021008403361282,0
4513,4,0,1,34,0.0,0.02857142857142857,0.9714285714285714,35,750,500,250,0.6666666666666666,10,5,5,366.0141607663474,0.4048319327731092,0.02798833819241997,0.2085429520645466,130262.5868055554,2535.5938208616594,132798.18062641707,1386,2,337.9714285714286,33,2,18,35.45068027210884,0.6294191919191919,44.79166666666666,1020.8333333333321,30.934343434343397,0
4514,4,0,0,34,0.0,0.0,1.0,34,1100,700,400,0.6363636363636364,15,7,8,372.3074410273873,0.4011066547831254,0.02938351132960393,0.21178800333853,130200.04325259503,2894.8889850057517,133094.9322376008,1387,3,348.6764705882353,33,1,18,35.35362632084533,0.6287878787878788,44.85294117647058,1020.5882352941167,30.92691622103384,0
4515,4,0,0,34,0.0,0.0,1.0,34,950,600,350,0.631578947368421,13,6,7,373.18946245654917,0.4005867498514557,0.024669222208483,0.21298399314651476,130327.04132550256,2927.3507174255656,133254.39204292814,1388,4,349.6764705882353,32,2,18,35.20207328634433,0.6324869791666667,44.72853535353536,1021.0858585858591,31.908933080808097,0
4516,4,0,0,34,0.0,0.0,1.0,34,950,700,250,0.7368421052631579,12,7,5,372.76347418749816,0.4009024064171123,0.027338977133880116,0.21291744203590998,130359.27456382004,2918.6352157943047,133277.90977961436,1389,5,350.6764705882353,32,2,19,35.18020524233432,0.6328125,44.696969696969695,1021.2121212121214,31.912878787878793,0
4517,4,0,0,34,0.0,0.0,1.0,34,450,300,150,0.6666666666666666,6,3,3,374.8759704254209,0.4006053178847297,0.027157711044862864,0.21447995761963626,130423.75299714321,2978.546194265899,133402.2991914091,1390,6,351.6764705882353,32,2,19,35.06077461887104,0.6334635416666667,44.63383838383839,1021.464646464647,31.92077020202022,0
4518,4,0,0,34,0.0,0.0,1.0,34,1500,1300,200,0.8666666666666667,17,13,4,374.9805610613466,0.4008467023172906,0.021039549993459472,0.2152547986688327,130552.75769054181,2990.9492653810835,133543.70695592288,1391,7,352.6764705882353,32,2,17,34.92710649864096,0.634765625,44.50757575757576,1021.9696969696971,31.936553030303035,0
4519,4,0,0,34,0.0,0.0,1.0,34,950,800,150,0.8421052631578947,11,8,3,372.8202884141798,0.40041963755199045,0.02011045307560977,0.21419306137067315,130585.0188277981,2936.9488763901554,133521.96770418825,1392,8,353.6764705882353,32,2,17,34.94955733992176,0.6350911458333333,44.4760101010101,1022.095959595959,31.94049873737372,0
4520,4,0,0,34,0.0,0.0,1.0,34,1200,900,300,0.75,15,9,6,372.80679579610785,0.39952837195484253,0.013789408380802115,0.21482734144493948,130700.81218762009,2945.2301999231013,133646.0423875432,1393,9,354.6764705882353,33,1,17,34.832414509427934,0.6338383838383839,44.36274509803921,1022.5490196078428,30.986333927510387,0
4521,4,0,1,33,0.0,0.029411764705882353,0.9705882352941176,34,850,700,150,0.8235294117647058,10,7,3,387.30818403502997,0.39887849079025545,0.010966321005781765,0.2212089854396096,130356.4302942378,3308.57077205883,133665.00106629662,1394,10,355.6764705882353,33,1,19,34.81176747069885,0.6303661616161615,44.69975490196079,1021.2009803921569,30.945484254307786,8
4522,4,0,0,33,0.0,0.0,1.0,33,850,600,250,0.7058823529411765,11,6,5,391.18232614850524,0.3993055555555556,0.01744016181593433,0.22380940725186768,130423.75299714322,3603.893416488122,134027.64641363136,1395,11,362.030303030303,32,1,19,34.644365471775856,0.6334635416666667,44.63383838383839,1021.4646464646471,31.920770202020222,0
4523,4,0,0,33,0.0,0.0,1.0,33,900,500,400,0.5555555555555556,13,5,8,390.5821437062511,0.39906881313131315,0.01887385970430966,0.2238378687585684,130488.2473727172,3593.275877461503,134081.5232501787,1396,12,363.030303030303,32,1,17,34.59409499093756,0.6341145833333333,44.57070707070708,1021.7171717171727,31.928661616161648,0
4524,4,0,0,33,0.0,0.0,1.0,33,850,600,250,0.7058823529411765,11,6,5,393.42577663782447,0.39871369949494945,0.019096188625411292,0.22565519562933486,130520.50053884817,3670.0258583307923,134190.52639717897,1397,13,364.030303030303,32,1,17,34.488652745170725,0.6344401041666667,44.53914141414142,1021.8434343434351,31.932607323232347,0
4525,4,0,0,33,0.0,0.0,1.0,33,1150,1000,150,0.8695652173913043,13,10,3,391.64569834884264,0.39831912878787884,0.03425787695450633,0.22576074810870292,130714.10323245074,3638.723248903171,134352.8264813539,1398,14,365.030303030303,32,1,18,34.33731530641643,0.6363932291666667,44.349747474747474,1022.6010101010098,31.956281565656557,0
4526,4,0,0,33,0.0,0.0,1.0,33,650,300,350,0.46153846153846156,10,3,7,393.6822664031765,0.3974905303030303,0.037606722538229276,0.22769503245288636,130843.25140610647,3702.1335514233156,134545.38495752978,1399,15,366.030303030303,32,1,19,34.15401703072934,0.6376953125,44.223484848484844,1023.1060606060602,31.97206439393938,0
4527,4,0,1,32,0.0,0.030303030303030304,0.9696969696969697,33,800,600,200,0.75,10,6,4,391.52628089329556,0.3973721590909091,0.03306444882304049,0.22690048381262398,130920.20083922052,3651.7398656766636,134571.9407048972,1400,16,367.030303030303,33,0,20,34.131017243443914,0.6360479797979798,44.14828431372549,1023.4068627450982,31.012329174093885,0
4528,4,0,0,32,0.0,0.0,1.0,32,1150,800,350,0.6956521739130435,15,8,7,394.51819279082133,0.3960013440860215,0.04350943745373792,0.22875282337356215,130940.15438475672,3931.6546143250766,134871.8089990818,1401,17,376.09375,32,0,20,34.03420305946214,0.638671875,44.12878787878788,1023.484848484849,31.98390151515153,0
4529,4,0,0,32,0.0,0.0,1.0,32,600,300,300,0.5,9,3,6,396.5845244781366,0.3956863239247312,0.03928692516335852,0.23091867035478583,131101.73906042753,3998.58416870728,135100.3232291348,1402,18,377.09375,32,0,20,33.817244071836605,0.6402994791666667,43.9709595959596,1024.1161616161617,32.00363005050505,0
4530,4,0,0,32,0.0,0.0,1.0,32,1000,700,300,0.7,13,7,6,394.557681330037,0.395476310483871,0.037497688894366776,0.23012555489795788,131166.4008296349,3950.5421959494092,135116.9430255843,1403,19,378.09375,32,0,20,33.80351493487818,0.6409505208333333,43.90782828282829,1024.3686868686882,32.011521464646506,0
4531,4,0,0,32,0.0,0.0,1.0,32,1300,1100,200,0.8461538461538461,15,11,4,397.74294481092096,0.3950562836021505,0.03837879461450577,0.2331668059937737,131361.49300469295,4049.721051556602,135411.21405624956,1404,20,379.09375,31,1,22,33.52399021973836,0.645497311827957,43.71744791666667,1025.1302083333337,33.06871639784948,0
4532,4,0,1,31,0.0,0.03125,0.96875,32,900,600,300,0.6666666666666666,12,6,6,392.74660648481824,0.394510248655914,0.041260156346177634,0.23101235948415497,131489.9488094328,3928.4462363534462,135418.39504578625,1405,21,380.09375,32,0,22,33.521841273749445,0.6442057291666667,43.59217171717172,1025.6313131313138,32.05097853535356,0
4533,4,0,0,31,0.0,0.0,1.0,31,1150,800,350,0.6956521739130435,15,8,7,401.7895623713801,0.3927867383512545,0.05240553697251604,0.23677636214839964,131561.79004245327,4372.030809190534,135933.8208516438,1406,22,391.2903225806452,31,0,18,33.21712251977832,0.647513440860215,43.522135416666664,1025.9114583333328,33.093918010752674,0
4534,4,0,0,31,0.0,0.0,1.0,31,550,400,150,0.7272727272727273,7,4,3,405.57856547819944,0.392741935483871,0.05134439300727367,0.23942806550814147,131628.58963012684,4477.14691162108,136105.73654174793,1407,23,392.2903225806452,31,0,18,33.05219832508565,0.6481854838709677,43.45703124999999,1026.171874999999,33.10231854838707,0
4535,4,0,0,31,0.0,0.0,1.0,31,850,600,250,0.7058823529411765,11,6,5,404.75015579788226,0.3923835125448029,0.04765879445508259,0.2395683354587464,131728.82080078113,4463.4521484374845,136192.2729492186,1408,24,393.2903225806452,31,0,18,32.971841704718415,0.6491935483870968,43.35937499999999,1026.562499999999,33.11491935483868,0
4536,4,0,0,31,0.0,0.0,1.0,31,800,500,300,0.625,11,5,6,402.51142773679385,0.39171146953405017,0.04266178106392737,0.23908208900510763,131862.52170138885,4415.234374999995,136277.75607638885,1409,25,394.2903225806452,31,0,19,32.89384719405004,0.6505376344086021,43.229166666666664,1027.083333333333,33.131720430107514,0
4537,4,0,0,31,0.0,0.0,1.0,31,1050,900,150,0.8571428571428571,12,9,3,407.71308726564854,0.39211469534050175,0.04238393269588503,0.24281237521609284,131962.84188164596,4560.595533582896,136523.43741522887,1410,26,395.2903225806452,31,0,19,32.658645925738185,0.6515456989247312,43.131510416666664,1027.4739583333328,33.14432123655912,0
4538,4,0,0,31,0.0,0.0,1.0,31,600,400,200,0.6666666666666666,8,4,4,413.4687061122582,0.39153225806451614,0.04158323594073088,0.24689273570727407,132063.20020887573,4720.800103081579,136784.00031195732,1411,27,396.2903225806452,31,0,19,32.409108183430455,0.6525537634408602,43.03385416666666,1027.8645833333321,33.15692204301072,0
4539,4,0,0,31,0.0,0.0,1.0,31,600,400,200,0.6666666666666666,8,4,4,411.0067144407182,0.3913530465949821,0.0468019740497434,0.24585674372908414,132130.126953125,4661.273871527779,136791.40082465278,1412,28,397.2903225806452,31,0,20,32.40459304289092,0.6532258064516129,42.96875,1028.125,33.16532258064516,0
4540,4,0,0,31,0.0,0.0,1.0,31,800,600,200,0.75,10,6,4,412.9830911690014,0.39099462365591403,0.05201148369127995,0.24769578110432358,132230.54885864258,4721.796162923178,136952.34502156576,1413,29,398.2903225806452,31,0,20,32.25210469679707,0.654233870967742,42.87109375,1028.515625,33.177923387096776,0
4541,4,0,0,31,0.0,0.0,1.0,31,850,700,150,0.8235294117647058,10,7,3,413.3712277075949,0.3903225806451613,0.05617908717148956,0.2483685224424111,132297.5179884168,4737.597486707891,137035.11547512468,1414,30,399.2903225806452,31,0,20,32.17432919883559,0.6549059139784946,42.80598958333333,1028.776041666666,33.18632392473116,0
4542,4,0,0,31,0.0,0.0,1.0,31,1100,800,300,0.7272727272727273,14,8,6,410.0211755639322,0.38982974910394264,0.0584863554955386,0.24767283691245334,132498.5271030003,4665.44036865235,137163.96747165264,1415,31,400.2903225806452,31,0,20,32.0571698073437,0.6569220430107527,42.610677083333336,1029.5572916666672,33.21152553763442,0
4543,4,0,0,31,0.0,0.0,1.0,31,750,500,250,0.6666666666666666,10,5,5,413.1876501833721,0.3904569892473118,0.05612226169451717,0.25003069053559995,132565.56404961486,4754.890780978743,137320.4548305936,1416,32,401.2903225806452,31,0,20,31.907873941079785,0.6575940860215054,42.54557291666667,1029.817708333334,33.21992607526884,0
4544,4,0,0,31,0.0,0.0,1.0,31,1050,800,250,0.7619047619047619,13,8,5,418.3429248528555,0.3904121863799283,0.05166509018558996,0.25382892802421736,132666.15125868062,4899.989149305566,137566.14040798618,1417,33,402.2903225806452,31,0,18,31.673407482305368,0.6586021505376345,42.44791666666667,1030.208333333334,33.23252688172045,0
4545,4,0,0,31,0.0,0.0,1.0,31,600,300,300,0.5,9,3,6,416.81778895683556,0.38991935483870965,0.05060855812891818,0.2533560661908139,132733.2305908203,4865.11433919271,137598.34493001303,1418,34,403.2903225806452,31,0,18,31.644869850897148,0.6592741935483871,42.3828125,1030.46875,33.24092741935484,0
4546,4,0,0,31,0.0,0.0,1.0,31,750,700,50,0.9333333333333333,8,7,1,417.86662942196733,0.3896505376344086,0.04877015110270699,0.2544486337310996,132800.3268771702,4898.564995659728,137698.89187282993,1419,35,404.2903225806452,31,0,18,31.55002526528549,0.6599462365591398,42.317708333333336,1030.7291666666672,33.24932795698926,0
4547,4,0,0,31,0.0,0.0,1.0,31,750,500,250,0.6666666666666666,10,5,5,419.19169945721285,0.38991935483870965,0.05006784094659533,0.25548427133200574,132833.88137817383,4936.572096082899,137770.45347425673,1420,36,405.2903225806452,31,0,18,31.48196391730875,0.6602822580645161,42.28515625,1030.859375,33.25352822580645,0
4548,4,0,1,30,0.0,0.03225806451612903,0.967741935483871,31,950,600,350,0.631578947368421,13,6,7,417.52525224593074,0.38960573476702504,0.05160638726781763,0.25538359251274284,132968.14176771385,4903.511386447493,137871.65315416135,1421,37,406.2903225806452,31,0,18,31.389265875520763,0.6616263440860215,42.15494791666667,1031.3802083333342,33.27032930107529,0
4549,4,0,0,30,0.0,0.0,1.0,30,600,400,200,0.6666666666666666,8,4,4,421.1507848917177,0.38783524904214556,0.031247827598192224,0.2572507023637946,132917.2447681814,5195.64039195284,138112.88516013426,1422,38,376.43333333333334,30,0,18,31.347214980882857,0.6638888888888889,42.20430107526882,1031.1827956989255,34.37275985663085,0
4550,4,0,0,30,0.0,0.0,1.0,30,1000,600,400,0.6,14,6,8,420.19396898642975,0.38666187739463603,0.03755373192653377,0.257860039960737,133090.5510210717,5184.769373626999,138275.3203946987,1423,39,377.43333333333334,30,0,18,31.19681082019887,0.665625,42.03629032258064,1031.8548387096766,34.395161290322555,0
4551,4,0,0,30,0.0,0.0,1.0,30,950,600,350,0.631578947368421,13,6,7,420.8440779655196,0.38632662835249043,0.036736554238833374,0.2587399259165114,133159.90513715468,5207.911499884395,138367.81663703907,1424,40,378.43333333333334,30,0,18,31.110007813517385,0.6663194444444445,41.96908602150538,1032.1236559139793,34.40412186379931,0
4552,4,0,0,30,0.0,0.0,1.0,30,950,800,150,0.8421052631578947,11,8,3,421.1242863945295,0.3855603448275862,0.034305428980601294,0.2593949995025166,133229.27731890976,5221.216867556953,138450.4941864667,1425,41,379.43333333333334,30,0,19,31.032743132404637,0.6670138888888889,41.90188172043011,1032.39247311828,34.413082437275996,0
4553,4,0,0,30,0.0,0.0,1.0,30,700,400,300,0.5714285714285714,10,4,6,424.291226563499,0.3853687739463601,0.031875569439021145,0.26183369427207737,133298.66756633722,5311.4910322002725,138610.1585985375,1426,42,380.43333333333334,30,0,20,30.880949281964515,0.6677083333333333,41.83467741935485,1032.6612903225814,34.422043010752716,0
4554,4,0,0,30,0.0,0.0,1.0,30,1000,800,200,0.8,12,8,4,424.03746097814746,0.3845306513409961,0.03467741935483826,0.26290322580645176,133472.22222222242,5319.44444444447,138791.6666666669,1427,43,381.43333333333334,30,0,20,30.712365591397848,0.6694444444444445,41.66666666666668,1033.3333333333348,34.44444444444449,0
4555,4,0,0,30,0.0,0.0,1.0,30,1150,900,250,0.782608695652174,14,9,5,422.53936649146266,0.3840756704980843,0.03290870488322728,0.263206100924601,133645.88978855938,5294.129921089145,138940.0197096485,1428,44,382.43333333333334,30,0,21,30.57595649724858,0.6711805555555556,41.498655913978496,1034.005376344086,34.4668458781362,0
4556,4,0,0,30,0.0,0.0,1.0,30,850,500,350,0.5882352941176471,12,5,7,420.5390196489468,0.383860153256705,0.0265852390852388,0.2627003486378486,133750.14452537868,5249.430931321542,138999.57545670023,1429,45,383.43333333333334,30,0,16,30.522619975744977,0.6722222222222223,41.39784946236559,1034.4086021505377,34.48028673835126,0
4557,4,0,0,30,0.0,0.0,1.0,30,700,600,100,0.8571428571428571,8,6,2,420.9671108112666,0.3845785440613027,0.031670995670995516,0.2639614619907779,133889.2140709909,5272.591123251247,139161.80519424216,1430,46,384.43333333333334,30,0,17,30.37148268398268,0.6736111111111112,41.263440860215056,1034.94623655914,34.498207885304666,0
4558,4,0,0,30,0.0,0.0,1.0,30,1050,900,150,0.8571428571428571,12,9,3,421.6074935019509,0.38227969348659,0.0329872826369062,0.26586803149967525,134097.95388195154,5307.340443981949,139405.2943259335,1431,47,385.43333333333334,30,0,19,30.144800588286195,0.6756944444444444,41.06182795698924,1035.752688172042,34.525089605734735,0
4559,4,0,1,29,0.0,0.03333333333333333,0.9666666666666667,30,1000,300,700,0.3,17,3,14,426.9074081508326,0.3824952107279693,0.029615700514416643,0.270491620727286,134272.02792591634,5464.344685801835,139736.37261171816,1432,48,386.43333333333334,30,0,19,29.832382310984315,0.6774305555555555,40.89381720430108,1036.424731182796,34.54749103942653,0
4560,4,0,0,29,0.0,0.0,1.0,29,850,600,250,0.7058823529411765,11,6,5,434.95604798424495,0.38223522167487683,0.023019321438476403,0.2749806879629208,134190.77932098752,5873.418209876527,140064.19753086404,1433,49,390.3448275862069,29,0,19,29.70565236818587,0.6795977011494253,40.972222222222214,1036.1111111111102,35.727969348658974,0
4561,4,0,0,29,0.0,0.0,1.0,29,800,800,0,1.0,8,8,0,437.689333236836,0.38136288998357964,0.031599955649185274,0.27779874007480815,134334.72222222225,5959.375000000005,140294.09722222225,1434,50,391.3448275862069,29,0,19,29.489884780278675,0.6810344827586207,40.833333333333336,1036.6666666666667,35.74712643678161,0
4562,4,0,0,29,0.0,0.0,1.0,29,900,500,400,0.5555555555555556,13,5,8,437.69526415993244,0.38136288998357964,0.02798895221556097,0.2783503272758138,134406.72260802463,5965.837191358019,140372.55979938264,1435,51,392.3448275862069,29,0,19,29.41724707563175,0.6817528735632183,40.763888888888886,1036.9444444444441,35.7567049808429,0
4563,4,0,0,29,0.0,0.0,1.0,29,1000,700,300,0.7,13,7,6,436.3300293419702,0.3805931855500821,0.026592675010733924,0.2783047813112872,134514.75935570974,5938.565779320972,140453.32513503073,1436,52,393.3448275862069,29,0,20,29.343927120988976,0.6828304597701149,40.659722222222214,1037.3611111111102,35.77107279693483,0
4564,4,0,0,29,0.0,0.0,1.0,29,800,500,300,0.625,11,5,6,432.6780635626367,0.3800800492610838,0.031016482121675182,0.27652162642228006,134586.80796682075,5846.551890432069,140433.35985725283,1437,53,394.3448275862069,29,0,20,29.366188149734537,0.6835488505747127,40.590277777777764,1037.638888888887,35.78065134099611,0
4565,4,0,0,29,0.0,0.0,1.0,29,1050,600,450,0.5714285714285714,15,6,9,433.3061151441258,0.37920771756978655,0.030999884673047706,0.27802259319333383,134730.96305941357,5875.95003858024,140606.91309799382,1438,54,395.3448275862069,29,0,21,29.204988851727975,0.6849856321839081,40.451388888888886,1038.1944444444443,35.79980842911877,0
4566,4,0,0,29,0.0,0.0,1.0,29,850,600,250,0.7058823529411765,11,6,5,430.1723001315309,0.378745894909688,0.032375145849570686,0.27656047189023686,134803.06954089494,5797.709297839487,140600.77883873443,1439,55,396.3448275862069,29,0,16,29.213894833043554,0.6857040229885057,40.381944444444436,1038.4722222222213,35.80938697318005,0
4567,4,0,0,29,0.0,0.0,1.0,29,1100,900,200,0.8181818181818182,13,9,4,431.0246218078874,0.37771962233169126,0.0287663654803616,0.27793656647612014,134911.26543209853,5830.015432098738,140741.28086419727,1440,56,397.3448275862069,29,0,17,29.083110516934056,0.6867816091954023,40.277777777777764,1038.888888888887,35.823754789271966,0
4568,4,0,0,29,0.0,0.0,1.0,29,1000,800,200,0.8,12,8,4,429.64702750153464,0.3765394088669951,0.024604213125932972,0.27815556693957477,135055.59413580244,5805.246913580242,140860.8410493827,1441,57,398.3448275862069,29,0,19,28.97403349367539,0.6882183908045977,40.138888888888886,1039.4444444444443,35.842911877394634,0
4569,4,0,0,29,0.0,0.0,1.0,29,750,400,350,0.5333333333333333,11,4,7,424.164451274779,0.3761288998357964,0.02127826163050428,0.27543098410184463,135163.8913001542,5666.343557098748,140830.23485725294,1442,58,399.3448275862069,29,0,19,29.007919282311555,0.6892959770114943,40.034722222222214,1039.8611111111102,35.85727969348656,0
4570,4,0,0,29,0.0,0.0,1.0,29,800,800,0,1.0,8,8,0,427.1986860828917,0.3762315270935961,0.024311518963445078,0.2779575117354278,135236.1135223765,5754.5380015431965,140990.6515239197,1443,59,400.3448275862069,29,0,19,28.856628610851452,0.6900143678160919,39.96527777777777,1040.1388888888885,35.86685823754788,0
4571,4,0,0,29,0.0,0.0,1.0,29,850,700,150,0.8235294117647058,10,7,3,425.7509865206457,0.3761288998357964,0.023746301145436632,0.27813009084561446,135380.61583719132,5727.686149691352,141108.30198688267,1444,60,401.3448275862069,29,0,19,28.74947172916944,0.6914511494252873,39.826388888888886,1040.6944444444443,35.88601532567049,0
4572,4,0,0,29,0.0,0.0,1.0,29,800,600,200,0.75,10,6,4,421.5974981764586,0.37551313628899835,0.02429205677348123,0.2759714627801358,135452.8959297838,5621.3204089506,141074.21633873438,1445,61,402.3448275862069,29,0,19,28.785162330442528,0.6921695402298851,39.756944444444436,1040.972222222221,35.89559386973176,0
4573,4,0,0,29,0.0,0.0,1.0,29,750,500,250,0.6666666666666666,10,5,5,424.09744403433365,0.37453817733990147,0.0267657582251819,0.27844856702009024,135561.35223765412,5698.244598765404,141259.5968364195,1446,62,403.3448275862069,29,0,19,28.61151862718947,0.6932471264367817,39.652777777777764,1041.3888888888873,35.9099616858237,0
4574,4,0,0,29,0.0,0.0,1.0,29,850,600,250,0.7058823529411765,11,6,5,422.25938718838745,0.3736658456486042,0.029233583688027753,0.2783646680744536,135706.02816358022,5660.6288580246855,141366.65702160491,1447,63,404.3448275862069,29,0,20,28.51461832400248,0.694683908045977,39.513888888888886,1041.9444444444443,35.92911877394636,0
4575,4,0,0,29,0.0,0.0,1.0,29,650,500,150,0.7692307692307693,8,5,3,424.95175281072545,0.3731527093596059,0.029501507242114533,0.2807075662932822,135778.39506172846,5739.85339506174,141518.2484567902,1448,64,405.3448275862069,29,0,20,28.37209044065388,0.6954022988505747,39.44444444444445,1042.2222222222229,35.938697318007684,0
4576,4,0,0,29,0.0,0.0,1.0,29,950,700,250,0.7368421052631579,12,7,5,425.8009650239835,0.3731013957307061,0.031703002595970586,0.28155385396519783,135814.58574459876,5765.996334876541,141580.5820794753,1449,65,406.3448275862069,29,0,20,28.313763046857648,0.6957614942528736,39.40972222222222,1042.361111111111,35.94348659003831,0
4577,4,0,0,29,0.0,0.0,1.0,29,500,400,100,0.8,6,4,2,425.6802391819558,0.3728448275862069,0.029493646462140477,0.28175977736329455,135850.78125,5765.798611111113,141616.57986111112,1450,66,407.3448275862069,29,0,20,28.280708766320277,0.6961206896551724,39.375,1042.5,35.94827586206897,0
4578,4,0,0,29,0.0,0.0,1.0,29,750,600,150,0.8,9,6,3,423.4921569287995,0.3723830049261084,0.024243537352495403,0.28145363703852094,135995.61149691365,5718.61496913581,141714.22646604947,1451,67,408.3448275862069,29,0,18,28.192964935641374,0.6975574712643677,39.236111111111114,1043.055555555556,35.96743295019159,0
4579,4,0,0,29,0.0,0.0,1.0,29,1100,900,200,0.8181818181818182,13,9,4,427.695707380048,0.3714593596059113,0.03083077939476242,0.2859929658957687,136213.0015432098,5851.543209876531,142064.54475308635,1452,68,409.3448275862069,29,0,18,27.866107858790134,0.6997126436781609,39.02777777777777,1043.8888888888882,35.996168582375454,0
4580,4,0,0,29,0.0,0.0,1.0,29,950,700,250,0.7368421052631579,12,7,5,426.1797510671965,0.3711514778325123,0.03165239250801588,0.28527098742405305,136249.25009645056,5813.334297839495,142062.58439429005,1453,69,410.3448275862069,29,0,18,27.869468094541254,0.7000718390804598,38.99305555555555,1044.0277777777774,36.00095785440612,0
4581,4,0,0,29,0.0,0.0,1.0,29,800,300,500,0.375,13,3,10,425.39044816659134,0.37068965517241376,0.03274027879677166,0.28561930091185406,136358.02469135798,5801.080246913573,142159.10493827154,1454,70,411.3448275862069,29,0,18,27.781471631205672,0.7011494252873562,38.888888888888886,1044.4444444444441,36.01532567049807,0
4582,4,1,1,29,0.03333333333333333,0.03333333333333333,0.9666666666666667,30,550,500,50,0.9090909090909091,6,5,1,414.0080073677358,0.3724616858237548,0.026570669409445413,0.2800134157657607,136615.51371545842,5311.983321771302,141927.4970372297,1455,0,398.6,30,0,19,27.82206222679352,0.7006944444444445,38.64247311827957,1045.4301075268816,34.84767025089605,0
4583,4,0,1,28,0.0,0.034482758620689655,0.9655172413793104,29,950,600,350,0.631578947368421,13,6,7,424.176333594552,0.3682779146141215,0.039317218467178394,0.28627147177569556,136539.41213348776,5783.357445987674,142322.76957947543,1456,1,410.7241379310345,29,0,19,27.63219822812847,0.7029454022988506,38.715277777777786,1045.1388888888896,36.03927203065137,0
4584,4,0,0,28,0.0,0.0,1.0,28,800,700,100,0.875,9,7,2,428.2207146421273,0.3655202821869488,0.026761171758423075,0.2895663494178551,136608.2458052584,6099.696128947039,142707.94193420545,1457,2,414.85714285714283,28,0,21,27.457852299798436,0.7068452380952381,38.64942528735633,1045.4022988505756,37.33579638752055,0
4585,4,0,0,28,0.0,0.0,1.0,28,600,400,200,0.6666666666666666,8,4,4,432.0602105929919,0.365299823633157,0.029599968594197668,0.2927871706420665,136683.35686682517,6211.087990487507,142894.4448573127,1458,3,415.85714285714283,28,0,21,27.282563891178903,0.7075892857142857,38.57758620689655,1045.6896551724135,37.346059113300484,0
4586,4,0,0,28,0.0,0.0,1.0,28,450,400,50,0.8888888888888888,5,4,1,432.3590900857385,0.36502425044091713,0.03442896389324934,0.29361699401344915,136758.48857180597,6225.755136081368,142984.24370788733,1459,4,416.85714285714283,28,0,21,27.199805402930394,0.7083333333333333,38.50574712643677,1045.977011494252,37.35632183908043,0
4587,4,0,1,27,0.0,0.03571428571428571,0.9642857142857143,28,450,400,50,0.8888888888888888,5,4,1,432.17412436177625,0.3646660052910053,0.03229050169717618,0.2938057702593925,136796.0621655767,6223.943676509446,143020.00584208616,1460,5,417.85714285714283,28,0,21,27.16717026049535,0.7087053571428572,38.4698275862069,1046.1206896551726,37.36145320197045,0
4588,4,0,0,27,0.0,0.0,1.0,27,850,700,150,0.8235294117647058,10,7,3,452.1743374662476,0.3627730294396961,0.0595843425351148,0.27548035493656126,132819.50035873748,6611.5139154620565,139431.01427419955,1461,6,426.6296296296296,27,0,18,30.64653409364323,0.6724537037037037,42.29910714285716,1030.8035714285734,38.17791005291013,8
4589,4,0,0,27,0.0,0.0,1.0,27,650,600,50,0.9230769230769231,7,6,1,450.4930955949413,0.36306980056980054,0.06077324437601561,0.27473733858114047,132857.851473923,6570.308956916111,139428.1604308391,1462,7,427.6296296296296,27,0,18,30.650981524249413,0.6728395061728395,42.261904761904766,1030.9523809523816,38.183421516754876,0
4590,4,0,0,27,0.0,0.0,1.0,27,500,400,100,0.8,6,4,2,450.3622079379652,0.3623575498575498,0.057463524130190624,0.2752213492954236,132934.5703125002,6573.741319444473,139508.31163194467,1463,8,428.6296296296296,27,0,19,30.576599326599336,0.6736111111111112,42.187500000000014,1031.2500000000016,38.19444444444451,0
4591,4,0,0,27,0.0,0.0,1.0,27,550,400,150,0.7272727272727273,7,4,3,450.3622079379652,0.3623575498575498,0.057463524130190624,0.2752213492954236,132934.5703125002,6573.741319444473,139508.31163194467,1464,9,429.6296296296296,27,0,19,30.576599326599336,0.6736111111111112,42.187500000000014,1031.2500000000016,38.19444444444451,0
4592,4,0,0,27,0.0,0.0,1.0,27,650,300,350,0.46153846153846156,10,3,7,450.7279489458863,0.36158594491927826,0.05983193636446216,0.2762950371389771,133049.69009088012,6593.842784509647,139643.53287538976,1465,10,430.6296296296296,27,0,19,30.450532477522962,0.6747685185185186,42.07589285714286,1031.696428571429,38.21097883597885,0
4593,4,0,1,26,0.0,0.037037037037037035,0.962962962962963,27,1000,700,300,0.7,13,7,6,451.1317936816292,0.36128917378917375,0.060079102015980324,0.2782580903428287,133280.07912149234,6625.376231221652,139905.455352714,1466,11,431.6296296296296,27,0,19,30.20683215641062,0.6770833333333333,41.85267857142857,1032.5892857142856,38.24404761904761,0
4594,4,0,0,26,0.0,0.0,1.0,26,950,700,250,0.7368421052631579,12,7,5,467.11433224224635,0.3590705128205128,0.07562894709597212,0.28683136269090015,133113.6670524691,7235.8603395061655,140349.52739197528,1467,83,448.8076923076923,26,0,19,29.962987886944813,0.6790865384615384,42.013888888888886,1031.9444444444443,39.69017094017094,0
4595,4,0,0,26,0.0,0.0,1.0,26,750,500,250,0.6666666666666666,10,5,5,467.56633330368976,0.35836538461538464,0.07560633416516205,0.2877232017910194,133193.30430288828,7255.340982700807,140448.6452855891,1468,84,449.8076923076923,26,0,19,29.870558628594203,0.6798878205128205,41.93672839506173,1032.2530864197531,39.70204178537512,0
4596,4,0,0,26,0.0,0.0,1.0,26,550,300,250,0.5454545454545454,8,3,5,463.76182077209216,0.3585576923076923,0.07742302520428934,0.28660737455471935,133352.65024862823,7168.773576817552,140521.4238254458,1469,85,450.8076923076923,26,0,19,29.807261317794712,0.6814903846153846,41.782407407407405,1032.87037037037,39.72578347578346,0
4597,4,0,0,26,0.0,0.0,1.0,26,750,500,250,0.6666666666666666,10,5,5,465.9859521331948,0.35846153846153844,0.07940446650124056,0.28891129032258067,133472.22222222216,7239.236111111106,140711.45833333326,1470,86,451.8076923076923,26,0,19,29.628696236559133,0.6826923076923077,41.666666666666664,1033.333333333333,39.74358974358973,0
4598,4,1,0,27,0.037037037037037035,0.0,1.0,27,700,400,300,0.5714285714285714,10,4,6,456.3553004034875,0.3645536562203229,0.07127299837580225,0.28619937910786786,133895.4242178642,6820.777308319156,140716.20152618334,1471,0,436.037037037037,27,0,20,29.449586628324955,0.6832561728395061,41.257440476190474,1034.9702380952378,38.332231040564366,0
4599,4,0,0,27,0.0,0.0,1.0,27,650,500,150,0.7692307692307693,8,5,3,455.2499740236794,0.3641381766381766,0.06648246636747435,0.28610425196772693,133972.4420041454,6798.190148455215,140770.63215260062,1472,1,437.037037037037,27,0,20,29.400394087489826,0.6840277777777778,41.183035714285715,1035.267857142857,38.34325396825397,0
4600,4,0,0,27,0.0,0.0,1.0,27,800,700,100,0.875,9,7,2,461.6634403629352,0.3634259259259259,0.09716729794819634,0.2752208459603208,132001.2461181602,6842.288891311675,138843.53500947187,1473,2,438.037037037037,26,1,20,31.233731290984636,0.6678685897435898,43.094135802469125,1027.6234567901222,39.52397910731239,8
4601,4,0,0,27,0.0,0.0,1.0,27,950,600,350,0.631578947368421,13,6,7,459.94519790391877,0.3629510921177588,0.09425486729599641,0.2750587889080704,132120.21081008977,6753.611301630828,138873.8221117206,1474,3,439.037037037037,26,1,20,31.156809766836794,0.6690705128205128,42.978395061728385,1028.0864197530852,39.541785375118664,0
4602,4,0,0,27,0.0,0.0,1.0,27,600,400,200,0.6666666666666666,8,4,4,456.16982940418256,0.36223884140550805,0.08447511417808462,0.27394847592867383,132278.91375171463,6668.329903978041,138947.24365569267,1475,4,440.037037037037,26,1,20,31.092484248424835,0.6706730769230769,42.82407407407407,1028.7037037037032,39.56552706552705,0
4603,4,0,0,27,0.0,0.0,1.0,27,850,600,250,0.7058823529411765,11,6,5,453.51267394788374,0.3620607787274454,0.08490199344772065,0.2735017662958755,132437.71195320826,6612.436175887807,139050.14812909605,1476,5,441.037037037037,26,1,21,30.999500249875055,0.672275641025641,42.669753086419746,1029.3209876543203,39.5892687559354,0
4604,4,0,0,27,0.0,0.0,1.0,27,600,400,200,0.6666666666666666,8,4,4,453.51267394788374,0.3620607787274454,0.08490199344772065,0.2735017662958755,132437.71195320826,6612.436175887807,139050.14812909605,1477,6,442.037037037037,26,1,21,30.999500249875055,0.672275641025641,42.669753086419746,1029.3209876543203,39.5892687559354,0
4605,4,0,0,27,0.0,0.0,1.0,27,600,500,100,0.8333333333333334,7,5,2,453.51267394788374,0.3620607787274454,0.08490199344772065,0.2735017662958755,132437.71195320826,6612.436175887807,139050.14812909605,1478,7,443.037037037037,26,1,21,30.999500249875055,0.672275641025641,42.669753086419746,1029.3209876543203,39.5892687559354,0
4606,4,0,0,27,0.0,0.0,1.0,27,1100,800,300,0.7272727272727273,14,8,6,455.71366647689047,0.36176400759734095,0.0873634425792702,0.275409563653425,132517.14677640595,6677.974965706438,139195.1217421124,1479,8,444.037037037037,26,1,21,30.86218525179856,0.6730769230769231,42.59259259259259,1029.629629629629,39.60113960113958,0
4607,4,0,0,27,0.0,0.0,1.0,27,600,300,300,0.5,9,3,6,457.01251920169744,0.3614078822412156,0.0796995317666378,0.27736505256277577,132676.0878677031,6726.9266308489605,139403.01449855207,1480,9,445.037037037037,26,1,18,30.66737817056121,0.6746794871794872,42.43827160493827,1030.246913580247,39.624881291547965,0
4608,4,0,0,27,0.0,0.0,1.0,27,950,800,150,0.8421052631578947,11,8,3,459.0565311208144,0.3611111111111111,0.08305880003993238,0.2791966771242985,132755.59413580244,6788.464506172834,139544.05864197528,1481,10,446.037037037037,26,1,18,30.534029649595688,0.6754807692307692,42.36111111111111,1030.5555555555552,39.63675213675212,0
4609,4,0,0,27,0.0,0.0,1.0,27,900,800,100,0.8888888888888888,10,8,2,459.0565311208144,0.3611111111111111,0.08305880003993238,0.2791966771242985,132755.59413580244,6788.464506172834,139544.05864197528,1482,11,447.037037037037,26,1,18,30.534029649595688,0.6754807692307692,42.36111111111111,1030.5555555555552,39.63675213675212,0
4610,4,0,0,27,0.0,0.0,1.0,27,550,400,150,0.7272727272727273,7,4,3,458.59395115947507,0.36004273504273504,0.08105905636215471,0.27980513129647966,132874.89819101506,6787.12491426611,139662.02310528117,1483,12,448.037037037037,26,1,19,30.42489896722047,0.6766826923076923,42.24537037037037,1031.0185185185182,39.654558404558394,0
4611,4,1,0,28,0.03571428571428571,0.0,1.0,28,1150,1000,150,0.8695652173913043,13,10,3,449.6374855700153,0.3668154761904762,0.07132564841498557,0.2776231450049741,133318.49666950124,6388.99872448981,139707.49539399106,1484,0,433.0,27,1,21,30.20653218059558,0.6774691358024691,41.8154761904762,1032.738095238096,38.249559082892446,0
4612,4,0,1,27,0.0,0.03571428571428571,0.9642857142857143,28,750,700,50,0.9333333333333333,8,7,1,449.966558621033,0.3662918871252205,0.07010658216909094,0.2786902601700119,133433.78252993914,6408.147985756812,139841.93051569595,1485,1,434.0,27,1,21,30.081406932641997,0.6786265432098766,41.70386904761905,1033.1845238095243,38.266093474426825,0
4613,4,0,0,27,0.0,0.0,1.0,27,900,700,200,0.7777777777777778,11,7,4,461.09513563514247,0.35986467236467234,0.0870287327686432,0.2840447934989966,133233.13185871052,6886.62980109739,140119.7616598079,1486,2,450.55555555555554,26,1,21,29.997197309417032,0.6802884615384616,41.898148148148145,1032.4074074074072,39.7079772079772,0
4614,4,0,0,27,0.0,0.0,1.0,27,700,600,100,0.8571428571428571,8,6,2,459.5270535114365,0.3595679012345679,0.09133663092432132,0.284295202976484,133392.50161941783,6859.492645938123,140251.99426535596,1487,3,451.55555555555554,26,1,22,29.876257344885964,0.6818910256410257,41.74382716049383,1033.0246913580252,39.73171889838558,0
4615,4,0,0,27,0.0,0.0,1.0,27,650,600,50,0.9230769230769231,7,6,1,459.15712799167505,0.3592711301044635,0.08691756272401419,0.28467741935483865,133472.2222222222,6856.944444444442,140329.16666666663,1488,4,452.55555555555554,26,1,22,29.80510752688171,0.6826923076923077,41.666666666666664,1033.3333333333333,39.74358974358974,0
4616,4,0,1,26,0.0,0.037037037037037035,0.962962962962963,27,450,300,150,0.6666666666666666,6,3,3,456.19143295641584,0.3596272554605888,0.07364114552893031,0.25591591534046815,129655.65653344679,6429.559948979601,136085.2164824264,1489,5,453.55555555555554,27,0,18,33.77167348529125,0.6404320987654322,45.386904761904766,1018.4523809523815,37.72045855379191,8
4617,4,0,0,26,0.0,0.0,1.0,26,400,100,300,0.25,7,1,6,464.29585381882424,0.3513461538461538,0.09162895927601844,0.2595335128634715,129515.36541685714,6826.689433775335,136342.05485063247,1490,106,471.8076923076923,26,0,18,33.709508287851236,0.6426282051282051,45.52469135802469,1017.9012345679008,39.1500474833808,0
4618,4,1,0,27,0.037037037037037035,0.0,1.0,27,950,800,150,0.8421052631578947,11,8,3,446.8402332537943,0.3567188983855651,0.08201868876026164,0.25286507997425706,129996.88042534726,6217.56727430556,136214.4476996528,1491,0,455.2962962962963,27,0,19,33.659984678243106,0.6439043209876543,45.052083333333336,1019.791666666667,37.77006172839507,0
4619,4,0,0,27,0.0,0.0,1.0,27,750,600,150,0.8,9,6,3,448.3755521494672,0.3571937321937322,0.08473019269634374,0.2539806640026817,130034.82187145697,6260.887011054427,136295.7088825114,1492,1,456.2962962962963,27,0,19,33.58197159809357,0.6442901234567902,45.014880952380956,1019.9404761904766,37.775573192239875,0
4620,4,1,0,28,0.03571428571428571,0.0,1.0,28,550,300,250,0.5454545454545454,8,3,5,433.4042865697771,0.3635085978835979,0.030069597588362695,0.2370462949240277,128654.19649639985,5551.856049346026,134206.0525457459,1493,0,440.9642857142857,28,0,17,35.37978567719397,0.6268601190476191,46.37212643678161,1014.5114942528741,36.23255336617407,8
4621,4,0,1,27,0.0,0.03571428571428571,0.9642857142857143,28,350,300,50,0.8571428571428571,4,3,1,431.12422311876026,0.36304012345679015,0.026692155196828216,0.23601544679571193,128690.639863258,5496.330426740646,134186.97028999863,1494,1,441.9642857142857,28,0,17,35.40014632304353,0.6272321428571428,46.33620689655172,1014.6551724137928,36.23768472906403,0
4622,4,0,0,27,0.0,0.0,1.0,27,800,600,200,0.75,10,6,4,444.3943245904093,0.3563034188034188,0.043216216950626496,0.2424777679810759,128559.207700007,6026.196455144546,134585.40415515154,1495,2,459.22222222222223,27,0,17,35.19885668867695,0.6292438271604939,46.4657738095238,1014.136904761904,37.560626102292744,0
4623,4,1,0,28,0.03571428571428571,0.0,1.0,28,1000,800,200,0.8,12,8,4,429.6324403502059,0.36411485890652556,0.02856233711133971,0.2371530824134508,129018.86240338879,5486.137741115066,134505.00014450387,1496,0,443.7857142857143,28,0,19,35.10082260877762,0.6305803571428572,46.012931034482754,1015.9482758620687,36.283866995073886,0
4624,4,0,0,28,0.0,0.0,1.0,28,700,500,200,0.7142857142857143,9,5,4,427.72635443069606,0.3649966931216931,0.03293791014639069,0.2369744680968812,129164.87327008182,5449.444072862983,134614.3173429448,1497,1,444.7857142857143,28,0,19,34.999411071849245,0.6320684523809523,45.86925287356321,1016.5229885057463,36.3043924466338,0
4625,4,0,0,28,0.0,0.0,1.0,28,1000,900,100,0.9,11,9,2,428.55004446635996,0.3645557760141094,0.034977492480671835,0.2378704835049746,129237.90966854921,5476.982387039218,134714.89205558843,1498,2,445.7857142857143,28,0,19,34.903560830860535,0.6328125,45.79741379310344,1016.810344827585,36.31465517241375,0
4626,4,0,1,27,0.0,0.03571428571428571,0.9642857142857143,28,750,600,150,0.8,9,6,3,428.2542748197773,0.3645557760141094,0.035642887741988094,0.22231761946352138,126549.3114389286,5239.056719844112,131788.3681587727,1499,3,446.7857142857143,28,0,19,37.68295730401257,0.6052827380952381,48.45545977011495,1006.1781609195409,35.93493431855503,7
4627,4,2,0,29,0.06896551724137931,0.0,1.0,29,600,300,300,0.5,9,3,6,414.2476606789151,0.37448686371100165,0.05329153605015646,0.2179302910528207,127092.01388888896,4729.513888888899,131821.52777777787,1500,0,432.2068965517241,29,0,21,37.474173553719,0.6077586206896552,47.91666666666667,1008.333333333334,34.770114942528764,0
4628,4,1,1,29,0.03333333333333333,0.03333333333333333,0.9666666666666667,30,400,100,300,0.25,7,1,6,400.6427690111613,0.37950191570881225,0.06190999908349348,0.21334374098002826,127582.64853395065,4223.013117283953,131805.6616512346,1501,0,418.76666666666665,29,1,19,37.31154339657226,0.6127873563218391,47.43055555555556,1010.2777777777779,34.83716475095786,0
4629,4,0,0,29,0.0,0.0,1.0,29,1000,800,200,0.8,12,8,4,418.38007806413884,0.3714080459770115,0.06658164516603704,0.22248199310067307,127527.01190712122,4870.952239397554,132397.9641465188,1502,1,434.17241379310343,28,1,19,36.92093409198672,0.6153273809523809,47.48563218390805,1010.0574712643684,36.07348111658458,0
4630,4,1,0,30,0.03333333333333333,0.0,1.0,30,500,300,200,0.6,7,3,4,407.61407956053625,0.3796934865900383,0.06232839099395915,0.21895729760464197,127933.68055555549,4429.513888888879,132363.19444444438,1503,0,420.6666666666667,29,1,20,36.77409390444811,0.6163793103448276,47.08333333333333,1011.6666666666661,34.885057471264346,0
4631,4,2,0,32,0.0625,0.0,1.0,32,950,800,150,0.8421052631578947,11,8,3,386.22922787711605,0.39589633736559143,0.07055404105195673,0.21186888327249237,128771.51701185429,3547.064717610672,132318.58172946496,1504,0,395.3125,31,1,18,36.45619521060511,0.6192876344086021,46.256510416666664,1014.9739583333326,32.7410954301075,0
4632,4,1,1,32,0.030303030303030304,0.030303030303030304,0.9696969696969697,33,1100,900,200,0.8181818181818182,13,9,4,386.44077965072705,0.40068655303030304,0.14185028393638865,0.20031058500177915,126487.98791258555,3176.0233330782676,129664.01124566382,1505,0,384.3030303030303,32,1,17,38.79806284255889,0.5934244791666667,48.516414141414145,1005.9343434343442,31.435448232323257,8
4633,4,2,0,34,0.058823529411764705,0.0,1.0,34,800,400,400,0.5,12,4,8,374.3055316158282,0.4062314319667261,0.1397622164517034,0.1961704516556378,126937.59799416101,2702.689019848152,129640.28701400917,1506,0,373.88235294117646,33,1,19,38.63996817868582,0.5956439393939394,48.06985294117648,1007.7205882352949,30.536987522281663,0
4634,4,3,3,34,0.08108108108108109,0.08108108108108109,0.9189189189189189,37,1100,800,300,0.7272727272727273,14,8,6,346.66276332354806,0.418480980980981,0.12421469831766219,0.18495550761388377,127660.40322417035,1451.021629737873,129111.42485390823,1507,0,344.4864864864865,36,1,15,38.59529381175247,0.5966435185185186,47.35360360360362,1010.5855855855875,28.071821821821874,0
4635,4,2,1,35,0.05555555555555555,0.027777777777777776,0.9722222222222222,36,800,700,100,0.875,9,7,2,356.5393105343401,0.41451719576719576,0.13980537416784422,0.18988600620221213,127588.49511584804,1898.0628161437055,129486.55793199175,1508,0,355.0,35,1,17,38.41946862947263,0.5979166666666667,47.424768518518526,1010.300925925927,28.865740740740772,0
4636,4,2,0,37,0.05405405405405406,0.0,1.0,37,750,400,350,0.5333333333333333,11,4,7,349.16679816259835,0.41632257257257255,0.14671127048687072,0.18761450446727218,127945.07345183053,1534.8343275708487,129479.90777940137,1509,0,346.2972972972973,36,1,20,38.240668596022545,0.599537037037037,47.07207207207209,1011.7117117117143,28.103103103103177,0
4637,4,0,0,37,0.0,0.0,1.0,37,1300,1000,300,0.7692307692307693,16,10,6,352.4692985091578,0.4159784784784785,0.14848924152284915,0.1896580309223531,128002.045542164,1623.3582399967781,129625.40378216078,1510,1,347.2972972972973,36,1,20,38.098848208324064,0.6001157407407407,47.01576576576578,1011.9369369369387,28.109359359359406,0
4638,4,1,0,38,0.02631578947368421,0.0,1.0,38,850,300,550,0.35294117647058826,14,3,11,343.81384528729245,0.4193930772878141,0.14618880992749084,0.18647747222087746,128320.37278163603,1223.8226789571322,129544.19546059317,1511,0,339.13157894736844,35,3,21,37.99263193968471,0.6053571428571429,46.7013888888889,1013.1944444444464,28.948412698412753,0
4639,4,3,0,41,0.07317073170731707,0.0,1.0,41,1150,800,350,0.6956521739130435,15,8,7,321.10386079414997,0.42629573170731705,0.1505304121782025,0.17782200998809927,129147.08547921698,93.9255515377452,129241.01103075473,1512,0,315.2439024390244,38,3,17,37.72707763996917,0.6080043859649122,45.88675213675214,1016.4529914529923,26.74876293297348,0
4640,4,1,5,37,0.023809523809523808,0.11904761904761904,0.8809523809523809,42,800,400,400,0.5,12,4,8,305.83920931068855,0.4266719899341851,0.0970875143248453,0.16682435419284197,128546.63190507684,-537.0799477198332,128009.551957357,1513,0,308.7142857142857,41,1,14,38.724483140937835,0.5970528455284553,46.4781746031746,1014.0873015873016,24.733836624080524,8
4641,4,2,2,37,0.05128205128205128,0.05128205128205128,0.9487179487179487,39,900,700,200,0.7777777777777778,11,7,4,326.9534642998372,0.4203497525865947,0.13355286636602592,0.17739282925741728,128333.90404704503,591.8429030608507,128925.74695010588,1514,0,333.0,38,1,20,38.40591171095179,0.5997807017543859,46.68803418803419,1013.2478632478628,26.664417453891126,0
4642,4,2,2,37,0.05128205128205128,0.05128205128205128,0.9487179487179487,39,600,300,300,0.5,9,3,6,321.62156114697416,0.41883153396311296,0.1469091380595804,0.1754501068050046,128550.50131492445,468.92258382643683,129019.42389875089,1515,0,333.6666666666667,38,1,16,38.32042772861359,0.6019736842105263,46.47435897435898,1014.1025641025645,26.686909581646436,0
4643,4,0,0,37,0.0,0.0,1.0,37,900,500,400,0.5555555555555556,13,5,8,337.5861827627159,0.4117242242242242,0.15720500402581328,0.18294730723695143,128287.09621783948,1261.5902219787392,129548.68643981822,1516,2,352.7027027027027,36,1,21,38.18433192530013,0.6030092592592593,46.734234234234236,1013.0630630630633,28.140640640640648,0
4644,4,2,0,39,0.05128205128205128,0.0,1.0,39,1200,800,400,0.6666666666666666,16,8,8,325.37417497389373,0.4150922177237966,0.16986673786926265,0.17932361052039447,128957.11343277435,591.8628780407485,129548.9763108151,1517,0,335.56410256410254,38,1,19,37.811612496055545,0.6060855263157895,46.07371794871794,1015.7051282051272,26.72908232118756,0
4645,4,0,1,38,0.0,0.02564102564102564,0.9743589743589743,39,1100,700,400,0.6363636363636364,15,7,8,325.9501039914819,0.4145580296896086,0.1691498827145521,0.1800107717165499,129038.51290269547,612.0233399079414,129650.53624260341,1518,1,336.56410256410254,38,1,19,37.71424815983175,0.606907894736842,45.99358974358974,1016.02564102564,26.73751686909579,0
4646,4,1,0,39,0.02564102564102564,0.0,1.0,39,1100,900,200,0.8181818181818182,13,9,4,332.93535595016044,0.41191520467836257,0.1984234445210873,0.18529914173122597,129344.5403807523,812.8795753113523,130157.41995606365,1519,0,337.1025641025641,36,3,20,37.22577401380125,0.6137152777777778,45.692567567567565,1017.229729729729,28.25638138138136,0
4647,4,2,0,41,0.04878048780487805,0.0,1.0,41,1200,800,400,0.6666666666666666,16,8,8,317.3538076162391,0.42032520325203254,0.1899079321878443,0.1791017509418983,129890.67382812499,44.25998263888869,129934.93381076388,1520,0,321.609756097561,39,2,19,37.06868655902991,0.6137820512820513,45.15625,1019.3749999999999,26.13782051282051,0
4648,4,0,1,40,0.0,0.024390243902439025,0.975609756097561,41,950,400,550,0.42105263157894735,15,4,11,317.6128839335297,0.42083333333333334,0.19097720388968598,0.17998063422900007,130049.99999999988,61.11111111109557,130111.11111111098,1521,1,322.609756097561,39,2,21,36.90087145969496,0.6153846153846154,44.99999999999999,1019.9999999999991,26.153846153846132,0
4649,4,0,0,40,0.0,0.0,1.0,40,850,500,350,0.5882352941176471,12,5,7,324.8966136804046,0.4194577991452992,0.19611716621253428,0.18344162649339746,129908.37191358006,441.35802469133523,130349.7299382714,1522,2,331.575,38,2,21,36.85853769300634,0.6156798245614035,45.13888888888888,1019.444444444443,26.827485380116922,0
4650,4,0,0,40,0.0,0.0,1.0,40,1050,800,250,0.7619047619047619,13,8,5,325.3016950705989,0.4199919871794872,0.18650219987429373,0.18418327290296155,130017.30974687681,458.970249835609,130476.27999671242,1523,3,332.575,38,2,21,36.73790069138906,0.6167763157894737,45.03205128205127,1019.8717948717929,26.83873144399455,0
4651,4,0,0,40,0.0,0.0,1.0,40,700,300,400,0.42857142857142855,11,3,8,325.4512862841581,0.42028579059829063,0.1859865940511103,0.1845254680190697,130071.79578493653,466.4066494995648,130538.2024344361,1524,4,333.575,38,2,21,36.678929269655065,0.6173245614035088,44.97863247863246,1020.0854700854678,26.844354475933365,0
4652,4,1,0,41,0.024390243902439025,0.0,1.0,41,900,600,300,0.6666666666666666,12,6,6,320.75537555961023,0.4221798780487805,0.19467154087473904,0.18328316367866293,130374.54433094784,163.94683577598852,130538.49116672383,1525,0,326.4146341463415,37,4,23,36.49255600887554,0.6221846846846847,44.682017543859644,1021.2719298245603,27.60194404931244,0
4653,4,0,0,41,0.0,0.0,1.0,41,1200,800,400,0.6666666666666666,16,8,8,319.78772923300687,0.42233231707317076,0.19070306834870432,0.18312613849194365,130458.54403518375,143.80831121112118,130602.35234639487,1526,1,327.4146341463415,37,4,23,36.43239508425459,0.6230292792792793,44.599780701754376,1021.6008771929812,27.610834518729224,0
4654,4,0,0,41,0.0,0.0,1.0,41,1150,800,350,0.6956521739130435,15,8,7,321.9331333440612,0.4221544715447154,0.1958963277286958,0.18515623702447148,130626.62459843411,210.60771102646208,130837.23230946057,1527,2,328.4146341463415,37,4,16,36.20783277914832,0.6247184684684685,44.435307017543856,1022.2587719298243,27.62861545756282,0
4655,4,0,0,41,0.0,0.0,1.0,41,950,800,150,0.8421052631578947,11,8,3,319.1340493902379,0.42200203252032525,0.1919718632923002,0.18376130280773625,130671.89554569365,140.37023339908222,130812.26577909273,1528,3,329.4146341463415,38,3,16,36.233672936259154,0.6233552631578947,44.39102564102564,1022.4358974358977,26.906207827260467,0
4656,4,0,0,41,0.0,0.0,1.0,41,1250,1000,250,0.8,15,10,5,318.38704142929424,0.42134146341463413,0.19162125184398215,0.18372026206164155,130753.83434007232,126.06529421433743,130879.89963428666,1529,4,330.4146341463415,38,3,16,36.17008774678785,0.6241776315789473,44.31089743589744,1022.7564102564103,26.914642375168693,0
4657,4,0,0,41,0.0,0.0,1.0,41,1150,900,250,0.782608695652174,14,9,5,315.4229779336654,0.4214430894308943,0.18811357444599808,0.18232896211221483,130821.45317925356,52.81846788195401,130874.27164713551,1530,5,331.4146341463415,39,2,16,36.17768472321215,0.6231303418803419,44.24479166666667,1023.020833333334,26.23130341880344,0
4658,4,0,2,39,0.0,0.04878048780487805,0.9512195121951219,41,1550,1100,450,0.7096774193548387,20,11,9,312.3997303891483,0.42093495934959346,0.18009271667808235,0.18145771573667563,131008.00781250013,-14.626736111096136,130993.38107638904,1531,6,332.4146341463415,39,2,17,36.06701940035273,0.625,44.06250000000001,1023.750000000001,26.250000000000025,0
4659,4,0,0,39,0.0,0.0,1.0,39,1100,700,400,0.6363636363636364,15,7,8,325.8964558072003,0.41391138101664415,0.1820471574895166,0.18770750156900212,130682.67549871115,717.8041560864851,131400.47965479764,1532,7,349.7435897435897,37,2,17,36.049932975871315,0.6252815315315315,44.38048245614035,1022.4780701754387,27.63454243717402,0
4660,4,0,1,38,0.0,0.02564102564102564,0.9743589743589743,39,1000,800,200,0.8,12,8,4,327.0684956508391,0.4136302294197031,0.17682385503159392,0.18893015454654366,130794.81336805565,755.7725694444495,131550.5859375001,1533,8,350.7435897435897,37,2,18,35.90673794976238,0.6264076576576576,44.270833333333336,1022.9166666666674,27.646396396396415,0
4661,4,0,0,38,0.0,0.0,1.0,38,950,500,450,0.5263157894736842,14,5,9,335.59912864600517,0.40887268847795166,0.17592163227451874,0.19335279746863748,130694.03863322777,1172.161096907712,131866.19973013547,1534,9,360.63157894736844,36,2,19,35.790427679882534,0.6273148148148149,44.369369369369366,1022.5225225225221,28.40340340340339,0
4662,4,0,0,38,0.0,0.0,1.0,38,900,700,200,0.7777777777777778,11,7,4,334.7437943489841,0.4081910858226648,0.17667682750147784,0.19314759468090664,130751.61944038617,1153.658641749842,131905.278082136,1535,10,361.63157894736844,36,2,19,35.75410151948909,0.6278935185185186,44.313063063063055,1022.7477477477465,28.409659659659624,0
4663,4,2,1,39,0.05,0.025,0.975,40,550,300,250,0.5454545454545454,8,3,5,319.88563723282573,0.4148637820512821,0.17881607757272455,0.1869605817611232,131246.0064308021,396.742480276132,131642.74891107823,1536,0,344.5,38,2,21,35.63562193723282,0.6291118421052632,43.830128205128204,1024.679487179487,26.96524966261808,0
4664,4,0,0,39,0.0,0.0,1.0,39,950,700,250,0.7368421052631579,12,7,5,325.5902391501523,0.41402384165542055,0.18172840318983519,0.1905630535589523,131300.0289151467,750.0015629808867,132050.03047812756,1537,1,347.5897435897436,37,2,21,35.435054919582036,0.6314752252252251,43.77741228070174,1024.8903508771907,27.699739212897047,0
4665,4,0,0,39,0.0,0.0,1.0,39,550,400,150,0.7272727272727273,7,4,3,323.9527961984303,0.41351776878092666,0.17939141994502283,0.1900300423060893,131385.84530476405,712.5653992070644,132098.4107039711,1538,2,348.5897435897436,36,3,21,35.39057923257174,0.6342592592592593,43.69369369369368,1025.2252252252238,28.478478478478436,0
4666,4,0,1,38,0.0,0.02564102564102564,0.9743589743589743,39,1000,900,100,0.9,11,9,2,323.98559307535663,0.41388326585695007,0.17732509036856903,0.19062408150712812,131501.32395909398,720.9068866163152,132222.2308457103,1539,3,349.5897435897436,36,3,22,35.273477528912316,0.6354166666666667,43.58108108108107,1025.6756756756736,28.490990990990934,0
4667,4,0,0,38,0.0,0.0,1.0,38,900,600,300,0.6666666666666666,12,6,6,325.7280501300554,0.414043978188715,0.16435598380211314,0.19208467732912204,131587.9662390431,972.3783327246153,132560.34457176772,1540,4,347.94736842105266,36,2,18,35.14158709252551,0.6362847222222222,43.49662162162162,1026.0135135135135,28.500375375375377,0
4668,4,0,0,38,0.0,0.0,1.0,38,1250,700,550,0.56,18,7,11,325.19089235316073,0.4126511379800854,0.15782448646977887,0.19286970911256154,131806.21831957894,972.4363506078698,132778.6546701868,1541,5,348.94736842105266,37,1,18,34.93582043068163,0.6365427927927928,43.28399122807017,1026.864035087718,27.753082029397785,0
4669,4,0,0,38,0.0,0.0,1.0,38,800,400,400,0.5,12,4,8,323.857184842052,0.4120139876718824,0.15742280551934917,0.19250597129443764,131890.67790089233,942.7487303785449,132833.42663127088,1542,6,349.94736842105266,37,1,18,34.88515869627098,0.6373873873873874,43.2017543859649,1027.1929824561382,27.761972498814547,0
4670,4,0,1,37,0.0,0.02631578947368421,0.9736842105263158,38,800,600,200,0.75,10,6,4,325.0761444649707,0.4117917259364628,0.15296631826070373,0.1936610648303392,131975.16453379867,980.3955303554671,132955.56006415412,1543,7,350.94736842105266,37,1,19,34.768945861345266,0.6382319819819819,43.11951754385964,1027.5219298245597,27.770862968231345,0
4671,4,0,0,37,0.0,0.0,1.0,37,1500,1200,300,0.8,18,12,6,333.1484857197286,0.40806431431431434,0.1546661768104436,0.19810824554989348,131905.89871966562,1388.850083191302,133294.74880285692,1544,8,361.2432432432432,36,1,20,34.63124862968648,0.6394675925925926,43.18693693693694,1027.2522522522524,28.53478478478479,0
4672,4,0,0,37,0.0,0.0,1.0,37,1200,1000,200,0.8333333333333334,14,10,4,340.47451395418454,0.40778278278278274,0.10633220489483342,0.18630459359066037,128672.41753472207,1363.7682551639282,130036.185789886,1545,9,362.2432432432432,35,2,19,37.718172484599584,0.6089285714285715,46.35416666666666,1014.5833333333321,28.9880952380952,8
4673,4,0,0,37,0.0,0.0,1.0,37,750,500,250,0.6666666666666666,10,5,5,340.8088928731458,0.4076263763763764,0.10887264588644774,0.18662533190623762,128701.77636584775,1372.5419828103409,130074.3183486581,1546,10,363.2432432432432,35,2,19,37.679769780616716,0.6092261904761904,46.325231481481474,1014.6990740740728,28.991402116402078,0
4674,4,1,0,38,0.02631578947368421,0.0,1.0,38,1000,600,400,0.6,14,6,8,332.4447765743531,0.41001363205310576,0.1103454312055081,0.1832916799939282,128972.51136271408,975.2475448421404,129947.75890755623,1547,0,354.6578947368421,36,2,20,37.61640798226165,0.6099537037037037,46.05855855855856,1015.7657657657659,28.215715715715717,0
4675,4,0,0,38,0.0,0.0,1.0,38,1050,700,350,0.6666666666666666,14,7,7,333.41865077017144,0.40971728307254623,0.11054615254464761,0.1839614463974139,129001.10995708554,1002.2752059492026,130003.38516303475,1548,1,355.6578947368421,36,2,20,37.56258544876769,0.6102430555555556,46.03040540540541,1015.878378378379,28.21884384384386,0
4676,4,2,1,39,0.05,0.025,0.975,40,650,400,250,0.6153846153846154,9,4,5,319.9353764014017,0.41861645299145295,0.11936543848308556,0.17867871021406795,129480.23069598325,285.21661845829965,129765.44731444155,1549,0,338.825,37,3,15,37.4187495511025,0.6131756756756757,45.55921052631578,1017.7631578947357,27.5071123755334,0
4677,4,0,0,39,0.0,0.0,1.0,39,900,400,500,0.4444444444444444,14,4,10,329.2586874691641,0.41537336932073776,0.12709548337661247,0.18351957071461417,129401.82317029864,721.3348906338756,130123.15806093252,1550,1,348.5128205128205,36,3,21,37.261114185574634,0.6142939814814814,45.63626126126126,1017.4549549549547,28.26263763763763,0
4678,4,0,0,39,0.0,0.0,1.0,39,1100,600,500,0.5454545454545454,16,6,10,324.819416289293,0.41562640575798465,0.1171958549987091,0.18157345107228945,129516.42679419293,613.8900302329437,130130.31682442587,1551,2,349.5128205128205,36,3,15,37.25776265811115,0.6154513888888888,45.52364864864865,1017.9054054054061,28.275150150150168,0
4679,4,0,0,39,0.0,0.0,1.0,39,1200,800,400,0.6666666666666666,16,8,8,322.67061949433526,0.4146986054880792,0.12282402839678386,0.18103182895203257,129659.75265806333,567.4785427319041,130227.23120079523,1552,3,350.5128205128205,36,3,15,37.1671365914787,0.6168981481481481,45.382882882882875,1018.4684684684673,28.29079079079076,0
4680,4,1,1,39,0.025,0.025,0.975,40,1350,1200,150,0.8888888888888888,15,12,3,317.16810227055623,0.4178285256410256,0.13191712350854656,0.17980590221956003,130066.7768568211,250.60655682515758,130317.38341364625,1553,0,342.725,37,3,19,36.895244365616854,0.6190878378378378,44.98355263157894,1020.0657894736823,27.569345661450875,0
4681,4,0,0,39,0.0,0.0,1.0,39,1200,900,300,0.75,15,9,6,322.5140454941673,0.4139394961763383,0.12713583349868918,0.18296772434620298,130094.7406894427,591.4762234533531,130686.21691289605,1554,1,352.35897435897436,37,2,19,36.730617655488686,0.6193693693693694,44.956140350877185,1020.1754385964896,27.572309151256476,0
4682,4,0,0,39,0.0,0.0,1.0,39,1050,900,150,0.8571428571428571,12,9,3,321.4801425934489,0.4131803868645974,0.12740892573276907,0.18277432419775347,130178.65022170266,569.9702071791207,130748.62042888178,1555,2,353.35897435897436,37,2,20,36.672106120840965,0.6202139639639639,44.873903508771924,1020.5043859649109,27.581199620673267,0
4683,4,1,0,40,0.025,0.0,1.0,40,1250,900,350,0.72,16,9,7,322.5976652174248,0.4137553418803419,0.15736619114019046,0.18553843509081125,130626.62459843411,427.9958737303702,131054.62047216448,1556,0,345.5,37,3,17,36.190849690729,0.6247184684684685,44.435307017543856,1022.2587719298243,27.62861545756282,0
4684,4,0,0,40,0.0,0.0,1.0,40,1150,600,550,0.5217391304347826,17,6,11,319.7680447650373,0.41291399572649573,0.15524439918533584,0.18471307056427455,130794.81336805563,364.80034722222626,131159.61371527787,1557,1,346.5,37,3,17,36.09343177189408,0.6264076576576576,44.270833333333336,1022.9166666666673,27.646396396396415,0
4685,4,0,0,40,0.0,0.0,1.0,40,1050,800,250,0.7619047619047619,13,8,5,319.8062740198196,0.4120459401709402,0.16149951783992256,0.18527324366399625,130906.99932912066,372.97593971223193,131279.9752688329,1558,2,347.5,37,3,17,35.97929836779884,0.6275337837837838,44.16118421052632,1023.355263157896,27.65825035561881,0
4686,4,0,1,39,0.0,0.025,0.975,40,1550,1200,350,0.7741935483870968,19,12,7,318.7417397992556,0.411338141025641,0.1627489826515316,0.1853306579231289,131047.29940943373,354.04884195137845,131401.34825138512,1559,3,348.5,37,3,18,35.86510316270436,0.6289414414414414,44.02412280701755,1023.9035087719303,27.673067804646767,0
4687,4,0,0,39,0.0,0.0,1.0,39,1050,900,150,0.8571428571428571,12,9,3,327.83188969008575,0.40781039136302294,0.17057023399427562,0.19006104710355637,130935.05333371792,784.9371922129742,131719.9905259309,1560,4,358.28205128205127,37,2,18,35.74566102421257,0.6278153153153153,44.133771929824555,1023.4649122807006,27.66121384542434,0
4688,4,1,0,40,0.025,0.0,1.0,40,1350,1000,350,0.7407407407407407,17,10,7,315.94950095842427,0.40961538461538466,0.1660569105691061,0.18505613627564846,131328.125,299.200234687596,131627.3252346876,1561,0,350.3,37,3,19,35.653794037940386,0.6317567567567568,43.75,1025.0,27.7027027027027,0
4689,4,1,1,40,0.024390243902439025,0.024390243902439025,0.975609756097561,41,1200,800,400,0.6666666666666666,16,8,8,310.2991967618677,0.41239837398373985,0.16740195518168832,0.18292223367122254,131574.63480029584,-34.49930144642761,131540.1354988494,1562,0,342.7317073170732,38,3,15,35.55073935228571,0.6324013157894737,43.50961538461538,1025.961538461538,26.998987854251002,0
4690,4,0,1,39,0.0,0.025,0.975,40,1100,900,200,0.8181818181818182,13,9,4,319.3967686963107,0.40905448717948717,0.17185695958948077,0.18790172165945207,131496.76462950124,399.92834333639433,131896.69297283763,1563,2,352.3,37,3,20,35.39573088161928,0.6334459459459459,43.585526315789465,1025.657894736841,27.72048364153624,0
4691,4,1,0,40,0.025,0.0,1.0,40,1500,1200,300,0.8,18,12,6,315.1195162111954,0.41008279914529916,0.17030470049916802,0.18751171212171125,131931.11257213814,314.8136733873829,132245.9262455255,1564,0,346.15,38,2,18,35.06893892124238,0.6359649122807017,43.16239316239316,1027.3504273504268,27.035537561853335,0
4692,4,0,0,40,0.0,0.0,1.0,40,1300,1100,200,0.8461538461538461,15,11,4,316.70749474744764,0.4090411324786325,0.17520267531414646,0.18918096599078782,132076.58420138896,365.92881944444923,132442.5130208334,1565,1,347.15,39,1,18,34.882110525604645,0.6356837606837606,43.020833333333336,1027.9166666666672,26.35683760683762,0
4693,4,1,1,40,0.024390243902439025,0.024390243902439025,0.975609756097561,41,850,700,150,0.8235294117647058,10,7,3,311.921191955285,0.4106961382113821,0.17853263552878373,0.1879134985681841,132398.00347222234,59.93923611111606,132457.94270833346,1566,0,339.6585365853659,39,2,19,34.68286099865046,0.6388888888888888,42.708333333333336,1029.1666666666674,26.388888888888907,0
4694,4,0,0,40,0.0,0.0,1.0,40,1000,700,300,0.7,13,7,6,322.36960420151314,0.4073317307692308,0.18885054488842812,0.19449161781349894,132452.98603121113,539.7633364380124,132992.74936764914,1567,1,347.6,38,2,20,34.35889119529493,0.6411732456140351,42.65491452991453,1029.3803418803413,27.08895636527214,0
4695,4,0,0,40,0.0,0.0,1.0,40,1400,1100,300,0.7857142857142857,17,11,6,323.42375303455503,0.4076388888888889,0.186939834024896,0.19584202130986866,132590.49236613337,576.5829315508697,133167.07529768423,1568,2,348.6,38,2,21,34.19389695712309,0.6425438596491229,42.521367521367516,1029.9145299145296,27.103013945119198,0
4696,4,0,0,40,0.0,0.0,1.0,40,850,400,450,0.47058823529411764,13,4,9,324.56981725486156,0.40707799145299145,0.18035158680771612,0.19682403635040088,132645.51487508215,610.5461045364843,133256.06097961863,1569,3,349.6,38,2,17,34.109235635760214,0.643092105263158,42.467948717948715,1030.1282051282049,27.108636977058023,0
4697,4,0,0,40,0.0,0.0,1.0,40,1200,800,400,0.6666666666666666,16,8,8,324.0451315268176,0.40678418803418803,0.17740564081294075,0.19679415922195403,132700.54879830522,600.1933578055384,133300.74215611076,1570,4,350.6,38,2,17,34.067598161205595,0.643640350877193,42.414529914529915,1030.3418803418804,27.11426000899685,0
4698,4,0,1,39,0.0,0.025,0.975,40,1200,1100,100,0.9166666666666666,13,11,2,328.12267951288334,0.40630341880341886,0.17535758706467663,0.19985654115784723,132810.65088757407,715.6373274161865,133526.28821499026,1571,5,351.6,38,2,17,33.85222325870647,0.6447368421052632,42.307692307692314,1030.7692307692316,27.125506072874515,0
4699,4,0,0,39,0.0,0.0,1.0,39,800,600,200,0.75,10,6,4,333.19685114989556,0.403621232568601,0.17894975188304274,0.20270014265099473,132765.01092884352,1047.3767168744248,133812.38764571794,1572,6,360.15384615384613,37,2,17,33.76722257686988,0.6461148648648649,42.35197368421053,1030.5921052631581,27.853840682788057,0
4700,4,0,0,39,0.0,0.0,1.0,39,1600,1300,300,0.8125,19,13,6,335.97711483622885,0.40364934772829514,0.18348753943776797,0.20500926741110073,132878.03849501783,1128.7959997306973,134006.83449474853,1573,7,361.15384615384613,37,2,17,33.58225654932822,0.647240990990991,42.242324561403514,1031.0307017543869,27.865694642010457,0
4701,4,0,2,37,0.0,0.05128205128205128,0.9487179487179487,39,650,500,150,0.7692307692307693,8,5,3,334.5372921130495,0.4033400809716599,0.17964257964257935,0.20443945629130816,132934.57031250015,1094.3142361111256,134028.88454861127,1574,8,362.15384615384613,37,2,17,33.562710437710436,0.6478040540540541,42.18750000000001,1031.2500000000011,27.871621621621653,0
4702,4,0,0,37,0.0,0.0,1.0,37,800,600,200,0.75,10,6,4,343.3378775016703,0.4016516516516517,0.16616751476973768,0.2093162542715521,132845.0671537423,1722.1486786265466,134567.21583236885,1575,9,364.3243243243243,35,2,17,33.425606264735606,0.6508928571428572,42.27430555555556,1030.9027777777778,29.45436507936508,0
4703,4,0,0,37,0.0,0.0,1.0,37,1400,1200,200,0.8571428571428571,16,12,4,345.2300785634119,0.40127627627627627,0.16936936936936942,0.21097393689986282,132934.5703125,1778.6024305555554,134713.17274305556,1576,10,365.3243243243243,35,2,18,33.28703703703703,0.6517857142857143,42.1875,1031.25,29.464285714285715,0
4704,4,0,0,37,0.0,0.0,1.0,37,1000,600,400,0.6,14,6,8,345.0781542343404,0.4008383383383383,0.16907584124009567,0.21138705076911862,133024.10361207562,1780.7424286265407,134804.84604070216,1577,11,366.3243243243243,35,2,19,33.201152810501505,0.6526785714285714,42.10069444444444,1031.5972222222222,29.474206349206348,0
4705,4,0,0,37,0.0,0.0,1.0,37,1250,900,350,0.72,16,9,7,345.07147639925415,0.40061936936936937,0.16337454422012043,0.2120608101345381,133143.52823055978,1788.806771905004,134932.3350024648,1578,12,367.3243243243243,35,2,20,33.08159040783523,0.6538690476190476,41.9849537037037,1032.0601851851848,29.48743386243385,0
4706,4,0,0,37,0.0,0.0,1.0,37,1150,900,250,0.782608695652174,14,9,5,347.05171789221015,0.40090090090090086,0.17081371889710883,0.21413523008535956,133292.88435570986,1851.9048996913602,135144.7892554012,1579,13,368.3243243243243,35,2,21,32.88080026899799,0.6553571428571429,41.84027777777778,1032.6388888888887,29.50396825396825,0
4707,4,0,0,37,0.0,0.0,1.0,37,1800,1500,300,0.8333333333333334,21,15,6,342.83010872414343,0.3996496496496496,0.17695259074569414,0.2132422375434574,133591.84777949244,1759.8615397805172,135351.70931927295,1580,14,369.3243243243243,35,2,21,32.69051350947902,0.6583333333333333,41.550925925925924,1033.796296296296,29.53703703703703,0
4708,4,0,0,37,0.0,0.0,1.0,37,950,700,250,0.7368421052631579,12,7,5,342.71755002318855,0.39971221221221226,0.17535050439359323,0.21369025188117163,133681.60211173265,1763.0062317815427,135444.60834351418,1581,15,370.3243243243243,35,2,21,32.60364204439468,0.6592261904761905,41.46412037037037,1034.1435185185182,29.546957671957664,0
4709,4,0,1,36,0.0,0.02702702702702703,0.972972972972973,37,1250,900,350,0.72,16,9,7,347.1062789041903,0.39974349349349353,0.17650241674400124,0.21748263767921244,133861.20119866668,1892.8126875428525,135754.01388620952,1582,16,371.3243243243243,35,2,19,32.310540394437616,0.6610119047619047,41.29050925925925,1034.8379629629617,29.566798941798904,0
4710,4,0,0,36,0.0,0.0,1.0,36,1100,800,300,0.7272727272727273,14,8,6,351.58929714868003,0.39725529100529106,0.17809330369689036,0.2212824679160071,134026.36763038547,2224.4472789115616,136250.81490929704,1583,17,380.5,34,2,20,32.02939373035949,0.664828431372549,41.13095238095238,1035.4761904761904,30.45518207282913,0
4711,4,0,0,36,0.0,0.0,1.0,36,750,700,50,0.9333333333333333,8,7,1,349.39225789404145,0.39679232804232806,0.17551085568326963,0.2202690321505914,134088.01020408174,2169.8625283446813,136257.87273242642,1584,18,381.5,34,2,20,32.02466475095785,0.6654411764705883,41.07142857142858,1035.7142857142865,30.462184873949603,0
4712,4,0,0,36,0.0,0.0,1.0,36,850,400,450,0.47058823529411764,13,4,9,351.99653010190156,0.39636243386243386,0.1490649064906493,0.2193286843949152,133656.80980725627,2209.3466553288044,135866.1564625851,1585,19,382.5,34,2,23,32.38856589147289,0.6611519607843137,41.48809523809524,1034.0476190476193,30.41316526610645,7
4713,4,0,0,36,0.0,0.0,1.0,36,1200,1000,200,0.8333333333333334,14,10,4,351.9698854328823,0.39646164021164026,0.1487236545938202,0.2196777560805232,133718.36734693885,2212.967687074835,135931.33503401367,1586,20,383.5,34,2,18,32.32763581952116,0.6617647058823529,41.42857142857143,1034.285714285715,30.42016806722691,0
4714,4,0,0,36,0.0,0.0,1.0,36,1100,800,300,0.7272727272727273,14,8,6,348.2350645255359,0.3959325396825397,0.1471468016566957,0.21807342801555915,133841.52494331083,2121.6624149660024,135963.18735827683,1587,21,384.5,34,2,18,32.3010143426906,0.6629901960784313,41.30952380952382,1034.761904761906,30.43417366946782,0
4715,4,0,0,36,0.0,0.0,1.0,36,850,600,250,0.7058823529411765,11,6,5,345.82681820657035,0.39626322751322757,0.14591161209518688,0.21692773142048516,133903.12500000012,2061.458333333348,135964.58333333346,1588,22,385.5,34,2,18,32.301731078905,0.6636029411764706,41.25000000000001,1035.000000000001,30.44117647058826,0
4716,4,0,0,36,0.0,0.0,1.0,36,1400,1100,300,0.7857142857142857,17,11,6,346.23331066556716,0.39527116402116397,0.15013907515025116,0.2181757509743306,134070.88584533604,2083.961334019202,136154.84717935525,1589,23,386.5,35,1,19,32.123565787513044,0.6630952380952381,41.08796296296296,1035.6481481481478,29.58994708994708,0
4717,4,0,0,36,0.0,0.0,1.0,36,750,400,350,0.5333333333333333,11,4,7,345.57856377893916,0.3956018518518518,0.14871909442955067,0.21847593947380387,134190.7793209876,2074.691358024689,136265.4706790123,1590,24,387.5,35,1,19,32.02077747989276,0.6642857142857144,40.97222222222222,1036.1111111111109,29.603174603174597,0
4718,4,0,0,36,0.0,0.0,1.0,36,800,500,300,0.625,11,5,6,346.526602863564,0.39561838624338624,0.14815745393634816,0.21961399353455194,134280.73459201408,2106.369357638913,136387.10394965298,1591,25,388.5,35,1,19,31.906407035175892,0.6651785714285714,40.88541666666668,1036.4583333333348,29.61309523809528,0
4719,4,0,0,36,0.0,0.0,1.0,36,1100,600,500,0.5454545454545454,16,6,10,347.8656145947524,0.3950562169312169,0.15291888405095966,0.22082440183736352,134340.721517597,2146.5035311642832,136487.2250487613,1592,26,389.5,35,1,19,31.81182780692941,0.6657738095238095,40.827546296296305,1036.689814814816,29.619708994709026,0
4720,4,0,0,36,0.0,0.0,1.0,36,1050,700,350,0.6666666666666666,14,7,7,347.56564382122286,0.39470899470899473,0.15247007433149906,0.22102102543548505,134404.77639801984,2142.896528285067,136547.6729263049,1593,27,390.5,36,0,20,31.755674413553443,0.6643518518518519,40.76576576576578,1036.9369369369385,28.80380380380385,0
4721,4,0,0,36,0.0,0.0,1.0,36,950,400,550,0.42105263157894735,15,4,11,348.04279339621763,0.39371693121693124,0.1499493414387032,0.2220339482524903,134521.57393880383,2163.8528731434335,136685.42681194725,1594,28,391.5,36,0,21,31.6267730496454,0.6655092592592593,40.65315315315316,1037.3873873873886,28.81631631631635,0
4722,4,0,0,36,0.0,0.0,1.0,36,1000,600,400,0.6,14,6,8,344.79026698184316,0.3918981481481481,0.14888628733539,0.22104531126234112,134700.92438539525,2088.7167067084333,136789.64109210367,1595,29,392.5,35,1,21,31.53233823911993,0.669345238095238,40.480324074074076,1038.078703703704,29.659391534391542,0
4723,4,0,0,36,0.0,0.0,1.0,36,1050,700,350,0.6666666666666666,14,7,7,344.6784756041139,0.3913194444444445,0.14416338558304242,0.22188985940253353,134851.15124528456,2096.0578489368936,136947.20909422147,1596,30,393.5,35,1,17,31.3855768516455,0.6708333333333334,40.335648148148145,1038.657407407407,29.675925925925913,0
4724,4,0,0,36,0.0,0.0,1.0,36,900,600,300,0.6666666666666666,12,6,6,343.7163619830381,0.39095568783068785,0.1452006138461921,0.22200615092688586,134971.3930148318,2078.375235768155,137049.76825059994,1597,31,394.5,35,1,17,31.29084057325313,0.6720238095238096,40.2199074074074,1039.120370370369,29.6891534391534,0
4725,4,0,0,36,0.0,0.0,1.0,36,1150,700,450,0.6086956521739131,16,7,9,344.1565734596165,0.38978174603174603,0.14449206525906977,0.22321722017239937,135121.77057881074,2100.609112439971,137222.3796912507,1598,32,395.5,35,1,18,31.12974971241975,0.6735119047619047,40.075231481481474,1039.699074074073,29.7056878306878,0
4726,4,0,0,36,0.0,0.0,1.0,36,850,600,250,0.7058823529411765,11,6,5,344.8942881090956,0.3892857142857143,0.1453783018751318,0.22481905408358657,135302.33417191778,2133.0004447445053,137435.3346166623,1599,33,396.5,35,1,19,30.930975822301335,0.675297619047619,39.90162037037037,1040.393518518518,29.725529100529087,0
4727,4,0,0,36,0.0,0.0,1.0,36,1050,700,350,0.6666666666666666,14,7,7,347.22260931201066,0.38892195767195764,0.14804212216663593,0.22747759437447437,135483.01832829634,2208.5534282835933,137691.57175657994,1600,34,397.5,35,1,20,30.69077728367612,0.6770833333333333,39.72800925925925,1041.087962962962,29.745370370370342,0
4728,4,0,0,36,0.0,0.0,1.0,36,1000,900,100,0.9,11,9,2,349.0982489328167,0.3886574074074074,0.15433848319810406,0.2290909515425637,135543.2731722606,2263.583863811708,137806.85703607232,1601,35,398.5,35,1,21,30.58206902300768,0.6776785714285714,39.67013888888888,1041.3194444444428,29.75198412698408,0
4729,4,0,0,36,0.0,0.0,1.0,36,950,600,350,0.631578947368421,13,6,7,347.9407960110272,0.38867394179894177,0.1510397372255563,0.22852345127789936,135573.4056177125,2234.303733710545,137807.70935142305,1602,36,399.5,35,1,21,30.582259020523075,0.6779761904761905,39.641203703703695,1041.4351851851843,29.75529100529098,0
4730,4,0,0,36,0.0,0.0,1.0,36,600,200,400,0.3333333333333333,10,2,8,351.0892469812071,0.3879794973544974,0.15773537477148092,0.23138050373339786,135695.69160997725,2328.2730331072653,138023.9646430845,1603,37,400.5,34,2,21,30.378770566727606,0.6813725490196079,39.52380952380952,1041.9047619047612,30.644257703081212,0
4731,4,0,0,36,0.0,0.0,1.0,36,1100,800,300,0.7272727272727273,14,8,6,351.09251432077167,0.38753306878306876,0.15456247223808628,0.23198603493421555,135788.73476473923,2334.8816609977343,138123.61642573695,1604,38,401.5,34,2,22,30.286264991433477,0.6822916666666667,39.43452380952381,1042.2619047619048,30.654761904761905,0
4732,4,0,0,36,0.0,0.0,1.0,36,900,700,200,0.7777777777777778,11,7,4,401.32487487819805,0.3869212962962963,0.21575475358944463,0.23136783055058557,130718.71456916115,3295.3231292517157,134014.03769841287,1605,39,402.5,34,2,17,34.08517656189367,0.6317401960784313,44.3452380952381,1022.6190476190488,30.077030812324967,8
4733,4,1,0,37,0.02702702702702703,0.0,1.0,37,1350,1000,350,0.7407407407407407,17,10,7,392.5656376479899,0.3915165165165165,0.21251192893476456,0.228039246764082,131010.8900074063,2886.074714917647,133896.96472232396,1606,0,392.5945945945946,36,1,19,34.01234737652622,0.6304976851851851,44.0596846846847,1023.7612612612633,28.43781281281287,0
4734,4,0,0,37,0.0,0.0,1.0,37,1300,900,400,0.6923076923076923,17,9,8,398.23529957788236,0.3907344844844845,0.21539613492120036,0.23220181313848867,131155.04017531069,3046.1133430728323,134201.1535183835,1607,1,393.5945945945946,36,1,19,33.72086631486368,0.6319444444444444,43.91891891891893,1024.3243243243264,28.453453453453513,0
4735,4,1,0,38,0.02631578947368421,0.0,1.0,38,800,400,400,0.5,12,4,8,392.1363059116897,0.39415896159317215,0.211221236266673,0.23062464822030448,131485.187863442,2712.479707793643,134197.66757123565,1608,0,384.2105263157895,33,5,21,33.542313896522884,0.641729797979798,43.5968137254902,1025.6127450980398,31.079174093879995,0
4736,4,0,0,38,0.0,0.0,1.0,38,800,500,300,0.625,11,5,6,394.7993648406285,0.3938033428165007,0.2187010880838789,0.23295666538481907,131610.90573637543,2791.980398164172,134402.88613453959,1609,1,385.2105263157895,33,5,15,33.346644969943085,0.6429924242424243,43.474264705882355,1026.1029411764707,31.094028520499112,0
4737,4,0,1,37,0.0,0.02631578947368421,0.9736842105263158,38,1450,1200,250,0.8275862068965517,17,12,5,363.2344013862982,0.39349217638691325,0.13174797458763154,0.20172242586213235,129258.63997443384,1790.2369430240988,131048.87691745794,1610,2,386.2105263157895,36,2,16,36.542774086378735,0.6128472222222222,45.777027027027025,1016.8918918918915,28.246996996996987,8
4738,4,0,0,37,0.0,0.0,1.0,37,900,500,400,0.5555555555555556,13,5,8,370.8680462241333,0.3893581081081081,0.14621178555604786,0.20566318926974655,129201.38888888882,2183.3333333333235,131384.72222222213,1611,3,397.5405405405405,35,2,17,36.4071038251366,0.6142857142857143,45.83333333333333,1016.6666666666661,29.04761904761903,0
4739,4,0,1,36,0.0,0.02702702702702703,0.972972972972973,37,950,700,250,0.7368421052631579,12,7,5,371.02138644381733,0.38942067067067065,0.14718577427740787,0.20590163486474647,129230.80800165042,2189.478711205427,131420.28671285586,1612,4,398.5405405405405,35,2,17,36.37319768544867,0.6145833333333333,45.80439814814815,1016.7824074074078,29.050925925925938,0
4740,4,1,0,37,0.02702702702702703,0.0,1.0,37,950,600,350,0.631578947368421,13,6,7,375.87002701856034,0.39207957957957956,0.16344176034441515,0.2102639260054325,129545.08562616684,2338.4229668858225,131883.50859305265,1613,0,396.94594594594594,36,1,18,35.929433997050154,0.6157407407407407,45.495495495495504,1018.0180180180191,28.278278278278307,0
4741,4,2,0,39,0.05128205128205128,0.0,1.0,39,1150,800,350,0.6956521739130435,15,8,7,352.36476942602127,0.40058479532163743,0.10087927131048313,0.19281083450614867,128672.41753472215,1385.204788825983,130057.62232354813,1614,0,377.53846153846155,37,2,16,37.416581108829575,0.6050112612612613,46.354166666666664,1014.5833333333327,27.421171171171153,7
4742,4,0,0,39,0.0,0.0,1.0,39,950,500,450,0.5263157894736842,14,5,9,352.1465072212888,0.40038798920377866,0.10205427452023552,0.192826259042947,128700.2310807171,1264.2673707294516,129964.49845144655,1615,1,378.53846153846155,37,2,16,37.39373964411787,0.6052927927927928,46.32675438596491,1014.6929824561399,27.424134660976755,0
4743,4,0,0,39,0.0,0.0,1.0,39,1250,1000,250,0.8,15,10,5,357.9943893251349,0.39982568600989654,0.1123452995145402,0.19671632348732457,128839.34389667957,1424.7524478685527,130264.09634454812,1616,2,379.53846153846155,37,2,17,37.103426395939096,0.6067004504504505,46.18969298245613,1015.241228070174,27.438952110004703,0
4744,4,0,0,39,0.0,0.0,1.0,39,700,400,300,0.5714285714285714,10,4,6,360.21105467561495,0.399685110211426,0.11345939317438858,0.19849107670792465,128950.68825263517,1489.8926833256096,130440.58093596078,1617,3,380.53846153846155,37,2,17,36.93356633919896,0.6078265765765766,46.08004385964911,1015.6798245614013,27.450806069227063,0
4745,4,0,0,39,0.0,0.0,1.0,39,1300,1000,300,0.7692307692307693,16,10,6,364.28499713792837,0.4001630679262258,0.11174927791241984,0.2014435175104009,129089.936326562,1605.1054170513953,130695.0417436134,1618,4,381.53846153846155,37,2,17,36.688066465256796,0.6092342342342343,45.94298245614035,1016.2280701754385,27.465623518255093,0
4746,4,1,0,40,0.025,0.0,1.0,40,1500,900,600,0.6,21,9,12,352.96899872895295,0.40528846153846154,0.10754231662794544,0.19730901543048907,129516.42679419304,1143.152880340684,130659.57967453373,1619,0,372.975,36,4,17,36.54142235498027,0.6154513888888888,45.52364864864866,1017.905405405407,28.275150150150196,0
4747,4,2,0,42,0.047619047619047616,0.0,1.0,42,1050,700,350,0.6666666666666666,14,7,7,343.39509850595954,0.41208139759969026,0.1973949402881814,0.18809496226122258,128713.0691157132,454.6139182021276,129167.68303391532,1620,0,356.1666666666667,38,4,16,37.60265319014529,0.6036184210526316,46.314102564102555,1014.7435897435885,26.703778677462854,8
4748,4,1,1,42,0.023255813953488372,0.023255813953488372,0.9767441860465116,43,1400,1100,300,0.7857142857142857,17,11,6,339.1677170531396,0.4172895902547065,0.2032546692866819,0.18707938782252337,128989.67013888872,149.82638888886993,129139.49652777759,1621,0,348.86046511627904,39,4,18,37.42821985233798,0.6047008547008548,46.04166666666666,1015.8333333333319,26.04700854700851,0
4749,4,0,0,42,0.0,0.0,1.0,42,1350,1000,350,0.7407407407407407,17,10,7,342.539740868248,0.4156625048393341,0.19535223677359959,0.18943244274062626,129092.79348381906,443.8824055811174,129536.67588940017,1622,1,357.85714285714283,38,4,19,37.23761213905243,0.6074561403508771,45.94017094017094,1016.2393162393156,26.74313990103462,0
4750,4,0,0,42,0.0,0.0,1.0,42,1400,800,600,0.5714285714285714,20,8,12,342.201146333588,0.4151543747580333,0.19293570350288092,0.19003433719147864,129257.13320444745,446.43348796797045,129703.56669241542,1623,2,358.85714285714283,37,5,19,37.079020199841864,0.6109234234234234,45.77850877192982,1016.8859649122801,27.48340445708865,0
4751,4,0,0,42,0.0,0.0,1.0,42,1550,1200,350,0.7741935483870968,19,12,7,341.9812722948871,0.41523906310491676,0.1884133825944172,0.19072032493368715,129424.43828870426,452.1468144044384,129876.5851031087,1624,3,359.85714285714283,37,5,19,36.91451149425288,0.6126126126126126,45.6140350877193,1017.5438596491231,27.501185395922246,0
4752,4,0,0,42,0.0,0.0,1.0,42,1000,500,500,0.5,15,5,10,340.91140783629294,0.4150575880758807,0.1811837306289532,0.19052863328984385,129508.13140822174,430.1598809248972,129938.29128914664,1625,4,360.85714285714283,37,5,18,36.85668695464828,0.6134572072072072,45.531798245614034,1017.8728070175437,27.51007586533902,0
4753,4,1,0,43,0.023255813953488372,0.0,1.0,43,1050,600,450,0.5714285714285714,15,6,9,332.857796081944,0.41802787006275377,0.18446670583674862,0.1875446259200038,129826.69850107754,42.76574713274033,129869.46424821028,1626,0,353.4418604651163,38,5,19,36.73843344864942,0.6148574561403508,45.2190170940171,1019.1239316239319,26.819050832208735,0
4754,4,2,0,45,0.044444444444444446,0.0,1.0,45,1050,700,350,0.6666666666666666,14,7,7,319.7945538357125,0.42079124579124577,0.18623032073196377,0.18196581893326116,130210.72035701304,-671.8641557604581,129538.85620125258,1627,0,338.68888888888887,40,5,21,36.68268113777424,0.6153645833333333,44.84247967479675,1020.6300813008131,25.51575203252033,0
4755,4,0,0,45,0.0,0.0,1.0,45,1150,900,250,0.782608695652174,14,9,5,318.84172466695196,0.42131734006734006,0.18887188729073867,0.18203875520734608,130342.35161675354,-688.2736348264208,129654.07798192713,1628,1,339.68888888888887,39,6,22,36.57394420075488,0.6183226495726496,44.71354166666667,1021.1458333333339,26.18322649572651,0
4756,4,0,0,45,0.0,0.0,1.0,45,1300,900,400,0.6923076923076923,17,9,8,316.94539766077526,0.4208543771043771,0.1869346067117652,0.18143138595023425,130444.20070725103,-731.2621868596682,129712.93852039137,1629,2,340.68888888888887,40,5,23,36.51947373656982,0.6177083333333333,44.613821138211385,1021.544715447155,25.538617886178876,0
4757,4,0,0,45,0.0,0.0,1.0,45,850,500,350,0.5882352941176471,12,5,7,317.06756548580034,0.42055976430976433,0.1802663130559703,0.1818661934375198,130522.07396597593,-723.1367530900893,129798.93721288584,1630,3,341.68888888888887,40,5,14,36.437717553456,0.6184895833333333,44.53760162601626,1021.8495934959349,25.54623983739837,0
4758,4,1,0,46,0.021739130434782608,0.0,1.0,46,1250,900,350,0.72,16,9,7,309.73622965625486,0.42257447665056364,0.18250739188087306,0.17909064144089495,130831.98594585671,-1095.3187909380374,129736.66715491867,1631,0,335.2391304347826,42,4,15,36.31251183936351,0.6185515873015873,44.23449612403101,1023.0620155038766,24.358619416758966,0
4759,4,0,2,44,0.0,0.043478260869565216,0.9565217391304348,46,900,500,400,0.5555555555555556,13,5,8,309.75819795417374,0.4227858293075684,0.18224510720300358,0.17921845546291082,130856.77059859695,-1093.208509855172,129763.56208874178,1632,1,336.2391304347826,42,4,15,36.286974776651796,0.6187996031746033,44.21027131782946,1023.158914728683,24.36092654115912,0
4760,4,1,4,41,0.022222222222222223,0.08888888888888889,0.9111111111111111,45,800,600,200,0.75,10,6,4,344.81295484394917,0.4228114478114478,0.19468233977050087,0.19280386348316594,129527.4490466798,123.37752079770499,129650.8265674775,1633,0,344.46666666666664,38,7,20,36.73777287993282,0.611842105263158,45.51282051282051,1017.9487179487178,26.788124156545205,8
4761,4,0,0,41,0.0,0.0,1.0,41,1050,700,350,0.6666666666666666,14,7,7,366.32878948543544,0.4126270325203252,0.23858581128541267,0.2034577711173339,129261.91184807285,1270.4719387755413,130532.3837868484,1634,1,375.390243902439,34,7,20,36.46077226254585,0.6170343137254901,45.77380952380954,1016.9047619047643,29.908963585434243,0
4762,4,0,0,41,0.0,0.0,1.0,41,1200,700,500,0.5833333333333334,17,7,10,363.2379331133447,0.41265243902439025,0.23148050406694232,0.20282959439490464,129473.85381235862,1205.9630102041247,130679.81682256275,1635,2,376.390243902439,34,7,20,36.32344913635122,0.6191789215686274,45.56547619047621,1017.738095238098,29.933473389355825,0
4763,4,0,0,41,0.0,0.0,1.0,41,1100,700,400,0.6363636363636364,15,7,8,365.14152699687384,0.41255081300813007,0.23188695062073372,0.20468025045421123,129625.34722222241,1266.3194444444703,130891.66666666688,1636,3,377.390243902439,34,7,20,36.12077195853793,0.6207107843137255,45.41666666666668,1018.3333333333348,29.950980392156907,0
4764,4,0,0,41,0.0,0.0,1.0,41,1100,800,300,0.7272727272727273,14,8,6,365.31171482147204,0.4114329268292683,0.23696769357700198,0.2052552653586982,129717.1051964129,1277.4356281957962,130994.5408246087,1637,4,378.390243902439,36,5,20,36.02305807355002,0.6174768518518519,45.32657657657659,1018.6936936936959,28.29704704704711,0
4765,4,1,0,42,0.023809523809523808,0.0,1.0,42,1550,1000,550,0.6451612903225806,21,10,11,359.4237191337173,0.41258952768099105,0.2348506386947775,0.20364499979641573,130044.55133912293,948.2192590766613,130992.7705981996,1638,0,370.35714285714283,38,4,21,35.840229042282054,0.6170504385964912,45.005341880341895,1019.9786324786347,26.841542959964073,0
4766,4,0,0,42,0.0,0.0,1.0,42,1200,900,300,0.75,15,9,6,355.68513119533486,0.41269841269841273,0.228085519922254,0.20265780730897018,130262.5868055558,866.4930555555793,131129.0798611114,1639,1,371.35714285714283,38,4,23,35.71428571428572,0.6192434210526316,44.79166666666668,1020.8333333333353,26.86403508771935,0
4767,4,0,0,42,0.0,0.0,1.0,42,1300,1000,300,0.7692307692307693,16,10,6,360.74277176557814,0.412746806039489,0.2336117315723032,0.20647961761368294,130439.8750964505,1011.0484182098653,131450.92351466036,1640,2,372.35714285714283,35,7,23,35.405336505778386,0.6267857142857143,44.61805555555555,1021.5277777777768,29.18650793650791,0
4768,4,0,0,42,0.0,0.0,1.0,42,1000,500,500,0.5,15,5,10,359.4711986979932,0.41261372435152927,0.23239732208440889,0.20649117717613857,130578.91506371247,987.8718245272419,131566.7868882397,1641,3,373.35714285714283,36,6,17,35.296845159394735,0.6261574074074074,44.48198198198199,1022.072072072073,28.390890890890915,0
4769,4,0,0,42,0.0,0.0,1.0,42,1800,1700,100,0.9444444444444444,19,17,2,360.3965125340258,0.4134243128145567,0.2386299301755046,0.20825966411317381,130809.2129291454,1028.6368293969658,131837.84975854238,1642,4,374.35714285714283,36,6,20,35.03985945985616,0.6284722222222222,44.25675675675676,1022.9729729729734,28.415915915915928,0
4770,4,0,2,40,0.0,0.047619047619047616,0.9523809523809523,42,1000,800,200,0.8,12,8,4,359.77452038653075,0.41331542779713515,0.23804675658710628,0.20812498758380146,130850.90033712289,1015.3639821868205,131866.2643193097,1643,5,375.35714285714283,37,5,20,35.01355249526668,0.6269707207207207,44.21600877192982,1023.1359649122801,27.65232337600757,0
4771,4,0,0,40,0.0,0.0,1.0,40,1100,700,400,0.6363636363636364,15,7,8,371.81375586949196,0.4088007478632478,0.24639219015280123,0.21428405304024528,130706.03358892743,1719.6602527006105,132425.69384162803,1644,11,392.325,35,5,20,34.85250424448216,0.6294642857142857,44.357638888888886,1022.5694444444441,29.21626984126983,0
4772,4,0,0,40,0.0,0.0,1.0,40,1100,900,200,0.8181818181818182,13,9,4,372.1155960030035,0.40902777777777777,0.248217922606925,0.21495147957349933,130794.81336805534,1734.1579861110854,132528.97135416642,1645,12,393.325,35,5,20,34.75475220638152,0.6303571428571428,44.27083333333332,1022.9166666666649,29.226190476190425,0
4773,4,0,0,40,0.0,0.0,1.0,40,1050,700,350,0.6666666666666666,14,7,7,372.7500953212359,0.40889423076923076,0.2513378210204773,0.21548319768112517,130824.41332572442,1752.962507501708,132577.37583322614,1646,13,394.325,35,5,20,34.708512463702526,0.6306547619047619,44.241898148148145,1023.0324074074072,29.229497354497347,0
4774,4,0,1,39,0.0,0.025,0.975,40,900,600,300,0.6666666666666666,12,6,6,369.22415373186334,0.40857371794871794,0.246101436164198,0.21410158632464688,130942.84664619752,1669.4523480366747,132612.29899423418,1647,14,395.325,35,5,20,34.67867710807042,0.6318452380952381,44.1261574074074,1023.4953703703688,29.242724867724824,0
4775,4,0,0,39,0.0,0.0,1.0,39,1050,800,250,0.7619047619047619,13,8,5,374.9256354786372,0.407304318488529,0.25399522957662524,0.2178621935889378,131023.24263038553,2024.7945011337943,133048.03713151932,1648,15,404.38461538461536,34,5,20,34.45130813953489,0.6348039215686274,44.04761904761905,1023.8095238095241,30.112044817927178,0
4776,4,1,0,40,0.025,0.0,1.0,40,1000,600,400,0.6,14,6,8,368.89333079665005,0.4092681623931624,0.2515706654279408,0.2162382894138839,131358.63272392293,1691.8190192743762,133050.4517431973,1649,0,395.25,34,6,21,34.266248596756085,0.6381740196078431,43.720238095238095,1025.1190476190477,30.150560224089638,0
4777,4,0,0,40,0.0,0.0,1.0,40,800,700,100,0.875,9,7,2,364.8587756568904,0.4089342948717949,0.25309749492213984,0.21469976559570797,131506.13667052472,1596.2336033950698,133102.37027391978,1650,1,396.25,35,5,21,34.22054840893705,0.6375,43.57638888888889,1025.6944444444448,29.305555555555564,0
4778,4,0,0,40,0.0,0.0,1.0,40,700,400,300,0.5714285714285714,10,4,6,364.0701899044034,0.40807959401709404,0.25261421319796895,0.21473601021307634,131595.18771701396,1581.9769965277824,133177.16471354174,1651,2,397.25,35,5,18,34.15080372250422,0.6383928571428572,43.489583333333336,1026.0416666666672,29.315476190476204,0
4779,4,0,0,40,0.0,0.0,1.0,40,1050,700,350,0.6666666666666666,14,7,7,364.20665610709966,0.40811965811965817,0.25535291464652166,0.21548691347657575,131713.96933138304,1594.2208665552325,133308.19019793827,1652,3,398.25,35,5,18,34.02734712669598,0.6395833333333334,43.3738425925926,1026.504629629631,29.32870370370374,0
4780,4,0,1,39,0.0,0.025,0.975,40,1250,800,450,0.64,17,8,9,361.7752696870759,0.4072516025641026,0.24913944310458214,0.21513129140061985,131905.89871966562,1544.058416524635,133449.95713619026,1653,4,399.25,36,4,18,33.896075422056576,0.6394675925925926,43.18693693693694,1027.2522522522524,28.53478478478479,0
4781,4,0,0,39,0.0,0.0,1.0,39,850,800,50,0.9411764705882353,9,8,1,370.4767218840598,0.4049707602339181,0.2547567426936084,0.21936772517433992,131743.67310742466,1961.5928283607764,133705.26593578543,1654,21,410.38461538461536,35,4,18,33.836433671552044,0.6398809523809523,43.34490740740741,1026.6203703703711,29.332010582010604,0
4782,4,0,0,39,0.0,0.0,1.0,39,1100,800,300,0.7272727272727273,14,8,6,369.3940091251734,0.40460526315789475,0.24920476706392147,0.21958284199503794,131892.2422223295,1944.040825402962,133836.2830477325,1655,22,411.38461538461536,35,4,18,33.71420187793428,0.6413690476190477,43.20023148148149,1027.199074074075,29.348544973545,0
4783,4,0,0,39,0.0,0.0,1.0,39,1750,1500,250,0.8571428571428571,20,15,5,366.27799102219564,0.40404295996401257,0.24184972656875403,0.2189752311749593,132108.41912436104,1877.6812707978504,133986.1003951589,1656,23,412.38461538461536,36,3,18,33.576149267900846,0.6414930555555556,42.98986486486488,1028.0405405405422,28.556681681681727,0
4784,4,0,0,39,0.0,0.0,1.0,39,1100,800,300,0.7272727272727273,14,8,6,364.7834390395096,0.40367746288798917,0.23608162898570217,0.2185828323693444,132195.26113951823,1844.5283966399236,134039.78953615815,1657,24,413.38461538461536,36,3,18,33.52702036793694,0.6423611111111112,42.905405405405425,1028.378378378381,28.566066066066142,0
4785,4,0,0,39,0.0,0.0,1.0,39,1050,700,350,0.6666666666666666,14,7,7,361.2401581938975,0.4037055780476833,0.22491684560650027,0.21695784648923483,132282.13168827648,1757.1236354598232,134039.25532373632,1658,25,414.38461538461536,36,3,18,33.5306057288816,0.6432291666666667,42.820945945945965,1028.716216216219,28.57545045045053,0
4786,4,0,0,39,0.0,0.0,1.0,39,750,500,250,0.6666666666666666,10,5,5,363.64513388064785,0.4038461538461538,0.224884451216945,0.21873769508015042,132340.0612394492,1824.96385743855,134165.02509688775,1659,26,415.38461538461536,36,3,19,33.410400933931626,0.6438078703703703,42.764639639639654,1028.9414414414437,28.58170670670677,0
4787,4,0,0,39,0.0,0.0,1.0,39,750,500,250,0.6666666666666666,10,5,5,362.8365525282802,0.4032276203328835,0.21888723820029465,0.2189426147740431,132459.27047902485,1812.2383734051107,134271.50885242995,1660,27,416.38461538461536,34,5,20,33.311167649666544,0.649203431372549,42.64880952380952,1029.4047619047612,30.276610644257683,0
4788,4,0,0,39,0.0,0.0,1.0,39,950,600,350,0.631578947368421,13,6,7,363.2286209617969,0.40283400809716596,0.22101858522253992,0.21953629229200408,132520.55165816314,1827.0514455782202,134347.60310374136,1661,28,417.38461538461536,34,5,21,33.23939183720661,0.6498161764705883,42.58928571428571,1029.6428571428562,30.283613445378123,0
4789,4,0,0,39,0.0,0.0,1.0,39,1200,900,300,0.75,15,9,6,363.8752248646569,0.4024966261808367,0.2105799600599696,0.22082582019486227,132673.8166099771,1855.342970521512,134529.1595804986,1662,29,418.38461538461536,34,5,18,33.068523226253745,0.6513480392156863,42.440476190476176,1030.2380952380934,30.301120448179216,0
4790,4,0,0,39,0.0,0.0,1.0,39,750,500,250,0.6666666666666666,10,5,5,366.3101237598815,0.40215924426450744,0.20592782131243714,0.22303186016266166,132796.4923469385,1928.9399092970193,134725.4322562355,1663,30,419.38461538461536,34,5,18,32.88240163240162,0.6525735294117647,42.321428571428555,1030.7142857142835,30.315126050420105,0
4791,4,0,0,39,0.0,0.0,1.0,39,1150,900,250,0.782608695652174,14,9,5,360.20424723743196,0.40170940170940167,0.20188243283294316,0.2203006209425363,132964.41139671198,1778.8691433041588,134743.28054001613,1664,31,420.38461538461536,35,4,19,32.87100680806493,0.6520833333333333,42.1585648148148,1031.3657407407395,29.467592592592556,0
4792,4,1,0,40,0.025,0.0,1.0,40,850,700,150,0.8235294117647058,10,7,3,351.78890744899337,0.402590811965812,0.19794643831133385,0.2165781675342458,133210.52629910308,1372.3971014933668,134582.92340059645,1665,0,410.85,36,4,20,32.84107850623613,0.6524884259259259,41.920045045045036,1032.319819819819,28.67555055055053,0
4793,4,0,0,40,0.0,0.0,1.0,40,800,600,200,0.75,10,6,4,355.8746804027427,0.4024839743589744,0.16640916808149364,0.20509803009512298,130706.03358892766,1316.6675217940567,132022.7011107217,1666,1,411.85,35,5,17,35.259974533106956,0.6294642857142857,44.3576388888889,1022.569444444446,29.216269841269888,8
4794,4,0,0,40,0.0,0.0,1.0,40,1000,800,200,0.8,12,8,4,354.2118072719568,0.40240384615384617,0.1656868846893742,0.204452628403807,130765.21675936654,1263.7167513288898,132028.93351069544,1667,2,412.85,35,5,18,35.24256440722719,0.6300595238095238,44.299768518518526,1022.8009259259269,29.222883597883627,0
4795,4,0,0,40,0.0,0.0,1.0,40,1050,500,550,0.47619047619047616,16,5,11,353.0450200127999,0.4017761752136752,0.17090590364170977,0.20456252077019518,130913.23329260979,1243.6530135459584,132156.88630615573,1668,3,413.85,35,5,19,35.122615547010476,0.631547619047619,44.155092592592595,1023.3796296296301,29.239417989418005,0
4796,4,0,0,40,0.0,0.0,1.0,40,900,600,300,0.6666666666666666,12,6,6,352.738079251834,0.40148237179487184,0.17515826362197617,0.20501452359144043,131031.70680084024,1243.9745156035729,132275.6813164438,1669,4,414.85,35,5,21,35.010645112668634,0.6327380952380952,44.039351851851855,1023.842592592593,29.252645502645514,0
4797,4,0,0,40,0.0,0.0,1.0,40,1500,1100,400,0.7333333333333333,19,11,8,356.79226719790586,0.40197649572649574,0.17684126635154418,0.2081936661128513,131183.87972009182,1361.0787730297973,132544.9584931216,1670,5,415.85,36,4,21,34.752986332490565,0.6322337962962963,43.89076576576577,1024.4369369369379,28.456581581581606,0
4798,4,0,0,40,0.0,0.0,1.0,40,1350,1000,350,0.7407407407407407,17,10,7,360.3025575918624,0.4015357905982906,0.1769277668098943,0.21120254073679562,131358.63272392293,1465.9287864464018,132824.56151036933,1671,6,416.85,34,6,21,34.48641272790617,0.6381740196078431,43.720238095238095,1025.1190476190477,30.150560224089638,0
4799,4,0,0,40,0.0,0.0,1.0,40,900,600,300,0.6666666666666666,12,6,6,366.4332579838941,0.4006410256410256,0.18920032497678774,0.21565498297740632,131511.22448979577,1638.0172902494162,133149.24178004518,1672,7,417.85,34,6,21,34.17503288455586,0.6397058823529411,43.57142857142856,1025.7142857142844,30.168067226890717,0
4800,4,0,0,40,0.0,0.0,1.0,40,1000,600,400,0.6,14,6,8,365.7192919168236,0.4000400641025641,0.1903807106598987,0.21570868415453343,131595.1877170137,1625.3797743055318,133220.56749131923,1673,8,418.85,35,5,18,34.10850253807106,0.6383928571428572,43.48958333333332,1026.0416666666652,29.315476190476147,0
4801,4,0,0,40,0.0,0.0,1.0,40,1050,800,250,0.7619047619047619,13,8,5,366.696526284337,0.40029380341880344,0.18483543609435005,0.21690063835702367,131703.53366457683,1659.0456588345185,133362.57932341134,1674,9,419.85,36,4,18,33.97398976046809,0.6374421296296297,43.38400900900901,1026.4639639639645,28.512887887887903,0
4802,4,2,1,41,0.047619047619047616,0.023809523809523808,0.9761904761904762,42,1000,800,200,0.8,12,8,4,355.8570908852179,0.40455623306233063,0.19258539431973842,0.21375844841757727,132288.07259706705,1015.1297346409604,133303.20233170802,1675,0,400.8095238095238,38,4,20,33.66306643126666,0.6395285087719298,42.815170940170944,1028.7393162393168,27.072087269455707,0
4803,4,0,0,41,0.0,0.0,1.0,41,1050,800,250,0.7619047619047619,13,8,5,353.14004094598585,0.40421747967479676,0.18818935209815302,0.21308192158572584,132457.5684263546,1155.3055417315995,133612.8739680862,1676,1,407.5365853658537,35,6,21,33.56242035829397,0.6470238095238094,42.65046296296296,1029.3981481481483,29.411375661375665,0
4804,4,0,0,41,0.0,0.0,1.0,41,1050,800,250,0.7619047619047619,13,8,5,354.803613427031,0.404395325203252,0.19016230831380154,0.21506883048489447,132629.89921932085,1211.5134982956167,133841.41271761648,1677,2,408.5365853658537,36,5,14,33.34631573193398,0.6467013888888888,42.48310810810812,1030.067567567569,28.61298798798803,0
4805,4,0,0,41,0.0,0.0,1.0,41,600,400,200,0.6666666666666666,8,4,4,354.9185535475602,0.40426829268292686,0.1929463457293077,0.21530470343853356,132658.9004545088,1216.62101290483,133875.52146741364,1678,3,409.5365853658537,36,5,15,33.314203468882084,0.6469907407407407,42.45495495495497,1030.1801801801823,28.616116116116174,0
4806,4,0,1,40,0.0,0.024390243902439025,0.975609756097561,41,1050,600,450,0.5714285714285714,15,6,9,350.9163380007922,0.404395325203252,0.08225758629023616,0.198447142269772,129970.32470703124,957.2125156459254,130927.53722267716,1679,4,410.5365853658537,39,2,19,36.132499914870436,0.6145833333333333,45.078125,1019.6874999999999,26.145833333333332,8
4807,4,0,0,40,0.0,0.0,1.0,40,1100,700,400,0.6363636363636364,15,7,8,358.21900936711035,0.40138888888888885,0.09993363283643064,0.2032674958135269,130103.13042534702,1321.0828993055356,131424.21332465255,1680,5,421.7,39,1,21,35.81146620379825,0.6159188034188035,44.94791666666666,1020.2083333333317,26.15918803418799,0
4808,4,0,0,40,0.0,0.0,1.0,40,1150,800,350,0.6956521739130435,15,8,7,358.12718444215716,0.401428952991453,0.09542716319824751,0.20377741152139275,130210.72035701293,1326.3997331284163,131537.12009014134,1681,6,422.7,40,0,21,35.704595240465984,0.6153645833333333,44.84247967479674,1020.6300813008123,25.515752032520307,0
4809,4,0,0,40,0.0,0.0,1.0,40,1050,800,250,0.7619047619047619,13,8,5,359.605493768096,0.40016025641025643,0.10286902844873858,0.20563076577346898,130402.54122662722,1378.7250288246812,131781.2662554519,1682,7,423.7,37,3,21,35.472244587582765,0.6224662162162162,44.65460526315788,1021.3815789473667,27.60490753911802,0
4810,4,0,2,38,0.0,0.05,0.95,40,1150,800,350,0.6956521739130435,15,8,7,360.91442840899384,0.4000667735042735,0.10501717106675224,0.20682660786685125,130486.54994806078,1418.8957179131853,131905.44566597397,1683,8,424.7,37,3,22,35.35361665593474,0.6233108108108107,44.57236842105262,1021.7105263157882,27.61379800853482,0
4811,4,0,0,38,0.0,0.0,1.0,38,900,500,400,0.5555555555555556,13,5,8,370.7250209234411,0.3954925320056899,0.1350495545457795,0.21219319290987626,130439.87509645066,2071.4650848765464,132511.34018132722,1684,19,446.1578947368421,35,3,22,35.15040788579198,0.6267857142857143,44.61805555555556,1021.527777777778,29.186507936507944,0
4812,4,0,0,38,0.0,0.0,1.0,38,1050,900,150,0.8571428571428571,12,9,3,368.40861518684125,0.39534435751541014,0.13489126210213076,0.211154223979167,130492.60567577725,2014.9200298271376,132507.52570560438,1685,20,447.1578947368421,36,2,14,35.15604908336089,0.6252893518518519,44.56644144144145,1021.7342342342351,28.381506506506533,0
4813,4,0,0,38,0.0,0.0,1.0,38,950,600,350,0.631578947368421,13,6,7,371.9218391033063,0.3946627548601233,0.13647858384700462,0.21406168072834736,130654.64854570632,2118.663434903041,132773.31198060937,1686,21,448.1578947368421,37,1,15,34.90186615186615,0.625,44.4078947368421,1022.3684210526312,27.63157894736841,0
4814,4,0,0,38,0.0,0.0,1.0,38,850,600,250,0.7058823529411765,11,6,5,371.762913774791,0.3947516595542911,0.14237835153922518,0.2145918601294092,130766.77439212069,2122.8474145891064,132889.6218067098,1687,22,449.1578947368421,37,1,16,34.79220268724984,0.6261261261261262,44.29824561403509,1022.80701754386,27.64343290659081,0
4815,4,1,0,39,0.02564102564102564,0.0,1.0,39,900,500,400,0.5555555555555556,13,5,8,361.64194347094525,0.39676113360323884,0.14830865535090854,0.2104637539871897,131081.84633875763,1680.9387327416416,132762.78507149927,1688,0,438.61538461538464,38,1,18,34.73200312989045,0.627467105263158,43.99038461538463,1024.0384615384635,26.94838056680167,0
4816,4,0,0,39,0.0,0.0,1.0,39,1300,1100,200,0.8461538461538461,15,11,4,361.0617836414142,0.3961144849302744,0.14513493013035528,0.21103771632089097,131248.0590820314,1677.7316623264037,132925.7907443578,1689,1,439.61538461538464,39,0,18,34.57873758937346,0.6274038461538461,43.82812500000001,1024.6875000000011,26.274038461538492,0
4817,4,0,0,39,0.0,0.0,1.0,39,600,300,300,0.5,9,3,6,361.18028359029785,0.3964237516869096,0.14489694335207104,0.211401118991371,131301.43364800367,1684.6978081597465,132986.13145616342,1690,2,440.61538461538464,39,0,18,34.521737473320464,0.6279380341880342,43.77604166666668,1024.895833333335,26.279380341880387,0
4818,4,0,0,39,0.0,0.0,1.0,39,950,400,550,0.42105263157894735,15,4,11,360.74145671880825,0.3959739091318039,0.14097902097902137,0.21160179550319058,131384.32618690367,1679.1600690837597,133063.48625598743,1691,3,441.61538461538464,37,2,19,34.44919786096257,0.6323198198198199,43.69517543859649,1025.219298245614,27.70862968231389,0
4819,4,0,1,38,0.0,0.02564102564102564,0.9743589743589743,39,1400,1000,400,0.7142857142857143,18,10,8,361.38339413053137,0.3952429149797571,0.13865228401354956,0.21291580827992754,131553.00188519532,1708.214065866407,133261.21595106172,1692,4,442.61538461538464,37,2,21,34.26232720535842,0.634009009009009,43.53070175438596,1025.8771929824552,27.726410621147437,0
4820,4,0,0,38,0.0,0.0,1.0,38,1250,800,450,0.64,17,8,9,371.8774642184451,0.39580369843527735,0.141560604526068,0.21877621385530419,131496.7646295015,2180.1366766697556,133676.90130617126,1693,5,419.9736842105263,37,1,21,34.05004988953034,0.6334459459459459,43.58552631578948,1025.657894736843,27.720483641536298,0
4821,4,1,1,38,0.02564102564102564,0.02564102564102564,0.9743589743589743,39,750,500,250,0.6666666666666666,10,5,5,364.5411419989364,0.39833558254610885,0.1460978147762746,0.21598276045683001,131766.52444480985,1806.8638596683638,133573.38830447823,1694,0,410.1794871794872,38,1,15,33.96570412764481,0.6343201754385965,43.32264957264958,1026.709401709403,27.01866846603692,0
4822,4,0,0,38,0.0,0.0,1.0,38,1100,800,300,0.7272727272727273,14,8,6,364.57669029701816,0.3983671171171171,0.1451371837301163,0.21654976905593978,131862.521701389,2014.8003472222317,133877.3220486112,1695,1,416.6842105263158,37,1,16,33.86790060851927,0.6371058558558558,43.22916666666667,1027.0833333333342,27.75900900900903,0
4823,4,1,0,39,0.02564102564102564,0.0,1.0,39,950,500,450,0.5263157894736842,14,5,9,365.69987797683507,0.40080971659919024,0.16533388721570286,0.21967087492445078,132288.07259706702,1875.5464013076264,134163.61899837464,1696,0,406.97435897435895,38,1,18,33.40992487970368,0.6395285087719298,42.815170940170944,1028.7393162393166,27.0720872694557,0
4824,4,1,1,39,0.025,0.025,0.975,40,1250,900,350,0.72,16,9,7,343.7186816595789,0.4042467948717949,0.1301512673753069,0.19371794823486854,129837.58680555546,925.5208333333237,130763.10763888879,1697,0,397.775,39,1,18,36.45066775688196,0.6132478632478633,45.20833333333333,1019.1666666666658,26.132478632478612,8
4825,4,0,0,39,0.0,0.0,1.0,39,800,500,300,0.625,11,5,6,348.39675189913066,0.40154071075123704,0.1030235988200594,0.19489521269604862,129545.08562616697,1327.659077996948,130872.74470416391,1698,1,408.7435897435897,36,3,20,36.62864122418878,0.6157407407407407,45.49549549549551,1018.0180180180201,28.278278278278336,8
4826,4,0,0,39,0.0,0.0,1.0,39,700,400,300,0.5714285714285714,10,4,6,347.26781422251196,0.40154071075123704,0.10236559871596373,0.19454743346963813,129602.41280131515,1201.3493222953052,130803.76212361046,1699,2,409.7435897435897,36,3,21,36.59911155349111,0.6163194444444444,45.43918918918921,1018.2432432432458,28.284534534534608,0
4827,4,0,1,38,0.0,0.02564102564102564,0.9743589743589743,39,800,300,500,0.375,13,3,10,347.6324081813446,0.40092217723796675,0.09652725226948755,0.19546490968406635,129745.78622118762,1220.768023090686,130966.5542442783,1700,3,410.7435897435897,36,3,21,36.444171180133395,0.6177662037037037,45.298423423423436,1018.806306306308,28.300175175175223,0
4828,4,0,0,38,0.0,0.0,1.0,38,1350,800,550,0.5925925925925926,19,8,11,346.7098696856804,0.40016002844950216,0.11246662905467897,0.19523196084540922,129803.15778193758,1400.8071838730943,131203.96496581068,1701,4,420.2631578947368,36,2,22,36.40940987954472,0.6183449074074074,45.24211711711713,1019.0315315315335,28.306431431431484,0
4829,4,0,0,38,0.0,0.0,1.0,38,950,800,150,0.8421052631578947,11,8,3,345.7280665032177,0.3988264580369843,0.1129210381004968,0.19553826622027728,129975.3485537904,1387.2251897167596,131362.57374350718,1702,5,421.2631578947368,36,2,22,36.259663169519634,0.6200810185185186,45.073198198198206,1019.7072072072083,28.32520020020023,0
4830,4,1,0,39,0.02564102564102564,0.0,1.0,39,800,500,300,0.625,11,5,6,337.40987693837985,0.4028902384165542,0.11152703063756886,0.19210694461280614,130234.60493853885,988.4884050861884,131223.09334362505,1703,0,411.43589743589746,37,2,23,36.209022630429324,0.620777027027027,44.819078947368425,1020.7236842105269,27.587126600284513,0
4831,4,0,1,38,0.0,0.02564102564102564,0.9743589743589743,39,1350,1200,150,0.8888888888888888,15,12,3,341.52704498196164,0.40184997750787227,0.12057557441842581,0.19543402647739286,130430.54112803943,1109.1114573715065,131539.65258541095,1704,1,412.43589743589746,37,2,23,35.90552096751111,0.6227477477477478,44.627192982456144,1021.4912280701757,27.607871028923668,0
4832,4,0,0,38,0.0,0.0,1.0,38,800,500,300,0.625,11,5,6,349.9827994685463,0.40110834518729255,0.1325190042360589,0.20014779263428212,130406.32482144302,1527.9941258826384,131934.31894732566,1705,2,423.2631578947368,36,2,23,35.71412164645351,0.6244212962962963,44.6509009009009,1021.396396396396,28.37212212212211,0
4833,4,0,0,38,0.0,0.0,1.0,38,900,500,400,0.5555555555555556,13,5,8,352.5794256797481,0.4007082740635372,0.1361031518624647,0.20223171356624708,130521.37230135518,1603.8300969888599,132125.20239834403,1706,3,424.2631578947368,36,2,20,35.531233928440244,0.6255787037037037,44.53828828828828,1021.846846846845,28.384634634634583,0
4834,4,1,0,39,0.02564102564102564,0.0,1.0,39,700,400,300,0.5714285714285714,10,4,6,344.8481805985125,0.4040710751237067,0.14326108999777443,0.19949028971882957,130850.90033712289,1224.7389821868203,132075.6393193097,1707,0,414.35897435897436,37,2,21,35.395344371807234,0.6269707207207207,44.21600877192982,1023.1359649122801,27.65232337600757,0
4835,4,0,1,38,0.0,0.02564102564102564,0.9743589743589743,39,1100,900,200,0.8181818181818182,13,9,4,346.49344477689664,0.4035931174089069,0.14124239359054624,0.201218193203165,130999.80481591052,1278.1147271531831,132277.9195430637,1708,1,415.35897435897436,38,1,21,35.202723857232314,0.6266447368421053,44.07051282051282,1023.7179487179483,26.939946018893377,0
4836,4,0,0,38,0.0,0.0,1.0,38,1000,900,100,0.9,11,9,2,353.4099571132134,0.3991228070175439,0.147709525554647,0.2050392759261559,130963.11034404818,1656.7334420206234,132619.8437860688,1709,2,427.1578947368421,37,1,21,35.06282360292806,0.6280968468468469,44.10635964912281,1023.5745614035088,27.66417733522997,0
4837,4,0,0,38,0.0,0.0,1.0,38,1000,900,100,0.9,11,9,2,353.4511523445849,0.3987375533428165,0.1450252117457076,0.2052587237433824,130999.80481591038,1660.4063938198342,132660.21120973022,1710,3,428.1578947368421,38,0,21,35.02465560425797,0.6266447368421053,44.07051282051281,1023.7179487179471,26.939946018893345,0
4838,4,0,0,38,0.0,0.0,1.0,38,1000,700,300,0.7,13,7,6,353.6226383148319,0.3980855855855856,0.14435242948774274,0.2056504469423148,131054.49631090657,1668.7673496968366,132723.2636606034,1711,4,429.1578947368421,38,0,21,34.964958959376744,0.6271929824561404,44.01709401709402,1023.931623931624,26.945569050832212,0
4839,4,0,0,38,0.0,0.0,1.0,38,1350,800,550,0.5925925925925926,19,8,11,351.5443271548758,0.39793741109530584,0.14236545682102597,0.20502475722390218,131163.91354372134,1621.985946745574,132785.89949046692,1712,5,430.1578947368421,38,0,22,34.9075667501043,0.6282894736842105,43.910256410256416,1024.3589743589753,26.956815114709876,0
4840,4,0,0,38,0.0,0.0,1.0,38,1100,800,300,0.7272727272727273,14,8,6,353.5965187929291,0.3979966808914177,0.14319192140936288,0.20651587181633344,131218.63928154018,1679.6908101395597,132898.33009167973,1713,6,431.1578947368421,38,0,22,34.79970455335421,0.6288377192982456,43.85683760683762,1024.5726495726517,26.96243814664873,0
4841,4,2,2,38,0.05,0.05,0.95,40,1400,1200,200,0.8571428571428571,16,12,4,336.85548520518574,0.4032719017094017,0.13674530695078624,0.19938203043225888,131728.8208007815,874.7608263678019,132603.5816271493,1714,0,410.55,39,1,16,34.714294774226296,0.6322115384615384,43.359375000000014,1026.562500000002,26.322115384615437,0
4842,4,1,0,39,0.02564102564102564,0.0,1.0,39,1050,700,350,0.6666666666666666,14,7,7,343.20233061903866,0.4015688259109312,0.14281253252836534,0.20290121786197582,131684.2689043211,1238.8695987654496,132923.13850308655,1715,0,422.05128205128204,38,1,18,34.59630130807399,0.6334978070175439,43.402777777777786,1026.3888888888898,27.01023391812868,0
4843,4,0,0,39,0.0,0.0,1.0,39,1000,800,200,0.8,12,8,4,347.41278216737896,0.4012876743139901,0.1446570079244378,0.20583457685749165,131766.52444480982,1355.4749707794767,133121.9994155893,1716,1,423.05128205128204,38,1,18,34.40535032951787,0.6343201754385965,43.32264957264958,1026.7094017094028,27.018668466036914,0
4844,4,0,2,37,0.0,0.05128205128205128,0.9487179487179487,39,1050,700,350,0.6666666666666666,14,7,7,316.46606719783426,0.4008940620782726,0.0217000644220664,0.18420236273664364,131088.00048828125,496.98079427083354,131584.9812825521,1717,2,424.05128205128204,39,0,19,35.882349201505434,0.625801282051282,43.984375,1024.0625,26.25801282051282,8
4845,4,0,0,37,0.0,0.0,1.0,37,1350,1000,350,0.7407407407407407,17,10,7,325.3327623126928,0.3935810810810811,0.05433772639513257,0.18902501566357252,131019.23338190591,1124.9698224453598,132144.20320435127,1718,21,447.64864864864865,37,0,19,35.72469297775873,0.6286599099099099,44.051535087719294,1023.7938596491223,27.670104314841144,0
4846,4,0,0,37,0.0,0.0,1.0,37,1600,1200,400,0.75,20,12,8,327.0657860328939,0.39264264264264265,0.05519404427444252,0.19058774219171928,131131.51552641182,1177.7264398660984,132309.2419662779,1719,22,448.64864864864865,37,0,19,35.56710113121365,0.6297860360360361,43.941885964912274,1024.2324561403498,27.681958274063508,0
4847,4,0,0,37,0.0,0.0,1.0,37,850,800,50,0.9411764705882353,9,8,1,327.02932216410215,0.3928928928928929,0.05649527952610178,0.1909851241438355,131215.758694983,1182.2801246537315,132398.03881963674,1720,23,449.64864864864865,37,0,20,35.48310859018265,0.6306306306306306,43.859649122807014,1024.5614035087713,27.690848743480306,0
4848,4,0,0,37,0.0,0.0,1.0,37,1500,1300,200,0.8666666666666667,17,13,4,331.0256372536554,0.39298673673673673,0.060395889682937964,0.1940326063052173,131356.983567182,1296.5539303294038,132653.5374975114,1721,24,450.64864864864865,36,1,21,35.238382950675586,0.6339699074074074,43.721846846846844,1025.1126126126123,28.475350350350343,0
4849,4,0,0,37,0.0,0.0,1.0,37,850,500,350,0.5882352941176471,12,5,7,330.2293686546558,0.3929241741741742,0.05926708782596357,0.19371186676752494,131385.84530476423,1277.492949030116,132663.33825379435,1722,25,451.64864864864865,36,1,21,35.229706722319854,0.6342592592592593,43.693693693693696,1025.2252252252254,28.478478478478483,0
4850,4,0,0,37,0.0,0.0,1.0,37,750,400,350,0.5333333333333333,11,4,7,330.42865834949896,0.393236986986987,0.056980226080917795,0.19426815956028975,131472.44953991158,1288.4530222790413,132760.90256219063,1723,26,452.64864864864865,36,1,21,35.13734855971597,0.6351273148148149,43.609234234234236,1025.5630630630635,28.487862862862876,0
4851,4,0,0,37,0.0,0.0,1.0,37,550,400,150,0.7272727272727273,7,4,3,334.6336897070909,0.3934246746746746,0.057518829333119914,0.19733641080396794,131587.96623904307,1406.753332724616,132994.7195717677,1724,27,453.64864864864865,36,1,18,34.91315442871253,0.6362847222222222,43.49662162162162,1026.0135135135133,28.50037537537537,0
4852,4,0,0,37,0.0,0.0,1.0,37,650,300,350,0.46153846153846156,10,3,7,334.42426739411445,0.393236986986987,0.057708278954986536,0.19736230080927264,131616.85333982628,1403.173950978,133020.02729080428,1725,28,454.64864864864865,36,1,18,34.8894315188762,0.6365740740740741,43.468468468468465,1026.1261261261259,28.503503503503495,0
4853,4,0,1,36,0.0,0.02702702702702703,0.972972972972973,37,750,600,150,0.8,9,6,3,333.5463899865871,0.3932682682682683,0.05526408664782401,0.19699340582940816,131645.74361100968,1381.9925077104178,133027.7361187201,1726,29,455.64864864864865,36,1,18,34.88285965104795,0.6368634259259259,43.44031531531532,1026.238738738739,28.506631631631635,0
4854,4,0,0,36,0.0,0.0,1.0,36,1350,1100,250,0.8148148148148148,16,11,5,337.4893109768716,0.3921626984126984,0.05454067057585377,0.19952368064952647,131684.26890432098,1688.4066358024713,133372.67554012345,1727,30,463.3611111111111,35,1,18,34.74289580514209,0.6392857142857142,43.40277777777778,1026.388888888889,29.325396825396826,0
4855,4,0,0,36,0.0,0.0,1.0,36,800,400,400,0.5,12,4,8,337.19581483220986,0.39135251322751324,0.057443304907522474,0.200129663211117,131832.80452942822,1690.6939889832033,133523.49851841142,1728,31,464.3611111111111,35,1,19,34.60087249708854,0.6407738095238096,43.258101851851855,1026.967592592593,29.34193121693123,0
4856,4,0,1,35,0.0,0.027777777777777776,0.9722222222222222,36,900,700,200,0.7777777777777778,11,7,4,337.19581483220986,0.39135251322751324,0.057443304907522474,0.200129663211117,131832.80452942822,1690.6939889832033,133523.49851841142,1729,32,465.3611111111111,35,1,19,34.60087249708854,0.6407738095238096,43.258101851851855,1026.967592592593,29.34193121693123,0
4857,4,1,0,36,0.027777777777777776,0.0,1.0,36,1250,1100,150,0.88,14,11,3,337.9153355861523,0.3918154761904762,0.06177810313974308,0.20150102516248794,132011.15779588904,1721.7189375428677,133732.8767334319,1730,0,463.6666666666667,35,1,20,34.40292168787776,0.6425595238095239,43.08449074074074,1027.662037037037,29.361772486772484,0
4858,4,0,0,36,0.0,0.0,1.0,36,800,400,400,0.5,12,4,8,339.7227825417387,0.3912202380952381,0.06329680091080836,0.20289697590808206,132070.63567654742,1773.4807688185813,133844.116445366,1731,1,464.6666666666667,35,1,20,34.29664921367715,0.643154761904762,43.02662037037037,1027.893518518518,29.36838624338623,0
4859,4,0,0,36,0.0,0.0,1.0,36,1100,800,300,0.7272727272727273,14,8,6,341.300204362517,0.3909226190476191,0.05569621044471984,0.20480316787101194,132249.14969403704,1827.332363468779,134076.4820575058,1732,2,465.6666666666667,35,1,20,34.07657721015717,0.6449404761904762,42.85300925925925,1028.5879629629617,29.388227513227477,0
4860,4,0,0,36,0.0,0.0,1.0,36,1200,1000,200,0.8333333333333334,14,10,4,356.67635753792104,0.3907407407407408,0.055365547955251726,0.2037137825471894,130356.43029423771,2130.1267188122893,132486.55701305,1733,3,466.6666666666667,33,3,19,35.593798751950075,0.6303661616161615,44.69975490196078,1021.2009803921562,30.945484254307765,7
4861,4,0,2,34,0.0,0.05555555555555555,0.9444444444444444,36,950,800,150,0.8421052631578947,11,8,3,355.8588233411916,0.3904265873015873,0.0523936134767371,0.20390343712683937,130481.60750973174,2086.6062632160574,132568.21377294778,1734,4,467.6666666666667,33,3,20,35.48776038543041,0.6316287878787878,44.577205882352935,1021.6911764705874,30.960338680926892,0
4862,4,1,1,34,0.02857142857142857,0.02857142857142857,0.9714285714285714,35,750,600,150,0.8,9,6,3,359.9812609757927,0.3921218487394958,0.04890897535484817,0.20630087562437077,130488.24737271709,2394.6647663503763,132882.91213906746,1735,0,462.9714285714286,32,3,18,35.375731174822874,0.6341145833333333,44.57070707070707,1021.7171717171718,31.92866161616162,0
4863,4,0,0,34,0.0,0.0,1.0,34,600,400,200,0.6666666666666666,8,4,4,369.5275965378794,0.3882761437908497,0.053470820798667384,0.21072479159661917,130295.819176568,2829.5801798502653,133125.39935641826,1736,39,477.5882352941176,31,3,22,35.3272594907112,0.634744623655914,44.759114583333336,1020.9635416666672,32.93430779569894,0
4864,4,0,0,34,0.0,0.0,1.0,34,1050,700,350,0.6666666666666666,14,7,7,367.4831147296589,0.3878490790255496,0.05150901660855567,0.21027753720307638,130428.79104614268,2786.07567681208,133214.86672295476,1737,40,478.5882352941176,31,3,23,35.244449755683014,0.6360887096774194,44.62890625000001,1021.4843750000008,32.951108870967765,0
4865,4,0,0,34,0.0,0.0,1.0,34,650,500,150,0.7692307692307693,8,5,3,367.5023396121032,0.3882761437908497,0.06179195581876984,0.21113778844286557,130585.01882779822,2798.0599875012813,133383.0788152995,1738,41,479.5882352941176,32,2,18,35.08544368952028,0.6350911458333333,44.476010101010104,1022.0959595959599,31.940498737373748,0
4866,4,1,0,35,0.02857142857142857,0.0,1.0,35,1050,900,150,0.8571428571428571,12,9,3,363.5122370919026,0.3937675070028011,0.08294742973642144,0.20854123075272274,130528.56445312484,2645.218909023938,133173.78336214877,1739,0,466.85714285714283,31,4,19,35.24464831804283,0.6370967741935484,44.53124999999999,1021.8749999999987,32.96370967741932,8
4867,4,0,0,35,0.0,0.0,1.0,35,850,600,250,0.7058823529411765,11,6,5,363.1564721252406,0.3936624649859944,0.08968400995077563,0.20898919366013316,130649.5530589991,2489.2461547291123,133138.7992137282,1740,1,467.85714285714283,32,3,21,35.131067061874774,0.6357421875,44.41287878787879,1022.348484848485,31.948390151515156,0
4868,4,0,0,35,0.0,0.0,1.0,35,1100,900,200,0.8181818181818182,13,9,4,361.21536351165975,0.3930672268907563,0.0862222222222222,0.20839347894903446,130746.38429752071,2445.5205463728244,133191.90484389354,1741,2,468.85714285714283,32,3,22,35.08256172839507,0.63671875,44.31818181818182,1022.7272727272731,31.960227272727284,0
4869,4,0,0,35,0.0,0.0,1.0,35,900,700,200,0.7777777777777778,11,7,4,360.2537349310735,0.392296918767507,0.08263399274419925,0.20826857196707768,130826.15460399845,2426.1221645521005,133252.27676855057,1742,3,469.85714285714283,33,2,22,35.026353617632964,0.6351010101010102,44.240196078431374,1023.0392156862745,31.00118835412953,0
4870,4,1,0,36,0.027777777777777776,0.0,1.0,36,1100,800,300,0.7272727272727273,14,8,6,352.80421872747394,0.39553571428571427,0.08694880237587976,0.2058223933660958,131175.63952664402,2055.8638038548797,133231.5033304989,1743,0,457.77777777777777,34,2,23,34.86345148169668,0.6363357843137255,43.898809523809526,1024.4047619047622,30.1295518207283,0
4871,4,0,1,35,0.0,0.027777777777777776,0.9722222222222222,36,600,400,200,0.6666666666666666,8,4,4,370.1301022752301,0.3951554232804233,0.07750825943314177,0.20704853600002263,129544.24267409164,2464.1380970280193,132008.38077111967,1744,1,458.77777777777777,33,3,16,36.07637634926367,0.6221590909090908,45.49632352941176,1018.0147058823526,30.84893048128341,8
4872,4,0,0,35,0.0,0.0,1.0,35,1150,700,450,0.6086956521739131,16,7,9,373.9586693516273,0.39107142857142857,0.09189217927587845,0.2089037306752231,129490.376061754,2684.809745179073,132175.18580693306,1745,2,472.74285714285713,32,3,16,36.03383575238805,0.6240234375,45.54924242424243,1017.803030303031,31.80634469696972,0
4873,4,1,0,36,0.027777777777777776,0.0,1.0,36,850,600,250,0.7058823529411765,11,6,5,364.72161786597997,0.3936838624338624,0.09314825950424277,0.20532567722109835,129793.87622849383,2267.7265054306017,132061.60273392443,1746,0,460.5833333333333,33,3,18,35.95998697133694,0.6246843434343434,45.25122549019608,1018.9950980392155,30.87863933452168,0
4874,4,0,0,36,0.0,0.0,1.0,36,850,700,150,0.8235294117647058,10,7,3,369.0370314707051,0.39323743386243387,0.09239776628859242,0.2080868468299563,129856.32216274997,2384.35832972896,132240.68049247895,1747,1,461.5833333333333,33,3,18,35.78651657248208,0.6253156565656566,45.18995098039216,1019.240196078432,30.88606654783127,0
4875,4,0,0,36,0.0,0.0,1.0,36,750,600,150,0.8,9,6,3,368.17058126071964,0.39351851851851855,0.08918409874168498,0.20776410413342386,129887.55076172629,2364.1550124952028,132251.70577422148,1748,2,462.5833333333333,33,3,18,35.77682936603351,0.6256313131313131,45.1593137254902,1019.3627450980395,30.889780154486044,0
4876,4,0,0,36,0.0,0.0,1.0,36,1100,1000,100,0.9090909090909091,12,10,2,367.6122814699221,0.393287037037037,0.09472215546476481,0.20811356506072753,130012.50270328738,2358.8385476739904,132371.34125096136,1749,3,463.5833333333333,33,3,18,35.664003044140024,0.6268939393939394,45.03676470588236,1019.8529411764721,30.904634581105213,0
4877,4,0,0,36,0.0,0.0,1.0,36,1250,1100,150,0.88,14,11,3,368.5058752446139,0.3924933862433862,0.0957524190857526,0.20912143227071653,130106.25608239621,2388.983954488659,132495.24003688488,1750,4,464.5833333333333,33,3,19,35.54592092092092,0.6278409090909092,44.94485294117647,1020.2205882352943,30.915775401069524,0
4878,4,0,0,36,0.0,0.0,1.0,36,1050,600,450,0.5714285714285714,15,6,9,369.4988629976336,0.39272486772486775,0.09377956633876394,0.21019998357522957,130201.83000283434,2421.8856292516825,132623.715632086,1751,5,465.5833333333333,34,2,20,35.42347097476573,0.626531862745098,44.85119047619047,1020.595238095237,30.01750700280109,0
4879,4,0,0,36,0.0,0.0,1.0,36,800,500,300,0.625,11,5,6,372.01529139718366,0.3928406084656085,0.09758399018391817,0.21213274419096073,130293.86421388404,2494.2761448942256,132788.14035877827,1752,6,466.5833333333333,33,3,20,35.265749409834754,0.6297348484848485,44.7610294117647,1020.9558823529408,30.938057040998206,0
4880,4,0,0,36,0.0,0.0,1.0,36,900,600,300,0.6666666666666666,12,6,6,370.9567433343658,0.39265873015873015,0.0978049728049728,0.21218725718725717,130414.54081632645,2475.6306689342323,132890.17148526068,1753,7,467.5833333333333,34,2,22,35.170211732711735,0.6286764705882353,44.64285714285714,1021.4285714285708,30.04201680672267,0
4881,4,0,0,36,0.0,0.0,1.0,36,650,400,250,0.6153846153846154,9,4,5,369.0032972384631,0.39272486772486775,0.09280406017763299,0.21140095439923157,130475.34722222215,2429.166666666656,132904.5138888888,1754,8,468.5833333333333,34,2,23,35.15837411636759,0.6292892156862745,44.58333333333333,1021.666666666666,30.049019607843118,0
4882,4,0,1,35,0.0,0.027777777777777776,0.9722222222222222,36,850,500,350,0.5882352941176471,12,5,7,368.01258143829773,0.3926752645502645,0.09392921407951116,0.21099879669237886,130505.75573979598,2405.552012471659,132911.30775226763,1755,9,469.5833333333333,34,2,15,35.152821468794905,0.6295955882352942,44.55357142857143,1021.7857142857148,30.052521008403374,0
4883,4,0,0,35,0.0,0.0,1.0,35,900,800,100,0.8888888888888888,10,8,2,378.2037348816132,0.3899859943977591,0.10259117082533575,0.21653202843222033,130450.30757401002,2867.35870818916,133317.66628219918,1756,10,482.3142857142857,33,2,23,34.9488163787588,0.6313131313131313,44.6078431372549,1021.5686274509807,30.956625074272143,0
4884,4,1,0,36,0.027777777777777776,0.0,1.0,36,550,300,250,0.5454545454545454,8,3,5,370.37444515657324,0.39403108465608466,0.09499928866126028,0.21369287161451475,130749.15143140602,2485.228883219967,133234.38031462597,1757,0,469.8888888888889,34,2,17,34.84557482636868,0.632046568627451,44.3154761904762,1022.7380952380962,30.08053221288518,0
4885,4,0,0,36,0.0,0.0,1.0,36,950,700,250,0.7368421052631579,12,7,5,369.8705285015643,0.39421296296296293,0.09769903151143722,0.21373890056583347,130810.03578514747,2476.55541383221,133286.59119897967,1758,1,470.8888888888889,34,2,17,34.79673377555375,0.6326593137254901,44.25595238095239,1022.976190476191,30.08753501400562,0
4886,4,1,0,37,0.02702702702702703,0.0,1.0,37,800,300,500,0.375,13,3,10,361.13636289317833,0.3983671171171171,0.0989687698548456,0.21021937755781855,131090.96364883403,2068.342764060355,133159.3064128944,1759,0,459.13513513513516,35,2,18,34.73572182037372,0.6333333333333333,43.98148148148148,1024.0740740740741,29.25925925925926,0
4887,4,0,0,37,0.0,0.0,1.0,37,800,500,300,0.625,11,5,6,361.09843816333216,0.39786661661661665,0.1027594860193981,0.2110101962415827,131239.16437596444,2078.0514564043096,133317.21583236873,1760,1,460.13513513513516,35,2,19,34.586792612673655,0.6348214285714286,43.83680555555555,1024.6527777777771,29.275793650793634,0
4888,4,0,0,37,0.0,0.0,1.0,37,950,700,250,0.7368421052631579,12,7,5,362.25282267687203,0.3972722722722723,0.10329733392755758,0.21184851334088683,131268.81456832995,2110.4997213648894,133379.31428969483,1761,2,461.13513513513516,35,2,19,34.527238159777134,0.6351190476190476,43.807870370370374,1024.768518518519,29.279100529100543,0
4889,4,0,0,37,0.0,0.0,1.0,37,700,400,300,0.5714285714285714,10,4,6,368.51254821752525,0.39786661661661665,0.13701780883205217,0.20042183966803284,128429.74044568211,2065.594183710733,130495.33462939285,1762,3,462.13513513513516,36,1,16,37.25511980150355,0.6044560185185186,46.593468468468465,1013.6261261261257,28.156281281281267,8
4890,4,2,0,39,0.05128205128205128,0.0,1.0,39,900,800,100,0.8888888888888888,10,8,2,362.0158797786914,0.4048582995951417,0.15051592834312744,0.19576721628681748,128201.54772593554,1499.8076201201402,129701.35534605567,1763,0,439.38461538461536,36,3,16,37.653128359094126,0.6021412037037037,46.8186936936937,1012.7252252252265,28.131256256256293,8
4891,4,0,0,39,0.0,0.0,1.0,39,1550,1200,350,0.7741935483870968,19,12,7,364.1584108241826,0.40516756635177686,0.15503743413046522,0.19748844015582726,128315.61872260788,1545.4423595893336,129861.06108219721,1764,1,440.38461538461536,36,3,16,37.48216998258679,0.6032986111111112,46.70608108108109,1013.1756756756768,28.143768768768798,0
4892,4,0,1,38,0.0,0.02564102564102564,0.9743589743589743,39,1000,700,300,0.7,13,7,6,365.68448368734346,0.4047739541160594,0.1559035911114155,0.19845771919292626,128344.1443977762,1586.6924356789323,129930.83683345513,1765,2,441.38461538461536,36,3,16,37.41433281469958,0.603587962962963,46.67792792792793,1013.2882882882886,28.146896896896905,0
4893,4,1,1,38,0.02564102564102564,0.02564102564102564,0.9743589743589743,39,1000,800,200,0.8,12,8,4,370.5291995669602,0.40761358524516417,0.17485545430477156,0.20238668893266296,128601.01814229778,1730.0864631523496,130331.10460545012,1766,0,441.87179487179486,36,3,15,37.028838681025874,0.6061921296296297,46.42454954954955,1014.3018018018024,28.175050050050068,0
4894,4,0,0,38,0.0,0.0,1.0,38,1450,1200,250,0.8275862068965517,17,12,5,374.899754313976,0.407479848269322,0.16035609382938087,0.2056586418522134,128772.40997331795,2055.3489722831005,130827.75894560105,1767,1,413.63157894736844,36,2,15,36.7427604571175,0.6079282407407407,46.255630630630634,1014.9774774774778,28.193818818818826,0
4895,4,0,0,38,0.0,0.0,1.0,38,750,400,350,0.5333333333333333,11,4,7,334.1848530574199,0.4073316737790422,0.14748020897497316,0.17971199440640268,127978.05574792236,978.7782903673574,128956.83403828971,1768,2,414.63157894736844,37,1,15,38.58591605259353,0.597972972972973,47.03947368421052,1011.8421052631572,27.347083926031278,8
4896,4,0,0,38,0.0,0.0,1.0,38,1300,1000,300,0.7692307692307693,16,10,6,336.0689084327603,0.40742057847321006,0.1448337170340317,0.18172906547335888,128200.0471298859,1016.8099799938204,129216.85710987973,1769,3,415.63157894736844,37,1,15,38.31158871084163,0.6002252252252251,46.82017543859648,1012.7192982456123,27.37079184447601,0
4897,4,0,0,38,0.0,0.0,1.0,38,1250,800,450,0.64,17,8,9,338.953436559133,0.40756875296348977,0.14561099784735587,0.18405450415273236,128366.66690712518,1102.0645775623152,129468.7314846875,1770,4,416.63157894736844,37,1,16,38.068509702084675,0.6019144144144144,46.65570175438596,1013.3771929824554,27.388572783309606,0
4898,4,1,0,39,0.02564102564102564,0.0,1.0,39,950,700,250,0.7368421052631579,12,7,5,332.09750161144734,0.4118870895186684,0.14373442818542337,0.18203082330104658,128740.17373666806,750.8580109942208,129491.03174766229,1771,0,406.9230769230769,38,1,15,37.8616608765835,0.6038925438596492,46.28739316239316,1014.8504273504268,26.706590193432284,0
4899,4,1,1,39,0.025,0.025,0.975,40,1200,1100,100,0.9166666666666666,13,11,2,328.76987999950626,0.41262019230769226,0.15544592516658184,0.1817082254614833,129069.04432508661,486.8028428819254,129555.84716796853,1772,0,397.725,39,1,16,37.61158807449172,0.6055021367521367,45.96354166666666,1016.1458333333318,26.055021367521327,0
4900,4,2,1,40,0.04878048780487805,0.024390243902439025,0.975609756097561,41,900,700,200,0.7777777777777778,11,7,4,324.30824556973823,0.414405487804878,0.17039319070175218,0.181145960924759,129485.67450137156,198.6543847908015,129684.32888616236,1773,0,388.609756097561,40,1,15,37.30196372108504,0.6080729166666667,45.55386178861789,1017.7845528455287,25.444613821138216,0
4901,4,0,1,39,0.0,0.025,0.975,40,550,400,150,0.7272727272727273,7,4,3,326.78591482557175,0.41344818376068376,0.16732620047097346,0.18207176440966125,129386.78521050359,456.35579427084303,129843.14100477443,1774,1,399.325,39,1,17,37.339275963277686,0.6087072649572649,45.65104166666667,1017.3958333333343,26.087072649572672,0
4902,4,0,1,38,0.0,0.02564102564102564,0.9743589743589743,39,1150,600,550,0.5217391304347826,17,6,11,334.8329944504203,0.40955353126405764,0.16677168662045827,0.186449109541339,129364.36760355011,863.0917159763095,130227.45931952642,1775,2,410.28205128205127,38,1,18,37.157372400756145,0.6101973684210527,45.67307692307691,1017.3076923076908,26.771255060728706,0
4903,4,3,1,40,0.07317073170731707,0.024390243902439025,0.975609756097561,41,950,700,250,0.7368421052631579,12,7,5,326.03790165686485,0.419994918699187,0.17124206515082263,0.18465668064493782,130029.26911891077,278.89401150109734,130308.16313041186,1776,0,375.4146341463415,40,1,17,36.707021389663865,0.6135416666666667,45.020325203252035,1019.9186991869925,25.497967479674813,0
4904,4,1,1,40,0.024390243902439025,0.024390243902439025,0.975609756097561,41,1100,800,300,0.7272727272727273,14,8,6,326.1277710663425,0.4189024390243902,0.18017160356807227,0.1855694733608656,130210.72035701304,293.06639979509805,130503.78675680814,1777,0,376.390243902439,40,1,19,36.52108433734941,0.6153645833333333,44.84247967479675,1020.6300813008131,25.51575203252033,0
4905,4,0,0,40,0.0,0.0,1.0,40,900,500,400,0.5555555555555556,13,5,8,333.9699156860613,0.41473023504273504,0.18638335885655954,0.18963683038521578,130129.6997070314,691.8809678819587,130821.58067491335,1778,1,386.65,39,1,20,36.403033010039124,0.6161858974358974,44.92187500000001,1020.3125000000011,26.161858974359003,0
4906,4,0,0,40,0.0,0.0,1.0,40,1150,1000,150,0.8695652173913043,13,10,3,335.4561513644512,0.41471688034188037,0.19460824321567038,0.19139355038849556,130315.76063368072,743.044704861129,131058.80533854185,1779,2,387.65,39,1,20,36.17671563626472,0.6180555555555556,44.73958333333334,1021.041666666668,26.18055555555559,0
4907,4,0,0,40,0.0,0.0,1.0,40,900,600,300,0.6666666666666666,12,6,6,337.15620762792156,0.41481036324786325,0.19686065490156057,0.19249518365617474,130342.35161675369,789.1465928819689,131131.49820963567,1780,3,388.65,39,1,20,36.10640025162365,0.6183226495726496,44.71354166666668,1021.1458333333351,26.18322649572654,0
4908,4,0,0,40,0.0,0.0,1.0,40,1650,1100,550,0.6666666666666666,22,11,11,338.86510063363363,0.4143696581196581,0.1920065252854808,0.1941348660639418,130475.34722222241,842.7083333333519,131318.05555555577,1781,4,389.65,39,1,20,35.9281538879826,0.6196581196581197,44.58333333333334,1021.6666666666681,26.196581196581235,0
4909,4,0,0,40,0.0,0.0,1.0,40,1050,600,450,0.5714285714285714,15,6,9,340.45134834115447,0.41439636752136755,0.19223575578432395,0.1954457682021692,130555.17713758699,889.5372178819637,131444.71435546895,1782,5,390.65,39,1,17,35.806853701627425,0.6204594017094017,44.50520833333334,1021.9791666666681,26.204594017094053,0
4910,4,0,0,40,0.0,0.0,1.0,40,1050,700,350,0.6666666666666666,14,7,7,341.14919074956333,0.41491720085470085,0.19676039119804356,0.19652115354446714,130688.28125000029,916.8402777778072,131605.1215277781,1783,6,391.65,39,1,17,35.65437381146428,0.6217948717948718,44.375000000000014,1022.5000000000023,26.217948717948776,0
4911,4,1,0,41,0.024390243902439025,0.0,1.0,41,700,400,300,0.5714285714285714,10,4,6,340.33701943829465,0.41806402439024387,0.20973770079106036,0.19799282955313308,131067.83743142347,721.447427126748,131789.2848585502,1784,0,383.0731707317073,40,1,18,35.29157569141194,0.6239583333333334,44.004065040650424,1023.9837398374013,25.599593495935032,0
4912,4,1,1,41,0.023809523809523808,0.023809523809523808,0.9761904761904762,42,1300,900,400,0.6923076923076923,17,9,8,340.2019373798299,0.4199574138598529,0.2153110279252879,0.20009726854491067,131488.33007812497,547.033319442379,132035.36339756736,1785,0,374.92857142857144,39,3,19,34.87075969937032,0.6298076923076923,43.59375,1025.6249999999998,26.298076923076916,0
4913,4,0,0,41,0.0,0.0,1.0,41,1000,500,500,0.5,15,5,10,345.2124320039288,0.4160060975609756,0.2187829524925109,0.2029206451197617,131465.04635336742,876.6736750310245,132341.72002839844,1786,1,384.8536585365854,38,3,19,34.76577421259159,0.6313048245614035,43.61645299145298,1025.5341880341862,26.98774179037332,0
4914,4,0,0,41,0.0,0.0,1.0,41,950,400,550,0.42105263157894735,15,4,11,340.9772855854462,0.4151422764227642,0.21170213576550023,0.20100705177882344,131574.63480029555,772.7923652202097,132347.42716551575,1787,2,385.8536585365854,38,3,16,34.76387587212328,0.6324013157894737,43.509615384615365,1025.9615384615358,26.99898785425094,0
4915,4,0,0,41,0.0,0.0,1.0,41,1150,900,250,0.782608695652174,14,9,5,341.61956167987665,0.41476117886178865,0.21983139380952532,0.20248611061205918,131782.29302300338,803.881835937495,132586.17485894088,1788,3,386.8536585365854,39,2,16,34.53816661594129,0.6327457264957265,43.307291666666664,1026.7708333333328,26.32745726495725,0
4916,4,0,0,41,0.0,0.0,1.0,41,950,600,350,0.631578947368421,13,6,7,342.7245965455451,0.4149136178861788,0.21971752935908495,0.20342695950286138,131835.77609592007,836.6726345486009,132672.44873046866,1789,4,387.8536585365854,39,2,16,34.45593281942049,0.6332799145299146,43.25520833333333,1026.979166666666,26.33279914529913,0
4917,4,0,0,41,0.0,0.0,1.0,41,800,700,100,0.875,9,7,2,342.0140547546404,0.41519308943089434,0.22043715468588454,0.2034344154397024,131916.0210503473,823.4266493055599,132739.44769965287,1790,5,388.8536585365854,39,2,16,34.393378625025335,0.6340811965811965,43.177083333333336,1027.2916666666672,26.34081196581198,0
4918,4,0,0,41,0.0,0.0,1.0,41,1200,900,300,0.75,15,9,6,341.6875301456483,0.41504065040650406,0.22121058599310017,0.20344292872629574,131953.86860499688,817.3982913609476,132771.26689635782,1791,6,389.8536585365854,40,1,16,34.363666336960115,0.6328125,43.14024390243902,1027.4390243902428,25.68597560975607,0
4919,4,0,0,41,0.0,0.0,1.0,41,1250,700,550,0.56,18,7,11,356.96908286146777,0.41501524390243905,0.2184968399105185,0.19180683256144887,127945.07345183015,953.350918224518,128898.42437005466,1792,7,390.8536585365854,36,5,18,38.04332702582369,0.599537037037037,47.07207207207207,1011.7117117117112,28.10310310310309,8
4920,4,1,0,42,0.023809523809523808,0.0,1.0,42,1350,900,450,0.6666666666666666,18,9,9,352.60802346617504,0.4192799070847852,0.2189529684389182,0.19124725138927443,128320.3727816355,649.669302607753,128970.04208424325,1793,0,382.5238095238095,35,7,19,37.76987662782727,0.6053571428571429,46.70138888888887,1013.1944444444418,28.948412698412625,0
4921,4,0,1,41,0.0,0.023809523809523808,0.9761904761904762,42,1050,700,350,0.6666666666666666,14,7,7,351.1285402468134,0.4189290553619822,0.21554743414039934,0.1907246587097454,128379.01341735241,615.5071159121954,128994.52053326461,1794,1,383.5238095238095,35,7,15,37.747449368052386,0.605952380952381,46.64351851851851,1013.4259259259248,28.955026455026424,0
4922,4,0,0,41,0.0,0.0,1.0,41,850,500,350,0.5882352941176471,12,5,7,339.4729738877445,0.4188770325203252,0.12330897337712066,0.17361723405962765,125936.57687057131,350.41285429908055,126286.9897248704,1795,2,381.5853658536585,38,3,19,40.546611672875656,0.5753837719298245,49.065170940170944,1003.7393162393167,26.414192532613598,8
4923,4,3,3,41,0.06818181818181818,0.06818181818181818,0.9318181818181819,44,1150,800,350,0.6956521739130435,15,8,7,323.77918925812236,0.42408826638477803,0.15226836855483294,0.1687364770110582,126708.03098560705,-594.8696339004837,126113.16135170657,1796,0,356.5,40,4,16,40.14816964435921,0.5799479166666667,48.297764227642276,1006.8089430894305,25.170223577235763,0
4924,4,1,0,42,0.023809523809523808,0.0,1.0,42,850,600,250,0.7058823529411765,11,6,5,338.5645478988417,0.420695412311266,0.15983793134844793,0.17531609757534078,126446.46819526624,162.05826758711132,126608.52646285335,1797,0,374.3809523809524,38,4,17,40.044747185043555,0.580592105263158,48.55769230769231,1005.7692307692305,26.46761133603238,0
4925,4,0,1,41,0.0,0.023809523809523808,0.9761904761904762,42,1150,700,450,0.6086956521739131,16,7,9,340.0625096606969,0.4201751838946961,0.1600755151864377,0.17690385994000155,126634.58256857705,212.73479162101967,126847.31736019807,1798,1,375.3809523809524,38,4,19,39.81375827053037,0.5825109649122807,48.3707264957265,1006.5170940170948,26.487291947818285,0
4926,4,3,1,43,0.06818181818181818,0.022727272727272728,0.9772727272727273,44,1050,800,250,0.7619047619047619,13,8,5,329.51334998511015,0.4274356941508104,0.17819471445344837,0.17427676953859736,127307.56104353849,-408.4424537950272,126899.11858974346,1799,0,358.65909090909093,38,6,22,39.389468205236774,0.5893640350877193,47.70299145299145,1009.1880341880333,26.557579847053507,0
4927,4,2,2,43,0.044444444444444446,0.044444444444444446,0.9555555555555556,45,1050,700,350,0.6666666666666666,14,7,7,317.273974546102,0.4291666666666667,0.19797979797979792,0.1703655986543762,127918.6264349491,-882.949794501122,127035.67664044797,1800,0,351.15555555555557,41,4,17,39.07429881337648,0.5907012195121951,47.09821428571429,1011.6071428571437,24.673344947735213,0
4928,4,1,0,44,0.022727272727272728,0.0,1.0,44,1100,800,300,0.7272727272727273,14,8,6,325.08654079775846,0.42776603241719524,0.20525796550716158,0.17431364515190162,127861.72251966437,-486.774985127883,127374.94753453649,1801,0,360.0681818181818,40,4,18,38.93480372454448,0.5916666666666667,47.154471544715456,1011.3821138211395,25.284552845528488,0
4929,4,1,1,44,0.022222222222222223,0.022222222222222223,0.9777777777777777,45,1200,800,400,0.6666666666666666,16,8,8,319.3816329190835,0.42996632996632994,0.2067875224563127,0.17235798857425932,128119.42087309448,-816.2020305807631,127303.21884251371,1802,0,353.0444444444444,41,4,19,38.816246121182445,0.5927337398373984,46.89980158730158,1012.4007936507926,24.692702284165673,0
4930,4,1,0,45,0.022222222222222223,0.0,1.0,45,1050,800,250,0.7619047619047619,13,8,5,319.76048166422146,0.4314604377104377,0.20611836767344305,0.17301230735788697,128223.6450195314,-799.8241806126248,127423.82083891876,1803,0,353.9111111111111,39,6,20,38.70043967911138,0.5969551282051282,46.79687500000001,1012.8125000000011,25.96955128205131,0
4931,4,0,0,45,0.0,0.0,1.0,45,1300,1100,200,0.8461538461538461,15,11,4,325.3256265664974,0.4314604377104377,0.20902456573131878,0.176722111717781,128381.94580078137,-646.8126085069307,127735.13319227443,1804,1,354.9111111111111,39,6,14,38.39819525816289,0.5985576923076923,46.64062500000001,1013.4375000000009,25.985576923076945,0
4932,4,1,1,45,0.021739130434782608,0.021739130434782608,0.9782608695652174,46,950,600,350,0.631578947368421,13,6,7,317.7860487838566,0.4331723027375201,0.21868982900279255,0.1741099889132335,128722.74900990492,-1018.7412407092424,127704.00776919567,1805,0,348.17391304347825,41,5,16,38.24247645582819,0.5988313008130082,46.304563492063494,1014.7817460317463,24.750774293457226,0
4933,4,0,2,43,0.0,0.044444444444444446,0.9555555555555556,45,1200,900,300,0.75,15,9,6,322.33410371556016,0.4301978114478115,0.2112958141397956,0.17666456419887958,128736.86814230958,-700.7433984400698,128036.12474386951,1806,1,356.8666666666667,40,5,16,38.11273282595635,0.6005208333333334,46.29065040650407,1014.8373983739847,25.37093495934962,0
4934,4,1,1,43,0.022727272727272728,0.022727272727272728,0.9772727272727273,44,750,300,450,0.4,12,3,9,329.637473757874,0.42815142706131076,0.21876691364476186,0.18061463832110303,128725.26584201407,-313.4657118055379,128411.80013020853,1807,0,365.3636363636364,39,5,17,37.93924929856978,0.6020299145299146,46.30208333333334,1014.7916666666681,26.020299145299184,0
4935,4,0,0,43,0.0,0.0,1.0,43,1600,1400,200,0.875,18,14,4,336.0980710725777,0.4255952380952381,0.220008082589368,0.18372200258112384,128631.77237426018,46.578114727133766,128678.35048898731,1808,1,374.72093023255815,38,5,17,37.87058978409688,0.602796052631579,46.39423076923076,1014.4230769230755,26.69534412955462,0
4936,4,0,1,42,0.0,0.023255813953488372,0.9767441860465116,43,1550,1100,450,0.7096774193548387,20,11,9,335.7066008627181,0.4259413067552602,0.2166882307725364,0.18394002843670398,128725.26584201379,42.78428819443445,128768.05013020823,1809,2,375.72093023255815,39,4,18,37.78527680832137,0.6020299145299146,46.30208333333333,1014.7916666666658,26.020299145299123,0
4937,4,1,0,43,0.023255813953488372,0.0,1.0,43,1200,1000,200,0.8333333333333334,14,10,4,336.1857421055871,0.424718530823182,0.22429237516643719,0.18469370025710535,128830.99500868037,62.2287326388701,128893.22374131925,1810,0,376.48837209302326,39,4,19,37.665452493330584,0.6030982905982907,46.19791666666666,1015.2083333333319,26.03098290598287,0
4938,4,1,0,44,0.022727272727272728,0.0,1.0,44,1400,1100,300,0.7857142857142857,17,11,6,332.31925900362836,0.4270392882311487,0.22562760175237728,0.1840452507505144,129149.73416121352,-216.21120860599092,128933.52295260753,1811,0,368.90909090909093,40,4,20,37.439387122575475,0.6046875,45.88414634146341,1016.4634146341459,25.411585365853647,0
4939,4,0,0,44,0.0,0.0,1.0,44,1350,900,450,0.6666666666666666,18,9,9,330.17113247744965,0.427127378435518,0.22415272099840244,0.18322423168542123,129229.25954380185,-266.41482189859977,128962.84472190325,1812,1,369.90909090909093,37,7,20,37.413166361120105,0.6106418918918919,45.805921052631575,1016.7763157894728,27.48044096728305,0
4940,4,2,1,45,0.043478260869565216,0.021739130434782608,0.9782608695652174,46,1650,1400,250,0.8484848484848485,19,14,5,316.40674601113875,0.43161231884057966,0.23198813519631534,0.17801874497798423,129770.27253123143,-987.9620678828753,128782.31046334855,1813,0,354.7826086956522,40,6,17,37.214700113039406,0.6109375,45.27439024390244,1018.9024390243904,25.47256097560976,0
4941,4,0,0,45,0.0,0.0,1.0,45,1450,1100,350,0.7586206896551724,18,11,7,321.4690470514927,0.42996632996632994,0.22867530106793899,0.1806877747220459,129731.4453125,-659.0711805555554,129072.37413194444,1814,1,363.6666666666667,39,6,17,37.12508520790728,0.6121794871794872,45.3125,1018.75,26.121794871794872,0
4942,4,0,0,45,0.0,0.0,1.0,45,1300,800,500,0.6153846153846154,18,8,10,337.2090063866643,0.43017676767676766,0.168364963674988,0.18087012257578225,127874.24123612039,-310.8266673971638,127563.41456872322,1815,2,364.6666666666667,38,7,15,38.61549769374318,0.5951206140350878,47.142094017094024,1011.4316239316252,26.61662168241119,8
4943,4,0,1,44,0.0,0.022222222222222223,0.9777777777777777,45,1250,900,350,0.72,16,9,7,338.5144439897457,0.42996632996632994,0.17695647072626985,0.18193710468688395,127955.29827781445,-337.05666958870427,127618.24160822574,1816,3,365.6666666666667,38,7,17,38.499648011263645,0.5959429824561404,47.06196581196582,1011.752136752138,26.62505623031942,0
4944,4,1,1,44,0.022222222222222223,0.022222222222222223,0.9777777777777777,45,1100,800,300,0.7272727272727273,14,8,6,344.87134062749163,0.4289983164983165,0.19214667244117223,0.18648897552901134,128200.04712988617,-157.35575070233094,128042.69137918383,1817,0,366.5777777777778,37,8,18,38.088728886964056,0.6002252252252251,46.82017543859649,1012.7192982456144,27.370791844476063,0
4945,4,0,0,44,0.0,0.0,1.0,44,850,600,250,0.7058823529411765,11,6,5,354.6836017147705,0.4267419837914024,0.2028318100938209,0.19166556169586652,128173.03790276771,292.17494521549503,128465.2128479832,1818,1,375.77272727272725,36,8,18,37.867919632265725,0.6018518518518519,46.84684684684685,1012.6126126126132,28.128128128128147,0
4946,4,1,0,45,0.022222222222222223,0.0,1.0,45,1450,1000,450,0.6896551724137931,19,10,9,346.3625063231036,0.42744107744107745,0.21518874836354063,0.1892616388656248,128616.79945992985,-90.39259676054968,128526.40686316931,1819,0,368.4,37,8,16,37.625549490145225,0.6044481981981982,46.40899122807017,1014.3640350877183,27.415244191559953,0
4947,4,1,0,46,0.021739130434782608,0.0,1.0,46,1200,900,300,0.75,15,9,6,342.5571819679532,0.4281702898550725,0.23676821251086388,0.18932834618115513,129069.0443250869,-357.294379340267,128711.74994574663,1820,0,361.3695652173913,39,7,18,37.261340338288065,0.6055021367521367,45.96354166666667,1016.1458333333342,26.055021367521388,0
4948,4,3,5,44,0.061224489795918366,0.10204081632653061,0.8979591836734694,49,1250,900,350,0.72,16,9,7,330.1480624909613,0.4319550736961451,0.24736371089374076,0.18594349426304402,129811.04736328126,-1228.4233940972222,128582.62396918405,1821,0,340.18367346938777,39,10,16,36.823337251695115,0.6129807692307692,45.234375,1019.0625000000001,26.129807692307697,0
4949,4,1,0,45,0.022222222222222223,0.0,1.0,45,1000,600,400,0.6,14,6,8,354.5852337826514,0.42836700336700334,0.25401323395567377,0.19749217028313656,129373.18019032561,174.7638685983484,129547.94405892397,1822,0,368.64444444444445,36,9,20,36.64605010700318,0.6140046296296297,45.66441441441442,1017.3423423423435,28.25950950950954,0
4950,4,0,0,45,0.0,0.0,1.0,45,1000,600,400,0.6,14,6,8,353.07285906832806,0.4283880471380472,0.2502072188403117,0.19679292299089138,129401.82317029893,137.65433507835016,129539.47750537728,1823,1,369.64444444444445,36,9,20,36.655368013281674,0.6142939814814814,45.636261261261275,1017.454954954957,28.262637637637695,0
4951,4,0,0,45,0.0,0.0,1.0,45,750,700,50,0.9333333333333333,8,7,1,353.5638568151277,0.42836700336700334,0.25368157001623093,0.1972100623568826,129430.46932067221,152.38718448180455,129582.85650515402,1824,2,370.64444444444445,36,9,16,36.61373026412868,0.6145833333333333,45.60810810810812,1017.5675675675692,28.26576576576581,0
4952,4,1,1,45,0.021739130434782608,0.021739130434782608,0.9782608695652174,46,1150,700,450,0.6086956521739131,16,7,9,347.8662604412592,0.43044484702093394,0.2587014991697263,0.1960834985325353,129843.17440222001,-166.38809537548917,129676.78630684453,1825,0,363.5652173913044,37,9,17,36.3393177335485,0.6168355855855856,45.202850877192986,1019.1885964912289,27.545637743006186,0
4953,4,1,0,46,0.021739130434782608,0.0,1.0,46,1400,900,500,0.6428571428571429,19,9,10,349.39618615493373,0.43131038647342995,0.26501725476259486,0.1973685139045306,129927.00277970145,-120.80015004616706,129806.20262965528,1826,0,364.4782608695652,37,9,18,36.21522549652255,0.6176801801801801,45.12061403508772,1019.5175438596492,27.55452821242295,0
4954,4,0,0,46,0.0,0.0,1.0,46,1400,1000,400,0.7142857142857143,18,10,8,354.14804461184724,0.4307266505636071,0.2715478770878488,0.20079605284761973,130071.79578493678,12.93442727737289,130084.73021221416,1827,1,365.4782608695652,38,8,20,35.94710061443932,0.6173245614035088,44.97863247863248,1020.0854700854699,26.844354475933418,0
4955,4,0,1,45,0.0,0.021739130434782608,0.9782608695652174,46,1400,1100,300,0.7857142857142857,17,11,6,352.0724369627119,0.4302938808373591,0.26542333161716347,0.2000522965479542,130156.27170138908,-35.112847222202845,130121.15885416688,1828,2,366.4782608695652,39,7,20,35.91431876956581,0.6164529914529915,44.89583333333334,1020.4166666666682,26.164529914529954,0
4956,4,0,0,45,0.0,0.0,1.0,45,1500,1000,500,0.6666666666666666,20,10,10,356.5389055843621,0.4285563973063973,0.25802352776905146,0.2022929298529454,130099.04308431942,277.074087771194,130376.11717209061,1829,3,375.3777777777778,38,7,20,35.8584668551681,0.6175986842105263,44.95192307692307,1020.1923076923068,26.847165991902813,0
4957,4,0,1,44,0.0,0.022222222222222223,0.9777777777777777,45,1350,900,450,0.6666666666666666,18,9,9,356.4973060482004,0.4282828282828283,0.25663001171447,0.20327490217525357,130292.1264815885,290.06660339986513,130582.19308498836,1830,4,376.3777777777778,35,10,21,35.66359161848619,0.625297619047619,44.762731481481474,1020.9490740740728,29.16997354497351,0
4958,4,0,0,44,0.0,0.0,1.0,44,1150,600,550,0.5217391304347826,17,6,11,361.82720942146807,0.42472692036645526,0.2679169543754063,0.20631401514588016,130292.12648158852,628.6473068844147,130920.77378847294,1831,5,385.40909090909093,35,9,21,35.52755262064014,0.625297619047619,44.762731481481474,1020.949074074073,29.169973544973516,0
4959,4,0,0,44,0.0,0.0,1.0,44,1300,900,400,0.6923076923076923,17,9,8,361.49565771076203,0.4251783826638478,0.27355891531149346,0.20706827843042772,130469.43486636208,632.8268336333803,131102.26169999546,1832,6,386.40909090909093,35,9,21,35.356127978550674,0.6270833333333333,44.58912037037036,1021.6435185185167,29.189814814814763,0
4960,4,0,0,44,0.0,0.0,1.0,44,1300,1000,300,0.7692307692307693,16,10,6,363.7833766540647,0.4241433227625088,0.2714920948616606,0.20917544157608678,130617.283950617,703.2793209876208,131320.56327160462,1833,7,387.40909090909093,35,9,17,35.14775815217393,0.6285714285714286,44.44444444444443,1022.2222222222199,29.20634920634914,0
4961,4,2,0,46,0.043478260869565216,0.0,1.0,46,1100,700,400,0.6363636363636364,15,7,8,347.57934885768304,0.42722423510466984,0.27473402027310057,0.20268953040127796,131159.59357686967,-82.32677362266824,131077.266803247,1834,0,371.5217391304348,37,9,20,35.013469635338616,0.6300675675675675,43.91447368421052,1024.3421052631568,27.684921763869102,0
4962,4,0,0,46,0.0,0.0,1.0,46,1450,1200,250,0.8275862068965517,17,12,5,347.1528711261363,0.4273450080515298,0.2715881812960521,0.20348993908432755,131357.78523930465,-79.53712913861727,131278.24811016602,1835,1,372.5217391304348,35,11,21,34.82426799894624,0.6360119047619048,43.72106481481482,1025.1157407407404,29.289021164021154,0
4963,4,0,0,46,0.0,0.0,1.0,46,1250,500,750,0.4,20,5,15,343.8217464864865,0.4271638486312399,0.2659964116722906,0.20227098217827624,131496.76462950127,-157.7105455524961,131339.05408394878,1836,2,373.5217391304348,37,9,21,34.76943909913761,0.6334459459459459,43.585526315789465,1025.6578947368412,27.720483641536248,0
4964,4,0,0,46,0.0,0.0,1.0,46,900,500,400,0.5555555555555556,13,5,8,343.8217464864865,0.42725442834138483,0.2659964116722906,0.20227098217827624,131496.76462950127,-157.7105455524961,131339.05408394878,1837,3,374.5217391304348,37,9,21,34.76943909913761,0.6334459459459459,43.585526315789465,1025.6578947368412,27.720483641536248,0
4965,4,0,0,46,0.0,0.0,1.0,46,1350,900,450,0.6666666666666666,18,9,9,343.9413032361754,0.4277475845410628,0.26264399851356446,0.20323804282137609,131665.51246537373,-142.95841028010602,131522.5540550936,1838,4,375.5217391304348,37,9,16,34.596242877492884,0.6351351351351351,43.42105263157894,1026.3157894736823,27.738264580369794,0
4966,4,0,1,45,0.0,0.021739130434782608,0.9782608695652174,46,1450,1300,150,0.896551724137931,16,13,3,343.6312632745262,0.427475845410628,0.2631467768518305,0.20380663588131315,131806.2183195789,-141.4525382810335,131664.76578129787,1839,5,376.5217391304348,37,9,18,34.46242658836091,0.6365427927927928,43.283991228070164,1026.8640350877176,27.753082029397774,0
4967,4,0,0,45,0.0,0.0,1.0,45,1400,1000,400,0.7142857142857143,18,10,8,347.7951221844285,0.42849326599326604,0.2633252646067685,0.2061236407680368,131778.07113727275,166.35407048319854,131944.42520775596,1783,6,345.02222222222224,37,8,18,34.38389933077032,0.6362612612612613,43.31140350877192,1026.7543859649104,27.750118539592172,0
4968,4,0,2,43,0.0,0.044444444444444446,0.9555555555555556,45,1150,700,450,0.6086956521739131,16,7,9,346.64533470916575,0.42817760942760946,0.2574163019888287,0.20620445338985186,131918.83710612854,145.80988861954387,132064.6469947481,1784,7,346.02222222222224,37,8,20,34.27160049098089,0.6376689189189189,43.17434210526314,1027.3026315789452,27.76493598862014,0
4969,4,1,0,44,0.022727272727272728,0.0,1.0,44,1200,1000,200,0.8333333333333334,14,10,4,352.62916390054096,0.4270282769556026,0.26539417234484564,0.2092981463303206,131834.36850761742,497.7286280393605,132332.09713565678,1785,0,354.54545454545456,37,7,21,34.20305715709301,0.6368243243243243,43.2565789473684,1026.9736842105237,27.756045519203344,0
4970,4,0,0,44,0.0,0.0,1.0,44,1050,700,350,0.6666666666666666,14,7,7,352.2943250433972,0.42730355884425647,0.26555645893208335,0.20963256371394198,131931.11257213802,495.7164511651465,132426.82902330317,1786,1,355.54545454545456,38,6,21,34.11415002773154,0.6359649122807017,43.16239316239315,1027.3504273504257,27.035537561853307,0
4971,4,0,1,43,0.0,0.022727272727272728,0.9772727272727273,44,1400,1100,300,0.7857142857142857,17,11,6,352.7984388518802,0.4274136715997181,0.21963214575878576,0.19886034189946827,129842.52467550035,370.596791420729,130213.12146692107,1787,2,356.54545454545456,42,2,18,36.21430721936997,0.6086309523809523,45.20348837209303,1019.1860465116285,24.26633444075306,8
4972,4,1,1,43,0.022727272727272728,0.022727272727272728,0.9772727272727273,44,1200,900,300,0.75,15,9,6,367.6023695142515,0.42823951726568005,0.25782821090425734,0.2091818345809621,130213.13252095718,773.3312113154138,130986.46373227259,1788,0,357.1136363636364,42,2,19,35.46037849299028,0.6123511904761905,44.84011627906976,1020.6395348837202,24.30094130675524,0
4973,4,0,0,43,0.0,0.0,1.0,43,1200,800,400,0.6666666666666666,16,8,8,371.3623082895355,0.42725636766334446,0.2688523997251262,0.2113150125930718,130211.9551524312,1071.162446460054,131283.11759889126,1789,1,365.6046511627907,41,2,19,35.365636340072584,0.6138211382113821,44.841269841269835,1020.6349206349195,24.893534649632183,0
4974,4,1,0,44,0.022727272727272728,0.0,1.0,44,1300,1100,200,0.8461538461538461,15,11,4,362.9975671423899,0.42935165609584214,0.2747050812153258,0.20882711752335975,130636.47050766986,684.203246268886,131320.67375393875,1790,0,358.27272727272725,36,8,18,35.1483898802967,0.6267361111111112,44.42567567567568,1022.2972972972975,28.39714714714715,0
4975,4,0,0,44,0.0,0.0,1.0,44,1300,800,500,0.6153846153846154,18,8,10,366.7537370906683,0.4287130021141649,0.27787004982690666,0.21224996529973314,130866.81909950484,799.178993182364,131665.9980926872,1791,1,359.27272727272725,36,8,19,34.81890637610977,0.6290509259259259,44.20045045045045,1023.1981981981976,28.422172172172154,0
4976,4,0,0,44,0.0,0.0,1.0,44,1300,800,500,0.6153846153846154,18,8,10,383.5136319171197,0.4285918780831572,0.3412674776639244,0.20917869505836809,128543.91289515843,1136.7093022075874,129680.62219736601,1792,2,360.27272727272725,36,8,17,36.75805108273181,0.6056134259259259,46.48085585585584,1014.0765765765747,28.16879379379374,8
4977,4,0,0,44,0.0,0.0,1.0,44,1100,900,200,0.8181818181818182,13,9,4,381.373619655183,0.42818446088794926,0.3425891357102864,0.2086842165978358,128672.41753472204,1014.4531249999806,129686.87065972203,1793,3,361.27272727272725,37,7,17,36.68078370978782,0.6050112612612613,46.35416666666666,1014.5833333333319,27.42117117117113,0
4978,4,1,0,45,0.022222222222222223,0.0,1.0,45,1600,1100,500,0.6875,21,11,10,373.31526704486146,0.4298821548821549,0.3423844077540581,0.20602756090131058,129011.37689248644,632.3833232887496,129643.7602157752,1794,0,354.22222222222223,38,7,18,36.5388491604445,0.6066337719298245,46.020299145299134,1015.9188034188016,26.73470535312636,0
4979,4,0,0,45,0.0,0.0,1.0,45,1500,900,600,0.6,21,9,12,375.82490639949515,0.4297558922558922,0.34121110176619096,0.2078399133530227,129092.79348381881,703.2574055810865,129796.05088939989,1795,1,355.22222222222223,38,7,19,36.39196979254275,0.6074561403508771,45.94017094017092,1016.2393162393137,26.74313990103457,0
4980,4,2,2,45,0.0425531914893617,0.0425531914893617,0.9574468085106383,47,950,700,250,0.7368421052631579,12,7,5,360.6997812639829,0.4337997224791859,0.32955006358917993,0.20187447070741887,129563.94184989603,-53.12593171781225,129510.81591817821,1796,0,341.06382978723406,37,10,16,36.2963336923353,0.6140202702702703,45.47697368421052,1018.0921052631571,27.516002844950194,0
4981,4,0,0,45,0.0,0.0,1.0,45,1450,1100,350,0.7586206896551724,18,11,7,372.14949339190787,0.4291877104377104,0.33649810040205086,0.20772791672530394,129459.11864144553,635.629083475372,130094.7477249209,1797,3,357.22222222222223,36,9,17,36.111725867728964,0.6148726851851851,45.57995495495496,1017.6801801801804,28.2688938938939,0
4982,4,1,0,46,0.021739130434782608,0.0,1.0,46,1200,800,400,0.6666666666666666,16,8,8,364.16635281518637,0.43086755233494367,0.32976394307687973,0.20512497473117222,129815.23762119107,254.86832486918337,130070.10594606026,1798,0,350.4347826086956,37,9,18,35.9524065705473,0.6165540540540541,45.23026315789473,1019.0789473684206,27.542674253200556,0
4983,4,1,2,45,0.02127659574468085,0.0425531914893617,0.9574468085106383,47,900,600,300,0.6666666666666666,12,6,6,359.15329315737443,0.43193031144002464,0.3300100722887269,0.20363394555027384,130071.7957849369,-56.85723938928044,130014.93854554761,1799,0,343.9574468085106,38,9,19,35.81945608155285,0.6173245614035088,44.978632478632484,1020.0854700854708,26.844354475933443,0
4984,4,0,1,44,0.0,0.022222222222222223,0.9777777777777777,45,1050,700,350,0.6666666666666666,14,7,7,370.404575300603,0.43154461279461276,0.3314438555162935,0.2096489896201414,130004.05811216631,630.8195864783811,130634.87769864469,1800,1,352.2,36,9,19,35.6013968639576,0.6203703703703703,45.04504504504505,1019.8198198198205,28.328328328328347,0
4985,4,1,0,45,0.022222222222222223,0.0,1.0,45,1150,800,350,0.6956521739130435,15,8,7,367.34693877551,0.4333543771043771,0.3321541950113376,0.20930232558139555,130262.58680555575,570.3125000000246,130832.89930555578,1801,0,347.9111111111111,36,9,20,35.41666666666668,0.622974537037037,44.79166666666668,1020.833333333335,28.356481481481527,0
4986,4,0,0,45,0.0,0.0,1.0,45,1450,1100,350,0.7586206896551724,18,11,7,365.1578322056153,0.4333964646464647,0.3315481973754102,0.2083804874802103,130323.3577806122,517.7189625850285,130841.07674319723,1802,1,348.9111111111111,34,11,20,35.41083712253702,0.6277573529411764,44.732142857142854,1021.0714285714283,30.03151260504201,0
4987,4,0,0,45,0.0,0.0,1.0,45,1050,700,350,0.6666666666666666,14,7,7,365.9646491814324,0.4333964646464647,0.334084434084434,0.2093317793317793,130414.54081632648,545.4223356009011,130959.96315192738,1803,2,349.9111111111111,34,11,20,35.29768842268842,0.6286764705882353,44.64285714285714,1021.428571428571,30.042016806722675,0
4988,4,0,0,45,0.0,0.0,1.0,45,1400,1100,300,0.7857142857142857,17,11,6,368.64029651029716,0.4329124579124579,0.33190465098221944,0.21185713425953204,130597.00255102028,628.663548752822,131225.6660997731,1804,3,350.9111111111111,34,11,17,35.04420956596009,0.6305147058823529,44.46428571428571,1022.1428571428562,30.063025210084007,0
4989,4,0,0,45,0.0,0.0,1.0,45,1200,1000,200,0.8333333333333334,14,10,4,369.2728095336253,0.43284932659932657,0.3316020340825283,0.212387516106178,130627.42524092959,647.4312641723241,131274.85650510192,1805,4,351.9111111111111,34,11,17,34.997185668258226,0.6308210784313726,44.4345238095238,1022.2619047619038,30.066526610644228,0
4990,4,0,2,43,0.0,0.044444444444444446,0.9555555555555556,45,1200,700,500,0.5833333333333334,17,7,10,366.8843279577347,0.43255471380471383,0.3270724232902755,0.2120132501775932,130810.03578514725,598.4304138321836,131408.46619897944,1806,5,352.9111111111111,34,11,17,34.87310407696186,0.6326593137254901,44.25595238095237,1022.9761904761893,30.087535014005567,0
4991,4,0,0,43,0.0,0.0,1.0,43,1150,800,350,0.6956521739130435,15,8,7,375.26155140383634,0.4315014765596161,0.3168313989372542,0.2166781060529207,130778.66934815323,1215.2412700234624,131993.91061817668,1807,6,359.0,32,11,18,34.69067604822449,0.6370442708333333,44.28661616161616,1022.8535353535352,31.964172979797976,0
4992,4,1,1,43,0.022727272727272728,0.022727272727272728,0.9772727272727273,44,1000,700,300,0.7,13,7,6,366.72059543422523,0.43159795630725867,0.3221789223991869,0.2142955400250293,131239.1643759644,825.6209008487556,132064.78527681317,1808,0,351.8181818181818,35,9,19,34.44277363605556,0.6348214285714286,43.83680555555555,1024.652777777777,29.275793650793627,0
4993,4,2,0,45,0.044444444444444446,0.0,1.0,45,1300,800,500,0.6153846153846154,18,8,10,359.17227442663506,0.43385942760942764,0.3261799132766876,0.21201207623612148,131624.87809713633,455.23150827329994,132080.10960540964,1809,0,344.75555555555553,35,10,20,34.24646589969169,0.6386904761904761,43.46064814814814,1026.1574074074063,29.318783068783034,0
4994,4,0,0,45,0.0,0.0,1.0,45,800,500,300,0.625,11,5,6,358.61656979367524,0.43406986531986536,0.32238506827007396,0.2123450583491253,131743.6731074244,449.0928283607491,132192.76593578514,1810,1,345.75555555555553,35,10,20,34.14083051484404,0.6398809523809523,43.3449074074074,1026.620370370369,29.332010582010543,0
4995,4,0,0,45,0.0,0.0,1.0,45,1300,800,500,0.6153846153846154,18,8,10,359.5831781248573,0.43390151515151515,0.3191805352066819,0.21341682538473977,131832.80452942822,480.97176676098024,132313.7762961892,1811,2,346.75555555555553,35,10,20,34.026095082459896,0.6407738095238096,43.258101851851855,1026.967592592593,29.34193121693123,0
4996,4,0,0,45,0.0,0.0,1.0,45,850,700,150,0.8235294117647058,10,7,3,337.3249297830522,0.43383838383838386,0.2628884345445195,0.18987041626129034,129787.30384589483,-233.77070489579592,129553.53314099903,1812,3,347.75555555555553,37,8,16,36.66458176405179,0.6162725225225225,45.257675438596486,1018.9692982456136,27.53971076339496,8
4997,4,0,1,44,0.0,0.022222222222222223,0.9777777777777777,45,1150,700,450,0.6086956521739131,16,7,9,339.65128320894354,0.433270202020202,0.2662364203506511,0.19172665330865474,129899.05698147492,-175.9237217220864,129723.13325975284,1813,4,348.75555555555553,37,8,16,36.491946326772066,0.6173986486486487,45.148026315789465,1019.407894736841,27.55156472261732,0
4998,4,0,0,44,0.0,0.0,1.0,44,1100,800,300,0.7272727272727273,14,8,6,345.0908864753339,0.43207144115574353,0.286892901618929,0.1947482982777259,129889.23890106328,164.71851919487105,130053.95742025814,1814,5,357.59090909090907,36,8,16,36.363280674620704,0.619212962962963,45.15765765765766,1019.3693693693698,28.315815815815828,0
4999,4,0,1,43,0.0,0.022727272727272728,0.9772727272727273,44,850,600,250,0.7058823529411765,11,6,5,357.02320794883997,0.4320494186046511,0.25316289143944437,0.19156406534029163,127888.11404309717,332.3407444606786,128220.45478755786,1815,6,358.59090909090907,36,8,18,38.10027462332072,0.5989583333333333,47.12837837837838,1011.4864864864867,28.09684684684685,7
5000,4,0,0,43,0.0,0.0,1.0,43,1600,1200,400,0.75,20,12,8,363.0396982544302,0.4289405684754522,0.2738521680162751,0.19561196310751638,128056.65569540886,697.9299286265325,128754.58562403539,1816,8,367.7906976744186,35,8,18,37.77551457975984,0.6026785714285714,46.96180555555555,1012.152777777777,28.918650793650773,0
