period,mktsize,entries,exits,surviv,entryrate,exitrate,survivrate,firms,totresinv,totinninv,totimiinv,costshareinn,firmsres,firmsinn,firmsimi,hindex,div,gini,pcm,cs,totprofits,ts,maxage,minage,avgage,actfirms,inactfirms,profitablefirms,wmc,avgproxopt,price,totoutput,avgoutput,magtechshock
1,4,40,21,19,1.0,0.525,0.475,40,0,0,0,0,0,0,0,379.9335875356685,0.5018963675213676,-0.05871859296482396,0.16508031423493003,118947.6403306419,2438.4407439446168,121386.08107458652,0,0,0.0,33,7,19,46.861913735343364,0.5126262626262627,56.12745098039215,975.49019607843,29.56030897207364,0
2,4,23,20,22,0.5476190476190477,0.47619047619047616,0.5238095238095238,42,900,600,300,0.6666666666666666,12,6,6,298.4811598510958,0.49531794425087106,-0.0150898231425316,0.14296117263555283,123189.7414987831,-1046.0366151373132,122143.70488364578,1,0,0.4523809523809524,42,0,10,44.40906133073044,0.5409226190476191,51.81686046511628,992.7325581395347,23.636489479512733,0
3,4,12,11,23,0.35294117647058826,0.3235294117647059,0.6764705882352942,34,600,500,100,0.8333333333333334,7,5,2,326.24965116437056,0.4920528817587641,0.012322381669929605,0.157907855494041,123634.70096371857,1267.1556122448728,124901.85657596344,2,0,1.0588235294117647,34,0,14,43.25747147075255,0.5594362745098039,51.369047619047606,994.5238095238074,29.25070028011198,0
4,4,6,4,25,0.20689655172413793,0.13793103448275862,0.8620689655172413,29,450,300,150,0.6666666666666666,6,3,3,376.2921715238055,0.48932676518883417,0.033267762092108466,0.1808630114743451,123338.88888888883,3482.2916666666624,126821.18055555549,3,0,1.8275862068965518,29,0,19,42.32207774049219,0.5689655172413793,51.666666666666664,993.3333333333328,34.25287356321837,0
5,4,11,16,20,0.3055555555555556,0.4444444444444444,0.5555555555555556,36,500,300,200,0.6,7,3,4,330.5940055220152,0.4888558201058201,0.11253209682646514,0.1691684825042048,125959.03969848243,1128.260693125578,127087.300391608,4,0,2.0833333333333335,36,0,14,40.74629795826788,0.5792824074074074,49.0427927927928,1003.8288288288302,27.88413413413417,0
6,4,8,10,18,0.2857142857142857,0.35714285714285715,0.6428571428571428,28,650,600,50,0.9230769230769231,7,6,1,394.85682644825465,0.4837962962962963,0.01842590694814561,0.19914269756471292,125359.45344497277,4299.807190513922,129659.26063548669,5,0,2.2857142857142856,28,0,17,39.75520086083216,0.5930059523809523,49.64080459770114,1001.4367816091941,35.76559934318551,0
7,4,7,3,22,0.28,0.12,0.88,25,650,400,250,0.6153846153846154,9,4,5,426.2624752316454,0.47854166666666664,-0.02227977617905652,0.21624264254452089,125601.683848003,5707.8569300624695,131309.54077806548,6,0,2.4,25,0,21,38.71685984545698,0.60625,49.39903846153847,1002.4038461538464,40.096153846153854,0
8,4,4,2,24,0.15384615384615385,0.07692307692307693,0.9230769230769231,26,900,600,300,0.6666666666666666,12,6,6,408.9770464529685,0.47891025641025636,-0.029998581627346255,0.20990714655488307,126082.58078036875,5112.976299344598,131195.55707971336,7,0,3.1538461538461537,26,0,23,38.65114730587994,0.6073717948717949,48.919753086419746,1004.3209876543202,38.62773029439693,0
9,4,3,3,24,0.1111111111111111,0.1111111111111111,0.8888888888888888,27,550,300,250,0.5454545454545454,8,3,5,393.36295243943806,0.4753086419753086,-0.010114444280248547,0.20523416338918082,126754.62649252398,4572.114822491482,131326.74131501548,8,0,3.925925925925926,27,0,20,38.34863430372888,0.6107253086419753,48.25148809523809,1006.9940476190467,37.29607583774247,0
10,4,0,0,24,0.0,0.0,1.0,24,500,300,200,0.6,7,3,4,436.45942735145746,0.4721089975845411,0.025760719225449646,0.22380153615255596,126043.83680555565,6202.604166666686,132246.44097222234,9,1,5.333333333333333,24,0,23,38.00138312586445,0.6150173611111112,48.95833333333334,1004.1666666666674,41.84027777777781,0
11,4,0,0,24,0.0,0.0,1.0,24,1300,1100,200,0.8461538461538461,15,11,4,434.7017555155875,0.47127868357487923,0.019517216603106124,0.2242674326359718,126295.0034722223,6180.1319444444625,132475.13541666677,10,2,6.333333333333333,24,0,22,37.78464046868954,0.6176215277777778,48.70833333333334,1005.1666666666674,41.88194444444448,0
12,4,1,0,25,0.04,0.0,1.0,25,1050,800,250,0.7619047619047619,13,8,5,422.1656811038195,0.470625,0.012579977717650959,0.220121740612058,126728.6921895546,5700.100930719925,132428.79312027452,11,0,7.04,25,0,23,37.65037269881691,0.6179166666666667,48.27724358974359,1006.8910256410259,40.275641025641036,0
13,4,2,1,26,0.07407407407407407,0.037037037037037035,0.962962962962963,27,950,700,250,0.7368421052631579,12,7,5,395.9434345532261,0.4670584045584045,0.023204715093424255,0.211616345469714,127730.52466429278,4714.812526573128,132445.33719086592,12,0,7.444444444444445,27,0,20,37.27811104568427,0.6207561728395061,47.28422619047619,1010.8630952380952,37.43937389770723,0
14,4,0,2,24,0.0,0.07692307692307693,0.9230769230769231,26,550,400,150,0.7272727272727273,7,4,3,408.65416011603975,0.46564102564102566,0.032352802969785044,0.21790451469379732,127637.22184118285,5231.896338210655,132869.1181793935,13,1,8.5,26,0,21,37.05298055385868,0.6233974358974359,47.37654320987655,1010.4938271604947,38.865147198480564,0
15,4,0,0,24,0.0,0.0,1.0,24,900,600,300,0.6666666666666666,12,6,6,446.4086907134943,0.4645984299516908,0.04470226214238204,0.22590985257319254,125500.5,6404.902777777777,131905.40277777778,14,2,9.583333333333334,24,0,20,38.31746229762697,0.609375,49.5,1002.0,41.75,8
16,4,1,0,25,0.04,0.0,1.0,25,950,600,350,0.631578947368421,13,6,7,430.1179927908452,0.4652083333333333,0.0474537332482452,0.22098193268959176,126124.31171926367,5849.667159763321,131973.97887902698,15,0,10.16,25,0,21,38.07700489257605,0.6116666666666667,48.87820512820513,1004.4871794871798,40.17948717948719,0
17,4,4,1,28,0.13793103448275862,0.034482758620689655,0.9655172413793104,29,1000,700,300,0.7,13,7,6,409.8937514016402,0.4712130541871921,0.06536025395316059,0.205478055508252,125107.78184453031,4561.373557306307,129669.15540183662,16,0,9.620689655172415,28,1,22,39.64048063574128,0.5904017857142857,49.89224137931034,1000.4310344827586,35.729679802955665,8
18,4,6,1,33,0.17647058823529413,0.029411764705882353,0.9705882352941176,34,1100,900,200,0.8181818181818182,13,9,4,383.55723277437033,0.47491458704694,0.11492187336436577,0.19582095185070664,125864.58510487522,2855.2543934240302,128719.83949829925,17,0,8.705882352941176,34,0,20,39.51486930043105,0.5824142156862745,49.13690476190476,1003.4523809523805,29.51330532212884,8
19,4,4,2,35,0.10810810810810811,0.05405405405405406,0.9459459459459459,37,900,500,400,0.5555555555555556,13,5,8,350.6911639891098,0.4765077577577577,0.10919094880532265,0.18463878225319855,127123.84458537401,1528.536306816895,128652.38089219091,18,0,8.513513513513514,32,5,21,39.04365427152458,0.5999348958333333,47.88510101010102,1008.4595959595965,31.51436237373739,0
20,4,2,1,36,0.05405405405405406,0.02702702702702703,0.972972972972973,37,1100,500,600,0.45454545454545453,17,5,12,349.3531269797418,0.474974974974975,0.10910558488560174,0.18505605832361002,127370.19903702915,1499.4354635236577,128869.6345005528,19,0,9.108108108108109,33,4,19,38.82468839787949,0.6000631313131313,47.640931372549026,1009.4362745098049,30.58897801544863,0
21,4,1,1,36,0.02702702702702703,0.02702702702702703,0.972972972972973,37,900,600,300,0.6666666666666666,12,6,6,340.91574073739025,0.47444319319319317,0.10833723161522535,0.18244469981617253,127783.17920918373,1312.6594387755179,129095.83864795924,20,0,9.891891891891891,34,3,20,38.61488873189687,0.6020220588235294,47.23214285714286,1011.071428571429,29.737394957983206,0
22,4,1,4,33,0.02702702702702703,0.10810810810810811,0.8918918918918919,37,1150,700,450,0.6086956521739131,16,7,9,337.821075877313,0.472535035035035,0.10616261992408771,0.18201234392325186,128054.14540816328,1251.8778344671216,129306.0232426304,21,0,10.81081081081081,34,3,21,38.416205990747265,0.6047794117647058,46.964285714285715,1012.1428571428573,29.768907563025216,0
23,4,1,2,32,0.029411764705882353,0.058823529411764705,0.9411764705882353,34,850,500,350,0.5882352941176471,12,5,7,348.3547562194111,0.4691213606654783,0.09089808763011398,0.1881115683584818,128144.53124999988,2127.951388888874,130272.48263888876,21,0,11.470588235294118,32,2,22,38.057270233196164,0.6103515625,46.87499999999999,1012.4999999999991,31.64062499999997,0
24,4,1,0,33,0.030303030303030304,0.0,1.0,33,1000,700,300,0.7,13,7,6,356.52103794150884,0.46792140151515155,0.08613951941465037,0.19236781172375605,128112.57301550846,2534.9655009692683,130647.53851647773,22,0,12.454545454545455,32,1,23,37.88325226573544,0.6100260416666667,46.90656565656565,1012.373737373736,31.63667929292925,0
25,4,2,2,33,0.05714285714285714,0.05714285714285714,0.9428571428571428,35,1250,800,450,0.64,17,8,9,337.163750493826,0.4676820728291316,0.07463190924450913,0.185507226865328,128890.09785899645,1691.4177446937888,130581.51560369023,23,0,12.685714285714285,33,2,21,37.580456995735766,0.615530303030303,46.139705882352935,1015.4411764705875,30.770944741532954,0
26,4,0,0,33,0.0,0.0,1.0,33,1200,900,300,0.75,15,9,6,354.1158024805135,0.4666982323232323,0.07397182779883416,0.19369097841599248,128656.40503838917,2511.853222885449,131168.25826127463,24,1,13.757575757575758,32,1,22,37.388508608172565,0.6155598958333333,46.36994949494951,1014.5202020202039,31.70375631313137,0
27,4,2,2,33,0.05714285714285714,0.05714285714285714,0.9428571428571428,35,1300,1100,200,0.8461538461538461,15,11,4,338.64537668747295,0.4662114845938375,0.08090877796901963,0.18838851384088667,129326.01042868146,1760.2829310414215,131086.29335972288,25,0,13.914285714285715,33,2,24,37.099397590361455,0.619949494949495,45.710784313725505,1017.1568627450995,30.822935234699983,0
28,4,0,2,31,0.0,0.06060606060606061,0.9393939393939394,33,1100,800,300,0.7272727272727273,14,8,6,356.8870079720483,0.464883207070707,0.0913157419121633,0.19726831319773686,129073.05377002369,2612.8991939598277,131685.95296398352,26,1,15.333333333333334,32,1,24,36.893223989396944,0.6197916666666667,45.95959595959597,1016.1616161616179,31.75505050505056,0
29,4,0,1,30,0.0,0.03225806451612903,0.967741935483871,31,900,600,300,0.6666666666666666,12,6,6,372.6451615345999,0.46411290322580645,0.08347889964679722,0.20469737491424242,128825.8780820037,3401.268029540989,132227.1461115447,27,2,16.193548387096776,30,1,24,36.74533298027276,0.6225694444444445,46.20295698924731,1015.1881720430107,33.83960573476703,0
30,4,0,1,29,0.0,0.03333333333333333,0.9666666666666667,30,1450,1200,250,0.8275862068965517,17,12,5,381.98717656212716,0.4649185823754789,0.08178087812884693,0.21013606078598296,128883.87586805571,3846.3975694444644,132730.27343750017,28,3,17.0,29,1,24,36.448929694980166,0.6260775862068966,46.14583333333334,1015.4166666666679,35.014367816092,0
31,4,0,0,29,0.0,0.0,1.0,29,950,700,250,0.7368421052631579,12,7,5,386.5867491982575,0.4616687192118227,0.06485880115105025,0.21319565653913258,128982.37258884925,4172.575224600334,133154.94781344957,29,4,17.724137931034484,28,1,24,36.23143564356433,0.6302083333333333,46.04885057471264,1015.8045977011494,36.27873563218391,0
32,4,1,1,29,0.03333333333333333,0.03333333333333333,0.9666666666666667,30,650,500,150,0.7692307692307693,8,5,3,371.8389264872042,0.4621168582375479,0.05312855517633652,0.20712700657937422,129377.95380015431,3621.551890432098,132999.5056905864,30,0,18.1,29,1,25,36.2023606370876,0.6311063218390804,45.65972222222222,1017.3611111111111,35.08141762452107,0
33,4,0,1,28,0.0,0.034482758620689655,0.9655172413793104,29,1200,900,300,0.75,15,9,6,422.8394000673573,0.46095032840722494,0.044506152880537275,0.22092444735507716,126812.0756172838,4924.228395061708,131736.3040123455,31,1,18.862068965517242,29,0,20,37.547113439970595,0.6048850574712643,48.194444444444436,1007.2222222222209,34.73180076628348,8
34,4,1,2,27,0.034482758620689655,0.06896551724137931,0.9310344827586207,29,750,500,250,0.6666666666666666,10,5,5,416.27805876165246,0.45894909688013136,0.035739891375872634,0.21978229538528748,127236.93065464389,4793.497141116533,132030.42779576042,32,0,18.896551724137932,28,1,21,37.273331434539074,0.6123511904761905,47.77298850574712,1008.908045977011,36.03243021346468,0
35,4,3,2,28,0.1,0.06666666666666667,0.9333333333333333,30,900,600,300,0.6666666666666666,12,6,6,397.89826883110743,0.4613505747126437,-0.001144374256156766,0.2133648890742359,127863.43557098758,4175.327932098752,132038.76350308635,33,0,17.4,29,1,21,37.09203057768013,0.6156609195402298,47.15277777777777,1011.3888888888882,34.87547892720304,0
36,4,0,1,27,0.0,0.03571428571428571,0.9642857142857143,28,1100,900,200,0.8181818181818182,13,9,4,430.77828357759904,0.46028990299823636,-0.0022245471646269444,0.22311344204605307,126455.1030373087,5294.8224472080565,131749.92548451675,34,1,19.178571428571427,27,1,18,37.71714873995168,0.6076388888888888,48.549107142857146,1005.8035714285716,37.251984126984134,8
37,4,1,1,27,0.03571428571428571,0.03571428571428571,0.9642857142857143,28,750,600,150,0.8,9,6,3,425.64611011963774,0.45916005291005296,0.008874458874458702,0.22167020284521538,126679.71241230864,5184.145363874709,131863.85777618334,35,0,20.107142857142858,27,1,20,37.613482384823826,0.6099537037037037,48.325892857142854,1006.6964285714283,37.285052910052904,0
38,4,2,1,28,0.06896551724137931,0.034482758620689655,0.9655172413793104,29,1100,800,300,0.7272727272727273,14,8,6,399.82995004782646,0.45915435139573074,-0.005119089939566557,0.2130961821683473,127617.73003472235,4405.07812500002,132022.80815972236,36,0,19.17241379310345,29,0,16,37.29596219931271,0.6131465517241379,47.39583333333334,1010.4166666666678,34.841954022988546,0
39,4,2,1,29,0.06666666666666667,0.03333333333333333,0.9666666666666667,30,950,800,150,0.8421052631578947,11,8,3,383.4627962672755,0.4613266283524904,0.0028798938287988296,0.20742226632260746,128212.58463767495,3832.9512443635194,132045.53588203847,37,0,19.0,30,0,19,37.09881663348816,0.6163194444444444,46.807795698924735,1012.7688172043017,33.75896057347673,0
40,4,1,1,29,0.03333333333333333,0.03333333333333333,0.9666666666666667,30,1200,800,400,0.6666666666666666,16,8,8,384.54875825127414,0.46010536398467433,0.02848308154430579,0.2099714131522513,128587.20119377952,3889.6097092149225,132476.81090299445,38,0,19.9,30,0,16,36.68748343493242,0.6201388888888889,46.438172043010745,1014.2473118279561,33.80824372759854,0
41,4,2,2,29,0.06451612903225806,0.06451612903225806,0.935483870967742,31,1250,900,350,0.72,16,9,7,374.9280201833846,0.46160394265232974,0.030963772221096475,0.20670059967848628,128969.83040703656,3470.880635579408,132440.71104261596,39,0,20.161290322580644,31,0,18,36.540320685382206,0.6213037634408602,46.06119791666666,1015.7552083333323,32.766297043010724,0
42,4,0,0,29,0.0,0.0,1.0,29,950,500,450,0.5263157894736842,14,5,9,396.23373048024274,0.45900041050903123,0.03256206849360321,0.2172002902189898,128742.88435570984,4402.454668209877,133145.33902391972,40,1,21.689655172413794,29,0,18,36.23166712285023,0.6246408045977012,46.28472222222222,1014.8611111111109,34.99521072796934,0
43,4,0,0,29,0.0,0.0,1.0,29,1000,600,400,0.6,14,6,8,397.2164305965235,0.458435960591133,0.03227008742174231,0.21812583705709912,128813.37046682091,4433.357445987642,133246.72791280856,41,2,22.689655172413794,29,0,18,36.13453162767364,0.6253591954022988,46.21527777777777,1015.1388888888882,35.00478927203063,0
44,4,1,1,29,0.03333333333333333,0.03333333333333333,0.9666666666666667,30,1150,800,350,0.6956521739130435,15,8,7,384.9771566783119,0.458860153256705,0.03497267759562783,0.2134873323397913,129201.38888888896,3947.916666666671,133149.30555555562,42,0,22.9,30,0,19,36.048497267759544,0.6263888888888889,45.833333333333336,1016.6666666666673,33.88888888888891,0
45,4,1,1,29,0.03333333333333333,0.03333333333333333,0.9666666666666667,30,1000,700,300,0.7,13,7,6,380.43884162609027,0.4587883141762452,0.030709285431250954,0.2122551562233699,129440.63484579146,3848.8490360157316,133289.4838818072,43,0,23.533333333333335,30,0,18,35.9196825606481,0.6288194444444444,45.598118279569896,1017.6075268817207,33.920250896057354,0
46,4,2,1,30,0.06451612903225806,0.03225806451612903,0.967741935483871,31,600,400,200,0.6666666666666666,8,4,4,372.5670372104254,0.4575268817204301,0.04956315058843885,0.21065505186966368,129963.68620130757,3484.037102593325,133447.7233039009,44,0,23.70967741935484,31,0,20,35.587329204443876,0.6313844086021505,45.08463541666667,1019.6614583333339,32.8923051075269,0
47,4,0,0,30,0.0,0.0,1.0,30,1250,1100,150,0.88,14,11,3,379.5482087112755,0.4550526819923371,0.051605393771686936,0.21511511246526288,130056.854929038,3872.569263787719,133929.4241928257,45,1,24.6,30,0,20,35.31454517503404,0.6350694444444445,44.99327956989247,1020.0268817204299,34.00089605734766,0
48,4,0,0,30,0.0,0.0,1.0,30,1050,700,350,0.6666666666666666,14,7,7,377.6610008205634,0.45445402298850573,0.04818229715489997,0.21461095196330218,130159.70054341538,3831.2485547462106,133990.9490981616,46,2,25.6,30,0,20,35.258056726378655,0.6361111111111111,44.89247311827957,1020.4301075268813,34.01433691756271,0
49,4,1,0,31,0.03225806451612903,0.0,1.0,31,1300,900,400,0.6923076923076923,17,9,8,366.8244593237763,0.4543010752688172,0.0533745254958673,0.21116610371043185,130661.6550021701,3385.9781901041633,134047.63319227425,47,0,25.741935483870968,31,0,19,35.025046697232135,0.6384408602150538,44.401041666666664,1022.3958333333329,32.98051075268816,0
50,4,1,0,32,0.03125,0.0,1.0,32,1250,700,550,0.56,18,7,11,355.7824544478788,0.45398605510752693,0.050754748982360764,0.20646588104573774,130972.46334876557,2919.540895061744,133892.0042438273,48,0,25.90625,32,0,20,34.99265038444142,0.6389973958333333,44.09722222222223,1023.6111111111122,31.987847222222257,0
51,4,1,1,32,0.030303030303030304,0.030303030303030304,0.9696969696969697,33,600,400,200,0.6666666666666666,8,4,4,384.88364959768353,0.45415088383838387,0.06882767138404455,0.21293129460397528,129107.96215698285,3338.3087334198326,132446.27089040267,49,0,26.09090909090909,33,0,18,36.14632320430884,0.617739898989899,45.92524509803921,1016.2990196078429,30.79693998811645,8
52,4,0,1,31,0.0,0.03125,0.96875,32,1000,600,400,0.6,14,6,8,391.4974378650855,0.4536080309139785,0.08135715616846806,0.2165747682045408,129105.1315713956,3708.86564508721,132813.99721648282,50,1,27.875,32,0,18,35.981177786060364,0.6201171875,45.92803030303029,1016.2878787878773,31.758996212121165,0
53,4,0,1,30,0.0,0.03225806451612903,0.967741935483871,31,850,500,350,0.5882352941176471,12,5,7,398.148890190075,0.45268817204301076,0.07701245911400978,0.2195024376235174,128969.83040703651,4069.838968912741,133039.66937594925,51,2,28.967741935483872,31,0,18,35.950652694099034,0.6213037634408602,46.06119791666666,1015.755208333332,32.76629704301071,0
54,4,0,0,30,0.0,0.0,1.0,30,1200,900,300,0.75,15,9,6,399.11074415886395,0.4529932950191571,0.043565190406525955,0.2129818087530514,127668.66337510104,4190.787049080802,131859.45042418185,52,3,29.333333333333332,30,0,17,37.26171476703463,0.6107638888888889,47.34543010752687,1010.6182795698915,33.68727598566305,8
55,4,2,0,32,0.0625,0.0,1.0,32,1300,1200,100,0.9230769230769231,14,12,2,380.72565289544934,0.4549521169354838,0.0415070093457941,0.20658034918769294,128336.36435376486,3372.1892217630716,131708.55357552794,53,0,28.4375,32,0,21,37.04127725856698,0.6123046875,46.685606060606055,1013.2575757575753,31.664299242424228,0
56,4,0,1,31,0.0,0.03125,0.96875,32,1200,800,400,0.6666666666666666,16,8,8,385.07320789791777,0.45514112903225806,0.03956464872944698,0.2094422569786237,128432.33471074385,3491.1702249770474,131923.5049357209,54,1,29.4375,32,0,15,36.83280393622321,0.61328125,46.59090909090909,1013.636363636364,31.676136363636374,0
57,4,0,0,31,0.0,0.0,1.0,31,1150,900,250,0.782608695652174,14,9,5,391.4289332490184,0.45389784946236555,0.043226220813392224,0.21294718695622716,128441.33377075207,3855.130852593331,132296.4646233454,55,2,31.35483870967742,31,0,17,36.66251873260544,0.6159274193548387,46.58203125000001,1013.6718750000009,32.699092741935516,0
58,4,0,0,31,0.0,0.0,1.0,31,1450,1000,450,0.6896551724137931,19,10,9,391.49299404621627,0.4536290322580645,0.05141413723135524,0.21386608861290518,128606.37240939685,3869.6987575955054,132476.07116699236,56,3,32.354838709677416,31,0,17,36.49176294394523,0.6176075268817205,46.41927083333334,1014.3229166666679,32.72009408602155,0
59,4,0,1,30,0.0,0.03225806451612903,0.967741935483871,31,800,500,300,0.625,11,5,6,396.0008452183104,0.4535394265232975,0.05827476884617622,0.21704856453104873,128738.47961425791,3996.109347873277,132734.58896213118,57,4,33.354838709677416,31,0,17,36.24208793088702,0.6189516129032258,46.28906250000001,1014.8437500000008,32.73689516129035,0
60,4,0,1,29,0.0,0.03333333333333333,0.9666666666666667,30,1050,800,250,0.7619047619047619,13,8,5,403.16129750881646,0.4517001915708812,0.07129739990288231,0.221079953339802,128757.66210327788,4382.021223551861,133139.68332682975,58,5,34.8,30,0,17,36.04075619123296,0.621875,46.270161290322584,1014.9193548387101,33.830645161290334,0
61,4,0,0,29,0.0,0.0,1.0,29,1300,800,500,0.6153846153846154,18,8,10,407.3589408080563,0.4494047619047619,0.061726355927004484,0.22329870821338854,128742.88435570995,4688.913001543222,133431.79735725318,59,6,35.55172413793103,29,0,17,35.94940353998449,0.6246408045977012,46.28472222222223,1014.8611111111117,34.995210727969365,0
62,4,1,1,29,0.03333333333333333,0.03333333333333333,0.9666666666666667,30,1350,1100,250,0.8148148148148148,16,11,5,397.63076848465585,0.44916187739463603,0.05150954206884406,0.22031366315380607,129167.22896071798,4272.172902936757,133439.40186365476,60,0,35.333333333333336,30,0,19,35.76182290978008,0.6260416666666666,45.86693548387097,1016.532258064516,33.884408602150536,0
63,4,0,0,29,0.0,0.0,1.0,29,800,600,200,0.75,10,6,4,406.33544787953997,0.44719827586206895,0.05684281970551086,0.22452795594310526,129060.22376543208,4688.348765432098,133748.57253086418,61,1,37.0,29,0,19,35.65017313650446,0.6278735632183908,45.97222222222222,1016.111111111111,35.03831417624521,0
64,4,0,0,29,0.0,0.0,1.0,29,550,200,350,0.36363636363636365,9,2,7,406.794863052051,0.4462746305418719,0.05427536266024657,0.22538467847675706,129166.09037422833,4708.820408950606,133874.91078317893,62,2,38.0,29,0,19,35.530098601812625,0.6289511494252873,45.86805555555555,1016.5277777777771,35.05268199233714,0
65,4,1,3,27,0.03333333333333333,0.1,0.9,30,800,500,300,0.625,11,5,6,391.1970286137523,0.4466235632183908,0.042424642464246265,0.21901829207310972,129577.44618236211,4138.062384379693,133715.5085667418,63,0,37.7,30,0,17,35.50632563256325,0.6302083333333333,45.46370967741935,1018.1451612903224,33.938172043010745,0
66,4,1,0,28,0.03571428571428571,0.0,1.0,28,600,300,300,0.5,9,3,6,410.10613476808277,0.44918430335097,0.04124137652801885,0.22869068082106805,129420.59097965389,5015.235665213376,134435.82664486728,64,0,38.535714285714285,28,0,20,35.1854466723148,0.6346726190476191,45.617816091954026,1017.5287356321842,36.34031198686372,0
67,4,1,0,29,0.034482758620689655,0.0,1.0,29,550,300,250,0.5454545454545454,8,3,5,397.17532740272804,0.4489429392446634,0.05213984752617562,0.22445450950449766,129943.77170138883,4522.092013888883,134465.86371527772,65,0,38.172413793103445,29,0,19,34.9803330608909,0.6368534482758621,45.104166666666664,1019.5833333333328,35.158045977011476,0
68,4,1,1,29,0.03333333333333333,0.03333333333333333,0.9666666666666667,30,750,300,450,0.4,12,3,9,383.67346938775495,0.44930555555555557,0.04095238095238041,0.2186046511627908,130262.58680555563,3995.6597222222313,134258.24652777787,66,0,37.86666666666667,30,0,20,34.99999999999999,0.6371527777777778,44.79166666666667,1020.833333333334,34.0277777777778,0
69,4,0,0,29,0.0,0.0,1.0,29,450,400,50,0.8888888888888888,5,4,1,394.5621535774148,0.44868637110016424,0.05125942337842759,0.2239917759026036,130120.8429783951,4468.1520061728415,134588.99498456795,67,1,39.96551724137931,29,0,20,34.86648062437606,0.6386494252873562,44.93055555555556,1020.277777777778,35.18199233716476,0
70,4,0,1,28,0.0,0.034482758620689655,0.9655172413793104,29,550,300,250,0.5454545454545454,8,3,5,397.0012494793838,0.4476600985221675,0.06277269528501073,0.22619838633127676,130262.5868055555,4542.881944444441,134805.46874999994,68,2,40.96551724137931,29,0,20,34.65986394557823,0.6400862068965517,44.791666666666664,1020.8333333333329,35.20114942528734,0
71,4,0,0,28,0.0,0.0,1.0,28,750,500,250,0.6666666666666666,10,5,5,403.36801042884474,0.44675925925925924,0.0524412296564194,0.230913571187527,130445.99063614738,4923.547942264494,135369.53857841188,69,3,41.57142857142857,28,0,22,34.31053680262542,0.6450892857142857,44.61206896551724,1021.5517241379306,36.48399014778324,0
72,4,0,1,27,0.0,0.03571428571428571,0.9642857142857143,28,550,200,350,0.36363636363636365,9,2,7,402.5412487493407,0.44645612874779544,0.04850131586877504,0.23065840611253527,130482.6868848263,4904.932743757441,135387.61962858375,70,4,42.57142857142857,28,0,23,34.29428584821638,0.6454613095238095,44.57614942528736,1021.6954022988508,36.48912151067324,0
73,4,0,0,27,0.0,0.0,1.0,27,900,700,200,0.7777777777777778,11,7,4,411.41647785004426,0.4465218423551757,0.023871190537857245,0.2353302253302253,130414.54081632647,5330.938208616771,135745.47902494323,71,5,42.55555555555556,27,0,23,34.137043512043505,0.6481481481481481,44.64285714285714,1021.4285714285709,37.83068783068781,0
74,4,0,0,27,0.0,0.0,1.0,27,1100,800,300,0.7272727272727273,14,8,6,410.55487812173106,0.4462844254510921,0.016312263326536902,0.23529797939764663,130490.55103812361,5314.7064554988765,135805.25749362248,72,6,43.55555555555556,27,0,21,34.08158559083408,0.6489197530864197,44.56845238095239,1021.7261904761907,37.84171075837743,0
75,4,0,1,26,0.0,0.037037037037037035,0.962962962962963,27,900,700,200,0.7777777777777778,11,7,4,411.3321275783111,0.44515669515669515,0.01992850325941009,0.23643852588580938,130604.60789133376,5344.374247094691,135948.98213842846,73,7,44.55555555555556,27,0,21,33.94553428446643,0.6500771604938271,44.45684523809525,1022.1726190476202,37.85824514991186,0
76,4,1,0,27,0.037037037037037035,0.0,1.0,27,750,500,250,0.6666666666666666,10,5,5,401.1898323418065,0.4428418803418803,0.0036175710594317234,0.23312382149591454,131023.24263038552,5113.038548752841,136136.28117913837,74,0,43.44444444444444,27,0,23,33.77906976744186,0.654320987654321,44.04761904761905,1023.809523809524,37.91887125220459,0
77,4,0,1,26,0.0,0.037037037037037035,0.962962962962963,27,850,600,250,0.7058823529411765,11,6,5,420.2575393803291,0.44159544159544156,-0.004263256061817655,0.22844166805422378,128408.33875868065,5392.914496527784,133801.25325520843,75,1,44.44444444444444,27,0,19,35.96587016101404,0.6277006172839505,46.614583333333336,1013.5416666666674,37.53858024691361,8
78,4,0,0,26,0.0,0.0,1.0,26,800,700,100,0.875,9,7,2,431.0532102978184,0.4410897435897436,0.008859513429896992,0.23345159013159078,128261.74554183817,5857.527434842249,134119.27297668043,76,10,47.11538461538461,26,0,22,35.843235831809864,0.6298076923076923,46.75925925925926,1012.9629629629633,38.96011396011397,0
79,4,0,0,26,0.0,0.0,1.0,26,800,500,300,0.625,11,5,6,428.2408265966019,0.4416025641025641,0.003162184952684388,0.23283822426212597,128418.11461667433,5798.775910684358,134216.8905273587,77,11,48.11538461538461,26,0,19,35.75352720259847,0.6314102564102564,46.604938271604944,1013.5802469135806,38.98385565052233,0
80,4,0,0,26,0.0,0.0,1.0,26,1000,900,100,0.9,11,9,2,424.82606246471016,0.441474358974359,0.011513586505887297,0.2151966029364918,125540.70692348712,5466.592840268231,131007.29976375535,78,12,49.11538461538461,26,0,16,38.81627912945283,0.6017628205128205,49.459876543209866,1002.1604938271593,38.54463437796766,8
81,4,3,1,28,0.10344827586206896,0.034482758620689655,0.9655172413793104,29,500,400,100,0.8,6,4,2,385.4337000007014,0.4489429392446634,0.0005712218435232064,0.20000585406913174,126532.4459876543,3953.973765432095,130486.41975308639,79,0,44.93103448275862,29,0,18,38.77749401803791,0.6020114942528736,48.47222222222222,1006.111111111111,34.69348659003831,0
82,4,1,0,29,0.034482758620689655,0.0,1.0,29,1100,800,300,0.7272727272727273,14,8,6,384.38550688160325,0.4504310344827586,0.007135348038492584,0.2003170768788457,126707.1783371914,3940.8805941358078,130648.05893132722,80,0,45.89655172413793,29,0,19,38.6235745160252,0.6038074712643677,48.298611111111114,1006.805555555556,34.717432950191586,0
83,4,3,2,30,0.09375,0.0625,0.9375,32,600,400,200,0.6666666666666666,8,4,4,351.2937499190999,0.45593918010752693,0.0007736309077266412,0.1865635731642074,127474.24529384772,2556.1811294766007,130030.42642332432,81,0,42.5,32,0,18,38.669042260565135,0.603515625,47.537878787878796,1009.8484848484861,31.55776515151519,0
84,4,3,2,31,0.09090909090909091,0.06060606060606061,0.9393939393939394,33,1050,800,250,0.7619047619047619,13,8,5,342.0882155373779,0.4571890782828283,-0.01223133821558986,0.1837305282538099,127927.48169273853,2152.4967860919114,130079.97847883044,82,0,42.121212121212125,33,0,19,38.437689279224735,0.6057449494949495,47.08946078431374,1011.6421568627463,30.65582293523474,0
85,4,1,1,31,0.03125,0.03125,0.96875,32,950,600,350,0.631578947368421,13,6,7,350.75538215392794,0.4549311155913978,-0.002831689965052675,0.1883546998537048,127920.9073053772,2573.789345474972,130494.69665085217,83,0,44.40625,32,0,21,38.22521426194041,0.6080729166666667,47.095959595959606,1011.6161616161633,31.6130050505051,0
86,4,0,2,29,0.0,0.06451612903225806,0.935483870967742,31,450,300,150,0.6666666666666666,6,3,3,359.55045895959233,0.455421146953405,-0.0026584034625707353,0.19257026650208242,127815.15333387593,2991.199408637158,130806.35274251309,84,1,45.32258064516129,31,0,22,38.111103957421236,0.6095430107526882,47.200520833333336,1011.1979166666672,32.61928763440862,0
87,4,0,0,29,0.0,0.0,1.0,29,800,500,300,0.625,11,5,6,382.15207659379803,0.45412561576354676,-0.007112780243542005,0.20314399861038737,127512.5,3945.8333333333335,131458.33333333334,85,2,46.62068965517241,29,0,22,37.850660066006604,0.6120689655172413,47.5,1010.0,34.827586206896555,0
88,4,2,0,31,0.06451612903225806,0.0,1.0,31,900,400,500,0.4444444444444444,14,4,10,358.4031233782181,0.45703405017921145,-0.01062267110384485,0.19321954792942225,128078.62175835513,2980.7556152343845,131059.37737358952,86,0,44.54838709677419,31,0,24,37.87035845982335,0.612231182795699,46.94010416666667,1012.2395833333342,32.65288978494626,0
89,4,2,3,30,0.06060606060606061,0.09090909090909091,0.9090909090909091,33,900,400,500,0.4444444444444444,14,4,10,341.44488977543875,0.45845170454545453,-0.010202251960493403,0.18712806963801504,128734.59314025847,2191.1537930122963,130925.74693327077,87,0,42.78787878787879,33,0,19,37.630192609588214,0.6139520202020202,46.29289215686274,1014.8284313725483,30.75237670825904,0
90,4,2,2,30,0.0625,0.0625,0.9375,32,750,500,250,0.6666666666666666,10,5,5,351.4785401665908,0.45692624327956993,-0.0032094174032113454,0.19193930069056583,128592.36501696255,2639.4913465462732,131231.85636350882,88,0,45.03125,32,0,19,37.520747748869255,0.6149088541666667,46.43308080808081,1014.2676767676767,31.695864898989896,0
91,4,1,0,31,0.03225806451612903,0.0,1.0,31,800,500,300,0.625,11,5,6,383.9685623234552,0.45336021505376345,0.07945574150220991,0.20183764956351083,127059.19265747072,3557.3471069335938,130616.53976440431,89,0,47.45161290322581,31,0,23,38.271261139093376,0.6018145161290323,47.94921875,1008.2031250000001,32.522681451612904,8
92,4,3,1,33,0.08823529411764706,0.029411764705882353,0.9705882352941176,34,850,500,350,0.5882352941176471,12,5,7,354.06361734571266,0.458630421865716,0.07831737346101275,0.19030919432332027,127958.47750865034,2261.0925219050523,130219.57003055539,90,0,44.1764705882353,33,1,23,38.10309673772611,0.6060606060606061,47.058823529411754,1011.7647058823514,30.659536541889437,0
93,4,0,0,33,0.0,0.0,1.0,33,950,500,450,0.5263157894736842,14,5,9,366.96264500834616,0.4566366792929293,0.08117126319373491,0.19674503256471562,127857.05061983471,2783.7522956841094,130640.80291551883,91,1,46.515151515151516,32,1,23,37.88077403245942,0.607421875,47.15909090909091,1011.3636363636364,31.605113636363637,0
94,4,2,0,35,0.05714285714285714,0.0,1.0,35,1050,800,250,0.7619047619047619,13,8,5,350.897211443742,0.45682773109243696,0.0880385021716168,0.19149861270270566,128566.75347222213,2022.7430555555468,130589.49652777768,92,0,44.8,34,1,20,37.56162695152014,0.6099877450980392,46.45833333333333,1014.1666666666658,29.828431372548994,0
95,4,0,1,34,0.0,0.02857142857142857,0.9714285714285714,35,1050,600,450,0.5714285714285714,15,6,9,351.9562508354144,0.4560924369747899,0.0885231614935984,0.1928068818843876,128717.71541950112,2060.6009070294804,130778.3163265306,93,1,45.8,34,1,20,37.380728922258726,0.6115196078431373,46.30952380952381,1014.7619047619046,29.845938375350133,0
96,4,2,1,35,0.05555555555555555,0.027777777777777776,0.9722222222222222,36,900,600,300,0.6666666666666666,12,6,6,342.15306784151545,0.4560515873015873,0.10441868935196053,0.19003065705476108,129261.91184807259,1646.3789682539723,130908.29081632657,94,0,45.138888888888886,34,2,22,37.07538242410052,0.6170343137254901,45.773809523809526,1016.904761904762,29.90896358543418,0
97,4,0,0,35,0.0,0.0,1.0,35,1350,1200,150,0.8888888888888888,15,12,3,352.0814951478874,0.45322128851540616,0.10456337252336789,0.1957082604308316,129294.84941188476,2104.4647791714615,131399.3141910562,95,1,47.31428571428572,33,2,24,36.789447523798046,0.6196338383838385,45.741421568627445,1017.0343137254895,30.819221628045135,0
98,4,1,1,35,0.027777777777777776,0.027777777777777776,0.9722222222222222,36,1200,800,400,0.6666666666666666,16,8,8,344.3357024595212,0.4522982804232804,0.09895123059938982,0.19316668423221003,129655.65653344669,1729.0143140589528,131384.67084750565,96,0,46.97222222222222,34,2,18,36.619666861484504,0.6210171568627452,45.38690476190476,1018.4523809523807,29.95448179271708,0
99,4,1,0,36,0.027777777777777776,0.0,1.0,36,1000,500,500,0.5,15,5,10,344.74018905807657,0.4517361111111111,0.10647823717200033,0.19444436750429867,129867.92091836741,1754.1383219954691,131622.05924036287,97,0,47.833333333333336,34,2,20,36.39385268239506,0.6231617647058824,45.17857142857143,1019.2857142857149,29.978991596638675,0
100,4,1,0,37,0.02702702702702703,0.0,1.0,37,700,300,400,0.42857142857142855,11,3,8,338.5328307212672,0.4510760760760761,0.11742460228683171,0.19273860775538124,130233.05047850226,1417.6326463906107,131650.68312489288,98,0,47.513513513513516,35,2,21,36.18194145216767,0.624702380952381,44.820601851851855,1020.7175925925928,29.163359788359795,0
101,4,0,0,37,0.0,0.0,1.0,37,1000,700,300,0.7,13,7,6,342.8957043717416,0.4513888888888889,0.11915905025605866,0.1959657833792905,130380.76560356637,1541.4008916323546,131922.16649519873,99,1,48.513513513513516,35,2,22,35.92097310365669,0.6261904761904762,44.67592592592592,1021.296296296295,29.179894179894145,0
102,4,0,1,36,0.0,0.02702702702702703,0.972972972972973,37,1000,800,200,0.8,12,8,4,338.05437864902984,0.45060685685685686,0.08692017295207233,0.18454736396433855,128579.18228565936,1300.209825518199,129879.39211117756,100,2,49.513513513513516,33,4,18,37.87457709038182,0.6123737373737373,46.44607843137255,1014.2156862745098,30.733808674985145,8
103,4,0,0,36,0.0,0.0,1.0,36,1650,1300,350,0.7878787878787878,20,13,7,339.9341294705739,0.44953703703703707,0.06437655960717992,0.18644599074670842,128765.68657487525,1554.3703143022128,130320.05688917746,101,3,49.52777777777778,33,3,18,37.63684295258794,0.6142676767676767,46.262254901960794,1014.9509803921585,30.756090314913894,0
104,4,2,0,38,0.05263157894736842,0.0,1.0,38,750,400,350,0.5333333333333333,11,4,7,322.8835380172005,0.45163584637268844,0.07609092705594867,0.1797228255625825,129348.51794249412,752.9014221107777,130101.4193646049,102,0,47.86842105263158,35,3,20,37.477362801987326,0.6157738095238094,45.68865740740741,1017.2453703703713,29.06415343915347,0
105,4,0,2,36,0.0,0.05263157894736842,0.9473684210526316,38,1400,900,500,0.6428571428571429,19,9,10,322.9550909401392,0.45170993361782835,0.07673867370575915,0.18030121362772347,129466.28146701395,762.3589409722325,130228.64040798618,103,1,48.86842105263158,35,3,17,37.356064483111574,0.6169642857142856,45.57291666666667,1017.7083333333338,29.077380952380967,0
106,4,1,0,37,0.02702702702702703,0.0,1.0,37,1400,1100,300,0.7857142857142857,17,11,6,332.0502384138066,0.4507007007007007,0.0970659621267671,0.18584382453631376,129564.7392290249,1204.4005102040787,130769.13973922898,104,0,50.513513513513516,34,3,19,37.02472131275335,0.6200980392156863,45.476190476190474,1018.0952380952377,29.943977591036404,0
107,4,0,0,37,0.0,0.0,1.0,37,950,700,250,0.7368421052631579,12,7,5,336.2474458076276,0.4497622622622623,0.09796191703625112,0.18877514083530567,129685.96938775493,1321.3151927437436,131007.28458049867,105,1,51.513513513513516,34,3,19,36.79484182639864,0.6213235294117647,45.35714285714285,1018.5714285714271,29.95798319327727,0
108,4,1,0,38,0.02631578947368421,0.0,1.0,38,1200,800,400,0.6666666666666666,16,8,8,327.8016668970984,0.45033191085822666,0.10023413049191299,0.18564192086743123,130026.38996056237,924.5734739368936,130950.96343449927,106,0,51.13157894736842,35,3,21,36.66496444242698,0.6226190476190476,45.023148148148145,1019.907407407407,29.14021164021163,0
109,4,1,1,38,0.02564102564102564,0.02564102564102564,0.9743589743589743,39,1300,700,600,0.5384615384615384,19,7,12,318.03138398028807,0.4501799370220423,0.10488225482712776,0.18187545098998828,130406.3248214432,494.66079254931964,130900.98561399251,107,0,50.794871794871796,36,3,22,36.529998162440265,0.6244212962962963,44.65090090090091,1021.3963963963974,28.37212212212215,0
110,4,0,3,35,0.0,0.07894736842105263,0.9210526315789473,38,500,300,200,0.6,7,3,4,325.66046806686415,0.4492057847321005,0.10933789927096105,0.18583290098873714,130321.66950660152,888.1231781550091,131209.79268475654,108,1,52.78947368421053,35,3,22,36.42078515831634,0.6255952380952381,44.7337962962963,1021.064814814815,29.173280423280428,0
111,4,0,0,35,0.0,0.0,1.0,35,800,600,200,0.75,10,6,4,386.4302577792829,0.4462535014005602,0.1762885527363356,0.20738591337517545,127896.48963139163,2884.614691464801,130781.10432285642,109,2,55.91428571428571,33,2,19,37.3480534690251,0.6054292929292929,47.12009803921568,1011.5196078431361,30.652109328579883,8
112,4,1,0,36,0.027777777777777776,0.0,1.0,36,1000,500,500,0.5,15,5,10,377.152407775271,0.4468584656084656,0.18785029268900288,0.20529875810356946,128464.33280086212,2490.607070208388,130954.9398710705,110,0,55.333333333333336,32,4,18,37.000768049155155,0.6136067708333333,46.55934343434343,1013.7626262626259,31.68008207070706,0
113,4,1,0,37,0.02702702702702703,0.0,1.0,37,1100,700,400,0.6363636363636364,15,7,8,367.4705782865503,0.44763513513513514,0.19630637154170838,0.20218201936801836,128890.09785899655,2072.663759131104,130962.76161812765,111,0,54.810810810810814,33,4,19,36.81108697401239,0.615530303030303,46.13970588235294,1015.4411764705883,30.77094474153298,0
114,4,1,0,38,0.02631578947368421,0.0,1.0,38,1100,600,500,0.5454545454545454,16,6,10,362.15214637070113,0.4475758653390232,0.20563986783442512,0.20130613949969522,129294.84941188488,1765.2569023933104,131060.1063142782,112,0,54.3421052631579,33,5,22,36.53339257741896,0.6196338383838385,45.74142156862745,1017.0343137254904,30.819221628045163,0
115,4,1,0,39,0.02564102564102564,0.0,1.0,39,800,600,200,0.75,10,6,4,349.7392324567865,0.4489428699955016,0.1979101095304039,0.19604648718449236,129625.34722222229,1267.0138888888987,130892.3611111112,113,0,53.92307692307692,34,5,18,36.51288870703764,0.6207107843137255,45.41666666666667,1018.3333333333339,29.95098039215688,0
116,4,0,0,39,0.0,0.0,1.0,39,800,400,400,0.5,12,4,8,351.0307867987967,0.4487460638776428,0.2009021564836877,0.19692251679106257,129655.65653344666,1302.625425170062,130958.28195861672,114,1,54.92307692307692,34,5,18,36.4492012468342,0.6210171568627452,45.38690476190476,1018.4523809523805,29.954481792717075,0
117,4,1,0,40,0.025,0.0,1.0,40,1400,900,500,0.6428571428571429,19,9,10,346.3853112302805,0.44801014957264956,0.20333881765573603,0.19631471047411325,130055.90284475735,1009.8908768432769,131065.79372160062,115,0,54.525,35,5,20,36.16118707212831,0.6229166666666667,44.99421296296296,1020.0231481481479,29.143518518518512,0
118,4,0,2,38,0.0,0.05,0.95,40,1200,700,500,0.5833333333333334,17,7,10,364.36612782064304,0.4476495726495726,0.12304070145053081,0.19730447179408567,128255.57503270246,1346.3974492151517,129601.9724819176,116,1,55.525,37,3,15,37.53833802410334,0.6007882882882882,46.765350877192986,1012.9385964912287,27.376718824087263,8
119,4,0,0,38,0.0,0.0,1.0,38,950,500,450,0.5263157894736842,14,5,9,370.83454725993005,0.4475017780938833,0.16171084206917685,0.20069097854493817,128232.43694540903,1910.603539737666,130143.0404851467,117,4,59.18421052631579,35,3,16,37.39822591703805,0.6044642857142857,46.78819444444445,1012.847222222223,28.938492063492085,0
120,4,1,3,36,0.02564102564102564,0.07692307692307693,0.9230769230769231,39,1200,900,300,0.75,15,9,6,359.9771544215421,0.44916779127305445,0.162689261290194,0.1964820759224491,128572.46393352823,1456.629940751576,130029.0938742798,118,0,58.64102564102564,36,3,13,37.325579243467324,0.6059027777777778,46.45270270270271,1014.1891891891901,28.171921921921946,0
121,4,1,2,35,0.02702702702702703,0.05405405405405406,0.9459459459459459,37,600,200,400,0.3333333333333333,10,2,8,368.4160012552561,0.44860485485485485,0.13397735084482076,0.19518209428204034,127376.0500365233,1985.4750020290887,129361.5250385524,119,0,59.75675675675676,36,1,16,38.337609698051466,0.59375,47.63513513513515,1009.4594594594619,28.040540540540608,8
122,4,0,1,34,0.0,0.02857142857142857,0.9714285714285714,35,600,200,400,0.3333333333333333,10,2,8,392.81157406799076,0.446953781512605,0.17175105596158202,0.19511317125095626,124724.41676578717,2861.3272166639035,127585.74398245108,120,1,62.48571428571429,33,2,16,40.46627714390871,0.5729166666666667,50.275735294117645,998.8970588235293,30.26960784313725,8
123,4,3,1,36,0.08108108108108109,0.02702702702702703,0.972972972972973,37,1150,800,350,0.6956521739130435,15,8,7,374.26359671681894,0.45248373373373374,0.1814912625723435,0.1894955684429369,125521.37586805565,1995.6163194444557,127516.9921875001,121,0,57.83783783783784,35,2,16,40.10308385308383,0.5767857142857142,49.47916666666667,1002.0833333333342,28.630952380952404,0
124,4,2,0,38,0.05263157894736842,0.0,1.0,38,1200,1000,200,0.8333333333333334,14,10,4,367.5616198601766,0.4538140113798008,0.18484243598223515,0.18782735987350327,125902.52414576754,1655.387143900674,127557.91128966822,122,0,57.26315789473684,36,2,19,39.87694494314781,0.5787037037037037,49.09909909909911,1003.6036036036048,27.87787787787791,0
125,4,3,4,37,0.07317073170731707,0.0975609756097561,0.9024390243902439,41,800,400,400,0.5,12,4,8,346.04563600985887,0.4561737804878048,0.1881032142202479,0.18020674896236605,126677.74128818478,567.4144304789403,127245.15571866372,123,0,54.0,37,4,15,39.61884598627599,0.584740990990991,48.32785087719298,1006.6885964912277,27.207799905168315,0
126,4,2,0,39,0.05128205128205128,0.0,1.0,39,1300,1000,300,0.7692307692307693,16,10,6,353.82990756172137,0.45431286549707606,0.20435381173636213,0.18433795883460313,126694.89590942298,1165.6886616346133,127860.5845710576,124,0,56.61538461538461,36,3,17,39.405294556301264,0.5868055555555556,48.310810810810814,1006.7567567567571,27.965465465465474,0
127,4,4,1,42,0.09302325581395349,0.023255813953488372,0.9767441860465116,43,1200,800,400,0.6666666666666666,16,8,8,328.1889523260017,0.4603866740494647,0.23097741479654132,0.1760615871317944,127880.99500868066,-205.55264671342638,127675.44236196723,125,0,52.25581395348837,39,4,18,38.83668039821489,0.593482905982906,47.13541666666667,1011.4583333333343,25.934829059829084,0
128,4,1,0,43,0.023255813953488372,0.0,1.0,43,1200,900,300,0.75,15,9,6,330.8396033646699,0.46045588778146923,0.23665949629920302,0.17796704109681366,127990.23321311723,-131.15240184413443,127859.08081127309,126,0,53.13953488372093,40,3,19,38.65810485085871,0.59296875,47.02743902439025,1011.8902439024394,25.297256097560982,0
129,4,1,1,43,0.022727272727272728,0.022727272727272728,0.9772727272727273,44,1450,1000,450,0.6896551724137931,19,10,9,323.2603777389003,0.46158165961945036,0.23497934309161916,0.17525253254674175,128302.78320312515,-504.77286611184053,127798.0103370133,127,0,52.90909090909091,39,5,21,38.53117074508191,0.5977564102564102,46.71875000000001,1013.1250000000011,25.97756410256413,0
130,4,4,4,43,0.0851063829787234,0.0851063829787234,0.9148936170212766,47,1050,700,350,0.6666666666666666,14,7,7,313.406884972295,0.4637102991057663,0.2576518865762112,0.17347360509099763,129127.5137931165,-1306.109627576452,127821.40416554004,128,0,50.361702127659576,42,5,19,37.94252709187406,0.6014384920634921,45.90600775193799,1016.3759689922488,24.199427833148782,0
131,4,0,1,42,0.0,0.023255813953488372,0.9767441860465116,43,1950,1600,350,0.8205128205128205,23,16,7,335.10141537957185,0.4617709486895534,0.2488893457971375,0.1839282811970718,128794.39153928336,31.836579552922785,128826.22811883628,129,1,52.651162790697676,38,5,19,37.730238922218696,0.6044407894736843,46.23397435897436,1015.0641025641025,26.71221322537112,0
132,4,2,3,41,0.045454545454545456,0.06818181818181818,0.9318181818181819,44,1250,800,450,0.64,17,8,9,327.759799244484,0.4610200845665962,0.240887946918515,0.18188956529676983,129230.01284646135,-326.79322783922635,128903.21961862213,130,0,52.31818181818182,36,8,21,37.473695868866976,0.6125578703703703,45.80518018018018,1016.7792792792794,28.243868868868873,0
133,4,0,2,39,0.0,0.04878048780487805,0.9512195121951219,41,1300,800,500,0.6153846153846154,18,8,10,351.4297851902214,0.4585365853658536,0.19444684667594725,0.18908003765649878,127998.08873724706,796.4681659379244,128794.55690318499,131,1,55.58536585365854,35,6,16,38.129193831255485,0.6020833333333333,47.019675925925924,1011.9212962962961,28.91203703703703,8
134,4,0,1,38,0.0,0.02564102564102564,0.9743589743589743,39,1200,900,300,0.75,15,9,6,369.89578636498504,0.4573493027440396,0.21303304870924822,0.1982064953950555,127834.51677239513,1657.0898212225895,129491.60659361772,132,2,59.333333333333336,33,6,18,37.82971804814993,0.6047979797979798,47.1813725490196,1011.2745098039208,30.644682115270324,0
135,4,3,3,38,0.07317073170731707,0.07317073170731707,0.926829268292683,41,1550,1200,350,0.7741935483870968,19,12,7,360.34026699433343,0.4595782520325203,0.2360200733126805,0.1967390504468128,128584.3611352238,1066.8246045524675,129651.18573977627,133,0,57.31707317073171,35,6,17,37.30421944539541,0.6080357142857142,46.44097222222222,1014.2361111111113,28.978174603174608,0
136,4,0,2,36,0.0,0.05263157894736842,0.9473684210526316,38,1050,800,250,0.7619047619047619,13,8,5,383.69149206419934,0.4568515884305358,0.1768951900045317,0.20031249349271096,126779.9403077065,2128.8768920948182,128908.81719980133,134,1,60.36842105263158,36,2,18,38.56601066010661,0.5876736111111112,48.22635135135136,1007.0945945945958,27.974849849849885,8
137,4,2,0,38,0.05263157894736842,0.0,1.0,38,1100,800,300,0.7272727272727273,14,8,6,381.42207946537644,0.45805180180180183,0.20390665414902398,0.20266275672947542,127493.93449935106,2127.334796855836,129621.2692962069,135,0,60.026315789473685,33,5,19,37.88817598996885,0.6013257575757576,47.51838235294117,1009.926470588234,30.6038324420677,0
138,4,1,0,39,0.02564102564102564,0.0,1.0,39,1100,600,500,0.5454545454545454,16,6,10,375.82853761605315,0.459823436797121,0.19778208061960956,0.2017654434130407,127910.2634173524,1814.465449245527,129724.72886659793,136,0,59.46153846153846,35,4,20,37.60202135774218,0.6011904761904762,47.106481481481474,1011.5740740740729,28.902116402116366,0
139,4,1,0,40,0.025,0.0,1.0,40,1550,1100,450,0.7096774193548387,20,11,9,379.25812177254863,0.4605101495726496,0.18618909991742338,0.20055964430854012,127302.17013888904,1669.2579732510471,128971.42811214009,137,0,58.95,34,6,22,38.13996696944674,0.5971200980392157,47.70833333333334,1009.1666666666679,29.681372549019642,7
140,4,1,2,39,0.024390243902439025,0.04878048780487805,0.9512195121951219,41,1300,900,400,0.6923076923076923,17,9,8,377.7816577289579,0.46105182926829263,0.19900203046519804,0.19160310743278952,125591.91528944497,1326.069946635837,126917.9852360808,138,0,58.48780487804878,36,5,19,39.94190727633598,0.5755208333333333,49.40878378378379,1002.3648648648658,27.843468468468494,8
141,4,6,2,43,0.13333333333333333,0.044444444444444446,0.9555555555555556,45,1500,1000,500,0.6666666666666666,20,10,10,333.0922487843534,0.46675084175084175,0.22876065037020488,0.17584993853029024,127233.99233270447,-520.6221846846701,126713.37014801979,139,0,52.44444444444444,36,9,21,39.37451166424824,0.5923032407407407,47.77590090090091,1008.8963963963976,28.024899899899932,0
142,4,5,4,44,0.10416666666666667,0.08333333333333333,0.9166666666666666,48,1300,800,500,0.6153846153846154,18,8,10,311.061265301229,0.46668144208037826,0.2275875293268368,0.16808957197523985,128172.28768707678,-1619.6202236350007,126552.66746344177,140,0,48.895833333333336,37,11,18,38.97299675148891,0.5999436936936937,46.84758771929825,1012.6096491228069,27.367828354670458,0
143,4,1,0,45,0.022222222222222223,0.0,1.0,45,850,500,350,0.5882352941176471,12,5,7,329.62579612444335,0.46531986531986536,0.2280042401464779,0.1767714153169688,127867.13219452146,-570.3389504462843,127296.79324407518,141,0,52.84444444444444,37,8,19,38.81450563746749,0.5968468468468469,47.14912280701755,1011.4035087719303,27.335229966808928,0
144,4,2,2,45,0.0425531914893617,0.0425531914893617,0.9574468085106383,47,1200,800,400,0.6666666666666666,16,8,8,312.52932611780494,0.4655411655874191,0.23444619855764048,0.1700274223741821,128442.17985243634,-1371.3098438699205,127070.87000856642,142,0,51.5531914893617,38,9,14,38.66111579539067,0.6008771929824561,46.581196581196586,1013.6752136752143,26.675663517768797,0
145,4,3,6,42,0.0625,0.125,0.875,48,1100,700,400,0.6363636363636364,15,7,8,303.00994356355824,0.4662012411347518,0.24385245901639307,0.16803278688524567,129201.38888888869,-1765.6644933888797,127435.72439549981,143,0,48.895833333333336,37,11,17,38.13183060109289,0.6103603603603603,45.83333333333332,1016.666666666665,27.477477477477432,0
146,4,0,1,41,0.0,0.023809523809523808,0.9761904761904762,42,1100,600,500,0.5454545454545454,16,6,10,334.0607606029247,0.46319686411149824,0.22810843454338103,0.18189651133596568,128476.21882086147,183.7726757369386,128659.9914965984,144,1,50.38095238095238,34,8,17,38.08076953186161,0.6090686274509804,46.54761904761904,1013.8095238095221,29.8179271708683,0
147,4,1,2,40,0.023809523809523808,0.047619047619047616,0.9523809523809523,42,1200,800,400,0.6666666666666666,16,8,8,328.65746219592376,0.4641405342624855,0.22664224664224664,0.18104012748080528,128936.7675781249,75.20616319442914,129011.97374131932,145,0,50.357142857142854,35,7,18,37.748931623931625,0.6116071428571428,46.09374999999999,1015.6249999999992,29.01785714285712,0
148,4,1,0,41,0.024390243902439025,0.0,1.0,41,950,600,350,0.631578947368421,13,6,7,379.5316525348813,0.46267784552845526,0.28666244373314753,0.19824036256653885,126800.4182205933,1424.9544538751738,128225.37267446848,146,0,52.26829268292683,35,6,19,38.64963992951811,0.5898809523809524,48.20601851851852,1007.1759259259262,28.776455026455036,8
149,4,3,2,42,0.06818181818181818,0.045454545454545456,0.9545454545454546,44,1400,800,600,0.5714285714285714,20,8,12,381.9719748475854,0.4684306730091614,0.24597671631569962,0.19768725014041683,126424.48992768582,1073.6225673896486,127498.11249507547,147,0,49.63636363636363,32,12,17,38.97598870056497,0.5927734375,48.579545454545446,1005.6818181818171,31.427556818181785,8
150,4,1,0,43,0.023255813953488372,0.0,1.0,43,1550,1200,350,0.7741935483870968,19,12,7,381.3780527252031,0.4667312661498708,0.2528840182967893,0.19923069591283188,126805.71697084473,1072.1834825527915,127877.90045339752,148,0,51.2093023255814,32,11,19,38.59768710041368,0.5966796875,48.20075757575757,1007.1969696969691,31.474905303030283,0
151,4,1,2,42,0.022727272727272728,0.045454545454545456,0.9545454545454546,44,1350,1000,350,0.7407407407407407,17,10,7,359.9121353578954,0.4676378611698379,0.2441808112007282,0.1833540444316484,125775.77257515161,253.6453767623682,126029.41795191399,149,0,51.02272727272727,38,6,15,40.19974615685024,0.5737390350877193,49.22542735042735,1003.0982905982909,26.397323436797127,8
152,4,4,3,43,0.08695652173913043,0.06521739130434782,0.9347826086956522,46,1050,600,450,0.5714285714285714,15,6,9,343.9898946932036,0.47166867954911434,0.2679470361758449,0.1791362009743791,126677.7412881849,-483.97135229326426,126193.76993589164,150,0,47.369565217391305,37,9,17,39.6705832697963,0.584740990990991,48.327850877192986,1006.6885964912287,27.207799905168343,0
153,4,2,0,45,0.044444444444444446,0.0,1.0,45,1150,800,350,0.6956521739130435,15,8,7,334.943816075807,0.4724957912457912,0.254074557270904,0.176449783520348,127147.30133310263,-481.8832477300575,126665.41808537257,151,0,46.422222222222224,37,8,20,39.41663042690439,0.589527027027027,47.861842105263165,1008.5526315789485,27.258179231863473,0
154,4,1,3,43,0.021739130434782608,0.06521739130434782,0.9347826086956522,46,1600,1100,500,0.6875,21,11,10,336.9026813689777,0.47305756843800323,0.2678509054141005,0.17985888068569578,127685.20801373367,-596.5022098034917,127088.70580393018,152,0,46.391304347826086,38,8,17,38.8165081042988,0.5932017543859649,47.32905982905983,1010.6837606837607,26.59694107062528,0
155,4,1,2,42,0.022727272727272728,0.045454545454545456,0.9545454545454546,44,1400,1000,400,0.7142857142857143,18,10,8,347.1850970128776,0.472141472868217,0.26964685275744427,0.18588998128077686,127802.69870799856,74.23846988880916,127876.93717788736,153,0,47.45454545454545,36,8,19,38.436444295949805,0.5980902777777778,47.21283783783784,1011.1486486486488,28.087462462462465,0
156,4,0,1,41,0.0,0.023809523809523808,0.9761904761904762,42,1750,1400,350,0.8,21,14,7,351.5908369324018,0.4723190089043747,0.26372613303294745,0.1887218788006707,127903.57320011329,593.944869614505,128497.5180697278,154,1,49.42857142857143,34,8,19,38.22182338864699,0.6032475490196079,47.113095238095234,1011.5476190476184,29.75140056022407,0
157,4,0,1,40,0.0,0.024390243902439025,0.975609756097561,41,1600,1100,500,0.6875,21,11,10,362.62820634606135,0.4700711382113821,0.2774139108771645,0.19479231969208788,127933.68055555562,1078.472222222228,129012.15277777785,155,2,51.53658536585366,34,7,20,37.91186161449753,0.6035539215686274,47.083333333333336,1011.6666666666672,29.75490196078433,0
158,4,1,0,41,0.024390243902439025,0.0,1.0,41,1100,800,300,0.7272727272727273,14,8,6,355.7451138934012,0.47022357723577235,0.2838823841684608,0.19329908619569192,128392.81316080368,935.3704104190891,129328.18357122276,156,0,51.853658536585364,33,8,18,37.616384522370026,0.610479797979798,46.62990196078432,1013.4803921568638,30.711527035056477,0
159,4,1,0,42,0.023809523809523808,0.0,1.0,42,1100,600,500,0.5454545454545454,16,6,10,350.94398227619496,0.4710244870305846,0.29696309942499854,0.1931323979881256,128898.98667800476,647.2647392290521,129546.25141723381,157,0,51.595238095238095,34,8,19,37.22157092614302,0.6133578431372548,46.130952380952394,1015.4761904761923,29.866946778711537,0
160,4,0,1,41,0.0,0.023809523809523808,0.9761904761904762,42,1050,800,250,0.7619047619047619,13,8,5,353.13772264794756,0.4702259969028262,0.2938739643484811,0.19508287785114806,129050.14349489815,714.4947562358516,129764.638251134,158,1,52.595238095238095,34,8,19,37.011814098808834,0.6148897058823529,45.98214285714287,1016.07142857143,29.884453781512647,0
161,4,1,1,41,0.023809523809523808,0.023809523809523808,0.9761904761904762,42,1350,700,650,0.5185185185185185,20,7,13,354.57670257519635,0.4696815718157181,0.28873577059013655,0.1969307017813611,129261.91184807286,766.6524943310988,130028.56434240396,159,0,53.30952380952381,34,8,21,36.75954109107937,0.6170343137254901,45.77380952380954,1016.9047619047644,29.908963585434247,0
162,4,0,1,40,0.0,0.024390243902439025,0.975609756097561,41,1400,1200,200,0.8571428571428571,16,12,4,362.2995025447826,0.46834349593495933,0.29100970241732393,0.20121991877357176,129261.91184807259,1166.3052721088484,130428.21712018143,160,1,55.41463414634146,34,7,21,36.563207289471634,0.6170343137254901,45.773809523809526,1016.904761904762,29.90896358543418,0
163,4,0,1,39,0.0,0.025,0.975,40,1350,1000,350,0.7407407407407407,17,10,7,367.1471271164012,0.4672275641025641,0.19911112381387852,0.1981144923434399,128115.23604948987,1423.811391036608,129539.04744052648,161,2,56.825,35,5,18,37.611585877062595,0.6032738095238095,46.90393518518518,1012.3842592592592,28.92526455026455,8
164,4,0,1,38,0.0,0.02564102564102564,0.9743589743589743,39,1100,600,500,0.5454545454545454,16,6,10,377.18034765609974,0.466121232568601,0.22152307195869625,0.2039933503291891,128206.57920030758,1871.4037718940276,130077.9829722016,162,5,59.23076923076923,33,6,21,37.264036786060004,0.6085858585858586,46.81372549019608,1012.7450980392157,30.68924539512775,0
165,4,2,2,38,0.05,0.05,0.95,40,1300,900,400,0.6923076923076923,17,9,8,372.76941202776055,0.4675480769230769,0.21520527859237593,0.2043639381052513,128747.9184382086,1598.657171201816,130346.57560941041,163,0,58.225,34,6,18,36.821847507331384,0.6118259803921569,46.279761904761905,1014.8809523809522,29.84943977591036,0
166,4,0,1,37,0.0,0.02631578947368421,0.9736842105263158,38,1250,700,550,0.56,18,7,11,383.228836821001,0.4659495021337126,0.20733816059656296,0.2096993747548624,128672.4175347223,2262.196180555565,130934.61371527787,164,1,58.94736842105263,33,5,18,36.63372689938398,0.6133207070707071,46.35416666666667,1014.583333333334,30.744949494949516,0
167,4,1,1,37,0.02631578947368421,0.02631578947368421,0.9736842105263158,38,1250,900,350,0.72,16,9,7,360.9421845115393,0.4662310336652442,0.1970253246220075,0.1925740287637665,127660.40322417006,1625.3705880711757,129285.77381224124,165,0,58.39473684210526,36,2,16,38.23452938117525,0.5966435185185186,47.3536036036036,1010.5855855855851,28.07182182182181,8
168,4,0,0,37,0.0,0.0,1.0,37,1400,900,500,0.6428571428571429,19,9,10,361.5203477840841,0.4650588088088088,0.1923076923076923,0.19351971557853898,127793.20987654309,1839.969135802452,129633.17901234554,166,1,59.729729729729726,35,2,17,38.083791208791204,0.6,47.222222222222214,1011.1111111111102,28.88888888888886,0
169,4,1,0,38,0.02631578947368421,0.0,1.0,38,1450,1000,450,0.6896551724137931,19,10,9,356.08053233692874,0.4638602418207682,0.20140960261714613,0.19284757543396014,128261.74554183801,1534.7843792866797,129796.52992112469,167,0,59.13157894736842,35,3,20,37.74184948202315,0.6047619047619048,46.75925925925925,1012.9629629629619,28.94179894179891,0
170,4,0,1,37,0.0,0.02631578947368421,0.9736842105263158,38,1100,700,400,0.6363636363636364,15,7,8,350.4523740009071,0.4632823613086771,0.19846841864826525,0.19035738131215524,128379.01341735253,1398.1460048011,129777.15942215364,168,1,60.13157894736842,35,3,16,37.764580478148325,0.605952380952381,46.64351851851852,1013.4259259259259,28.955026455026452,0
171,4,0,0,37,0.0,0.0,1.0,37,1150,600,550,0.5217391304347826,17,6,11,355.6146620799858,0.4621496496496496,0.1955457682948265,0.19415895849264256,128584.36113522365,1745.2968267746755,130329.65796199832,169,2,61.810810810810814,35,2,16,37.4240414241698,0.6080357142857142,46.440972222222214,1014.2361111111102,28.978174603174576,0
172,4,1,0,38,0.02631578947368421,0.0,1.0,38,1150,800,350,0.6956521739130435,15,8,7,347.98729105468806,0.46191915599810335,0.1966445617148458,0.19130813513104072,128858.14868922984,1368.1996185374628,130226.3483077673,170,0,61.1578947368421,36,2,18,37.33825051759834,0.6087962962962963,46.171171171171174,1015.315315315316,28.20320320320322,0
173,4,0,0,38,0.0,0.0,1.0,38,1400,1100,300,0.7857142857142857,17,11,6,352.97294506909986,0.4617413466097677,0.19918893686544492,0.19460977778259653,128972.51136271398,1504.7614337310142,130477.27279644499,171,1,62.1578947368421,36,2,18,37.09511271249075,0.6099537037037037,46.05855855855855,1015.7657657657651,28.215715715715696,0
174,4,0,0,38,0.0,0.0,1.0,38,1100,800,300,0.7272727272727273,14,8,6,350.6626253635253,0.46169689426268373,0.20080186616124762,0.19403618601507142,129115.53603857229,1455.1985685009236,130570.73460707322,172,2,63.1578947368421,36,2,19,37.00807940904894,0.611400462962963,45.91779279279279,1016.3288288288284,28.231356356356343,0
175,4,0,0,38,0.0,0.0,1.0,38,1000,700,300,0.7,13,7,6,363.28213026466267,0.46122273589378854,0.20733981276900115,0.19317234307363557,127524.87775134569,1851.2809570594254,129376.15870840511,173,3,64.15789473684211,33,5,17,38.31442611016744,0.6016414141414141,47.48774509803922,1010.0490196078435,30.607546048722533,8
176,4,0,0,38,0.0,0.0,1.0,38,1800,1600,200,0.8888888888888888,20,16,4,361.40606359391984,0.4600966097676624,0.20145895827652072,0.19326576146344868,127753.08956916096,1634.148242630381,129387.23781179135,174,4,65.15789473684211,34,4,18,38.12779674988224,0.6017156862745099,47.26190476190476,1010.9523809523806,29.73389355742296,0
177,4,0,0,38,0.0,0.0,1.0,38,1400,900,500,0.6428571428571429,19,9,10,363.6459862830407,0.45904457088667616,0.20788173068585802,0.1953390386493855,127933.68055555546,1704.5138888888791,129638.19444444434,175,5,66.15789473684211,34,4,19,37.88612026359144,0.6035539215686274,47.08333333333333,1011.6666666666658,29.754901960784288,0
178,4,1,1,38,0.02564102564102564,0.02564102564102564,0.9743589743589743,39,1100,700,400,0.6363636363636364,15,7,8,349.9839416603727,0.4596547458389564,0.19792533121165024,0.18941878979939247,128234.94897959182,1176.2081916099755,129411.15717120179,176,0,65.43589743589743,34,5,20,37.923620905814126,0.6066176470588236,46.785714285714285,1012.8571428571427,29.78991596638655,0
179,4,0,0,38,0.0,0.0,1.0,38,750,400,350,0.5333333333333333,11,4,7,358.06762176661493,0.4595631816026553,0.1989156805466159,0.19321110758269613,128114.39909297042,1574.723639455769,129689.12273242619,177,1,67.36842105263158,34,4,20,37.84224090624019,0.6053921568627452,46.9047619047619,1012.3809523809515,29.77591036414563,0
180,4,2,1,39,0.05,0.025,0.975,40,800,500,300,0.625,11,5,6,342.1610750140197,0.46001602564102567,0.19738193018480477,0.18722746464250262,128672.41753472206,805.3420847505467,129477.7596194726,178,0,64.95,35,5,17,37.67539356605066,0.6089285714285715,46.35416666666666,1014.583333333332,28.9880952380952,0
181,4,1,1,39,0.025,0.025,0.975,40,1050,700,350,0.6666666666666666,14,7,7,342.42734313749736,0.4606436965811966,0.19862599771949885,0.1879278973289016,128789.87295310339,820.234803669392,129610.10775677278,179,0,65.925,35,5,18,37.548935765868485,0.6101190476190477,46.23842592592592,1015.0462962962949,29.001322751322714,0
182,4,2,2,39,0.04878048780487805,0.04878048780487805,0.9512195121951219,41,1100,700,400,0.6363636363636364,15,7,8,334.4132211701212,0.45917174796747967,0.19613254299873728,0.18558560631582494,129230.80800165006,443.95455568412206,129674.76255733418,180,0,65.1951219512195,35,6,21,37.303761145892636,0.6145833333333333,45.80439814814813,1016.7824074074048,29.05092592592585,0
183,4,0,0,39,0.0,0.0,1.0,39,1150,800,350,0.6956521739130435,15,8,7,340.91414277054366,0.4582208726945569,0.18825200653455565,0.18864194595365752,129115.53603857226,1003.4624573898129,130118.99849596208,181,1,66.51282051282051,36,3,21,37.25577100646353,0.611400462962963,45.91779279279279,1016.328828828828,28.231356356356333,0
184,4,1,0,40,0.025,0.0,1.0,40,1350,800,550,0.5925925925925926,19,8,11,333.6828949146647,0.45753205128205127,0.17986182190378663,0.18629039333235842,129466.28146701377,640.1937859523189,130106.47525296609,182,0,65.825,35,5,13,37.083120095530525,0.6169642857142856,45.57291666666666,1017.7083333333323,29.077380952380924,0
185,4,0,2,38,0.0,0.05,0.95,40,1550,1200,350,0.7741935483870968,19,12,7,355.4534621030603,0.45710470085470084,0.13815356113627053,0.19144045664042858,128039.0842013888,1102.3871527777728,129141.47135416657,183,1,66.825,39,1,14,37.98545354741321,0.5950854700854701,46.979166666666664,1012.0833333333326,25.95085470085468,7
186,4,0,0,38,0.0,0.0,1.0,38,1350,1000,350,0.7407407407407407,17,10,7,366.4075292659366,0.45688122332859177,0.16708102868221464,0.19731280601660395,128033.53555901797,1782.49028547243,129816.0258444904,184,4,71.23684210526316,37,1,15,37.71397616468038,0.5985360360360361,46.98464912280701,1012.0614035087704,27.353010905642442,0
187,4,0,0,38,0.0,0.0,1.0,38,1000,700,300,0.7,13,7,6,367.8258492674135,0.4563181602655287,0.1631554884467996,0.19877136227551548,128173.82979948969,1829.2257434118842,130003.05554290157,185,5,72.23684210526316,35,3,15,37.53440869432697,0.6038690476190476,46.8460648148148,1012.6157407407392,28.93187830687826,0
188,4,1,0,39,0.02564102564102564,0.0,1.0,39,1000,700,300,0.7,13,7,6,360.75517355693233,0.4570119208277103,0.04402255262595167,0.1942827606085745,128036.3810016256,1437.9573699686068,129474.3383715942,186,0,71.35897435897436,38,1,15,37.85407649811743,0.596765350877193,46.981837606837615,1012.0726495726512,26.633490778227664,8
189,4,1,1,39,0.025,0.025,0.975,40,1500,1200,300,0.8,18,12,6,352.1977357438043,0.4577056623931624,0.04606685465867688,0.19104875263961268,128325.398596939,1039.41125033733,129364.80984727634,187,0,70.55,34,6,17,37.77513414013237,0.6075367647058824,46.696428571428584,1013.2142857142876,29.800420168067284,0
190,4,1,1,39,0.025,0.025,0.975,40,950,500,450,0.5263157894736842,14,5,9,343.27869900000866,0.4599358974358974,0.02654464009885671,0.18427747075672107,127907.33642578128,781.5728081597236,128688.909233941,188,0,71.025,39,1,15,38.42817852607008,0.59375,47.109375,1011.5625000000002,25.937500000000007,8
191,4,1,0,40,0.025,0.0,1.0,40,1200,900,300,0.75,15,9,6,343.26726530612257,0.46043002136752137,0.033251428571429154,0.1856358820413209,128203.13169795946,802.4665905778402,129005.5982885373,189,0,71.975,35,5,18,38.12619047619047,0.6041666666666667,46.817129629629626,1012.7314814814808,28.935185185185166,0
192,4,1,0,41,0.024390243902439025,0.0,1.0,41,950,700,250,0.7368421052631579,12,7,5,344.72724228995975,0.4603404471544716,0.055759671493408325,0.18876366273084533,128700.23108071712,673.2951485072315,129373.52622922434,190,0,71.1951219512195,37,4,17,37.581946545637926,0.6052927927927928,46.32675438596491,1014.69298245614,27.42413466097676,0
193,4,0,1,40,0.0,0.024390243902439025,0.975609756097561,41,1500,1200,300,0.8,18,12,6,379.3161916068234,0.4601880081300813,0.04244745832901997,0.19687346022194005,126541.17974175338,1486.689346421489,128027.86908817488,191,1,72.1951219512195,39,2,14,38.92235652413984,0.5798611111111112,48.463541666666664,1006.1458333333326,25.798611111111093,8
194,4,2,2,40,0.047619047619047616,0.047619047619047616,0.9523809523809523,42,1200,900,300,0.75,15,9,6,363.6623067776458,0.46042634533488197,0.0691954022988508,0.1896799801538079,126742.13927469129,901.0666835455177,127643.20595823681,192,0,70.14285714285714,38,4,17,39.10919540229885,0.5836074561403508,48.263888888888886,1006.9444444444439,26.498538011695892,8
195,4,1,3,38,0.024390243902439025,0.07317073170731707,0.926829268292683,41,1350,1000,350,0.7407407407407407,17,10,7,358.7529470106839,0.45889227642276426,0.08648014188431019,0.1882355562902552,126984.3087972093,911.1990010227025,127895.507798232,193,0,71.53658536585365,38,3,18,38.983773231573736,0.5860745614035088,48.023504273504265,1007.9059829059819,26.523841655420576,0
196,4,4,5,37,0.09523809523809523,0.11904761904761904,0.8809523809523809,42,1200,900,300,0.75,15,9,6,340.90685036773607,0.4632210607820364,0.10340881497439969,0.1819420057810901,127673.13169677222,305.0203548602469,127978.15205163247,194,0,69.28571428571429,37,5,16,38.72769068026472,0.5948761261261262,47.34100877192983,1010.6359649122819,27.31448553816978,0
197,4,1,1,37,0.02631578947368421,0.02631578947368421,0.9736842105263158,38,950,700,250,0.7368421052631579,12,7,5,367.3251184265349,0.4593853722143196,0.12101786257551428,0.19424922201508008,127302.17013888879,1752.2569444444352,129054.42708333323,195,0,71.5,34,4,20,38.44102669969724,0.5971200980392157,47.70833333333333,1009.1666666666658,29.681372549019585,0
198,4,1,1,37,0.02631578947368421,0.02631578947368421,0.9736842105263158,38,1050,900,150,0.8571428571428571,12,9,3,357.1863607025421,0.4595779990516833,0.12640859074638766,0.190922011895716,127734.70320001697,1525.0187542866715,129259.72195430365,196,0,70.63157894736842,35,3,19,38.25328219219906,0.5994047619047619,47.28009259259258,1010.8796296296282,28.88227513227509,0
199,4,1,0,38,0.02631578947368421,0.0,1.0,38,1300,800,500,0.6153846153846154,18,8,10,346.21794105634433,0.460926386913229,0.1134341637010674,0.18709084891698596,128173.0379027676,1275.1610563265926,129448.19895909418,197,0,67.73684210526316,36,2,20,38.082230501186245,0.6018518518518519,46.846846846846844,1012.6126126126123,28.12812812812812,0
200,4,2,2,38,0.05,0.05,0.95,40,700,400,300,0.5714285714285714,10,4,6,330.36389300262476,0.4637019230769231,0.10884678578763585,0.18053218799436366,128619.580078125,498.25303819444446,129117.83311631944,198,0,65.3,39,1,17,38.02842815088656,0.6009615384615384,46.40625,1014.375,26.009615384615383,0
201,4,1,0,39,0.02564102564102564,0.0,1.0,39,800,600,200,0.75,10,6,4,334.67196645553724,0.46072312190733244,0.11571819451309606,0.18269355822670558,128577.58881446761,806.2628981298594,129383.85171259748,199,0,67.94871794871794,38,1,18,37.96196320095507,0.6022478070175439,46.44764957264956,1014.2094017094,26.68972109761579,0
202,4,2,2,39,0.04878048780487805,0.04878048780487805,0.9512195121951219,41,1200,1000,200,0.8333333333333334,14,10,4,321.76014475344795,0.4610010162601626,0.11960755143997792,0.17808097441500995,129123.91067031841,109.3856376825753,129233.29630800098,200,0,65.58536585365853,40,1,21,37.73393493983934,0.6044270833333334,45.909552845528445,1016.3617886178847,25.409044715447116,0
203,4,0,1,38,0.0,0.02564102564102564,0.9743589743589743,39,1200,600,600,0.5,18,6,12,333.61700243331546,0.45931736392262706,0.11873232106695153,0.1841186347149386,129011.37689248647,808.0777677331944,129819.45466021966,201,1,68.51282051282051,38,1,23,37.547104497493606,0.6066337719298245,46.020299145299134,1015.9188034188019,26.734705353126365,0
204,4,0,0,38,0.0,0.0,1.0,38,1050,600,450,0.5714285714285714,15,6,9,333.2845809996373,0.45803698435277385,0.12422721673129034,0.1846910550177903,129173.5212397081,1010.3085805247512,130183.82982023286,202,2,70.36842105263158,37,1,23,37.39067612267645,0.6100788288288288,45.860745614035075,1016.5570175438575,27.474513987671823,0
205,4,1,1,38,0.02564102564102564,0.02564102564102564,0.9743589743589743,39,1450,900,550,0.6206896551724138,20,9,11,324.27613444533563,0.45799595141700405,0.12117396019169568,0.18144611186903126,129554.63927469132,602.2955246913507,130156.93479938267,203,0,69.53846153846153,38,1,19,37.23283310595724,0.6121162280701755,45.48611111111111,1018.0555555555553,26.790935672514614,0
206,4,1,0,39,0.02564102564102564,0.0,1.0,39,1350,800,550,0.5925925925925926,19,8,11,324.85081733210995,0.4584176788124157,0.12672878598416104,0.18252519406373988,129717.84056770017,627.789306194735,130345.62987389491,204,0,70.41025641025641,38,1,21,37.052744275476314,0.6137609649122807,45.32585470085469,1018.6965811965797,26.807804768331046,0
207,4,0,1,38,0.0,0.02564102564102564,0.9743589743589743,39,950,500,450,0.5263157894736842,14,5,9,327.0251041611661,0.4579397210976159,0.12793092138866968,0.18413019146925608,129799.47973738021,689.5376762363753,130489.01741361659,205,1,71.41025641025641,38,1,22,36.91462221290277,0.6145833333333333,45.24572649572649,1019.0170940170927,26.816239316239283,0
208,4,3,2,39,0.07317073170731707,0.04878048780487805,0.9512195121951219,41,1100,900,200,0.8181818181818182,13,9,4,309.4193274632488,0.45810467479674793,0.141092285114796,0.17747925485698604,130522.0739659759,-122.78953086786635,130399.28443510803,206,0,67.82926829268293,40,1,16,36.63310127631362,0.6184895833333333,44.53760162601626,1021.8495934959346,25.546239837398367,0
209,4,0,1,38,0.0,0.02564102564102564,0.9743589743589743,39,1650,1200,450,0.7272727272727273,21,12,9,322.6490555935413,0.4564496176338282,0.1382077837774034,0.18435160325275918,130371.67302441753,612.8594354956592,130984.53245991319,207,1,72.15384615384616,38,1,24,36.44710918157407,0.6203399122807017,44.68482905982906,1021.2606837606846,26.875281151596965,0
210,4,0,0,38,0.0,0.0,1.0,38,1100,500,600,0.45454545454545453,17,5,12,325.6561298086967,0.4565552394499763,0.13552843461310315,0.18621773168618855,130402.5412266274,893.2773786165017,131295.8186052439,208,2,72.71052631578948,37,1,24,36.33912596171052,0.6224662162162162,44.6546052631579,1021.3815789473683,27.604907539118063,0
211,4,0,1,37,0.0,0.02631578947368421,0.9736842105263158,38,850,800,50,0.9411764705882353,9,8,1,325.65643096576514,0.45633297771455666,0.13278770009376273,0.18662156357558415,130486.5499480609,898.7568290243112,131385.3067770852,209,3,73.71052631578948,37,1,24,36.25420333404881,0.6233108108108107,44.57236842105263,1021.7105263157891,27.613798008534843,0
212,4,0,0,37,0.0,0.0,1.0,37,500,300,200,0.6,7,3,4,326.41729744379745,0.4548611111111111,0.12008790597076402,0.18759938636073242,130598.60365689445,1125.9286511234275,131724.5323080179,210,4,71.56756756756756,37,0,19,36.12154044196525,0.6244369369369369,44.46271929824562,1022.1491228070178,27.625651967757236,0
213,4,0,0,37,0.0,0.0,1.0,37,1150,900,250,0.782608695652174,14,9,5,327.40775340517934,0.45442317317317316,0.11852006446601027,0.1884413514043143,130654.64854570635,1155.468990458596,131810.11753616494,211,5,72.56756756756756,37,0,19,36.039611039611025,0.625,44.4078947368421,1022.3684210526314,27.631578947368418,0
214,4,1,0,38,0.02631578947368421,0.0,1.0,38,850,400,450,0.47058823529411764,13,4,9,320.8761913879473,0.4554735656709341,0.12886524316217907,0.18620925437237565,130972.4633487653,805.1890432098594,131777.65239197516,212,0,71.63157894736842,38,0,20,35.88591135232925,0.6263706140350878,44.097222222222214,1023.6111111111102,26.937134502923954,0
215,4,0,1,37,0.0,0.02631578947368421,0.9736842105263158,38,1100,700,400,0.6363636363636364,15,7,8,318.51743724237156,0.45501422475106684,0.12314932782708099,0.18523489796910703,131054.49631090638,748.6284608079329,131803.12477171433,213,1,72.63157894736842,38,0,20,35.86359209794102,0.6271929824561404,44.01709401709401,1023.9316239316224,26.94556905083217,0
216,4,0,2,35,0.0,0.05405405405405406,0.9459459459459459,37,1100,600,500,0.5454545454545454,16,6,10,321.0262487074238,0.4549236736736737,0.11417522266831504,0.18652284282397086,131019.23338190575,1012.1226002231224,132031.35598212888,214,2,72.5945945945946,37,0,20,35.834917532397995,0.6286599099099099,44.05153508771929,1023.793859649121,27.670104314841108,0
217,4,0,0,35,0.0,0.0,1.0,35,1500,1100,400,0.7333333333333333,19,11,8,336.58786338369316,0.4520658263305322,0.11799654130234472,0.1945781637964986,130824.41332572434,1806.781951946138,132631.1952776705,215,3,77.14285714285714,35,0,21,35.633390843609746,0.6306547619047619,44.24189814814814,1023.0324074074065,29.22949735449733,0
218,4,0,0,35,0.0,0.0,1.0,35,1500,1200,300,0.8,18,12,6,333.61277270343714,0.45150560224089636,0.11117176774610393,0.1937495058806235,131002.0834003127,1740.793654621029,132742.87705493372,216,4,78.14285714285714,35,0,21,35.53007819860561,0.6324404761904762,44.068287037037024,1023.7268518518499,29.24933862433857,0
219,4,0,0,35,0.0,0.0,1.0,35,1050,500,550,0.47619047619047616,16,5,11,336.5202345639063,0.4511904761904762,0.11902555575286966,0.1960413137364059,131120.59709630048,1824.946818201292,132945.54391450176,217,5,79.14285714285714,35,0,21,35.33603137831017,0.6336309523809525,43.95254629629629,1024.189814814814,29.262566137566118,0
220,4,1,0,36,0.027777777777777776,0.0,1.0,36,850,500,350,0.5882352941176471,12,5,7,329.22555279357914,0.4497685185185185,0.12206976460543983,0.19400030956982575,131559.08230866006,1462.5223196169184,133021.60462827698,218,0,77.91666666666667,36,0,19,35.080954994511515,0.6359953703703703,43.52477477477478,1025.9009009009012,28.497247247247255,0
221,4,0,0,36,0.0,0.0,1.0,36,800,500,300,0.625,11,5,6,329.35627366144024,0.449619708994709,0.12397407285454709,0.19422427244850365,131587.9662390431,1467.864443835727,133055.83068287882,219,1,78.91666666666667,36,0,20,35.0485219331943,0.6362847222222222,43.49662162162162,1026.0135135135135,28.500375375375377,0
222,4,0,0,36,0.0,0.0,1.0,36,1100,600,500,0.5454545454545454,16,6,10,329.59006508730045,0.44952050264550264,0.12620249460477728,0.19465678957489102,131645.74361100968,1477.8258410437509,133123.56945205343,220,2,79.91666666666667,36,0,20,34.984362997915056,0.6368634259259259,43.44031531531532,1026.238738738739,28.506631631631635,0
223,4,0,0,36,0.0,0.0,1.0,36,1100,800,300,0.7272727272727273,14,8,6,331.0584527825905,0.44866071428571425,0.12431614090238918,0.19641652771141463,131819.1518165125,1527.9688894976084,133347.1207060101,221,3,80.91666666666667,36,0,20,34.77217896699198,0.638599537037037,43.2713963963964,1026.9144144144148,28.52540040040041,0
224,4,0,0,36,0.0,0.0,1.0,36,1000,800,200,0.8,12,8,4,332.1923324045673,0.4481150793650794,0.11940425739198224,0.1978409165051745,131963.7458404351,1567.4689047155332,133531.21474515062,222,4,81.91666666666667,36,0,21,34.597627137220506,0.6400462962962963,43.130630630630634,1027.477477477478,28.541041041041055,0
225,4,2,1,37,0.05263157894736842,0.02631578947368421,0.9736842105263158,38,1050,700,350,0.6666666666666666,14,7,7,326.6712191922088,0.4473091512565197,0.14217809024957262,0.19813273752813443,132652.0314543898,1067.4335087349682,133719.46496312477,223,0,78.55263157894737,37,1,17,34.04858524037607,0.6449887387387387,42.46162280701754,1030.1535087719296,27.841986723565665,0
226,4,0,1,36,0.0,0.02702702702702703,0.972972972972973,37,1500,1300,200,0.8666666666666667,17,13,4,333.920695100891,0.44641516516516516,0.15221432476763241,0.20209826318316684,132571.90626014542,1453.7006178475954,134025.606877993,224,1,81.67567567567568,36,1,22,33.94227264443229,0.6461226851851851,42.53941441441442,1029.8423423423435,28.606731731731763,0
227,4,1,2,35,0.02702702702702703,0.05405405405405406,0.9459459459459459,37,900,600,300,0.6666666666666666,12,6,6,335.82609214966106,0.4451013513513513,0.14841530054644814,0.2040377651506906,132716.9124360849,1513.9604131158408,134230.87284920074,225,0,81.91891891891892,36,1,20,33.747723132969035,0.6475694444444444,42.39864864864866,1030.4054054054068,28.62237237237241,0
228,4,0,0,35,0.0,0.0,1.0,35,1000,700,300,0.7,13,7,6,351.04047367061025,0.44516806722689073,0.14710304151728915,0.21182463194904186,132459.2704790251,2299.7130102040987,134758.9834892292,226,3,85.14285714285714,34,1,23,33.61474114336379,0.649203431372549,42.64880952380953,1029.404761904763,30.276610644257737,0
229,4,0,0,35,0.0,0.0,1.0,35,1100,900,200,0.8181818181818182,13,9,4,348.850339674206,0.44439775910364143,0.14194890764073498,0.21118994321354506,132581.84700963733,2250.2444727891307,134832.09148242648,227,4,86.14285714285714,34,1,23,33.547903903209644,0.6504289215686274,42.52976190476191,1029.8809523809537,30.290616246498637,0
230,4,0,0,35,0.0,0.0,1.0,35,550,400,150,0.7272727272727273,7,4,3,350.4803623892378,0.44415266106442575,0.14723217381255083,0.2125232358622337,132643.1565334468,2297.7643140589703,134940.92084750577,228,5,87.14285714285714,34,1,20,33.44432566739861,0.6510416666666667,42.4702380952381,1030.1190476190482,30.297619047619065,0
231,4,0,0,35,0.0,0.0,1.0,35,1200,800,400,0.6666666666666666,16,8,8,349.04371950183497,0.4434173669467787,0.14346771398867975,0.2123451496646093,132765.81809807278,2268.2149943310906,135034.03309240387,229,6,88.14285714285714,34,1,21,33.35812059604945,0.6522671568627452,42.35119047619049,1030.59523809524,30.311624649859997,0
232,4,0,1,34,0.0,0.02857142857142857,0.9714285714285714,35,850,600,250,0.7058823529411765,11,6,5,345.58027404274367,0.4425770308123249,0.13903002309468793,0.21075529388803965,132857.8514739231,2182.61054421771,135040.46201814082,230,7,89.14285714285714,34,1,21,33.35498460354118,0.6531862745098039,42.26190476190477,1030.9523809523826,30.322128851540665,0
233,4,0,0,34,0.0,0.0,1.0,34,1150,600,550,0.5217391304347826,17,6,11,354.07077561394254,0.44273618538324416,0.13801174091618318,0.21492223903151034,132681.93310565667,2595.7589929354326,135277.69209859212,231,8,91.29411764705883,33,1,21,33.31288906070338,0.6537247474747474,42.4325980392157,1030.2696078431388,31.22029114676178,0
234,4,0,0,34,0.0,0.0,1.0,34,450,200,250,0.4444444444444444,7,2,5,355.0447417645886,0.4421605763517528,0.1461775197593902,0.216058341406671,132776.6438989813,2628.3298490965212,135404.9737480778,232,9,92.29411764705883,33,1,22,33.19262782401902,0.6546717171717171,42.340686274509814,1030.637254901962,31.23143196672612,0
235,4,0,0,34,0.0,0.0,1.0,34,750,500,250,0.6666666666666666,10,5,5,356.07940923558925,0.4418634878193702,0.1413946463036,0.21705362249925933,132839.80320069217,2660.30372933489,135500.10693002708,233,10,93.29411764705883,33,1,22,33.10251228403869,0.6553030303030303,42.27941176470589,1030.8823529411775,31.238859180035682,0
236,4,0,0,34,0.0,0.0,1.0,34,1100,700,400,0.6363636363636364,15,7,8,357.83600654654805,0.44121360665478315,0.14429830385284736,0.21904768488016674,132997.76715986623,2718.2779760188223,135716.04513588504,234,11,94.29411764705883,33,1,22,32.89857332382877,0.6568813131313131,42.12622549019607,1031.4950980392143,31.257427213309526,0
237,4,1,0,35,0.02857142857142857,0.0,1.0,35,650,500,150,0.7692307692307693,8,5,3,348.2006370540722,0.4412114845938375,0.14570371912073177,0.21501690549712704,133322.7656276791,2284.614385073722,135607.3800127528,235,0,92.57142857142857,35,0,23,32.821197093653105,0.6556547619047619,41.81134259259259,1032.754629629629,29.50727513227512,0
238,4,0,0,35,0.0,0.0,1.0,35,1000,900,100,0.9,11,9,2,351.44523691829687,0.44089635854341735,0.1500504201680677,0.2173699750170337,133382.53821855693,2375.331548996899,135757.86976755384,236,1,93.57142857142857,35,0,23,32.67752100840335,0.65625,41.753472222222214,1032.98611111111,29.513888888888857,0
239,4,0,0,35,0.0,0.0,1.0,35,1450,1000,450,0.6896551724137931,19,10,9,353.2845021079974,0.4398809523809524,0.15453707968678065,0.21976523039440177,133595.26643990926,2439.457578459618,136034.72401836887,237,2,94.57142857142857,34,1,23,32.41689697528021,0.6605392156862745,41.547619047619044,1033.8095238095234,30.406162464985982,0
240,4,0,0,35,0.0,0.0,1.0,35,1000,400,600,0.4,16,4,12,352.64514516753957,0.43967086834733893,0.15175590097869907,0.21955004199140346,133626.03635204068,2424.5145975056475,136050.55094954633,238,3,95.57142857142857,34,1,23,32.40260986374975,0.6608455882352942,41.51785714285713,1033.9285714285702,30.409663865546182,0
241,4,0,0,35,0.0,0.0,1.0,35,950,800,150,0.8421052631578947,11,8,3,368.54433206865986,0.4387955182072829,0.16108316956999658,0.2104775819230999,130353.74858276626,2611.415816326509,132965.16439909276,239,4,96.57142857142857,34,1,21,35.293531903318566,0.6280637254901961,44.70238095238094,1021.1904761904747,30.035014005602196,8
242,4,0,1,34,0.0,0.02857142857142857,0.9714285714285714,35,950,800,150,0.8421052631578947,11,8,3,366.34971310227223,0.4382703081232493,0.15682828181954456,0.21004539663038052,130505.75573979568,2562.1492346938517,133067.90497448953,240,5,97.57142857142857,34,1,19,35.195298846557165,0.6295955882352942,44.553571428571416,1021.7857142857124,30.052521008403307,0
243,4,0,2,32,0.0,0.058823529411764705,0.9411764705882353,34,850,500,350,0.5882352941176471,12,5,7,358.00721295427144,0.4379270647653,0.0830368699120867,0.2018675247553001,129856.32216274987,2500.482904558878,132356.80506730874,241,6,98.79411764705883,33,1,19,36.06756743216705,0.6253156565656566,45.189950980392155,1019.2401960784312,30.88606654783125,8
244,4,0,0,32,0.0,0.0,1.0,32,1050,700,350,0.6666666666666666,14,7,7,368.4413723466654,0.43611391129032256,0.05594346049046317,0.20802766715573254,129908.37191358021,3172.723765432094,133081.0956790123,239,7,95.5,32,0,19,35.74875113533151,0.6282552083333333,45.138888888888886,1019.4444444444441,31.85763888888888,0
245,4,0,0,32,0.0,0.0,1.0,32,1450,1200,250,0.8275862068965517,17,12,5,368.1933699353689,0.4352108534946237,0.05806444128201971,0.20909140003146293,130133.72559241418,3182.874993623118,133316.6005860373,240,8,96.5,32,0,20,35.52597657055645,0.6305338541666667,44.9179292929293,1020.3282828282839,31.885258838383873,0
246,4,0,0,32,0.0,0.0,1.0,32,600,300,300,0.5,9,3,6,361.68394951554876,0.43495883736559143,0.012010801502818413,0.1901281327769356,127060.18717796628,2791.1260649423275,129851.3132429086,241,9,97.5,32,0,18,38.83192444166147,0.5992838541666667,47.94823232323231,1008.2070707070686,31.506470959595894,8
247,4,3,0,35,0.08571428571428572,0.0,1.0,35,1050,700,350,0.6666666666666666,14,7,7,334.68934911242593,0.4441176470588235,0.01601255886970132,0.1791572398190043,127793.2098765431,1554.2052469135622,129347.41512345667,242,0,90.05714285714286,35,0,17,38.76201923076922,0.6,47.222222222222214,1011.1111111111103,28.888888888888864,0
248,4,1,0,36,0.027777777777777776,0.0,1.0,36,1000,500,500,0.5,15,5,10,327.7029644797171,0.4436177248677249,0.02742569120154159,0.17733817464082882,128230.0607195033,1204.2742066390701,129434.33492614236,243,0,88.52777777777777,36,0,19,38.49279149062337,0.6024305555555556,46.79054054054054,1012.8378378378379,28.134384384384386,0
249,4,0,0,36,0.0,0.0,1.0,36,950,500,450,0.5263157894736842,14,5,9,329.6714043902174,0.4425760582010582,0.028895185884851404,0.17904121714590038,128372.67324334486,1264.159894692008,129636.83313803688,244,1,89.52777777777777,36,0,14,38.29754231951697,0.6038773148148149,46.649774774774784,1013.4009009009022,28.150025025025062,0
250,4,0,0,36,0.0,0.0,1.0,36,1250,1000,250,0.8,15,10,5,331.6145657890901,0.4420469576719577,0.029110666814765596,0.1806125792981959,128486.82032962017,1321.6202266455632,129808.44055626573,245,2,90.52777777777777,36,0,16,38.13196527083565,0.6050347222222222,46.53716216216216,1013.8513513513514,28.16253753753754,0
251,4,1,0,37,0.02702702702702703,0.0,1.0,37,1000,600,400,0.6,14,6,8,318.98828655262645,0.44338088088088085,0.029945712451111994,0.17540567300934215,128867.17547706985,821.4238996614297,129688.59937673128,246,0,89.05405405405405,37,0,17,38.065154787617,0.6069819819819819,46.16228070175438,1015.3508771929822,27.44191559981033,0
252,4,1,4,34,0.02631578947368421,0.10526315789473684,0.8947368421052632,38,950,600,350,0.631578947368421,13,6,7,312.43066465542904,0.44683499288762446,0.03903407394299929,0.17349562813246067,129255.70371283525,476.6890843012748,129732.39279713653,247,0,87.6842105263158,38,0,18,37.83729950269663,0.6091008771929824,45.779914529914535,1016.8803418803429,26.76000899685113,0
253,4,1,0,35,0.02857142857142857,0.0,1.0,35,1550,1400,150,0.9032258064516129,17,14,3,334.965086682915,0.4414565826330532,0.04969397056908442,0.18465160808600878,128966.15655006851,1639.8319615912103,130605.98851165971,248,0,94.48571428571428,35,0,19,37.558872683075045,0.611904761904762,46.06481481481481,1015.7407407407401,29.021164021164,0
254,4,2,0,37,0.05405405405405406,0.0,1.0,37,1050,600,450,0.5714285714285714,15,6,9,325.2763194332599,0.4440690690690691,0.0731853489657579,0.18269752161638345,129703.52055440121,1037.896756694351,130741.41731109556,249,0,90.32432432432432,37,0,16,37.056422676713304,0.615427927927928,45.339912280701746,1018.6403508771918,27.53082029397816,0
255,4,0,1,36,0.0,0.02702702702702703,0.972972972972973,37,650,300,350,0.46153846153846156,10,3,7,324.73099393194263,0.44403778778778774,0.07428287182888438,0.1825212138307124,129731.44531249985,1025.5642361110965,130757.00954861095,250,1,91.32432432432432,37,0,16,37.04200749829583,0.6157094594594594,45.31249999999999,1018.7499999999989,27.533783783783754,0
256,4,1,0,37,0.02702702702702703,0.0,1.0,37,1050,700,350,0.6666666666666666,14,7,7,340.502718405058,0.4425362862862863,0.13180711094033715,0.1804292047344418,127383.94445516099,1285.766568072677,128669.71102323367,251,0,92.24324324324324,35,2,14,39.03395627914087,0.5958333333333333,47.6273148148148,1009.4907407407393,28.842592592592553,8
257,4,1,0,38,0.02631578947368421,0.0,1.0,38,950,600,350,0.631578947368421,13,6,7,333.2104054264453,0.44456792318634425,0.13942355610536827,0.17815543832717087,127745.77100326677,913.244029502472,128659.01503276924,252,0,90.78947368421052,36,2,15,38.84788904979391,0.5975115740740741,47.26914414414414,1010.9234234234234,28.081206206206204,0
258,4,0,0,38,0.0,0.0,1.0,38,600,300,300,0.5,9,3,6,332.59334031081215,0.4446271929824561,0.13510725589028283,0.178203352982762,127831.16731596457,903.1589866893879,128734.32630265396,253,1,91.78947368421052,36,2,16,38.77621566443949,0.5983796296296297,47.18468468468468,1011.2612612612609,28.09059059059058,0
259,4,2,0,40,0.05,0.0,1.0,40,1100,900,200,0.8181818181818182,13,9,4,318.74197109012346,0.4472355769230769,0.1476597090449081,0.17317218429329392,128388.03624260359,184.5311472715362,128572.56738987513,254,0,88.15,38,2,14,38.55879717478389,0.600328947368421,46.63461538461539,1013.4615384615388,26.67004048582997,0
260,4,1,0,41,0.024390243902439025,0.0,1.0,41,1250,1000,250,0.8,15,10,5,314.9089389734732,0.44845020325203255,0.15148442214326674,0.17242990300958982,128698.84033203124,-94.31694878472234,128604.52338324652,255,0,86.97560975609755,39,2,15,38.33977089963387,0.6017628205128205,46.328125,1014.6874999999999,26.0176282051282,0
261,4,1,2,40,0.023809523809523808,0.047619047619047616,0.9523809523809523,42,1150,700,450,0.6086956521739131,16,7,9,344.6192865094396,0.4500459736740225,0.10671477716561895,0.1824163618355026,127340.9020684249,439.4428078230798,127780.34487624798,256,0,85.88095238095238,37,5,17,38.97417617237007,0.5914977477477478,47.66995614035088,1009.3201754385965,27.278923660502606,8
262,4,2,1,41,0.047619047619047616,0.023809523809523808,0.9761904761904762,42,1600,1000,600,0.625,22,10,12,340.8087636982919,0.4531915408439799,0.11693871079771023,0.1820661611151632,127712.20419908321,305.0876844546683,128017.29188353788,257,0,82.11904761904762,38,4,19,38.69019307331851,0.5934758771929824,47.302350427350426,1010.7905982905984,26.599752586594693,0
263,4,1,1,41,0.023809523809523808,0.023809523809523808,0.9761904761904762,42,650,400,250,0.6153846153846154,9,4,5,345.5524467059111,0.4505299070847852,0.14143143792525992,0.18559478830733273,127928.27641034778,441.1857832931613,128369.46219364094,258,0,83.0952380952381,38,4,20,38.34926250572044,0.5956688596491229,47.08867521367522,1011.6452991452996,26.62224471434999,0
264,4,1,0,42,0.023809523809523808,0.0,1.0,42,1650,1300,350,0.7878787878787878,20,13,7,343.07439201696013,0.45121951219512196,0.14904434539548217,0.18254183323130893,127550.26989051438,352.02888724524263,127902.29877775961,259,0,81.16666666666667,38,4,17,38.798695575533216,0.5918311403508771,47.46260683760684,1010.1495726495734,26.582883490778247,6
265,4,2,1,43,0.045454545454545456,0.022727272727272728,0.9772727272727273,44,1200,900,300,0.75,15,9,6,334.3875502008029,0.45519511980267796,0.1631480467323838,0.1802218614718615,128067.37061273071,-235.173136030123,127832.19747670059,260,0,78.43181818181819,40,4,20,38.48958333333332,0.59375,46.95121951219513,1012.195121951221,25.304878048780527,0
266,4,4,3,44,0.0851063829787234,0.06382978723404255,0.9361702127659575,47,1250,1000,250,0.8,15,10,5,317.3303677278209,0.459913660191181,0.17676347199603604,0.17444845713809598,128856.81918905121,-1221.9403988440463,127634.87879020716,261,0,72.82978723404256,42,5,19,38.11776261373037,0.5987103174603174,46.17248062015504,1015.3100775193805,24.174049464747153,0
267,4,0,2,42,0.0,0.045454545454545456,0.9545454545454546,44,1600,1100,500,0.6875,21,11,10,343.58169820788635,0.4556355708245243,0.1030494585073678,0.1866391033983546,128381.94580078151,103.6069125555197,128485.55271333703,262,1,78.77272727272727,39,5,13,37.93566056806113,0.5985576923076923,46.640625000000014,1013.437500000002,25.985576923076977,8
268,4,2,2,42,0.045454545454545456,0.045454545454545456,0.9545454545454546,44,1450,1100,350,0.7586206896551724,18,11,7,336.3540649414062,0.4565384954193094,0.11445312499999982,0.18557465651939664,128999.74804736722,-122.08207357015468,128877.66597379706,263,0,75.56818181818181,41,3,16,37.48942057291666,0.6016260162601625,46.03174603174604,1015.8730158730168,24.77739063104919,0
269,4,0,2,40,0.0,0.047619047619047616,0.9523809523809523,42,1400,1000,400,0.7142857142857143,18,10,8,347.2432991175405,0.4536996709252807,0.13041525059572634,0.1915337473413042,128989.67013888899,558.159722222231,129547.82986111123,264,1,79.97619047619048,39,3,17,37.22313371616077,0.6047008547008548,46.04166666666667,1015.8333333333342,26.04700854700857,0
270,4,0,0,40,0.0,0.0,1.0,40,1000,900,100,0.9,11,9,2,352.5259163688788,0.4535389957264957,0.13128034962771173,0.1948036772206556,129062.08070031143,1099.545653470277,130161.62635378171,265,2,81.775,37,3,18,37.01519279882018,0.6089527027027026,45.970394736842096,1016.1184210526299,27.462660028449456,0
271,4,2,5,37,0.047619047619047616,0.11904761904761904,0.8809523809523809,42,1150,900,250,0.782608695652174,14,9,5,341.0815197840583,0.45276809910956256,0.13635980708072704,0.19136112065304117,129659.75265806344,445.1345282274546,130104.8871862909,266,0,78.83333333333333,36,6,16,36.698363555948696,0.6168981481481481,45.38288288288288,1018.4684684684682,28.290790790790783,0
272,4,2,1,38,0.05128205128205128,0.02564102564102564,0.9743589743589743,39,1200,800,400,0.6666666666666666,16,8,8,351.3078645192331,0.45037674313990106,0.14167296004603225,0.19723032078914365,129685.96938775468,1311.9401927437134,130997.9095804984,267,0,83.46153846153847,34,5,17,36.41133902134954,0.6213235294117647,45.35714285714283,1018.5714285714251,29.95798319327721,0
273,4,0,0,38,0.0,0.0,1.0,38,750,500,250,0.6666666666666666,10,5,5,361.75404926008997,0.4481537458511143,0.14786198070112144,0.20236302270731046,129544.24267409137,1772.6308691368326,131316.8735432282,268,1,86.65789473684211,33,5,17,36.28954997793025,0.6221590909090908,45.49632352941175,1018.0147058823502,30.84893048128334,0
274,4,1,0,39,0.02564102564102564,0.0,1.0,39,1000,600,400,0.6,14,6,8,357.11974825898983,0.4479588394062078,0.15208804515195706,0.20178754730041304,129937.87140185598,1480.6759848679528,131418.54738672395,269,0,85.41025641025641,35,4,18,36.007326786998156,0.6217261904761905,45.109953703703695,1019.560185185184,29.13029100529097,0
275,4,0,1,38,0.0,0.02564102564102564,0.9743589743589743,39,1400,1100,300,0.7857142857142857,17,11,6,357.2770777599782,0.44731219073324335,0.1465849784433857,0.2026409371542113,130085.41907793187,1495.3076774691087,131580.72675540097,270,1,86.41025641025641,35,4,18,35.853471749489444,0.6232142857142857,44.965277777777764,1020.1388888888871,29.146825396825346,0
276,4,1,0,39,0.02564102564102564,0.0,1.0,39,1100,900,200,0.8181818181818182,13,9,4,357.6883391116947,0.4465249662618083,0.15531100360673133,0.20412734530675591,130325.14537677808,1523.3980854051792,131848.54346218327,271,0,87.2051282051282,33,6,19,35.59969595135222,0.630050505050505,44.73039215686274,1021.0784313725483,30.941770647652977,0
277,4,0,1,38,0.0,0.02564102564102564,0.9743589743589743,39,1400,1100,300,0.7857142857142857,17,11,6,354.6355387760772,0.4468623481781377,0.10751857928771358,0.1941967375671371,128701.7763658478,1328.444760588119,130030.22112643592,272,1,88.2051282051282,35,4,19,37.32902266073532,0.6092261904761904,46.325231481481474,1014.6990740740732,28.991402116402092,8
278,4,0,1,37,0.0,0.02631578947368421,0.9736842105263158,38,1300,700,600,0.5384615384615384,19,7,12,356.64276866109043,0.4446420104314841,0.1031742220514793,0.19544023722627735,128731.1385459531,1582.2059327846098,130313.34447873771,273,2,91.39473684210526,35,3,21,37.24813716545013,0.6095238095238096,46.29629629629628,1014.8148148148127,28.994708994708937,0
279,4,0,1,36,0.0,0.02702702702702703,0.972972972972973,37,1550,1000,550,0.6451612903225806,21,10,11,360.80339112906057,0.44294294294294295,0.10914187682931065,0.1975033591903007,128687.51594387746,1886.1784297052036,130573.69437358266,274,3,94.21621621621621,34,3,22,37.187121123235165,0.6112132352941176,46.33928571428571,1014.6428571428564,29.842436974789894,0
280,4,1,1,36,0.02702702702702703,0.02702702702702703,0.972972972972973,37,1150,800,350,0.6956521739130435,15,8,7,356.2312127852216,0.4430367867867868,0.11512571676562078,0.1971056256753011,129113.15164448289,1798.8269193672636,130911.97856385015,275,0,92.72972972972973,35,2,23,36.86902118209769,0.6133928571428571,45.92013888888888,1016.3194444444433,29.03769841269838,0
281,4,0,0,36,0.0,0.0,1.0,36,850,600,250,0.7058823529411765,11,6,5,365.7182897682804,0.44284060846560847,0.11001119441841078,0.2021872617527228,129080.38548752831,2241.411564625843,131321.79705215414,276,1,94.02777777777777,34,2,24,36.66139487660105,0.6151960784313726,45.95238095238095,1016.190476190476,29.887955182072826,0
282,4,0,1,35,0.0,0.027777777777777776,0.9722222222222222,36,1150,700,450,0.6086956521739131,16,7,9,367.4478447909572,0.4426256613756614,0.10982449604702182,0.20393228767068058,129233.48263251182,2297.4263123140095,131530.90894482582,277,2,95.02777777777777,32,4,24,36.46130841508341,0.6214192708333333,45.80176767676767,1016.792929292928,31.774779040404,0
283,4,0,0,35,0.0,0.0,1.0,35,750,600,150,0.8,9,6,3,374.8422237067956,0.440406162464986,0.12015570636260309,0.20753947953432328,129139.10064638594,2681.357530757393,131820.45817714333,278,3,98.08571428571429,33,2,24,36.36966481794068,0.6180555555555556,45.89460784313725,1016.4215686274504,30.800653594771223,0
284,4,1,1,35,0.027777777777777776,0.027777777777777776,0.9722222222222222,36,1250,800,450,0.64,17,8,9,362.0353551835181,0.4426752645502645,0.11515715467328369,0.2020779060096367,129458.25043362916,2173.7227719595635,131631.97320558873,279,0,96.33333333333333,32,4,19,36.369933829611256,0.6236979166666667,45.580808080808076,1017.6767676767672,31.802398989898975,0
285,4,1,1,35,0.027777777777777776,0.027777777777777776,0.9722222222222222,36,1100,900,200,0.8181818181818182,13,9,4,361.6896901086738,0.4431712962962963,0.1206298041160423,0.2028782364684673,129651.06398581764,2178.6906310580334,131829.75461687567,280,0,97.30555555555556,32,4,21,36.18248408959416,0.6256510416666667,45.39141414141413,1018.4343434343424,31.8260732323232,0
286,4,0,1,34,0.0,0.02857142857142857,0.9714285714285714,35,350,200,150,0.5714285714285714,5,2,3,363.15810735217104,0.44159663865546217,0.10510895574186718,0.20360283567034612,129631.97708129873,2415.380689832884,132047.35777113162,281,1,93.45714285714286,31,4,21,36.164519669266504,0.6280241935483871,45.41015624999999,1018.3593749999992,32.85030241935481,0
287,4,0,0,34,0.0,0.0,1.0,34,1050,700,350,0.6666666666666666,14,7,7,363.6563960231638,0.4387997623291741,0.0891522977706285,0.20474639966023603,129797.77865939676,2640.358479817712,132438.13713921446,282,2,91.61764705882354,31,3,22,35.98315444245676,0.6297043010752688,45.247395833333336,1019.0104166666672,32.87130376344088,0
288,4,2,3,33,0.05555555555555555,0.08333333333333333,0.9166666666666666,36,950,800,150,0.8421052631578947,11,8,3,345.67867448220903,0.44011243386243387,0.10221343439336539,0.19810423752903927,130488.24737271709,1822.2316337548893,132310.479006472,283,0,87.47222222222223,32,4,18,35.74106113033449,0.6341145833333333,44.57070707070707,1021.7171717171718,31.92866161616162,0
289,4,0,0,33,0.0,0.0,1.0,33,1050,800,250,0.7619047619047619,13,8,5,371.9922168640715,0.43986742424242425,0.1025321710253213,0.2113895891041942,130159.70054341554,3083.6791103017795,133243.37965371733,284,1,90.6969696969697,30,3,24,35.40267167193537,0.6361111111111111,44.892473118279575,1020.4301075268827,34.01433691756276,0
290,4,1,0,34,0.029411764705882353,0.0,1.0,34,800,400,400,0.5,12,4,8,360.1554857012908,0.43913398692810457,0.1034013394997757,0.20721199880817093,130640.1841975952,2610.1964461209523,133250.38064371614,285,0,89.0,30,4,20,35.21726268735209,0.6409722222222223,44.422043010752695,1022.3118279569901,34.07706093189967,0
291,4,0,1,33,0.0,0.029411764705882353,0.9705882352941176,34,700,500,200,0.7142857142857143,9,5,4,360.71528619995945,0.4393939393939394,0.1027150510618231,0.20808814349473034,130743.2601492948,2632.2185006937343,133375.47864998854,286,1,90.0,30,4,20,35.098512726157615,0.6420138888888889,44.32123655913979,1022.7150537634415,34.090501792114715,0
292,4,0,0,33,0.0,0.0,1.0,33,1200,1000,200,0.8333333333333334,14,10,4,369.84349861379314,0.4389993686868687,0.09612353330946322,0.21324649023440542,130723.78713348754,3069.468557098752,133793.2556905863,287,2,89.06060606060606,29,4,21,34.88486916564807,0.6447557471264368,44.34027777777777,1022.638888888888,35.263409961685795,0
293,4,0,0,33,0.0,0.0,1.0,33,1300,900,400,0.6923076923076923,17,9,8,372.34822338607427,0.4371054292929293,0.09526276192942862,0.21627886166893254,131008.00781250001,3156.1197916666674,134164.1276041667,288,3,90.06060606060606,29,4,22,34.53271265771264,0.6476293103448276,44.0625,1023.7500000000001,35.30172413793104,0
294,4,0,1,32,0.0,0.030303030303030304,0.9696969696969697,33,700,400,300,0.5714285714285714,10,4,6,375.17635073399595,0.4371448863636364,0.10034976100349757,0.21832480141765986,131079.11120756168,3235.5565200617166,134314.6677276234,289,4,91.06060606060606,29,4,22,34.38828043763279,0.6483477011494253,43.99305555555555,1024.0277777777774,35.31130268199232,0
295,4,0,0,32,0.0,0.0,1.0,32,1000,800,200,0.8,12,8,4,388.8108489254725,0.43663894489247307,0.10443521031207581,0.22563275248667186,130972.46334876542,3784.7029320987644,134757.16628086418,290,5,94.28125,29,3,22,34.14744459520578,0.6472701149425287,44.09722222222222,1023.6111111111111,35.29693486590038,0
296,4,0,0,32,0.0,0.0,1.0,32,600,400,200,0.6666666666666666,8,4,4,388.08998981606885,0.43663894489247307,0.10463430760884318,0.2258395812875987,131079.11120756174,3774.098186728398,134853.20939429014,291,6,95.28125,29,3,22,34.057682309326815,0.6483477011494253,43.99305555555556,1024.0277777777778,35.31130268199234,0
297,4,1,1,32,0.030303030303030304,0.030303030303030304,0.9696969696969697,33,1050,800,250,0.7619047619047619,13,8,5,378.3509980773341,0.43813131313131315,0.11245098521763408,0.22326335253956434,131613.00154320995,3359.4184027777906,134972.41994598773,292,0,93.36363636363636,29,4,21,33.76646814654395,0.6537356321839081,43.47222222222223,1026.1111111111118,35.38314176245213,0
298,4,0,0,32,0.0,0.0,1.0,32,1100,600,500,0.5454545454545454,16,6,10,396.1793503830413,0.4367229502688172,0.08610304169514715,0.2187209017397696,129024.94454089506,3823.4037422839474,132848.34828317902,293,1,92.65625,29,3,23,35.94426406926407,0.6275143678160919,46.00694444444444,1015.9722222222222,35.03352490421456,8
299,4,1,0,33,0.030303030303030304,0.0,1.0,33,1050,900,150,0.8571428571428571,12,9,3,383.4195679601571,0.4383680555555556,0.07832352587966862,0.21373241012211985,129406.44330269385,3323.3925164758807,132729.83581916973,294,0,90.81818181818181,30,3,25,35.87874284456187,0.6284722222222222,45.63172043010752,1017.473118279569,33.91577060931897,0
300,4,1,2,32,0.029411764705882353,0.058823529411764705,0.9411764705882353,34,950,700,250,0.7368421052631579,12,7,5,372.98060319570965,0.4395610516934046,0.08033856025485941,0.21053101243108938,129897.31046888558,2889.8354424370577,132787.14591132264,295,0,89.11764705882354,31,3,21,35.64431919785413,0.6307123655913979,45.14973958333333,1019.4010416666662,32.88390456989246,0
301,4,0,0,32,0.0,0.0,1.0,32,1200,800,400,0.6666666666666666,16,8,8,385.36925806858767,0.436491935483871,0.07408038147138951,0.21758541186334096,129908.37191358021,3612.538580246908,133520.9104938271,296,1,91.21875,29,3,21,35.31732515894642,0.6364942528735632,45.138888888888886,1019.4444444444441,35.15325670498083,0
302,4,0,0,32,0.0,0.0,1.0,32,800,700,100,0.875,9,7,2,385.0949421162801,0.43563088037634407,0.0730698529411764,0.2182204671992253,130049.9999999999,3616.3194444444307,133666.31944444432,297,2,92.21875,29,3,22,35.18007897603487,0.6379310344827587,44.99999999999999,1019.9999999999992,35.17241379310342,0
303,4,2,1,33,0.058823529411764705,0.029411764705882353,0.9705882352941176,34,950,700,250,0.7368421052631579,12,7,5,365.6551840345747,0.4395796197266786,0.08726950115670529,0.21140197063720775,130828.11355590822,2767.5955878363716,133595.70914374458,298,0,87.73529411764706,31,3,20,34.88622141614697,0.6401209677419355,44.23828125,1023.0468750000001,33.0015120967742,0
304,4,0,0,33,0.0,0.0,1.0,33,1300,800,500,0.6153846153846154,18,8,10,370.79421297069723,0.4376578282828283,0.10207168903963426,0.21447458580037593,130846.37674875707,3103.4158573245436,133949.7926060816,299,1,90.93939393939394,30,3,21,34.73627167630057,0.6430555555555555,44.22043010752688,1023.1182795698924,34.10394265232974,0
305,4,0,0,33,0.0,0.0,1.0,33,1050,800,250,0.7619047619047619,13,8,5,369.69452302980045,0.4362373737373737,0.10427011713776424,0.2146031621490059,130983.92877789326,3084.8082148225076,134068.73699271577,300,2,91.93939393939394,30,3,22,34.625021883753504,0.6444444444444444,44.08602150537634,1023.6559139784935,34.12186379928311,0
306,4,0,1,32,0.0,0.030303030303030304,0.9696969696969697,33,1150,1100,50,0.9565217391304348,12,11,1,372.39115521466385,0.4361584595959596,0.10401202892670502,0.21655540613933638,131052.7318909699,3160.5756445831685,134213.30753555306,301,3,92.93939393939394,30,3,23,34.48630436685043,0.6451388888888889,44.018817204301065,1023.9247311827944,34.13082437275981,0
307,4,0,0,32,0.0,0.0,1.0,32,850,600,250,0.7058823529411765,11,6,5,380.39255748827753,0.4347068212365592,0.11689500813890419,0.22115567301290057,131043.55709876533,3569.5987654320857,134613.1558641974,302,4,96.28125,29,3,24,34.29078495207091,0.6479885057471264,44.02777777777777,1023.8888888888881,35.30651340996166,0
308,4,0,0,32,0.0,0.0,1.0,32,1100,900,200,0.8181818181818182,13,9,4,380.93421430623397,0.433572748655914,0.11294491525423744,0.22208615260936565,131150.23389274694,3591.922260802475,134742.1561535494,303,5,97.28125,29,3,24,34.168785310734464,0.649066091954023,43.923611111111114,1024.3055555555557,35.32088122605364,0
309,4,0,0,32,0.0,0.0,1.0,32,1200,700,500,0.5833333333333334,17,7,10,383.35924446413543,0.4327746975806452,0.12131232217856658,0.2247477826362022,131363.71768904332,3671.899112654336,135035.61680169764,304,6,98.28125,29,3,24,33.89036602989658,0.6512212643678161,43.715277777777786,1025.1388888888898,35.34961685823758,0
310,4,0,0,32,0.0,0.0,1.0,32,750,600,150,0.8,9,6,3,382.5436196355855,0.43254368279569894,0.11291892349356769,0.22510634510030308,131506.13667052487,3661.366705246936,135167.5033757718,305,7,99.28125,29,3,24,33.76706725344166,0.6526580459770115,43.5763888888889,1025.694444444446,35.36877394636021,0
311,4,0,1,31,0.0,0.03125,0.96875,32,950,600,350,0.631578947368421,13,6,7,384.3772685667248,0.4322706653225807,0.11900551644781365,0.22660773207521123,131577.3750964507,3715.070408950628,135292.44550540132,306,8,100.28125,29,3,19,33.64793443436668,0.6533764367816092,43.50694444444445,1025.9722222222229,35.37835249042148,0
312,4,1,0,32,0.03125,0.0,1.0,32,1100,800,300,0.7272727272727273,14,8,6,379.0181701166847,0.43449680779569894,0.12252010950385306,0.22555087726091053,131933.8565779322,3601.0657793210007,135534.9223572532,307,0,99.53125,29,3,22,33.42500901266279,0.6569683908045977,43.15972222222223,1027.3611111111118,35.42624521072799,0
313,4,0,0,32,0.0,0.0,1.0,32,1150,800,350,0.6956521739130435,15,8,7,377.15682435797436,0.43386676747311825,0.1260513781921364,0.2252895607000299,132076.584201389,3562.7170138889073,135639.3012152779,308,1,100.53125,29,3,22,33.328688690717456,0.6584051724137931,43.02083333333334,1027.9166666666677,35.44540229885061,0
314,4,1,0,33,0.030303030303030304,0.0,1.0,33,1000,600,400,0.6,14,6,8,366.7404416856664,0.43426452020202017,0.12120420712742463,0.22114159861644359,132432.58794369295,3113.6771592091663,135546.2651029021,309,0,98.45454545454545,30,3,23,33.23757290850527,0.6590277777777778,42.6747311827957,1029.3010752688176,34.31003584229392,0
315,4,0,0,33,0.0,0.0,1.0,33,800,600,200,0.75,10,6,4,366.47506001548135,0.43442234848484845,0.11947916295742345,0.22118459295969828,132467.1769315817,3109.1833232165554,135576.36025479826,310,1,99.45454545454545,30,3,23,33.2095682639161,0.659375,42.641129032258064,1029.4354838709678,34.31451612903226,0
316,4,0,0,33,0.0,0.0,1.0,33,1000,600,400,0.6,14,6,8,368.2551596982073,0.4331991792929293,0.1196781909110678,0.22348977031565795,132674.80570369412,3171.636352468504,135846.44205616263,311,2,100.45454545454545,30,3,18,32.95471841704718,0.6614583333333333,42.43951612903226,1030.2419354838714,34.34139784946238,0
317,4,0,0,33,0.0,0.0,1.0,33,950,700,250,0.7368421052631579,12,7,5,382.38210597490047,0.4330808080808081,0.0892595776316707,0.21528937851507693,129797.77865939663,3326.4695909288093,133124.24825032544,312,3,101.45454545454545,31,2,19,35.50611210494931,0.6297043010752688,45.24739583333333,1019.0104166666661,32.87130376344084,8
318,4,0,0,33,0.0,0.0,1.0,33,900,800,100,0.8888888888888888,10,8,2,382.33628402844636,0.43347537878787884,0.08502188831732815,0.21581187942744803,129897.31046888557,3332.8909979926116,133230.20146687818,313,4,102.45454545454545,31,2,20,35.40588942819432,0.6307123655913979,45.14973958333333,1019.4010416666661,32.88390456989245,0
319,4,1,0,34,0.029411764705882353,0.0,1.0,34,1100,800,300,0.7272727272727273,14,8,6,370.1910155096721,0.43447341057635175,0.09062033585587792,0.2114645400322183,130362.29663425015,2852.303059895828,133214.59969414596,314,0,100.41176470588235,31,3,22,35.24281206171109,0.6354166666666667,44.694010416666664,1021.2239583333327,32.942708333333314,0
320,4,0,0,34,0.0,0.0,1.0,34,1150,700,450,0.6086956521739131,16,7,9,368.9279370308485,0.4333593285799168,0.09082835580403681,0.21182994716570067,130561.83073255743,2833.5813734266444,133395.41210598408,315,1,101.41176470588235,31,3,17,35.0725410880367,0.6374327956989247,44.498697916666664,1022.0052083333327,32.96790994623654,0
321,4,0,1,33,0.0,0.029411764705882353,0.9705882352941176,34,750,500,250,0.6666666666666666,10,5,5,369.06673543739294,0.43270944741532974,0.09471394435042813,0.2127453018012418,130714.10323245086,2848.4454711254075,133562.54870357626,316,2,102.41176470588235,32,2,17,34.91454706342347,0.6363932291666667,44.34974747474748,1022.6010101010108,31.95628156565659,0
322,4,0,0,33,0.0,0.0,1.0,33,1200,1000,200,0.8333333333333334,14,10,4,378.50069715862804,0.4300031565656566,0.09470227552489119,0.21807527327855525,130694.93823581284,3293.6250474718067,133988.56328328463,317,3,104.84848484848484,31,2,17,34.692819092491206,0.6387768817204301,44.36848958333334,1022.5260416666677,32.98471102150541,0
323,4,0,1,32,0.0,0.030303030303030304,0.9696969696969697,33,1400,900,500,0.6428571428571429,19,9,10,380.2483908671357,0.4283854166666667,0.09013011252766923,0.22002885533386993,130861.41798231342,3351.9687228732732,134213.38670518668,318,4,105.84848484848484,31,2,18,34.47919317892594,0.6404569892473118,44.20572916666667,1023.1770833333338,33.005712365591414,0
324,4,1,0,33,0.030303030303030304,0.0,1.0,33,950,700,250,0.7368421052631579,12,7,5,374.3704005737414,0.4298847853535353,0.09426924381146184,0.2177550909846082,131061.33355034728,3213.096788194454,134274.43033854174,319,0,105.81818181818181,31,2,19,34.42692438114616,0.6424731182795699,44.01041666666667,1023.9583333333338,33.03091397849464,0
325,4,1,2,32,0.029411764705882353,0.058823529411764705,0.9411764705882353,34,750,700,50,0.9333333333333333,8,7,1,359.76487476389246,0.4315396613190731,0.10448646590110133,0.1963064860124719,128560.35098459353,2450.2997143148777,131010.65069890842,320,0,103.67647058823529,32,2,20,37.343334993359896,0.6145833333333333,46.46464646464647,1014.1414141414152,31.691919191919226,8
326,4,0,0,32,0.0,0.0,1.0,32,1000,600,400,0.6,14,6,8,375.1806421565156,0.4282174059139785,0.12465586440228171,0.20328803018933572,128280.65609102213,3225.683785697771,131506.3398767199,321,1,110.78125,30,2,22,37.23878864269603,0.6170138888888889,46.740591397849464,1013.0376344086026,33.76792114695342,0
327,4,0,0,32,0.0,0.0,1.0,32,1100,900,200,0.8181818181818182,13,9,4,377.43454730547745,0.42769237231182794,0.12032969765283119,0.2052079251067489,128416.85319473351,3293.7913703896465,131710.64456512316,322,2,111.78125,30,2,20,37.0422247270477,0.6184027777777779,46.60618279569893,1013.5752688172046,33.78584229390682,0
328,4,0,0,32,0.0,0.0,1.0,32,1000,600,400,0.6,14,6,8,379.7940661032041,0.42681031586021506,0.12129405724128839,0.2075529193976019,128621.2843428432,3369.9201135969647,131991.20445644017,323,3,112.78125,30,2,20,36.77316593790029,0.6204861111111111,46.40456989247313,1014.3817204301082,33.81272401433694,0
329,4,0,0,32,0.0,0.0,1.0,32,800,700,100,0.875,9,7,2,379.63913863427024,0.42750336021505375,0.12113410596026486,0.20800257595709312,128723.56088854217,3373.700355532448,132097.26124407462,324,4,113.78125,30,2,22,36.672461368653416,0.6215277777777778,46.30376344086022,1014.7849462365602,33.826164874552006,0
330,4,0,0,32,0.0,0.0,1.0,32,1350,800,550,0.5925925925925926,19,8,11,377.0513235179917,0.42733534946236557,0.1283987165916909,0.20801123380649506,128996.49706613486,3327.659989594181,132324.15705572904,325,5,114.78125,30,2,23,36.459160271676815,0.6243055555555556,46.03494623655914,1015.8602150537638,33.862007168458796,0
331,4,0,0,32,0.0,0.0,1.0,32,1000,800,200,0.8,12,8,4,378.23389109696484,0.4272513440860215,0.12988242492393187,0.20884368026310865,129030.63441221527,3360.751784888425,132391.38619710368,326,6,115.78125,30,2,23,36.394254090047184,0.6246527777777777,46.001344086021504,1015.9946236559139,33.86648745519713,0
332,4,0,0,32,0.0,0.0,1.0,32,1200,900,300,0.75,15,9,6,377.2819292811934,0.42622227822580644,0.13085762331838513,0.20869492969806644,129102.12410820865,3341.5796915690153,132443.70379977766,327,7,116.78125,31,1,23,36.34542494127695,0.6226478494623655,45.930989583333336,1016.2760416666674,32.7830981182796,0
333,4,0,0,32,0.0,0.0,1.0,32,950,800,150,0.8421052631578947,11,8,3,376.0133043912442,0.42555023521505375,0.124177957699934,0.20869703945119325,129235.5533334779,3318.8956377230415,132554.44897120094,328,8,117.78125,30,2,23,36.241462877285755,0.6267361111111112,45.7997311827957,1016.8010752688176,33.89336917562726,0
334,4,0,0,32,0.0,0.0,1.0,32,1100,800,300,0.7272727272727273,14,8,6,376.0170513829691,0.4252562163978495,0.11791826615483081,0.20974826956159173,129433.15505981431,3333.814663357192,132766.9697231715,329,9,118.78125,31,1,20,36.03980059714227,0.626008064516129,45.60546874999999,1017.5781249999989,32.82510080645157,0
335,4,0,0,32,0.0,0.0,1.0,32,1000,500,500,0.5,15,5,10,369.5723846900099,0.42473118279569894,0.10292284581948374,0.20737411714815335,129665.12891981332,3184.1301812065926,132849.2591010199,330,10,119.78125,31,1,20,35.9674635643058,0.6283602150537635,45.377604166666664,1018.4895833333329,32.854502688172026,0
336,4,1,0,33,0.030303030303030304,0.0,1.0,33,1000,800,200,0.8,12,8,4,358.85468565313977,0.4266493055555556,0.10013012190960446,0.20378810363759825,130133.72559241409,2739.8194380675463,132873.54503048165,331,0,117.12121212121212,32,1,21,35.7641896629955,0.6305338541666667,44.917929292929294,1020.3282828282832,31.88525883838385,0
337,4,0,0,33,0.0,0.0,1.0,33,1200,1000,200,0.8333333333333334,14,10,4,359.4087293708001,0.4262941919191919,0.1042538197412024,0.20460987100236258,130230.36552392614,2761.186039689832,132991.55156361597,332,1,118.12121212121212,32,1,23,35.651956539666834,0.6315104166666667,44.823232323232325,1020.7070707070709,31.897095959595966,0
338,4,0,0,33,0.0,0.0,1.0,33,1100,800,300,0.7272727272727273,14,8,6,357.6812302362328,0.42566287878787884,0.0955431431386431,0.2044723301329251,130391.51178770036,2727.7192697173937,133119.23105741775,333,2,119.12121212121212,32,1,24,35.53256479993408,0.6331380208333333,44.66540404040405,1021.3383838383849,31.916824494949527,0
339,4,0,0,33,0.0,0.0,1.0,33,950,600,350,0.631578947368421,13,6,7,356.45285709316795,0.42578125,0.09112257165649806,0.20410899269220284,130455.99819214897,2700.2826561065476,133156.28084825553,334,3,120.12121212121212,32,1,24,35.498547769126205,0.6337890625,44.60227272727274,1021.5909090909108,31.924715909090963,0
340,4,1,1,33,0.029411764705882353,0.029411764705882353,0.9705882352941176,34,700,500,200,0.7142857142857143,9,5,4,348.4720902933038,0.42866161616161613,0.09206900682880081,0.20129387804001456,130794.81336805571,2315.668402777797,133110.48177083352,335,0,117.55882352941177,33,1,20,35.35938560760353,0.6347853535353536,44.27083333333334,1022.9166666666679,30.997474747474783,0
341,4,1,0,34,0.029411764705882353,0.0,1.0,34,900,700,200,0.7777777777777778,11,7,4,341.0933926053875,0.43226381461675584,0.07800749309486688,0.19883248983582352,131145.15306122453,2146.5490362811843,133291.7020975057,336,0,109.32352941176471,34,0,21,35.194144196497746,0.6360294117647058,43.92857142857143,1024.2857142857147,30.126050420168077,0
342,4,0,0,34,0.0,0.0,1.0,34,750,600,150,0.8,9,6,3,342.8780156956095,0.4315210932857992,0.08729909249945345,0.20050910048286721,131267.1201814058,2201.7219387754967,133468.8421201813,337,1,110.32352941176471,34,0,21,35.02531559789343,0.6372549019607843,43.8095238095238,1024.761904761904,30.140056022408938,0
343,4,0,0,34,0.0,0.0,1.0,34,1250,900,350,0.72,16,9,7,349.1101451720016,0.4310383244206774,0.09527594821712482,0.19003426139566143,128464.33280086244,2192.858203504888,130657.19100436733,338,2,111.32352941176471,32,2,18,37.71147299373107,0.6136067708333333,46.559343434343454,1013.7626262626285,31.68008207070714,8
344,4,0,1,33,0.0,0.029411764705882353,0.9705882352941176,34,850,700,150,0.8235294117647058,10,7,3,350.6495060594274,0.4309826203208556,0.10461096789313307,0.19133266526286183,128560.35098459362,2215.924714314893,130776.27569890852,339,3,112.32352941176471,32,2,19,37.57444181606906,0.6145833333333333,46.46464646464648,1014.1414141414159,31.691919191919247,0
345,4,1,0,34,0.029411764705882353,0.0,1.0,34,900,600,300,0.6666666666666666,12,6,6,340.2532174441789,0.4310568924539513,0.10939585877808322,0.1869136374872402,128827.88470780489,1966.8204536716835,130794.70516147657,340,0,111.55882352941177,33,1,20,37.565387091582146,0.6148989898989898,46.20098039215687,1015.1960784313742,30.76351752822346,0
346,4,0,0,34,0.0,0.0,1.0,34,700,400,300,0.5714285714285714,10,4,6,339.7583238920108,0.43072266785502084,0.10507040654099442,0.1872285231660232,128952.32602845077,1962.525230680522,130914.85125913129,341,1,112.55882352941177,33,1,21,37.4512347168597,0.6161616161616161,46.078431372549026,1015.6862745098053,30.778371954842587,0
347,4,1,1,34,0.02857142857142857,0.02857142857142857,0.9714285714285714,35,950,700,250,0.7368421052631579,12,7,5,332.2752467660797,0.43291316526610646,0.11137674496363825,0.18497016179909778,129352.72285997731,1596.1415816326569,130948.86444160997,342,0,110.31428571428572,34,1,22,37.23425004876147,0.617953431372549,45.68452380952381,1017.2619047619046,29.91946778711484,0
348,4,0,0,34,0.0,0.0,1.0,34,1300,1000,300,0.7692307692307693,16,10,6,341.6463685387705,0.4320781342840166,0.10344961981901557,0.19020835045206794,129357.17520004325,2038.8818303056523,131396.0570303489,343,1,109.6470588235294,33,1,22,36.99140163835685,0.6202651515151515,45.68014705882353,1017.2794117647059,30.82664884135472,0
349,4,0,0,34,0.0,0.0,1.0,34,1250,800,450,0.64,17,8,9,344.4128912348514,0.43142825311942956,0.10203113270350217,0.19250965508725942,129513.05537533642,2121.1931708958036,131634.24854623224,344,2,110.6470588235294,33,1,20,36.76258126655428,0.6218434343434344,45.52696078431372,1017.8921568627452,30.845216874628644,0
350,4,0,0,34,0.0,0.0,1.0,34,1050,800,250,0.7619047619047619,13,8,5,344.57611710417495,0.43085264408793816,0.10205822191709113,0.19336746179964853,129669.02941476817,2136.170132881559,131805.19954764974,345,3,111.6470588235294,33,1,20,36.59996290057353,0.6234217171717171,45.37377450980391,1018.5049019607828,30.86378490790251,0
351,4,0,0,34,0.0,0.0,1.0,34,900,800,100,0.8888888888888888,10,8,2,343.48189121832144,0.43090834818775997,0.09557939124651482,0.19321437372050904,129762.6588932141,2114.224697231819,131876.8835904459,346,4,112.6470588235294,33,1,20,36.53275599390584,0.6243686868686869,45.28186274509803,1018.8725490196075,30.874925727866895,0
352,4,0,0,34,0.0,0.0,1.0,34,600,400,200,0.6666666666666666,8,4,4,343.9692621151741,0.430444147355912,0.09704078818012718,0.19395202393301036,129856.32216274989,2133.31666306228,131989.63882581217,347,5,113.6470588235294,33,1,20,36.42526852631157,0.6253156565656566,45.189950980392155,1019.2401960784313,30.886066547831252,0
353,4,0,1,33,0.0,0.029411764705882353,0.9705882352941176,34,950,600,350,0.631578947368421,13,6,7,370.43118586290086,0.4302213309566251,0.09933133055528631,0.19898383169803616,127933.6805555556,2678.1250000000045,130611.8055555556,348,6,114.6470588235294,34,0,16,37.714511257550804,0.6035539215686274,47.083333333333336,1011.6666666666671,29.754901960784327,8
354,4,4,1,36,0.10810810810810811,0.02702702702702703,0.972972972972973,37,950,500,450,0.5263157894736842,14,5,9,344.27141380234525,0.43640515515515516,0.11844778910647191,0.18953843770876383,128915.32368517175,1476.5457602873255,130391.86944545907,349,0,106.02702702702703,36,1,15,37.37432542322761,0.609375,46.11486486486487,1015.5405405405413,28.20945945945948,0
355,4,0,0,36,0.0,0.0,1.0,36,900,700,200,0.7777777777777778,11,7,4,352.9090656067015,0.43412698412698414,0.12452008970996342,0.1935371855100167,128760.50407503864,1888.1498360339572,130648.6539110726,350,1,109.97222222222223,35,1,15,37.312906260691086,0.6098214285714285,46.267361111111114,1014.930555555556,28.998015873015884,0
356,4,2,0,38,0.05263157894736842,0.0,1.0,38,900,600,300,0.6666666666666666,12,6,6,335.9449316290127,0.4365516832622096,0.12307168784028977,0.18735390417771897,129424.43828870446,1095.8968144044543,130520.33510310891,351,0,105.13157894736842,37,1,17,37.06806752873562,0.6126126126126126,45.61403508771931,1017.5438596491248,27.501185395922292,0
357,4,1,1,38,0.02564102564102564,0.02564102564102564,0.9743589743589743,39,1550,1200,350,0.7741935483870968,19,12,7,329.5146641777295,0.4369376968061178,0.127487426785047,0.1856609794206358,129826.69850107768,755.9601915772007,130582.65869265489,352,0,103.41025641025641,38,1,14,36.82361009190344,0.6148574561403508,45.219017094017104,1019.123931623933,26.819050832208763,0
358,4,0,0,38,0.0,0.0,1.0,38,850,400,450,0.47058823529411764,13,4,9,338.6615467863054,0.43551446183025133,0.13344852982833788,0.1902155846218126,129703.52055440149,1185.1189789166026,130888.6395333181,353,1,107.10526315789474,37,1,14,36.71555435952638,0.615427927927928,45.33991228070176,1018.640350877194,27.530820293978216,0
359,4,0,0,38,0.0,0.0,1.0,38,1050,700,350,0.6666666666666666,14,7,7,340.4004359777783,0.43515884305357994,0.13149065786714642,0.19166111914734654,129799.47973738048,1236.7598984586273,131036.2396358391,354,2,108.10526315789474,38,0,14,36.57387991892081,0.6145833333333333,45.2457264957265,1019.0170940170948,26.816239316239336,0
360,4,0,1,37,0.0,0.02631578947368421,0.9736842105263158,38,1200,700,500,0.5833333333333334,17,7,10,345.15459873852,0.4353366524419156,0.1367847531653945,0.19515139160903053,129962.83512309153,1371.4540415662198,131334.28916465776,355,3,109.10526315789474,38,0,15,36.286977856943274,0.6162280701754386,45.085470085470085,1019.6581196581196,26.83310841205578,0
361,4,0,0,37,0.0,0.0,1.0,37,1250,800,450,0.64,17,8,9,349.61088514372216,0.4338713713713714,0.13500721030841545,0.19720769346456554,129871.11418898118,1680.871037242223,131551.98522622342,356,4,112.89189189189189,37,0,15,36.26649454962708,0.6171171171171171,45.175438596491226,1019.2982456140348,27.54860123281175,0
362,4,0,1,36,0.0,0.02702702702702703,0.972972972972973,37,1200,900,300,0.75,15,9,6,349.5376206315535,0.43355855855855857,0.13268341428272623,0.19829865989975462,130094.740689443,1694.6012234533816,131789.34191289637,357,5,113.89189189189189,37,0,16,36.04139796503296,0.6193693693693694,44.9561403508772,1020.1754385964921,27.572309151256544,0
363,4,1,1,36,0.02702702702702703,0.02702702702702703,0.972972972972973,37,1050,700,350,0.6666666666666666,14,7,7,350.766068305469,0.4350913413413413,0.1325209625639756,0.20015078296574493,130320.07250071016,1742.4800968427423,132062.5525975529,358,0,114.45945945945945,36,1,17,35.78154295797948,0.6235532407407407,44.73536036036036,1021.0585585585584,28.36273773773773,0
364,4,0,0,36,0.0,0.0,1.0,36,650,300,350,0.46153846153846156,10,3,7,356.6335084569656,0.4347387566137566,0.12429154386760466,0.2035071676330753,130321.66950660123,2095.4148448216456,132417.08435142288,359,1,112.58333333333333,35,1,18,35.63014811456208,0.6255952380952381,44.73379629629628,1021.0648148148126,29.17328042328036,0
365,4,1,1,36,0.02702702702702703,0.02702702702702703,0.972972972972973,37,850,500,350,0.5882352941176471,12,5,7,352.93912496545045,0.4364677177177177,0.12726304103905695,0.20349461548007938,130722.8274516068,1827.4400667559162,132550.26751836273,360,0,110.51351351351352,36,1,16,35.318017472378216,0.6276041666666667,44.3412162162162,1022.6351351351334,28.406531531531485,0
366,4,0,1,35,0.0,0.027777777777777776,0.9722222222222222,36,1600,1300,300,0.8125,19,13,6,359.3079685389638,0.4366732804232804,0.12289877413198291,0.20732115440094426,130751.61944038606,2196.019752860938,132947.63919324699,361,1,109.22222222222223,36,0,16,35.12602767378695,0.6278935185185186,44.31306306306305,1022.7477477477455,28.409659659659596,0
367,4,0,0,35,0.0,0.0,1.0,35,1050,800,250,0.7619047619047619,13,8,5,367.10627362949,0.43340336134453783,0.1239130434782616,0.2110861073369562,130617.2839506169,2590.084876543163,133207.36882716007,362,2,113.25714285714285,35,0,16,35.06283967391303,0.6285714285714286,44.44444444444442,1022.2222222222191,29.206349206349117,0
368,4,0,1,34,0.0,0.02857142857142857,0.9714285714285714,35,1550,1200,350,0.7741935483870968,19,12,7,369.4324593636635,0.432843137254902,0.12451311557545353,0.21356530466418702,130824.4133257244,2666.1569519461536,133490.57027767054,363,3,114.25714285714285,35,0,17,34.79336369121695,0.6306547619047619,44.241898148148145,1023.0324074074069,29.22949735449734,0
369,4,0,0,34,0.0,0.0,1.0,34,900,500,400,0.5555555555555556,13,5,8,370.65463808151793,0.43246806298276885,0.11246278616158545,0.21453041173809062,130870.93431122445,2901.583758503399,133772.51806972784,364,4,114.08823529411765,34,0,17,34.7149505526469,0.6332720588235294,44.19642857142857,1023.2142857142853,30.09453781512604,0
370,4,1,0,35,0.02857142857142857,0.0,1.0,35,950,700,250,0.7368421052631579,12,7,5,362.3393411088549,0.4341736694677871,0.1106565713639962,0.21108234558737693,131120.59709630048,2502.0301515346246,133622.6272478351,365,0,111.8,35,0,18,34.67493972953629,0.6336309523809525,43.95254629629629,1024.189814814814,29.262566137566118,0
371,4,0,0,35,0.0,0.0,1.0,35,1050,800,250,0.7619047619047619,13,8,5,367.3820257013888,0.43350840336134455,0.11246550806022193,0.21468205105837587,131239.16437596444,2642.9820119598667,133882.1463879243,366,1,112.8,35,0,18,34.42583022704167,0.6348214285714286,43.83680555555555,1024.6527777777771,29.275793650793634,0
372,4,0,0,35,0.0,0.0,1.0,35,1250,900,350,0.72,16,9,7,365.64545868552244,0.43203781512605044,0.11073585030853939,0.21450536036782836,131389.14399092973,2608.398904990236,133997.54289591996,367,2,113.8,34,1,19,34.31863485059606,0.6384803921568627,43.69047619047619,1025.2380952380954,30.154061624649867,0
373,4,1,2,34,0.027777777777777776,0.05555555555555555,0.9444444444444444,36,1000,800,200,0.8,12,8,4,414.9980064577529,0.4345734126984127,0.13099205898319655,0.23308216048721625,129701.9692670823,3581.5949558514076,133283.5642229337,368,0,111.61111111111111,35,1,16,34.77315551263115,0.6193452380952381,45.341435185185176,1018.6342592592578,29.103835978835935,8
374,4,1,0,35,0.02857142857142857,0.0,1.0,35,600,300,300,0.5,9,3,6,418.9341593513516,0.431827731092437,0.16006273567591056,0.23629211280410206,129867.92091836726,3881.221655328789,133749.14257369607,369,0,114.62857142857143,34,1,17,34.50323133224324,0.6231617647058824,45.17857142857142,1019.2857142857135,29.978991596638632,0
375,4,1,0,36,0.027777777777777776,0.0,1.0,36,1600,1400,200,0.875,18,14,4,411.32861307788414,0.43429232804232804,0.16179138321995468,0.23436165163739922,130262.58680555562,3517.9421768707575,133780.5289824264,370,0,112.41666666666667,32,4,18,34.29421768707484,0.6318359375,44.79166666666667,1020.8333333333339,31.901041666666686,0
376,4,0,0,36,0.0,0.0,1.0,36,850,600,250,0.7058823529411765,11,6,5,411.15485027126067,0.43429232804232804,0.15618001456384034,0.2346513249219258,130327.04132550265,3516.919032496704,133843.96035799934,371,1,113.41666666666667,32,4,18,34.2329252710111,0.6324869791666667,44.728535353535364,1021.0858585858598,31.90893308080812,0
377,4,0,0,36,0.0,0.0,1.0,36,1050,700,350,0.6666666666666666,14,7,7,411.53709601080413,0.4333829365079365,0.16074174767946436,0.23584689666568187,130488.24737271719,3540.1508774615027,134028.3982501787,372,2,114.41666666666667,32,4,17,34.05884412588566,0.6341145833333333,44.57070707070708,1021.7171717171726,31.928661616161644,0
378,4,0,1,35,0.0,0.027777777777777776,0.9722222222222222,36,1350,1000,350,0.7407407407407407,17,10,7,410.8001349143369,0.4329695767195767,0.16172240201366428,0.23652902177987,130669.48596993952,3535.808493127652,134205.29446306717,373,3,115.41666666666667,33,3,17,33.893059051500266,0.6335227272727273,44.39338235294118,1022.4264705882359,30.982620320855634,0
379,4,0,0,35,0.0,0.0,1.0,35,1050,800,250,0.7619047619047619,13,8,5,418.96735318790957,0.43340336134453783,0.15535912771926097,0.24110722521410846,130649.5530589992,3947.579488062459,134597.13254706166,374,4,109.37142857142857,32,3,18,33.7046128195628,0.6357421875,44.412878787878796,1022.3484848484859,31.948390151515184,0
380,4,0,0,35,0.0,0.0,1.0,35,1250,800,450,0.64,17,8,9,426.9137198648563,0.43280812324929974,0.16243125088139876,0.2471220561274856,130875.54841342728,4174.513442505878,135050.06185593316,375,5,110.37142857142857,32,3,18,33.271121256992444,0.6380208333333333,44.1919191919192,1023.2323232323239,31.97601010101012,0
381,4,0,1,34,0.0,0.02857142857142857,0.9714285714285714,35,1350,1100,250,0.8148148148148148,16,11,5,427.0022863235337,0.4326680672268908,0.16328645447816448,0.24758802095411764,130940.15438475671,4182.349058769521,135122.50344352622,376,6,111.37142857142857,32,3,18,33.20302862077474,0.638671875,44.12878787878788,1023.4848484848488,31.983901515151526,0
382,4,0,0,34,0.0,0.0,1.0,34,950,700,250,0.7368421052631579,12,7,5,425.7054434255267,0.43217097445038627,0.14873493495091394,0.24704323764142785,130972.46334876552,4351.138117283964,135323.6014660495,377,7,112.11764705882354,32,2,18,33.20330167345093,0.6389973958333333,44.09722222222223,1023.6111111111119,31.987847222222246,0
383,4,0,0,34,0.0,0.0,1.0,34,600,300,300,0.5,9,3,6,425.3992194258659,0.43189245395127746,0.15256400957423688,0.2474883550605289,131069.41415416796,4351.365294357719,135420.7794485257,378,8,113.11764705882354,32,2,18,33.11241265926839,0.6399739583333333,44.00252525252525,1023.9898989898991,31.999684343434346,0
384,4,0,2,32,0.0,0.058823529411764705,0.9411764705882353,34,950,800,150,0.8421052631578947,11,8,3,426.23983761833824,0.4312425727866904,0.15872781273313352,0.2484318384110229,131139.7734645328,4379.399149365619,135519.1726138984,379,9,114.11764705882354,33,1,18,33.019262981574535,0.6382575757575757,43.93382352941176,1024.2647058823525,31.03832442067735,0
385,4,0,1,31,0.0,0.03125,0.96875,32,900,700,200,0.7777777777777778,11,7,4,435.21180893890806,0.42972950268817206,0.14975762873490095,0.2533634994303858,131094.66764662007,5010.789489746098,136105.45713636617,380,10,116.25,31,1,18,32.83547891502435,0.6428091397849462,43.977864583333336,1024.0885416666672,33.035114247311846,0
386,4,0,0,31,0.0,0.0,1.0,31,950,700,250,0.7368421052631579,12,7,5,442.4248267774277,0.4281362007168459,0.15339410387443975,0.25751220437106337,131087.14022213538,5399.241061105315,136486.38128324068,381,11,118.35483870967742,30,1,19,32.65848536553354,0.6454861111111111,43.98521505376343,1024.0591397849453,34.135304659498175,0
387,4,1,0,32,0.03125,0.0,1.0,32,750,500,250,0.6666666666666666,10,5,5,427.5760427054783,0.43103158602150543,0.15274548015197187,0.2520222342834683,131569.3310823505,4851.4000896057205,136420.7311719562,382,0,115.625,30,2,18,32.54809161972138,0.6503472222222222,43.51478494623655,1025.9408602150531,34.198028673835104,0
388,4,0,0,32,0.0,0.0,1.0,32,850,600,250,0.7058823529411765,11,6,5,428.53779319981015,0.4301915322580645,0.15692943680419136,0.2530460983047602,131638.287753642,4882.396266909466,136520.68402055147,383,1,116.625,30,2,18,32.453339882121796,0.6510416666666667,43.44758064516129,1026.2096774193546,34.206989247311824,0
389,4,1,0,33,0.030303030303030304,0.0,1.0,33,1100,900,200,0.8181818181818182,13,9,4,419.55354157627426,0.43087121212121215,0.1562962024247032,0.24986392427006646,131962.841881646,4473.095533582895,136435.9374152289,384,0,114.06060606060606,31,2,19,32.354501964263086,0.6515456989247312,43.131510416666664,1027.473958333333,33.14432123655913,0
390,4,0,0,33,0.0,0.0,1.0,33,1350,1100,250,0.8148148148148148,16,11,5,420.2954592915967,0.42996369949494945,0.15202802759417788,0.25151775345624083,132145.87688629373,4508.062403883121,136653.93929017684,385,1,115.06060606060606,33,0,20,32.14988081048868,0.6483585858585859,42.95343137254902,1028.1862745098038,31.157159833630416,0
391,4,1,0,34,0.029411764705882353,0.0,1.0,34,1150,800,350,0.6956521739130435,15,8,7,406.63952766166915,0.4296642899584076,0.14763151435817767,0.246068249753339,132565.56404961474,3982.0005464535448,136547.5645960683,386,0,112.6470588235294,31,3,21,32.076458254309436,0.6575940860215054,42.545572916666664,1029.817708333333,33.21992607526881,0
392,4,0,1,33,0.0,0.029411764705882353,0.9705882352941176,34,950,700,250,0.7368421052631579,12,7,5,409.50966189254683,0.428903000594177,0.1518765241182416,0.24846935927099942,132666.15125868065,4065.6141493055657,136731.7654079862,387,1,113.6470588235294,31,3,17,31.900910010111218,0.6586021505376345,42.44791666666667,1030.2083333333342,33.23252688172046,0
393,4,0,0,33,0.0,0.0,1.0,33,1150,800,350,0.6956521739130435,15,8,7,408.0923938671458,0.4267282196969697,0.12093656953470044,0.24894264827735443,132867.44011773,4244.438340928815,137111.87845865882,388,2,112.0909090909091,31,2,17,31.734128988801885,0.6606182795698925,42.252604166666664,1030.9895833333333,33.257728494623656,0
394,4,0,0,33,0.0,0.0,1.0,33,1300,900,400,0.6923076923076923,17,9,8,409.8883869246485,0.4248342803030303,0.1244550502501034,0.2513897506184916,133068.8815646701,4308.67784288194,137377.55940755203,389,3,113.0909090909091,31,2,17,31.48451960289416,0.6626344086021505,42.057291666666664,1031.770833333333,33.28293010752687,0
395,4,0,1,32,0.0,0.030303030303030304,0.9696969696969697,33,900,600,300,0.6666666666666666,12,6,6,413.47913257664123,0.42499210858585856,0.12451457052869808,0.25450796297108763,133203.26063368045,4415.353732638878,137618.61436631932,390,4,114.0909090909091,31,2,17,31.25630676084764,0.663978494623656,41.92708333333333,1032.2916666666658,33.299731182795675,0
396,4,0,0,32,0.0,0.0,1.0,32,1000,600,400,0.6,14,6,8,425.04650447219586,0.42340809811827956,0.13677931596091142,0.2603537048542779,133021.21497066124,4908.040488784811,137929.25545944605,391,5,118.46875,30,2,17,31.1416938110749,0.6649305555555556,42.103494623655905,1031.5860215053756,34.386200716845856,0
397,4,0,0,32,0.0,0.0,1.0,32,1150,700,450,0.6086956521739131,16,7,9,422.4738019328459,0.4222320228494623,0.13507211225419957,0.2597418995230041,133159.9051371545,4851.314277662143,138011.21941481665,392,6,119.46875,30,2,17,31.067955897035212,0.6663194444444445,41.96908602150537,1032.1236559139777,34.404121863799254,0
398,4,0,0,32,0.0,0.0,1.0,32,850,600,250,0.7058823529411765,11,6,5,477.37065589263983,0.4225260416666667,0.1821914078965856,0.27509691967513483,130702.9727548222,6132.967848885967,136835.94060370818,393,7,120.46875,28,4,17,32.157158915273286,0.6476934523809523,44.36063218390804,1022.5574712643669,36.5199096880131,8
399,4,0,0,32,0.0,0.0,1.0,32,500,300,200,0.6,7,3,4,475.57713092725174,0.4220220094086022,0.1914978584468474,0.27510842805304286,130849.93321855593,6045.847164420658,136895.78038297658,394,8,121.46875,28,4,17,32.05249730843047,0.6491815476190477,44.2169540229885,1023.1321839080457,36.54043513957306,0
400,4,0,0,32,0.0,0.0,1.0,32,950,700,250,0.7368421052631579,12,7,5,474.97187799745575,0.4212449596774193,0.19559871099050197,0.2756332866804132,130972.46334876532,6041.647376543194,137014.1107253085,395,9,122.46875,29,3,17,31.942559927634548,0.6472701149425287,44.097222222222214,1023.6111111111103,35.296934865900354,0
401,4,2,1,33,0.058823529411764705,0.029411764705882353,0.9705882352941176,34,950,700,250,0.7368421052631579,12,7,5,452.2770870885942,0.42570929887106357,0.1821988520359028,0.26706384840846203,131638.2877536419,5107.878519995871,136746.16627363776,396,0,116.20588235294117,30,4,17,31.844302554027497,0.6510416666666667,43.44758064516128,1026.2096774193537,34.20698924731179,0
402,4,0,1,32,0.0,0.030303030303030304,0.9696969696969697,33,600,200,400,0.3333333333333333,10,2,8,441.43555591969647,0.4228219696969697,0.1755426256037751,0.2535928380962565,130581.79253472219,5126.273494406863,135708.06602912906,397,1,120.72727272727273,29,4,15,33.19956855551026,0.6433189655172413,44.479166666666664,1022.083333333333,35.244252873563205,8
403,4,0,1,31,0.0,0.03125,0.96875,32,950,600,350,0.631578947368421,13,6,7,449.4424263137514,0.4193968413978495,0.19794596399943742,0.2575330454083068,130482.68688482634,5328.891077090778,135811.57796191712,398,12,125.46875,28,4,20,33.09631791121737,0.6454613095238095,44.57614942528736,1021.6954022988511,36.48912151067326,0
404,4,0,0,31,0.0,0.0,1.0,31,600,400,200,0.6666666666666666,8,4,4,453.74486308364055,0.4182347670250896,0.1832765547541293,0.25979637073137546,130452.54315919073,5638.434266935936,136090.97742612666,399,13,125.16129032258064,27,4,20,33.01726754066521,0.648533950617284,44.60565476190476,1021.5773809523806,37.83619929453261,0
405,4,0,0,31,0.0,0.0,1.0,31,800,600,200,0.75,10,6,4,456.52791257457307,0.41765232974910393,0.18448475854587465,0.2624175925920285,130604.60789133355,5724.929802650218,136329.53769398376,400,14,126.16129032258064,27,4,17,32.790586936477894,0.6500771604938271,44.456845238095234,1022.1726190476186,37.8582451499118,0
406,4,0,0,31,0.0,0.0,1.0,31,1000,600,400,0.6,14,6,8,458.1119205631534,0.4173387096774193,0.17990922872577575,0.26436635012851,130756.761200574,5780.2462000425185,136537.0074006165,401,15,127.16129032258064,27,4,17,32.59448203113633,0.6516203703703703,44.308035714285715,1022.7678571428573,37.880291005291014,0
407,4,0,0,31,0.0,0.0,1.0,31,500,300,200,0.6,7,3,4,457.3359603305789,0.41742831541218633,0.17985689149560158,0.26443942197415693,130832.87107160556,5766.915346867892,136599.78641847346,402,16,128.16129032258064,27,4,17,32.536515151515154,0.652391975308642,44.23363095238094,1023.0654761904749,37.89131393298055,0
408,4,0,0,31,0.0,0.0,1.0,31,850,600,250,0.7058823529411765,11,6,5,457.2532256923526,0.41698028673835125,0.17758465970811876,0.25308262005500576,129125.75511975633,5618.875336592984,134744.63045634932,403,17,129.16129032258064,27,4,20,34.28928745729624,0.6350308641975309,45.9077380952381,1016.3690476190484,37.643298059964756,8
409,4,0,1,30,0.0,0.03225806451612903,0.967741935483871,31,900,600,300,0.6666666666666666,12,6,6,449.90534741726333,0.41689068100358423,0.17999584741123886,0.2504521950280466,129352.72285997734,5439.296343537418,134792.01920351476,404,18,130.16129032258064,27,4,22,34.242734542617505,0.6373456790123457,45.68452380952381,1017.2619047619048,37.67636684303351,0
410,4,0,0,30,0.0,0.0,1.0,30,1400,1100,300,0.7857142857142857,17,11,6,451.839628135887,0.41494252873563214,0.1773426845899082,0.253474624177214,129655.65653344677,5716.712726757379,135372.36926020414,405,19,132.26666666666668,27,3,20,33.88247613481394,0.6404320987654322,45.386904761904766,1018.4523809523814,37.72045855379191,0
411,4,1,0,31,0.03225806451612903,0.0,1.0,31,400,200,200,0.5,6,2,4,438.1188240197148,0.4174731182795699,0.16896735103883032,0.24775532223648736,129969.40904098959,5188.408929515131,135157.81797050472,406,0,128.96774193548387,28,3,22,33.910455121882485,0.6402529761904762,45.07902298850575,1019.6839080459772,36.41728243021347,0
412,4,0,0,31,0.0,0.0,1.0,31,850,400,450,0.47058823529411764,13,4,9,438.07320375759076,0.4168458781362007,0.16958317618565077,0.24819486619913317,130042.67251701021,5193.642034945177,135236.31455195538,407,1,129.96774193548387,28,3,22,33.83663191998874,0.6409970238095238,45.00718390804598,1019.9712643678165,36.42754515599345,0
413,4,1,0,32,0.03125,0.0,1.0,32,650,500,150,0.7692307692307693,8,5,3,425.59003469220727,0.42166498655913975,0.15867248062015515,0.24315178905142182,130368.94531249999,4696.744791666667,135065.69010416666,408,0,126.875,29,3,23,33.82165442676459,0.6411637931034483,44.6875,1021.2499999999999,35.21551724137931,0
414,4,0,0,32,0.0,0.0,1.0,32,700,400,300,0.5714285714285714,10,4,6,423.7576809156689,0.4215599798387097,0.15675978792822143,0.24276958729093936,130475.34722222226,4657.986111111115,135133.33333333337,409,1,127.875,29,3,23,33.75985589994562,0.6422413793103448,44.583333333333336,1021.666666666667,35.22988505747127,0
415,4,0,0,32,0.0,0.0,1.0,32,700,400,300,0.5714285714285714,10,4,6,427.2458428459876,0.42193800403225806,0.15939283772764323,0.24521645176761137,130546.30594135809,4755.073302469143,135301.37924382722,410,2,128.875,29,3,18,33.59835100117785,0.6429597701149425,44.51388888888889,1021.9444444444449,35.239463601532584,0
416,4,1,1,32,0.030303030303030304,0.030303030303030304,0.9696969696969697,33,750,500,250,0.6666666666666666,10,5,5,414.89681741422515,0.4242029671717172,0.15391472174137966,0.24062751444092328,130949.53399598204,4266.1089793617575,135215.6429753438,411,0,125.93939393939394,30,3,19,33.50322827752243,0.6440972222222222,44.11962365591397,1023.5215053763429,34.11738351254476,0
417,4,1,0,33,0.030303030303030304,0.0,1.0,33,750,500,250,0.6666666666666666,10,5,5,418.2550557114451,0.42045454545454547,0.15843348809083335,0.24300905868452138,131018.3280762226,4359.815621748169,135378.14369797078,412,0,126.81818181818181,30,3,20,33.34728239464355,0.6447916666666667,44.052419354838705,1023.7903225806446,34.12634408602148,0
418,4,0,1,32,0.0,0.030303030303030304,0.9696969696969697,33,1300,900,400,0.6923076923076923,17,9,8,424.2697769416826,0.41915246212121215,0.15258420268256367,0.24827759395090762,131293.68505390783,4540.788494334584,135834.47354824241,413,1,127.81818181818181,30,3,21,32.91311475409837,0.6475694444444444,43.783602150537625,1024.8655913978482,34.16218637992827,0
419,4,0,0,32,0.0,0.0,1.0,32,1100,700,400,0.6363636363636364,15,7,8,432.28508333745435,0.4168346774193548,0.15485207401382683,0.2524914536643229,131221.37586805547,4945.008680555548,136166.38454861104,414,2,132.59375,29,3,21,32.78136437576252,0.6497844827586207,43.854166666666664,1024.5833333333328,35.33045977011493,0
420,4,0,0,32,0.0,0.0,1.0,32,1150,900,250,0.782608695652174,14,9,5,431.9640968799042,0.41708669354838707,0.1541748543163033,0.25277264638198355,131292.5371334876,4942.732445987649,136235.26957947525,415,3,133.59375,29,3,22,32.717142115011065,0.6505028735632183,43.78472222222222,1024.8611111111109,35.34003831417623,0
421,4,0,1,31,0.0,0.03125,0.96875,32,950,700,250,0.7368421052631579,12,7,5,429.4098313613986,0.4153435819892473,0.15671547054840906,0.25268459000828114,131506.1366705247,4894.005594135809,136400.1422646605,416,4,134.59375,29,3,23,32.56530692845859,0.6526580459770115,43.57638888888889,1025.6944444444446,35.36877394636016,0
422,4,0,0,31,0.0,0.0,1.0,31,1000,600,400,0.6,14,6,8,429.22722253859513,0.4143817204301075,0.137064035968397,0.2537591339648172,131684.26890432078,5104.494598765405,136788.76350308617,417,5,134.48387096774192,29,2,17,32.38892647722147,0.6544540229885057,43.402777777777764,1026.3888888888873,35.392720306513354,0
423,4,0,0,31,0.0,0.0,1.0,31,800,500,300,0.625,11,5,6,428.61368636333725,0.4137096774193549,0.1320512708647812,0.25434747969265775,131826.86149691357,5100.559413580242,136927.42091049382,418,6,135.48387096774192,29,2,19,32.2598277882968,0.6558908045977012,43.263888888888886,1026.9444444444443,35.411877394636015,0
424,4,1,0,32,0.03125,0.0,1.0,32,900,800,100,0.8888888888888888,10,8,2,414.3889621974612,0.41450352822580644,0.131117681651856,0.24850347482248977,132225.14886113987,4558.528442594505,136783.67730373438,419,0,132.21875,30,2,21,32.221423592960456,0.6569444444444444,42.8763440860215,1028.4946236559128,34.28315412186376,0
425,4,0,1,31,0.0,0.03125,0.96875,32,550,300,250,0.5454545454545454,8,3,5,414.1763523062406,0.41481854838709675,0.13402015549457702,0.24860326464311053,132259.71075052032,4555.7689111457985,136815.47966166612,420,1,133.21875,30,2,21,32.19189642406027,0.6572916666666666,42.84274193548387,1028.6290322580649,34.28763440860216,0
426,4,0,0,31,0.0,0.0,1.0,31,650,500,150,0.7692307692307693,8,5,3,421.4034990136144,0.4114695340501792,0.1484175905556402,0.2526714907041145,132219.38898533946,4943.542631172836,137162.9316165123,421,2,138.25806451612902,29,2,21,32.04689961737565,0.6598419540229885,42.88194444444444,1028.472222222222,35.46455938697317,0
427,4,0,0,31,0.0,0.0,1.0,31,600,300,300,0.5,9,3,6,421.11325843456024,0.41111111111111115,0.14604319366597407,0.2529753370011993,132290.8203125,4941.883680555556,137232.70399305556,422,3,139.25806451612902,29,2,21,31.981993384636155,0.6605603448275862,42.8125,1028.75,35.474137931034484,0
428,4,0,0,31,0.0,0.0,1.0,31,1150,800,350,0.6956521739130435,15,8,7,420.8132719256086,0.40985663082437274,0.15639614556370018,0.25472084990435806,132576.73852237646,4958.010223765417,137534.74874614188,423,4,140.25806451612902,29,2,21,31.700241627331977,0.663433908045977,42.534722222222214,1029.8611111111104,35.51245210727967,0
429,4,1,0,32,0.03125,0.0,1.0,32,350,200,150,0.5714285714285714,5,2,3,410.7015095451577,0.4129074260752688,0.15392009906152282,0.2508679921361822,132917.24476818126,4517.862614175047,137435.1073823563,424,0,136.84375,30,2,21,31.616592805005226,0.6638888888888889,42.204301075268816,1031.1827956989243,34.372759856630815,0
430,4,0,0,32,0.0,0.0,1.0,32,700,600,100,0.8571428571428571,8,6,2,410.3636961665377,0.4117523521505377,0.1560301302931597,0.25136004533744416,133021.2149706613,4517.415488784826,137538.6304594461,425,1,137.84375,30,2,21,31.520358306188932,0.6649305555555556,42.10349462365591,1031.586021505376,34.38620071684587,0
431,4,0,0,32,0.0,0.0,1.0,32,650,400,250,0.6153846153846154,9,4,5,412.367217510273,0.41219338037634407,0.1610533085840824,0.25305700470234727,133090.55102107173,4576.436040293667,137666.9870613654,426,2,138.84375,30,2,21,31.39871260475012,0.665625,42.03629032258064,1031.8548387096769,34.39516129032256,0
432,4,0,0,32,0.0,0.0,1.0,32,1050,700,350,0.6666666666666666,14,7,7,415.38556745445334,0.41084929435483875,0.1618719083571991,0.2560988707211162,133263.97018441424,4671.185975257238,137935.1561596715,427,3,139.84375,30,2,21,31.14586045300704,0.6673611111111111,41.868279569892465,1032.526881720429,34.417562724014296,0
433,4,0,0,32,0.0,0.0,1.0,32,1250,900,350,0.72,16,9,7,414.71946169290266,0.41011424731182794,0.16296763175016293,0.256405395262265,133368.0758794369,4662.067327147645,138030.14320658453,428,4,140.84375,30,2,21,31.058067664281065,0.6684027777777778,41.76747311827957,1032.9301075268813,34.43100358422938,0
434,4,0,0,32,0.0,0.0,1.0,32,1150,800,350,0.6956521739130435,15,8,7,409.7800160454743,0.4098412298387097,0.1583796657562755,0.2543017387710776,133506.94670265345,4541.695752399121,138048.64245505258,429,5,141.84375,30,2,21,31.04570381930898,0.6697916666666667,41.63306451612903,1033.4677419354837,34.44892473118279,0
435,4,0,0,32,0.0,0.0,1.0,32,950,600,350,0.631578947368421,13,6,7,409.81972094879444,0.40944220430107525,0.1557217165149547,0.2545649155166582,133541.67569950275,4545.60245404092,138087.27815354368,430,6,142.84375,30,2,21,31.009698742956218,0.6701388888888888,41.59946236559139,1033.6021505376339,34.45340501792113,0
436,4,0,0,32,0.0,0.0,1.0,32,750,500,250,0.6666666666666666,10,5,5,406.94298078735426,0.4083711357526882,0.15267485699427996,0.2532528647424214,133611.14724245577,4474.423705052606,138085.5709475084,431,7,143.84375,30,2,21,31.014094730455884,0.6708333333333334,41.53225806451613,1033.8709677419354,34.46236559139785,0
437,4,0,0,32,0.0,0.0,1.0,32,1150,800,350,0.6956521739130435,15,8,7,406.93428515094433,0.407216061827957,0.1550316764132551,0.25396263781318057,133715.3884300208,4482.675200890274,138198.06363091109,432,8,144.84375,30,2,19,30.90941087286116,0.671875,41.431451612903224,1034.274193548387,34.475806451612904,0
438,4,0,0,32,0.0,0.0,1.0,32,950,600,350,0.631578947368421,13,6,7,403.9546140593358,0.4067330309139785,0.14997320384565427,0.25257828305562197,133784.9051371545,4408.605944328816,138193.51108148333,433,9,145.84375,30,2,19,30.916536745918332,0.6725694444444444,41.36424731182795,1034.5430107526877,34.48476702508959,0
439,4,0,0,32,0.0,0.0,1.0,32,600,400,200,0.6666666666666666,8,4,4,404.43447461629285,0.40646001344086025,0.1563555194805195,0.2535949067219424,133889.21407099083,4429.8827899179005,138319.09686090873,434,10,146.84375,30,2,19,30.79924242424242,0.6736111111111112,41.26344086021505,1034.9462365591394,34.498207885304645,0
440,4,0,0,32,0.0,0.0,1.0,32,850,700,150,0.8235294117647058,10,7,3,391.13852944852715,0.4055779569892473,0.10937106324011081,0.242946607727888,133539.5050048828,4046.4891221788203,137585.99412706163,435,11,147.84375,31,1,21,31.494604014445287,0.6673387096774194,41.6015625,1033.59375,33.341733870967744,8
441,4,0,0,32,0.0,0.0,1.0,32,900,600,300,0.6666666666666666,12,6,6,392.2323321828502,0.4055989583333333,0.10684988663559647,0.24384749296786584,133573.15275404183,4078.3418443467845,137651.4945983886,436,12,148.84375,31,1,21,31.432511441407392,0.6676747311827957,41.569010416666664,1033.723958333333,33.34593413978494,0
442,4,0,0,32,0.0,0.0,1.0,32,950,800,150,0.8421052631578947,11,8,3,388.785573400958,0.4046538978494623,0.10576923076923084,0.24232525465402177,133668.00103305784,3993.6380853994483,137661.63911845727,437,13,149.84375,32,0,21,31.426282051282058,0.666015625,41.47727272727273,1034.090909090909,32.31534090909091,0
443,4,0,0,32,0.0,0.0,1.0,32,700,500,200,0.7142857142857143,9,5,4,389.9183576174503,0.4044228830645162,0.10764482358686345,0.24324609803842623,133700.6447843333,4026.4671653402747,137727.11194967356,438,14,150.84375,32,0,17,31.364200545313967,0.6663411458333333,41.44570707070707,1034.217171717172,32.31928661616163,0
444,4,0,0,32,0.0,0.0,1.0,32,900,400,500,0.4444444444444444,14,4,10,390.0086676470026,0.4041078629032258,0.11100347815474776,0.24394893303049883,133798.59995153535,4036.5227400265044,137835.12269156185,439,15,151.84375,32,0,18,31.263475307135298,0.6673177083333333,41.35101010101009,1034.595959595958,32.33112373737369,0
445,4,1,0,33,0.030303030303030304,0.0,1.0,33,700,400,300,0.5714285714285714,10,4,6,379.73164999761127,0.40526357323232326,0.1086709593272206,0.24055360030185755,134264.85794225775,3596.92320862168,137861.78115087943,440,0,148.21212121212122,33,0,19,31.061916164124398,0.6695075757575757,40.900735294117645,1036.397058823529,31.40597147950088,0
446,4,0,0,33,0.0,0.0,1.0,33,800,700,100,0.875,9,7,2,376.6568363154065,0.40415877525252525,0.11372051882569512,0.2396443720978171,134423.66667868118,3526.318603421752,137949.98528210295,441,1,149.21212121212122,33,0,19,30.982628220278897,0.6710858585858586,40.74754901960784,1037.009803921568,31.424539512774786,0
447,4,1,1,33,0.029411764705882353,0.029411764705882353,0.9705882352941176,34,300,100,200,0.3333333333333333,5,1,4,369.2364434431632,0.40663992869875226,0.11397015422861378,0.2367753150951578,134709.75894187333,3148.010530805454,137857.76947267877,442,0,145.7941176470588,33,1,20,30.88908727816471,0.6739267676767677,40.47181372549019,1038.112745098039,31.457961972667853,0
448,4,0,0,33,0.0,0.0,1.0,33,1050,700,350,0.6666666666666666,14,7,7,377.4629778544401,0.4032512626262626,0.12303369543573983,0.2412123446351312,134583.53261146802,3560.060197938963,138143.59280940698,443,1,150.66666666666666,32,1,20,30.80179686866229,0.6751302083333333,40.59343434343433,1037.6262626262612,32.42582070707066,0
449,4,0,0,33,0.0,0.0,1.0,33,1300,1000,300,0.7692307692307693,16,10,6,376.74587412286746,0.4027383207070707,0.11511539184571684,0.24140513103383396,134681.8106092489,3548.163293286379,138229.97390253528,444,2,151.66666666666666,32,1,21,30.722134371325463,0.6761067708333333,40.49873737373736,1038.0050505050492,32.43765782828279,0
450,4,0,0,33,0.0,0.0,1.0,33,950,700,250,0.7368421052631579,12,7,5,376.3304067670588,0.40190972222222227,0.10561676077660098,0.24244872799315526,134878.4742150035,3551.7742130904976,138430.248428094,445,3,152.66666666666666,32,1,19,30.53639439244764,0.6780598958333333,40.30934343434343,1038.7626262626256,32.46133207070705,0
451,4,0,0,33,0.0,0.0,1.0,33,650,500,150,0.7692307692307693,8,5,3,381.6867752987787,0.4015940656565657,0.10439797169654996,0.2463451352104823,134944.0606347566,3701.2726698806173,138645.33330463723,446,4,153.66666666666666,32,1,19,30.331753554502367,0.6787109375,40.24621212121212,1039.015151515151,32.46922348484847,0
452,4,0,0,33,0.0,0.0,1.0,33,1450,1100,350,0.7586206896551724,18,11,7,371.4778800449037,0.4004892676767677,0.05350653722277077,0.2274225475823594,133001.71746148018,3283.1968421340734,136284.91430361426,447,5,154.66666666666666,31,2,17,32.54281326264411,0.6619623655913979,42.12239583333334,1031.5104166666679,33.274529569892515,8
453,4,1,1,33,0.029411764705882353,0.029411764705882353,0.9705882352941176,34,1200,700,500,0.5833333333333334,17,7,10,363.87877211238265,0.4013851752822341,0.05004743833017056,0.22560483870967749,133472.2222222223,2913.5416666666774,136385.763888889,448,0,151.08823529411765,32,2,18,32.26646505376343,0.6640625,41.66666666666667,1033.3333333333342,32.29166666666669,0
454,4,0,1,32,0.0,0.030303030303030304,0.9696969696969697,33,650,300,350,0.46153846153846156,10,3,7,372.01225715886847,0.3987926136363636,0.05351727509529369,0.23022973855682252,133404.9563937718,3325.6557888455063,136730.6121826173,449,1,156.42424242424244,31,2,19,32.123876144861775,0.665994623655914,41.73177083333334,1033.0729166666677,33.324932795698956,0
455,4,0,0,32,0.0,0.0,1.0,32,1000,800,200,0.8,12,8,4,383.80303839070007,0.39587533602150543,0.056575309043591204,0.23729093725120928,133368.07587943703,3837.4145493698807,137205.49042880692,450,2,162.09375,30,2,19,31.856430275428313,0.6684027777777778,41.767473118279575,1032.9301075268825,34.431003584229416,0
456,4,0,0,32,0.0,0.0,1.0,32,1000,700,300,0.7,13,7,6,384.8290797655597,0.3948672715053763,0.05154157456767661,0.2392660026254586,133576.40921277044,3880.8173271476708,137457.2265399181,451,3,163.09375,30,2,21,31.62056299570927,0.6704861111111111,41.565860215053775,1033.7365591397863,34.45788530465954,0
457,4,0,0,32,0.0,0.0,1.0,32,1000,700,300,0.7,13,7,6,384.8290797655597,0.3948672715053763,0.05154157456767661,0.2392660026254586,133576.40921277044,3880.8173271476708,137457.2265399181,452,4,164.09375,30,2,21,31.62056299570927,0.6704861111111111,41.565860215053775,1033.7365591397863,34.45788530465954,0
458,4,0,0,32,0.0,0.0,1.0,32,950,600,350,0.631578947368421,13,6,7,385.50327764540623,0.39459425403225806,0.05519533281331235,0.23991029220456866,133611.14724245598,3901.507038385968,137512.65428084193,453,5,165.09375,30,2,21,31.568241896342517,0.6708333333333334,41.53225806451614,1033.8709677419372,34.462365591397905,0
459,4,1,0,33,0.030303030303030304,0.0,1.0,33,750,600,150,0.8,9,6,3,387.17671059881116,0.3982796717171717,0.08633384668997346,0.22096669432692925,130327.04132550258,3491.91903249669,133818.96035799925,454,0,161.06060606060606,32,1,19,34.84501875437945,0.6324869791666667,44.72853535353536,1021.0858585858592,31.9089330808081,8
460,4,1,0,34,0.029411764705882353,0.0,1.0,34,550,200,350,0.36363636363636365,9,2,7,376.7545173273196,0.40151515151515155,0.07717592275559815,0.21720277206991107,130718.714569161,3049.7732426303846,133768.4878117914,455,0,157.2941176470588,34,0,16,34.71332945285216,0.6317401960784313,44.345238095238095,1022.6190476190477,30.07703081232493,0
461,4,0,0,34,0.0,0.0,1.0,34,1100,900,200,0.8181818181818182,13,9,4,379.389932165521,0.4013294711824124,0.08073348026667038,0.21941299307069217,130840.48327664395,3127.912414965983,133968.39569160994,456,1,158.2941176470588,34,0,16,34.52238965169497,0.6329656862745099,44.226190476190474,1023.0952380952378,30.09103641456582,0
462,4,1,1,34,0.02857142857142857,0.02857142857142857,0.9714285714285714,35,1150,800,350,0.6956521739130435,15,8,7,368.16546969261725,0.4053571428571428,0.07856658595641686,0.2146419240302808,131150.23389274694,2656.9974922839565,133807.2313850309,457,0,154.74285714285713,35,0,18,34.495762711864415,0.6339285714285714,43.923611111111114,1024.3055555555557,29.26587301587302,0
463,4,0,0,34,0.0,0.0,1.0,34,1150,900,250,0.782608695652174,14,9,5,369.08363922219604,0.4042075163398693,0.0898000040996767,0.2160055098615831,131297.620819161,2891.960742630386,134189.5815617914,458,1,157.6764705882353,34,0,19,34.3230921129051,0.6375612745098039,43.779761904761905,1024.8809523809525,30.14355742296919,0
464,4,0,0,34,0.0,0.0,1.0,34,950,600,350,0.631578947368421,13,6,7,366.13886995855523,0.4034647950089127,0.0851067569372681,0.21498132806619163,131422.3514543684,2823.7697928436028,134246.12124721202,459,2,158.6764705882353,33,1,20,34.27241444563961,0.6410984848484849,43.658088235294116,1025.367647058823,31.071746880570394,0
465,4,0,0,34,0.0,0.0,1.0,34,1100,800,300,0.7272727272727273,14,8,6,364.4595116710599,0.40379901960784315,0.08196162735965062,0.2150542277111899,131610.90573637543,2793.369287053059,134404.2750234285,460,3,159.6764705882353,33,1,14,34.12494028424699,0.6429924242424243,43.474264705882355,1026.1029411764707,31.094028520499112,0
466,4,0,0,34,0.0,0.0,1.0,34,700,400,300,0.5714285714285714,10,4,6,364.73081327429907,0.40223930481283426,0.08693652899756432,0.21628304914545987,131799.59518274205,2814.274708044967,134613.86989078703,461,4,160.6764705882353,33,1,15,33.927452559971364,0.6448863636363636,43.29044117647058,1026.8382352941164,31.11631016042777,0
467,4,0,0,34,0.0,0.0,1.0,34,400,100,300,0.25,7,1,6,364.73081327429907,0.40223930481283426,0.08693652899756432,0.21628304914545987,131799.59518274205,2814.274708044967,134613.86989078703,462,5,161.6764705882353,33,1,15,33.927452559971364,0.6448863636363636,43.29044117647058,1026.8382352941164,31.11631016042777,0
468,4,1,1,34,0.02857142857142857,0.02857142857142857,0.9714285714285714,35,1050,700,350,0.6666666666666666,14,7,7,356.60116648021955,0.40514705882352936,0.09360267133930633,0.214307877658001,132306.1295351472,2436.104024943289,134742.23356009048,463,0,158.02857142857144,34,1,17,33.625752140708165,0.647671568627451,42.79761904761904,1028.8095238095223,30.259103641456537,0
469,4,0,1,33,0.0,0.029411764705882353,0.9705882352941176,34,1000,700,300,0.7,13,7,6,415.5755112021945,0.4011623588829471,0.14877931920639442,0.2403574851728323,130843.25140610656,4080.166431241925,134923.41783734848,464,1,163.5,32,2,19,33.59403924472417,0.6376953125,44.22348484848485,1023.1060606060609,31.9720643939394,8
470,4,0,0,33,0.0,0.0,1.0,33,1200,900,300,0.75,15,9,6,426.6974495156282,0.3965830176767677,0.16701965549833186,0.24626807244270815,130761.51741875536,4559.121195475256,135320.63861423061,465,2,169.1818181818182,31,2,20,33.39287608741779,0.6394489247311828,44.303385416666664,1022.7864583333328,32.99311155913977,0
471,4,1,0,34,0.029411764705882353,0.0,1.0,34,1050,900,150,0.8571428571428571,12,9,3,416.4581111763981,0.3988413547237077,0.16044264542665032,0.2420830697870547,131037.09323347113,4114.292068411397,135151.38530188252,466,0,165.1764705882353,32,2,21,33.37418300653596,0.6396484375,44.034090909090914,1023.8636363636367,31.995738636363647,0
472,4,0,0,34,0.0,0.0,1.0,34,600,400,200,0.6666666666666666,8,4,4,415.7861089052571,0.39806149732620316,0.16257152595966295,0.24209914783420958,131101.73906042744,4102.056390929488,135203.79545135694,467,1,166.1764705882353,32,2,21,33.32562774832532,0.6402994791666667,43.97095959595959,1024.116161616161,32.00363005050503,0
473,4,0,0,34,0.0,0.0,1.0,34,800,400,400,0.5,12,4,8,425.01412866506274,0.397021687462864,0.179844773223381,0.22669252942898493,127648.6883049789,4071.738270651718,131720.4265756306,468,2,167.1764705882353,33,1,14,36.62785997251193,0.6029040404040404,47.365196078431374,1010.5392156862749,30.622400475341664,8
474,4,0,0,34,0.0,0.0,1.0,34,650,300,350,0.46153846153846156,10,3,7,425.01412866506274,0.397021687462864,0.179844773223381,0.22669252942898493,127648.6883049789,4050.4992070357603,131699.18751201467,469,3,168.1764705882353,33,1,14,36.62785997251193,0.6029040404040404,47.365196078431374,1010.5392156862749,30.622400475341664,0
475,4,1,0,35,0.02857142857142857,0.0,1.0,35,850,600,250,0.7058823529411765,11,6,5,418.9431159944119,0.39989495798319324,0.1885317786999552,0.2258892400317364,128084.27047902493,3732.00467687075,131816.27515589568,470,0,164.34285714285716,34,1,15,36.332519894939054,0.6050857843137255,46.93452380952381,1012.2619047619046,29.77240896358543,0
476,4,0,1,34,0.0,0.02857142857142857,0.9714285714285714,35,900,700,200,0.7777777777777778,11,7,4,418.80472150248096,0.39936974789915963,0.18765432098765422,0.22615454961133968,128144.53125000001,3733.535289115647,131878.06653911565,471,1,165.34285714285716,32,3,16,36.27400548696845,0.6103515625,46.875,1012.5000000000001,31.640625000000004,0
477,4,2,1,35,0.05555555555555555,0.027777777777777776,0.9722222222222222,36,1150,700,450,0.6086956521739131,16,7,9,401.96153935914515,0.40681216931216935,0.19257917337627517,0.2201217953633413,128703.50346020755,3146.7716743560113,131850.27513456356,472,0,160.02777777777777,33,3,16,36.126710950080515,0.6136363636363636,46.3235294117647,1014.7058823529406,30.74866310160426,0
478,4,2,0,37,0.05405405405405406,0.0,1.0,37,1250,1100,150,0.88,14,11,3,393.0744368212517,0.4078140640640641,0.2002918931582398,0.21747741199889997,129110.63102324268,2750.0177154195094,131860.6487386622,473,0,156.64864864864865,34,3,19,35.93548670493148,0.6155024509803921,45.92261904761905,1016.3095238095241,29.89145658263306,0
479,4,0,1,36,0.0,0.02702702702702703,0.972972972972973,37,900,600,300,0.6666666666666666,12,6,6,443.98743833557876,0.4074386886886887,0.22676464157219245,0.2216676574015699,124938.73299932721,3699.3937035598574,128638.12670288706,474,1,157.64864864864865,33,4,19,38.96430906267875,0.5751262626262627,50.06127450980392,999.7549019607845,30.295603089720743,8
480,4,5,2,39,0.12195121951219512,0.04878048780487805,0.9512195121951219,41,950,500,450,0.5263157894736842,14,5,9,380.84611024308435,0.4205030487804878,0.16568082602023337,0.19397793480644956,125767.10467428392,1460.8463391484042,127227.95101343234,475,0,143.1219512195122,33,8,16,39.683745672979036,0.5836489898989898,49.23406862745098,1003.0637254901961,30.39587046939988,8
481,4,1,2,38,0.025,0.05,0.95,40,850,400,450,0.47058823529411764,13,4,9,386.9745866023353,0.41955128205128206,0.17628414956565552,0.19690833705204036,125727.0642823437,1730.6357450770406,127457.70002742074,476,0,147.675,32,8,17,39.57153048806076,0.5856119791666667,49.2739898989899,1002.9040404040409,31.340751262626277,0
482,4,3,2,39,0.07317073170731707,0.04878048780487805,0.9512195121951219,41,900,600,300,0.6666666666666666,12,6,6,370.4864063711175,0.42609247967479674,0.197854785984112,0.19114985619704858,126297.54178463899,1158.7030341291313,127456.24481876811,477,0,144.82926829268294,32,9,17,39.39569987020055,0.5914713541666667,48.70580808080806,1005.1767676767649,31.411773989898904,0
483,4,2,2,39,0.04878048780487805,0.04878048780487805,0.9512195121951219,41,1100,1000,100,0.9090909090909091,12,10,2,371.6726781363383,0.42576219512195124,0.1988149373019159,0.19235691236880637,126424.48992768569,1197.705750688673,127622.19567837437,478,0,145.78048780487805,32,9,17,39.234934086629,0.5927734375,48.57954545454544,1005.6818181818161,31.427556818181753,0
484,4,2,1,40,0.04878048780487805,0.024390243902439025,0.975609756097561,41,1750,1200,550,0.6857142857142857,23,12,11,377.47443519619503,0.4245934959349593,0.20716568544995773,0.19688414785413028,126742.13927469122,1368.383487654299,128110.52276234551,479,0,146.73170731707316,32,9,18,38.76149425287356,0.5960286458333333,48.26388888888888,1006.9444444444433,31.467013888888854,0
485,4,0,0,40,0.0,0.0,1.0,40,800,500,300,0.625,11,5,6,390.28934160517775,0.4221554487179487,0.2185834411384222,0.20302399802207385,126632.90235731307,1884.6944173176698,128517.59677463074,480,1,151.4,31,9,18,38.55163863734368,0.5974462365591398,48.372395833333314,1006.5104166666642,32.46807795698917,0
486,4,2,0,42,0.047619047619047616,0.0,1.0,42,1100,800,300,0.7272727272727273,14,8,6,371.06174952256697,0.4275793650793651,0.2179872324446115,0.19567077999576124,127187.51793503191,1039.7153407745457,128227.23327580646,481,0,145.14285714285714,32,10,20,38.46460758542995,0.6005859375,47.82196969696968,1008.7121212121193,31.52225378787873,0
487,4,1,1,42,0.023255813953488372,0.023255813953488372,0.9767441860465116,43,1250,800,450,0.64,17,8,9,364.19550759297886,0.43050941306755264,0.22874941105772617,0.19380655707481761,127555.82475790555,691.0516688292889,128246.87642673483,482,0,142.74418604651163,33,10,18,38.25960916333051,0.6019570707070707,47.45710784313725,1010.1715686274504,30.611259655377285,0
488,4,1,0,43,0.023255813953488372,0.0,1.0,43,1300,800,500,0.6153846153846154,18,8,10,366.96862076113507,0.4318936877076412,0.2302418570836824,0.19678960540231605,127865.50132461058,784.5253328046722,128650.02665741525,483,0,143.69767441860466,33,10,19,37.87196070115919,0.6051136363636364,47.15073529411764,1011.3970588235281,30.648395721925095,0
489,4,0,1,42,0.0,0.023255813953488372,0.9767441860465116,43,1350,1100,250,0.8148148148148148,16,11,5,368.87862838590684,0.43207825765965296,0.2300633276735451,0.19873245869792602,128051.48748378034,847.0914131584054,128898.57889693874,484,1,144.69767441860466,33,10,20,37.633061912257325,0.6070075757575757,46.966911764705884,1012.1323529411769,30.670677361853848,0
490,4,2,1,43,0.045454545454545456,0.022727272727272728,0.9772727272727273,44,1350,1000,350,0.7407407407407407,17,10,7,349.90035373538626,0.4356611169837914,0.22479357702999891,0.19117996883646657,128613.70991941004,200.39651920437882,128814.10643861443,485,0,140.13636363636363,35,9,18,37.538985242659365,0.6083333333333334,46.41203703703703,1014.351851851851,28.98148148148146,0
491,4,1,1,43,0.022727272727272728,0.022727272727272728,0.9772727272727273,44,1050,800,250,0.7619047619047619,13,8,5,350.5494954370524,0.43604651162790703,0.23656423972879637,0.19224318483349043,128760.50407503854,227.3859471450553,128987.8900221836,486,0,141.11363636363637,35,9,19,37.37277625726993,0.6098214285714285,46.26736111111111,1014.9305555555552,28.998015873015863,0
492,4,0,1,42,0.0,0.023255813953488372,0.9767441860465116,43,1300,800,500,0.6153846153846154,18,8,10,360.7232819977094,0.4334856035437431,0.24570842382111224,0.19760959227175276,128717.71541950105,686.2953514739107,129404.01077097496,487,1,145.1627906976744,34,9,19,37.158317691224774,0.6115196078431373,46.3095238095238,1014.761904761904,29.84593837535012,0
493,4,2,0,44,0.045454545454545456,0.0,1.0,44,550,100,450,0.18181818181818182,10,1,9,354.6909781497608,0.4339543692741367,0.2568958376475461,0.19610748036239894,129083.74592764038,356.9680212619786,129440.71394890235,488,0,142.72727272727272,35,9,21,36.938116932422176,0.6130952380952381,45.94907407407406,1016.203703703702,29.034391534391485,0
494,4,0,0,44,0.0,0.0,1.0,44,950,700,250,0.7368421052631579,12,7,5,351.88860245413497,0.43343683932346727,0.2568934822435911,0.194992908224269,129171.97312510699,290.8290198473802,129462.80214495437,489,1,143.72727272727272,35,9,21,36.919451402330274,0.6139880952380952,45.86226851851851,1016.5509259259245,29.04431216931213,0
495,4,1,2,43,0.022222222222222223,0.044444444444444446,0.9555555555555556,45,950,900,50,0.9473684210526315,10,9,1,343.8390944607777,0.4350378787878788,0.2525552112537506,0.19178580602145584,129430.46932067187,-99.34892662935209,129331.12039404252,490,0,141.51111111111112,36,9,15,36.86112033348087,0.6145833333333333,45.6081081081081,1017.5675675675662,28.265765765765728,0
496,4,1,0,44,0.022727272727272728,0.0,1.0,44,1050,900,150,0.8571428571428571,12,9,3,355.8760148633065,0.43361301973220573,0.25521253490536777,0.19823511854552991,129377.9538001542,408.5021219135635,129786.45592206776,491,0,145.36363636363637,35,9,24,36.60836177474401,0.6160714285714286,45.659722222222214,1017.3611111111102,29.06746031746029,0
497,4,0,0,44,0.0,0.0,1.0,44,1300,800,500,0.6153846153846154,18,8,10,357.28023926975385,0.4329193093727977,0.25241872965011125,0.19976349042450647,129525.18332315248,455.35769783093576,129980.54102098342,492,1,146.36363636363637,35,9,18,36.42280178131513,0.6175595238095238,45.5150462962963,1017.9398148148152,29.08399470899472,0
498,4,1,1,44,0.022222222222222223,0.022222222222222223,0.9777777777777777,45,900,600,300,0.6666666666666666,12,6,6,351.1056264692689,0.4332281144781145,0.25547208719988235,0.19814265154612384,129889.23890106336,120.96851919488708,130010.20742025824,493,0,144.0888888888889,36,9,20,36.209999631757256,0.619212962962963,45.157657657657666,1019.3693693693705,28.315815815815846,0
499,4,0,1,43,0.0,0.022727272727272728,0.9772727272727273,44,1000,800,200,0.8,12,8,4,356.6879202714114,0.43007840028188865,0.2585488617004801,0.20093647715865529,129819.8935426314,461.0375675154588,130280.93111014686,494,1,147.95454545454547,35,9,21,36.13820272572403,0.6205357142857143,45.22569444444446,1019.097222222224,29.117063492063544,0
500,4,0,1,42,0.0,0.023255813953488372,0.9767441860465116,43,1300,800,500,0.6153846153846154,18,8,10,362.68684754577885,0.4279485049833887,0.25979320917185844,0.20361867897648867,129685.96938775526,807.0790816326762,130493.04846938794,495,2,152.25581395348837,34,9,21,36.121581346423575,0.6213235294117647,45.35714285714287,1018.5714285714298,29.957983193277347,0
501,4,0,1,41,0.0,0.023809523809523808,0.9761904761904762,42,1150,800,350,0.6956521739130435,15,8,7,371.48173731212745,0.4253411730545877,0.2600825167612173,0.20830048833088938,129637.827097751,1231.6170463283538,130869.44414407935,496,3,156.64285714285714,33,9,22,35.94665062174089,0.6231060606060606,45.40441176470589,1018.3823529411775,30.860071301247803,0
502,4,0,0,41,0.0,0.0,1.0,41,1150,800,350,0.6956521739130435,15,8,7,374.317372733353,0.42466971544715443,0.26308693181131093,0.21030588880311232,129715.36705438224,1510.943079787782,131226.31013417002,497,4,158.6829268292683,32,9,22,35.79547802016196,0.6263020833333333,45.32828282828283,1018.6868686868689,31.833964646464654,0
503,4,1,0,42,0.023809523809523808,0.0,1.0,42,1350,1200,150,0.8888888888888888,15,12,3,366.6107752253231,0.4259944831591173,0.2611380048294252,0.2075465898928666,130012.50270328722,1132.7968810073098,131145.29958429452,498,0,155.88095238095238,33,9,23,35.68953777136907,0.6268939393939394,45.036764705882355,1019.8529411764707,30.904634581105174,0
504,4,2,0,44,0.045454545454545456,0.0,1.0,44,1150,800,350,0.6956521739130435,15,8,7,355.3587699267259,0.4296049154334038,0.2821810986964617,0.20519103166736755,130779.59183673467,494.9752695195714,131274.56710625425,499,0,149.75,34,10,18,35.198682883302304,0.6323529411764706,44.285714285714285,1022.8571428571427,30.08403361344537,0
505,4,1,2,43,0.022222222222222223,0.044444444444444446,0.9555555555555556,45,1700,1300,400,0.7647058823529411,21,13,8,351.14985216849266,0.4297979797979798,0.28145972206530345,0.2048798511234892,131179.8740381731,212.75867519719938,131392.6327133703,500,0,147.4,35,10,19,34.901541257108434,0.6342261904761906,43.89467592592593,1024.421296296297,29.269179894179914,0
506,4,0,0,43,0.0,0.0,1.0,43,1100,700,400,0.6363636363636364,15,7,8,362.97383515459666,0.42896363971945367,0.2780257171759788,0.2105836055775454,130962.30867346938,907.1782879818547,131869.48696145124,501,1,150.88372093023256,34,9,19,34.81890168256182,0.6341911764705883,44.107142857142854,1023.5714285714286,30.10504201680672,0
507,4,0,0,43,0.0,0.0,1.0,43,1250,900,350,0.72,16,9,7,363.16445657358685,0.4286637135474345,0.2768201642318493,0.21119523265648546,131053.71492346934,918.8102324262965,131972.52515589562,502,2,151.88372093023256,34,9,19,34.72149556253149,0.6351102941176471,44.01785714285714,1023.928571428571,30.11554621848738,0
508,4,0,1,42,0.0,0.023255813953488372,0.9767441860465116,43,1200,700,500,0.5833333333333334,17,7,10,362.5150810315659,0.42808693244739754,0.2731733944408714,0.2116556843526226,131206.12953514745,912.8401360544249,132118.9696712019,503,3,152.88372093023256,34,9,21,34.583914323340295,0.6366421568627452,43.86904761904762,1024.5238095238099,30.133053221288524,0
509,4,1,0,43,0.023255813953488372,0.0,1.0,43,750,500,250,0.6666666666666666,10,5,5,361.8111455916661,0.42792543373938724,0.2731052143916455,0.21174929656007166,131297.62081916098,900.9885204081642,132198.60933956914,504,0,153.58139534883722,34,9,22,34.509428117861155,0.6375612745098039,43.779761904761905,1024.8809523809523,30.143557422969185,0
510,4,2,3,42,0.044444444444444446,0.06666666666666667,0.9333333333333333,45,950,700,250,0.7368421052631579,12,7,5,345.9196579716838,0.43137626262626266,0.2751023391812868,0.20538979692068723,131848.06428049668,121.767460027592,131969.83174052427,505,0,147.7111111111111,36,9,18,34.36152229532164,0.6388888888888888,43.24324324324324,1027.0270270270266,28.52852852852852,0
511,4,0,0,42,0.0,0.0,1.0,42,1550,1100,450,0.7096774193548387,20,11,9,372.95772879913955,0.4244821912504839,0.2917157342444703,0.21896966040538413,131419.65880102027,1402.7954931972629,132822.45429421752,506,1,158.57142857142858,34,8,23,34.1003425055149,0.6387867647058824,43.66071428571428,1025.3571428571418,30.157563025210052,0
512,4,0,0,42,0.0,0.0,1.0,42,1200,700,500,0.5833333333333334,17,7,10,372.00228417419083,0.42416763453348816,0.28855572876933455,0.21858306111026457,131450.17715419497,1379.9532312925144,132830.1303854875,507,2,159.57142857142858,34,8,23,34.09396525036761,0.639093137254902,43.63095238095238,1025.4761904761904,30.161064425770306,0
513,4,0,1,41,0.0,0.023809523809523808,0.9761904761904762,42,1600,1300,300,0.8125,19,13,6,375.74790059089815,0.42322396438250093,0.29154990068180675,0.22248891042999086,131743.67310742437,1500.4817172496364,133244.154824674,508,3,160.57142857142858,35,7,19,33.70114618564449,0.6398809523809523,43.3449074074074,1026.6203703703688,29.33201058201054,0
514,4,0,0,41,0.0,0.0,1.0,41,1000,600,400,0.6,14,6,8,374.9883277127554,0.4215701219512195,0.29317760219855704,0.22290833278303435,131892.2422223294,1691.610269847392,133583.85249217678,509,4,162.1219512195122,35,6,19,33.570539906103285,0.6413690476190477,43.20023148148148,1027.1990740740741,29.348544973544975,0
515,4,0,0,41,0.0,0.0,1.0,41,950,700,250,0.7368421052631579,12,7,5,377.61139517896294,0.42068089430894307,0.30138431114040887,0.22534873583260678,132040.89506172828,1772.0293209876431,133812.92438271592,510,5,163.1219512195122,35,6,20,33.35304054054054,0.6428571428571428,43.05555555555555,1027.777777777777,29.36507936507934,0
516,4,0,1,40,0.0,0.024390243902439025,0.975609756097561,41,1200,800,400,0.6666666666666666,16,8,8,376.38226712932004,0.42047764227642276,0.29416528267702513,0.22549942302387097,132189.6316256215,1750.7666484482102,133940.3982740697,511,6,164.1219512195122,35,6,20,33.23450103170136,0.6443452380952381,42.910879629629626,1028.3564814814808,29.38161375661374,0
517,4,1,1,40,0.024390243902439025,0.024390243902439025,0.975609756097561,41,1000,800,200,0.8,12,8,4,377.5453265192248,0.4213160569105691,0.30295481357513276,0.2270891713637283,132338.45191400874,1792.7528077846196,134131.20472179336,512,0,164.82926829268294,35,6,21,33.05446194225723,0.6458333333333333,42.766203703703695,1028.9351851851839,29.39814814814811,0
518,4,0,0,40,0.0,0.0,1.0,40,1000,600,400,0.6,14,6,8,383.96722822359436,0.419644764957265,0.29803240740740766,0.23038033693415627,132244.8979591835,2155.5413832199333,134400.43934240344,513,1,169.175,34,6,22,32.983699845679006,0.6470588235294117,42.85714285714285,1028.571428571427,30.25210084033609,0
519,4,0,1,39,0.0,0.025,0.975,40,1250,800,450,0.64,17,8,9,385.94791003959176,0.41951121794871793,0.2998900971772329,0.23232129069514124,132367.37528344654,2217.382369614489,134584.75765306104,514,2,170.175,34,6,22,32.80912579052906,0.6482843137254901,42.73809523809523,1029.0476190476177,30.26610644257699,0
520,4,0,0,39,0.0,0.0,1.0,39,650,100,550,0.15384615384615385,12,1,11,376.0488871409685,0.419646873594242,0.2344820373372385,0.21524043306784604,130439.87509645052,2010.3539737654207,132450.22907021592,515,3,165.82051282051282,35,4,21,35.01444595513257,0.6267857142857143,44.61805555555555,1021.5277777777769,29.186507936507912,8
521,4,1,0,40,0.025,0.0,1.0,40,950,100,850,0.10526315789473684,18,1,17,366.32145839867036,0.42081997863247866,0.23688638799571304,0.21175831517097837,130822.85534972281,1584.643832717737,132407.49918244054,516,0,162.65,37,3,19,34.87450875312611,0.6266891891891893,44.24342105263157,1023.0263157894722,27.64935988620195,0
522,4,0,0,40,0.0,0.0,1.0,40,1200,900,300,0.75,15,9,6,343.77996345532875,0.42162126068376066,0.18968810705806183,0.18983701676859813,129034.22807979374,871.8764427516087,129906.10452254536,517,1,163.65,37,3,20,37.265720555435635,0.6086711711711712,45.997807017543856,1016.0087719298242,27.459696538643897,8
523,4,0,1,39,0.0,0.025,0.975,40,1200,900,300,0.75,15,9,6,347.3528621338347,0.4222622863247863,0.1864754098360657,0.1926229508196722,129201.38888888907,975.8026508156547,130177.19153970473,518,2,164.65,36,4,21,37.004781420765035,0.6122685185185186,45.83333333333334,1016.6666666666681,28.24074074074078,0
524,4,1,0,40,0.025,0.0,1.0,40,650,400,250,0.6153846153846154,9,4,5,345.24236086427766,0.4252136752136752,0.18740473211238728,0.1924556496105177,129407.39300679436,935.3827749914145,130342.77578178578,519,0,161.4,35,5,22,36.848884275584865,0.6163690476190475,45.63078703703703,1017.4768518518514,29.070767195767182,0
525,4,1,1,40,0.024390243902439025,0.024390243902439025,0.975609756097561,41,950,700,250,0.7368421052631579,12,7,5,336.67865507131205,0.4273119918699187,0.18023282454064438,0.18958339450779732,129803.15778193736,540.3905172063976,130343.54829914376,520,0,158.4390243902439,36,5,20,36.66496297933474,0.6183449074074074,45.24211711711712,1019.0315315315316,28.306431431431434,0
526,4,0,0,40,0.0,0.0,1.0,40,1450,1000,450,0.6896551724137931,19,10,9,354.7825934875006,0.42781784188034183,0.20012891027844626,0.18867688564079307,127530.03532503842,1057.9929899987055,128588.02831503713,521,1,155.075,35,5,14,38.5237624613269,0.5973214285714286,47.48263888888888,1010.0694444444432,28.85912698412695,8
527,4,0,0,40,0.0,0.0,1.0,40,700,600,100,0.8571428571428571,8,6,2,353.32616517946843,0.4275641025641026,0.1985621934908599,0.18824479536758845,127603.50722343962,1017.1315741417015,128620.63879758133,522,2,156.075,36,4,15,38.48524112052309,0.5960648148148149,47.409909909909906,1010.3603603603601,28.06556556556556,0
528,4,1,0,41,0.024390243902439025,0.0,1.0,41,900,600,300,0.6666666666666666,12,6,6,345.5793138153873,0.4301829268292683,0.2007065343853789,0.18532695294378673,127867.1321945213,637.6471606648131,128504.77935518611,523,0,153.2439024390244,37,4,17,38.4111195432206,0.5968468468468469,47.14912280701754,1011.4035087719291,27.335229966808892,0
529,4,0,0,41,0.0,0.0,1.0,41,750,400,350,0.5333333333333333,11,4,7,345.0508199626966,0.430614837398374,0.20000528499326187,0.18581208099508095,128033.53555901807,635.6152854724439,128669.15084449052,524,1,154.2439024390244,37,4,18,38.254333694474546,0.5985360360360361,46.984649122807014,1012.0614035087711,27.353010905642464,0
530,4,1,0,42,0.023809523809523808,0.0,1.0,42,1050,800,250,0.7619047619047619,13,8,5,343.7831708490295,0.43440282617111886,0.20550781974408072,0.18693715478402512,128422.23087873186,429.9284395198443,128852.15931825171,525,0,151.54761904761904,37,5,14,37.88944180008654,0.6024774774774775,46.60087719298245,1013.5964912280698,27.394499762920805,0
531,4,0,0,42,0.0,0.0,1.0,42,1200,900,300,0.75,15,9,6,347.7458343338422,0.43407617111885405,0.21159301649084417,0.18975228446924503,128561.1934080677,541.3238929285797,129102.51730099627,526,1,152.54761904761904,37,5,15,37.6472005982629,0.6038851351351351,46.46381578947368,1014.144736842104,27.409317211948757,0
532,4,0,1,41,0.0,0.023809523809523808,0.9761904761904762,42,1000,700,300,0.7,13,7,6,348.31702288241735,0.43442702284165696,0.20890779309670493,0.19059594398172705,128672.41753472204,563.7586805555354,129236.17621527758,527,2,153.54761904761904,37,5,17,37.519250513347025,0.6050112612612613,46.35416666666666,1014.5833333333319,27.42117117117113,0
533,4,0,1,40,0.0,0.024390243902439025,0.975609756097561,41,1750,1500,250,0.8571428571428571,20,15,5,354.62563747767246,0.4345528455284553,0.20174964899017178,0.19486520934158844,128839.34389667957,937.9468923129967,129777.29078899256,528,3,151.5121951219512,37,4,18,37.18892879000612,0.6067004504504505,46.18969298245613,1015.241228070174,27.438952110004703,0
534,4,0,0,40,0.0,0.0,1.0,40,1150,900,250,0.782608695652174,14,9,5,361.7782835063316,0.43185096153846153,0.2127579321056139,0.19860349863130758,128800.98637488829,1319.4799529258858,130120.46632781418,529,4,156.175,36,4,18,37.04653871755049,0.6082175925925926,46.22747747747747,1015.0900900900891,28.19694694694692,0
535,4,0,0,40,0.0,0.0,1.0,40,1000,500,500,0.5,15,5,10,360.78667993566006,0.43151709401709404,0.21017080745341654,0.19834467721340932,128858.14868922981,1298.0607296485737,130156.20941887838,530,5,157.175,36,4,18,37.013365128660155,0.6087962962962963,46.171171171171174,1015.3153153153157,28.203203203203216,0
536,4,0,0,40,0.0,0.0,1.0,40,1350,1000,350,0.7407407407407407,17,10,7,360.9566231386606,0.43124999999999997,0.20446685878962567,0.19929930562772313,129029.711721857,1314.8258055352717,130344.53752739228,531,6,158.175,36,4,18,36.834035321067034,0.6105324074074074,46.002252252252255,1015.9909909909911,28.221971971971975,0
537,4,0,0,40,0.0,0.0,1.0,40,1450,1000,450,0.6896551724137931,19,10,9,365.32146775027263,0.43127670940170937,0.21191758370405078,0.20289830803139342,129261.9118480727,1444.6585409182117,130706.57038899092,532,7,159.175,34,6,18,36.4863810192773,0.6170343137254901,45.77380952380953,1016.904761904763,29.908963585434204,0
538,4,1,0,41,0.024390243902439025,0.0,1.0,41,1100,800,300,0.7272727272727273,14,8,6,356.66094038776146,0.43363821138211384,0.21182577446511153,0.19956677046124363,129554.6392746914,1041.4158950617355,130596.05516975315,533,0,156.26829268292684,35,6,17,36.40859481582537,0.6178571428571429,45.486111111111114,1018.055555555556,29.0873015873016,0
539,4,1,0,42,0.023809523809523808,0.0,1.0,42,1300,900,400,0.6923076923076923,17,9,8,344.7483252716856,0.4344149245063879,0.20101172719667848,0.1944122798775097,129860.542024288,553.8408763493438,130414.38290063736,534,0,153.52380952380952,36,6,18,36.401134312967265,0.6189236111111112,45.18581081081082,1019.2567567567585,28.312687687687735,0
540,4,0,1,41,0.0,0.023809523809523808,0.9761904761904762,42,1250,900,350,0.72,16,9,7,345.42503869721895,0.43430603948896634,0.20344885634324394,0.19493687345930383,129889.2389010635,573.3990747504567,130462.63797581395,535,1,154.52380952380952,36,6,18,36.354765061128305,0.619212962962963,45.15765765765767,1019.3693693693715,28.315815815815874,0
541,4,1,0,42,0.023809523809523808,0.0,1.0,42,900,400,500,0.4444444444444444,14,4,10,345.08229127133643,0.43719754161827334,0.21835863801430522,0.19603703079683896,130147.65346004801,582.3300919162573,130729.98355196427,536,0,154.33333333333334,36,6,19,36.10137769929736,0.6218171296296297,44.90427927927929,1020.3828828828838,28.343968968968994,0
542,4,0,0,42,0.0,0.0,1.0,42,1550,1100,450,0.7096774193548387,20,11,9,343.90441283007624,0.43696767324816105,0.21466927276261938,0.19565635238411688,130205.11379200149,555.6226412223093,130760.73643322379,537,1,155.33333333333334,36,6,20,36.07318216925962,0.6223958333333333,44.847972972972975,1020.6081081081084,28.35022522522523,0
543,4,1,0,43,0.023255813953488372,0.0,1.0,43,1000,800,200,0.8,12,8,4,338.0491003856814,0.4371308600959764,0.21960553429496588,0.19428444597998276,130598.60365689438,229.74809556785812,130828.35175246224,538,0,152.69767441860466,37,6,16,35.824304512622454,0.6244369369369369,44.46271929824561,1022.1491228070172,27.62565196775722,0
544,4,0,1,42,0.0,0.023255813953488372,0.9767441860465116,43,1250,900,350,0.72,16,9,7,341.35992951951744,0.4367847914359542,0.22433729410473568,0.19647160387901116,130654.64854570637,320.0523237919306,130974.7008694983,539,1,153.69767441860466,37,6,16,35.68300443300442,0.625,44.4078947368421,1022.3684210526316,27.63157894736842,0
545,4,0,1,41,0.0,0.023809523809523808,0.9761904761904762,42,1400,1000,400,0.7142857142857143,18,10,8,349.6083942882319,0.4367620015485869,0.23023392457126102,0.20097500918013173,130607.69120049095,732.3090404593715,131340.00024095032,540,2,158.23809523809524,36,6,17,35.51972017186296,0.6264467592592593,44.453828828828826,1022.184684684684,28.394019019019,0
546,4,0,0,41,0.0,0.0,1.0,41,1300,1000,300,0.7692307692307693,16,10,6,358.7586071400177,0.43658536585365854,0.23767714067130497,0.20612864408936185,130587.70743580654,1169.8928058556016,131757.60024166215,541,3,157.1951219512195,35,6,17,35.30614218850262,0.6282738095238095,44.47337962962962,1022.1064814814798,29.20304232804228,0
547,4,0,0,41,0.0,0.0,1.0,41,1450,1200,250,0.8275862068965517,17,12,5,358.25146756071393,0.43602642276422765,0.2384931282414906,0.20655756043929127,130722.8274516068,1166.3289556448049,131889.1564072516,542,4,158.1951219512195,36,5,17,35.18220276768343,0.6276041666666667,44.3412162162162,1022.6351351351334,28.406531531531485,0
548,4,0,1,40,0.0,0.024390243902439025,0.975609756097561,41,900,600,300,0.6666666666666666,12,6,6,360.7978964794414,0.435645325203252,0.2343095335872476,0.20895924061878152,130895.62694028472,1245.3733716824804,132141.00031196722,543,5,159.1951219512195,36,5,18,34.94208759766701,0.6293402777777778,44.17229729729729,1023.3108108108096,28.425300300300265,0
549,4,0,0,40,0.0,0.0,1.0,40,950,400,550,0.42105263157894735,15,4,11,369.3945660408266,0.4357905982905983,0.23773755656108664,0.21370732747388113,130854.01663237295,1667.3525377228898,132521.36917009583,544,6,162.925,35,5,18,34.76432880844647,0.6309523809523809,44.212962962962955,1023.1481481481469,29.2328042328042,0
550,4,0,0,40,0.0,0.0,1.0,40,700,400,300,0.5714285714285714,10,4,6,371.79956882664516,0.4350961538461538,0.23653324287652633,0.21576085214585625,130972.4633487654,1739.101080246911,132711.56442901233,545,7,163.925,35,5,19,34.58276797829036,0.6321428571428571,44.09722222222222,1023.611111111111,29.246031746031743,0
551,4,0,1,39,0.0,0.025,0.975,40,1000,800,200,0.8,12,8,4,370.7379442724054,0.4347088675213675,0.2381781193490049,0.21580850861330525,131090.96364883392,1720.0788751714508,132811.04252400537,546,8,164.925,35,5,19,34.48990355635924,0.6333333333333333,43.981481481481474,1024.0740740740732,29.259259259259235,0
552,4,0,1,38,0.0,0.02564102564102564,0.9743589743589743,39,1350,1100,250,0.8148148148148148,16,11,5,378.0088011578083,0.43182073774179036,0.24546969894623927,0.2195330168247415,131002.08340031283,2103.9880990654874,133106.0714993783,547,9,169.82051282051282,35,4,19,34.39384303749763,0.6324404761904762,44.06828703703703,1023.726851851851,29.249338624338602,0
553,4,0,0,38,0.0,0.0,1.0,38,850,800,50,0.9411764705882353,9,8,1,373.344439816743,0.43135075865339023,0.15606874328678844,0.21271950640721377,130262.58680555533,2157.031517918349,132419.61832347367,548,10,161.21052631578948,33,5,18,35.263605442176846,0.6294191919191919,44.79166666666665,1020.8333333333316,30.93434343434338,8
554,4,1,1,38,0.02564102564102564,0.02564102564102564,0.9743589743589743,39,1150,800,350,0.6956521739130435,15,8,7,364.3198595929901,0.43182073774179036,0.15171985402593413,0.20937418436850116,130597.00255102017,1715.8163265305857,132312.81887755074,549,0,158.05128205128204,34,5,16,35.15461215932913,0.6305147058823529,44.4642857142857,1022.1428571428552,30.063025210083975,0
555,4,0,1,37,0.0,0.02631578947368421,0.9736842105263158,38,1400,900,500,0.6428571428571429,19,9,10,371.66749252385756,0.4298838311996207,0.1570179526168638,0.2132616146941703,130536.16780045319,2103.2100340135657,132639.37783446675,550,12,163.21052631578948,34,4,17,35.028590012426214,0.6299019607843137,44.523809523809504,1021.9047619047593,30.05602240896351,0
556,4,0,0,37,0.0,0.0,1.0,37,1300,1000,300,0.7692307692307693,16,10,6,375.31092175304116,0.42902277277277273,0.16562514757040114,0.21552135540132783,130566.5834041947,2400.6129535146997,132967.19635770938,551,13,166.59459459459458,34,3,18,34.90463016889924,0.6302083333333333,44.4940476190476,1022.0238095238069,30.059523809523732,0
557,4,0,0,37,0.0,0.0,1.0,37,1200,900,300,0.75,15,9,6,378.90846263812506,0.4294607107107107,0.16525923850950086,0.21792946876581204,130627.42524092947,2499.16737528342,133126.5926162129,552,14,167.59459459459458,34,3,18,34.750931640852464,0.6308210784313726,44.434523809523796,1022.2619047619029,30.066526610644203,0
558,4,0,0,37,0.0,0.0,1.0,37,1200,900,300,0.75,15,9,6,371.776123344785,0.4294294294294294,0.02568923239191112,0.21276853090602807,130435.08193582093,2298.5298220517766,132733.6117578727,553,15,168.59459459459458,36,1,17,35.12843126446917,0.6247106481481481,44.622747747747745,1021.5090090090088,28.375250250250243,8
559,4,0,0,37,0.0,0.0,1.0,37,1250,900,350,0.72,16,9,7,371.8734392054349,0.42870995995996,0.03129382549895987,0.2137742373443782,130607.69120049097,2313.9062626815944,132921.59746317257,554,16,169.59459459459458,36,1,14,34.95074547390842,0.6264467592592593,44.453828828828826,1022.1846846846842,28.394019019019005,0
560,4,0,0,37,0.0,0.0,1.0,37,1100,600,500,0.5454545454545454,16,6,10,370.469056259582,0.42824074074074076,0.0318907012739611,0.21344283190590144,130694.03863322787,2283.61943024106,132977.65806346893,555,17,170.59459459459458,36,1,14,34.89904552129224,0.6273148148148149,44.36936936936937,1022.5225225225229,28.403403403403413,0
561,4,0,0,37,0.0,0.0,1.0,37,800,400,400,0.5,12,4,8,371.70779608837097,0.4278966466466467,0.03156375968703973,0.21495641804346596,130838.01442912509,2326.7019976057136,133164.7164267308,556,18,171.59459459459458,36,1,14,34.72138139790864,0.6287615740740741,44.2286036036036,1023.0855855855857,28.419044044044046,0
562,4,2,0,39,0.05128205128205128,0.0,1.0,39,1350,900,450,0.6666666666666666,18,9,9,356.9347040660097,0.43187696806117853,0.034654947498984345,0.2087632732561688,131273.37643363295,1571.2047538169427,132844.5811874499,557,0,163.74358974358975,38,1,17,34.65887371420628,0.6293859649122807,43.80341880341881,1024.7863247863256,26.968061178587515,0
563,4,0,0,39,0.0,0.0,1.0,39,950,600,350,0.631578947368421,13,6,7,356.9303985722782,0.43151147098515524,0.029601834479883404,0.2090592334494774,131328.12500000015,1575.000000000015,132903.12500000017,558,1,164.74358974358975,38,1,17,34.60365853658537,0.6299342105263157,43.75000000000001,1025.0000000000011,26.973684210526347,0
564,4,0,0,39,0.0,0.0,1.0,39,1050,600,450,0.5714285714285714,15,6,9,356.15706387396347,0.4314833558254611,0.02950400991659552,0.20920413090956586,131437.65637555716,1562.4899554386852,133000.14633099583,559,2,165.74358974358975,38,1,18,34.51283253455581,0.6310307017543859,43.6431623931624,1025.4273504273515,26.984930274403986,0
565,4,0,0,39,0.0,0.0,1.0,39,1150,800,350,0.6956521739130435,15,8,7,354.17216249881295,0.43151147098515524,0.02292552808016768,0.20878546816918975,131574.63480029593,1520.0145874424766,133094.6493877384,560,3,166.74358974358975,38,1,13,34.42543996667709,0.6324013157894737,43.50961538461539,1025.9615384615388,26.99898785425102,0
566,4,0,0,39,0.0,0.0,1.0,39,950,700,250,0.7368421052631579,12,7,5,354.17216249881295,0.43151147098515524,0.02292552808016768,0.20878546816918975,131574.63480029593,1520.0145874424766,133094.6493877384,561,4,167.74358974358975,38,1,13,34.42543996667709,0.6324013157894737,43.50961538461539,1025.9615384615388,26.99898785425102,0
567,4,0,0,39,0.0,0.0,1.0,39,1050,900,150,0.8571428571428571,12,9,3,350.24174850119067,0.4312303193882141,0.017649225644229105,0.2069140366606664,131656.85609796178,1422.34549638395,133079.20159434574,562,5,168.74358974358975,38,1,13,34.44331667707683,0.6332236842105263,43.429487179487175,1026.2820512820506,27.007422402159225,0
568,4,0,1,38,0.0,0.02564102564102564,0.9743589743589743,39,900,600,300,0.6666666666666666,12,6,6,350.19171556013714,0.4309772829509672,0.016538981883971182,0.2073316201366211,131739.10307774495,1426.7885026298559,133165.8915803748,563,6,169.74358974358975,38,1,13,34.36166614632116,0.634046052631579,43.34935897435898,1026.6025641025647,27.01585695006749,0
569,4,0,0,38,0.0,0.0,1.0,38,850,400,450,0.47058823529411764,13,4,9,357.27775726753896,0.43004682313892845,0.013738410763582065,0.21127461059895344,131693.64762474992,1810.242213950444,133503.88983870036,564,7,174.07894736842104,37,1,14,34.225665883274566,0.6354166666666667,43.39364035087719,1026.4254385964912,27.74122807017544,0
570,4,0,2,36,0.0,0.05263157894736842,0.9473684210526316,38,1100,800,300,0.7272727272727273,14,8,6,356.687914360596,0.42917259364627786,0.01783987949369381,0.211394027219786,131778.07113727287,1800.729070483214,133578.80020775608,565,8,175.07894736842104,37,1,14,34.15563149651147,0.6362612612612613,43.311403508771924,1026.7543859649113,27.750118539592197,0
571,4,0,0,36,0.0,0.0,1.0,36,700,300,400,0.42857142857142855,11,3,8,370.71501713615515,0.4242559523809524,0.02486238071950808,0.2179764941501973,131476.45968632118,2548.0596011231182,134024.5192874443,566,28,185.36111111111111,35,1,17,34.10038840612422,0.637202380952381,43.605324074074076,1025.578703703704,29.302248677248684,0
572,4,0,1,35,0.0,0.027777777777777776,0.9722222222222222,36,1150,600,550,0.5217391304347826,17,6,11,377.59282640624593,0.42402447089947093,0.024111675126903487,0.22271193653302535,131595.18771701393,2737.87977430556,134333.0674913195,567,29,186.36111111111111,35,1,15,33.80393401015229,0.6383928571428572,43.489583333333336,1026.041666666667,29.3154761904762,0
573,4,0,0,35,0.0,0.0,1.0,35,550,500,50,0.9090909090909091,6,5,1,383.2648377616217,0.41922268907563026,0.03265021886191821,0.22556078156790513,131511.2244897959,3080.7256235827617,134591.95011337864,568,30,191.8,34,1,18,33.74342308882699,0.6397058823529411,43.57142857142857,1025.7142857142853,30.168067226890745,0
574,4,0,0,35,0.0,0.0,1.0,35,900,600,300,0.6666666666666666,12,6,6,386.8478851858033,0.41911764705882354,0.03142194232681472,0.22839923084257707,131633.36167800458,3184.41751700681,134817.7791950114,569,31,192.8,34,1,15,33.52789056457851,0.6409313725490196,43.452380952380956,1026.1904761904766,30.182072829131666,0
575,4,0,0,35,0.0,0.0,1.0,35,850,400,450,0.47058823529411764,13,4,9,366.70496251124405,0.4185574229691877,0.11165348185462443,0.20368563917693486,129265.58036169756,2514.656719743273,131780.23708144084,570,32,193.8,32,3,20,36.44746916645974,0.6217447916666667,45.77020202020201,1016.9191919191901,31.77872474747469,8
576,4,0,0,35,0.0,0.0,1.0,35,550,400,150,0.7272727272727273,7,4,3,384.6943330108147,0.41827731092436976,0.16211453744493332,0.19604852314117538,125790.3869024845,2694.49466253444,128484.88156501895,571,33,194.8,32,3,19,39.563142437591765,0.5862630208333333,49.21085858585859,1003.1565656565663,31.348642676767696,8
577,4,5,0,40,0.125,0.0,1.0,40,1100,700,400,0.6363636363636364,15,7,8,336.44371153923527,0.4333199786324786,0.15487974098057355,0.1691607684529825,125231.58864883368,526.8731436134206,125758.46179244711,572,0,171.325,35,5,16,41.34963768115941,0.5738095238095238,49.7685185185185,1000.9259259259231,28.59788359788352,8
578,4,1,0,41,0.024390243902439025,0.0,1.0,41,1350,1200,150,0.8888888888888888,15,12,3,328.8900109705683,0.43607723577235774,0.1626071045077031,0.16714821105490538,125676.58875091314,66.75493060629265,125743.34368151943,573,0,168.1219512195122,36,5,17,41.07985175202157,0.5763888888888888,49.32432432432433,1002.7027027027033,27.85285285285287,0
579,4,3,0,44,0.06818181818181818,0.0,1.0,44,1500,1200,300,0.8,18,12,6,316.54257534056563,0.4427744009866103,0.1943707487793176,0.16471464219256238,126646.00830078113,-782.229275173627,125863.77902560751,574,0,157.5909090909091,39,5,16,40.393877850219035,0.5809294871794872,48.35937499999999,1006.5624999999991,25.809294871794847,0
580,4,2,0,46,0.043478260869565216,0.0,1.0,46,1350,1000,350,0.7407407407407407,17,10,7,304.6432703864278,0.44675925925925924,0.2068151560803,0.16087757385087523,127245.76971379471,-1446.3025516366506,125799.46716215806,575,0,151.69565217391303,40,6,18,40.08003458232608,0.5854166666666667,47.764227642276424,1008.9430894308944,25.22357723577236,0
581,4,1,1,46,0.02127659574468085,0.02127659574468085,0.9787234042553191,47,1650,1300,350,0.7878787878787878,20,13,7,303.7662267394192,0.44821538698735736,0.22634889607297737,0.16219970220236907,127692.92091836728,-1642.2406462585086,126050.68027210877,576,0,149.4468085106383,41,6,15,39.645906949352195,0.5884146341463414,47.32142857142857,1010.7142857142851,24.651567944250857,0
582,4,1,2,45,0.02127659574468085,0.0425531914893617,0.9574468085106383,47,1350,900,450,0.6666666666666666,18,9,9,303.9550187326433,0.44823465926611167,0.2318435404522372,0.16331576823158564,127943.71712805488,-1622.173012723614,126321.54411533127,577,0,150.3404255319149,41,6,16,39.38558214028895,0.5909552845528455,47.073412698412696,1011.7063492063489,24.675764614789,0
583,4,2,0,47,0.0425531914893617,0.0,1.0,47,1600,1500,100,0.9375,17,15,2,314.1784430523267,0.4496415356151711,0.2594037431443268,0.17042214783632728,128324.6631056249,-1336.473957656522,126988.18914796838,578,0,151.14893617021278,40,7,19,38.73892510865934,0.5963541666666667,46.697154471544714,1013.2113821138206,25.330284552845516,0
584,4,1,2,46,0.020833333333333332,0.041666666666666664,0.9583333333333334,48,1300,900,400,0.6923076923076923,17,9,8,307.33358912842755,0.4521738327423168,0.2579140999315541,0.16817017742195972,128672.41753472215,-1690.9288194444484,126981.4887152777,579,0,148.97916666666666,41,7,13,38.55877823408625,0.5983231707317074,46.354166666666664,1014.5833333333327,24.74593495934958,0
585,4,0,0,46,0.0,0.0,1.0,46,1050,600,450,0.5714285714285714,15,6,9,314.35770042753387,0.44838969404186796,0.2562805654183691,0.17144382149367218,128540.34423828153,-1118.4705946180272,127421.8736436635,580,1,156.2826086956522,39,7,13,38.51491611025509,0.6001602564102564,46.484375000000014,1014.0625000000022,26.00160256410262,0
586,4,0,0,46,0.0,0.0,1.0,46,1150,400,750,0.34782608695652173,19,4,15,316.3566907985442,0.4482487922705314,0.2616284260333894,0.17310753754931607,128672.41753472247,-1058.7239583333078,127613.69357638915,581,2,157.2826086956522,39,7,14,38.329911019849426,0.6014957264957265,46.35416666666668,1014.5833333333353,26.014957264957314,0
587,4,1,0,47,0.02127659574468085,0.0,1.0,47,1750,1600,150,0.9142857142857143,19,16,3,312.25022298684644,0.4487742830712303,0.2648169614478555,0.1724955115335106,129050.14349489818,-1340.8127834466914,127709.33071145149,582,0,154.91489361702128,41,6,16,38.050429603593045,0.6021341463414633,45.98214285714287,1016.0714285714303,24.782229965156837,0
588,4,2,4,45,0.04081632653061224,0.08163265306122448,0.9183673469387755,49,1400,1100,300,0.7857142857142857,17,11,6,298.86381959461477,0.4502551020408163,0.25771844650539255,0.1671194361231797,129529.3911111901,-2057.493130353968,127471.89798083613,583,0,149.55102040816325,41,8,11,37.90515463080271,0.6069613821138211,45.51091269841271,1017.9563492063512,24.828203639179296,0
589,4,3,0,48,0.0625,0.0,1.0,48,1300,800,500,0.6153846153846154,18,8,10,312.9116741412755,0.4490340573286052,0.2804122596953371,0.17558795062955573,129666.74619109007,-1485.1522737788216,128181.59391731126,584,0,153.20833333333334,40,8,16,37.408534557307256,0.6098958333333333,45.37601626016261,1018.4959349593505,25.462398373983763,0
590,4,0,1,47,0.0,0.020833333333333332,0.9791666666666666,48,1300,800,500,0.6153846153846154,18,8,10,306.2959217811484,0.44839686761229314,0.2696910411059048,0.17290120379216103,129899.73855054865,-1642.4479683059008,128257.29058224274,585,1,154.20833333333334,40,8,16,37.341325225135414,0.6122395833333334,45.14735772357724,1019.4105691056914,25.485264227642283,0
591,4,1,1,47,0.020833333333333332,0.020833333333333332,0.9791666666666666,48,1100,600,500,0.5454545454545454,16,6,10,306.7015576277791,0.44839686761229314,0.27262026321760846,0.1739554394421651,130085.41907793214,-1620.5198688271591,128464.89920910497,586,0,153.8125,41,7,17,37.143323122305425,0.6125508130081301,44.96527777777778,1020.1388888888891,24.88143631436315,0
592,4,1,0,48,0.020833333333333332,0.0,1.0,48,1700,1300,400,0.7647058823529411,21,13,8,306.03915035401934,0.44689162234042556,0.2715136054421774,0.1743711438063598,130262.58680555546,-1626.6685956790188,128635.91820987644,587,0,154.64583333333334,39,9,18,36.981292517006814,0.6175213675213675,44.791666666666664,1020.8333333333326,26.175213675213655,0
593,4,0,0,48,0.0,0.0,1.0,48,1450,1100,350,0.7586206896551724,18,11,7,307.03488498182446,0.44650376773049644,0.20634476758637854,0.16943776986033998,129008.91012396682,-1677.9528236914744,127330.95730027535,588,1,155.64583333333334,43,5,14,38.22473900074571,0.5988372093023255,46.022727272727266,1015.9090909090899,23.6257928118393,8
594,4,0,2,46,0.0,0.041666666666666664,0.9583333333333334,48,1300,900,400,0.6923076923076923,17,9,8,305.20674839839353,0.4463006057919621,0.20338170440075842,0.1689419304053612,129129.1925379504,-1717.7798044364195,127411.41273351398,589,2,156.64583333333334,43,5,16,38.14918553371222,0.6000484496124031,45.904356060606055,1016.3825757575747,23.63680408738546,0
595,4,0,2,44,0.0,0.043478260869565216,0.9565217391304348,46,1350,1000,350,0.7407407407407407,17,10,7,319.06220740293753,0.4427938808373591,0.214437295214166,0.17648343696736982,129100.5487843284,-961.7787855883221,128138.76999874008,590,3,164.0,41,5,17,37.82620721072499,0.6026422764227642,45.93253968253968,1016.2698412698401,24.78706929926439,0
596,4,2,1,45,0.043478260869565216,0.021739130434782608,0.9782608695652174,46,1450,1100,350,0.7586206896551724,18,11,7,311.8634793611712,0.44278381642512077,0.212229849987287,0.1742766502312425,129504.1454081631,-1122.437956664164,128381.70745149894,490,0,152.0,41,5,14,37.59990253411307,0.6067073170731707,45.53571428571428,1017.8571428571415,24.825783972125404,0
597,4,0,0,45,0.0,0.0,1.0,45,1100,800,300,0.7272727272727273,14,8,6,316.08173771811767,0.4413930976430977,0.20857945149224766,0.17608760580389943,129382.26176754895,-820.9259741225583,128561.33579342639,491,1,156.37777777777777,40,5,19,37.61612226550795,0.60703125,45.65548780487804,1017.3780487804868,25.43445121951217,0
598,4,0,1,44,0.0,0.022222222222222223,0.9777777777777777,45,1350,1100,250,0.8148148148148148,16,11,5,315.8337719866059,0.4412457912457912,0.2057795960776676,0.17717756848166624,129655.65653344651,-810.0729875283649,128845.58354591815,492,2,157.37777777777777,41,4,16,37.34536333528152,0.6082317073170731,45.38690476190475,1018.4523809523794,24.840301974448277,0
599,4,0,1,43,0.0,0.022727272727272728,0.9772727272727273,44,1050,800,250,0.7619047619047619,13,8,5,319.5453347886638,0.440957540521494,0.1998047964305638,0.1796065157605245,129731.4453124997,-508.9843750000298,129222.46093749967,493,3,154.63636363636363,41,3,16,37.17407975460124,0.6089939024390244,45.312499999999986,1018.7499999999976,24.8475609756097,0
600,4,1,2,42,0.022727272727272728,0.045454545454545456,0.9545454545454546,44,1300,1000,300,0.7692307692307693,16,10,6,319.66233322691585,0.4401757399577167,0.20151102303690926,0.1804862712219659,129908.37191357989,-494.637345679048,129413.73456790084,494,0,155.4318181818182,41,3,17,36.991939146230706,0.6107723577235773,45.13888888888887,1019.4444444444415,24.864498644986377,0
601,4,0,0,42,0.0,0.0,1.0,42,1350,1200,150,0.8888888888888888,15,12,3,322.197175397308,0.439847077042199,0.18049657292685173,0.18220613229140636,129970.32470703112,-24.785698784738088,129945.53900824639,381,1,150.0952380952381,39,3,18,36.86461419280143,0.6145833333333333,45.07812499999999,1019.687499999999,26.145833333333307,0
602,4,0,1,41,0.0,0.023809523809523808,0.9761904761904762,42,1350,900,450,0.6666666666666666,18,9,9,327.4839974145359,0.43886711188540456,0.17861881917205036,0.18620781907546172,130182.84640842005,126.55978732638346,130309.40619574644,382,2,151.0952380952381,39,3,20,36.51468561804634,0.6167200854700854,44.869791666666664,1020.5208333333326,26.167200854700834,0
603,4,0,0,41,0.0,0.0,1.0,41,800,400,400,0.5,12,4,8,333.94645200318274,0.43841463414634146,0.17748109634797538,0.18973959328271278,130153.54624379076,492.8629967492268,130646.40924053999,383,3,149.78048780487805,38,3,20,36.37948033364746,0.6181469298245614,44.89850427350428,1020.4059829059838,26.85278902384168,0
604,4,1,0,42,0.023809523809523808,0.0,1.0,42,1150,700,450,0.6086956521739131,16,7,9,326.5730897492354,0.4392179636082075,0.18534951798550137,0.18755315893731506,130570.58572108728,128.25923605445445,130698.84495714173,384,0,147.1904761904762,37,5,15,36.14586685977899,0.6241554054054055,44.49013157894737,1022.0394736842107,27.62268847795164,0
605,4,0,0,42,0.0,0.0,1.0,42,1350,800,550,0.5925925925925926,19,8,11,329.5498134824513,0.43831058846302745,0.18895697689263313,0.18981173630165893,130682.67549871118,213.29026719759582,130895.96576590877,385,1,148.1904761904762,37,5,15,35.95654602323502,0.6252815315315315,44.38048245614035,1022.4780701754389,27.634542437174026,0
606,4,0,0,42,0.0,0.0,1.0,42,1200,800,400,0.6666666666666666,16,8,8,332.4904523212793,0.43780245838172666,0.191311612364244,0.19226621808143562,130835.79881656823,300.33078566734474,131136.12960223557,386,2,149.1904761904762,38,4,15,35.726686507936506,0.625,44.23076923076924,1023.0769230769245,26.92307692307696,0
607,4,0,0,42,0.0,0.0,1.0,42,900,700,200,0.7777777777777778,11,7,4,332.90506195581867,0.43722173828881145,0.190558215143245,0.1929157645780273,130917.78897518099,316.6389299802984,131234.42790516128,387,3,150.1904761904762,38,4,15,35.63328635556948,0.6258223684210527,44.150641025641036,1023.3974358974374,26.931511470985196,0
608,4,0,0,42,0.0,0.0,1.0,42,1350,1200,150,0.8888888888888888,15,12,3,332.8351958385679,0.43741531165311653,0.18789030479171354,0.19369917134867518,131081.84633875772,325.73039940832444,131407.57673816604,388,4,151.1904761904762,38,4,18,35.469483568075134,0.627467105263158,43.990384615384635,1024.0384615384642,26.94838056680169,0
609,4,0,1,41,0.0,0.023809523809523808,0.9761904761904762,42,1550,1300,250,0.8387096774193549,18,13,5,332.4581057711515,0.4368466898954704,0.1941438497107022,0.19404898933289488,131194.69536675367,323.34798177085406,131518.04334852452,389,5,152.1904761904762,39,3,18,35.36529825453314,0.6268696581196581,43.88020833333334,1024.4791666666683,26.268696581196625,0
610,4,0,0,41,0.0,0.0,1.0,41,1450,1100,350,0.7586206896551724,18,11,7,338.96994208968954,0.43544207317073175,0.1994413748893431,0.19769122899975353,131163.91354372143,692.1248356344781,131856.03837935592,390,6,156.58536585365854,38,3,19,35.22958385481854,0.6282894736842105,43.91025641025642,1024.358974358976,26.956815114709894,0
611,4,0,1,40,0.0,0.024390243902439025,0.975609756097561,41,1200,800,400,0.6666666666666666,16,8,8,340.3658442438192,0.4353404471544715,0.20005086599354005,0.1987885777282722,131218.63928154006,732.4685879173237,131951.1078694574,391,7,157.58536585365854,38,3,19,35.13859923531458,0.6288377192982456,43.856837606837615,1024.5726495726508,26.962438146648704,0
612,4,0,0,40,0.0,0.0,1.0,40,1050,800,250,0.7619047619047619,13,8,5,347.2484330886253,0.4331864316239316,0.2094786983515311,0.20249655817190623,131159.5935768698,1108.992670821794,132268.5862476916,392,8,162.05,37,3,20,35.021943909227154,0.6300675675675675,43.91447368421053,1024.342105263158,27.684921763869134,0
613,4,0,0,40,0.0,0.0,1.0,40,1450,1000,450,0.6896551724137931,19,10,9,345.5526731680429,0.43294604700854705,0.20462328767123328,0.201802761130137,131215.758694983,1068.391235764842,132284.14993074784,393,9,163.05,37,3,20,35.008650827625566,0.6306306306306306,43.859649122807014,1024.5614035087713,27.690848743480306,0
614,4,1,1,40,0.024390243902439025,0.024390243902439025,0.975609756097561,41,1500,1100,400,0.7333333333333333,19,11,8,341.58782406106775,0.43353658536585366,0.2036204757088187,0.20125287669492115,131553.00188519532,787.4288242536034,132340.43070944893,394,0,160.0487804878049,37,4,22,34.77002280176715,0.634009009009009,43.53070175438596,1025.8771929824552,27.726410621147437,0
615,4,0,1,39,0.0,0.025,0.975,40,1100,600,500,0.5454545454545454,16,6,10,346.8377143126577,0.4337873931623932,0.1963368455712875,0.20453323075097884,131587.96623904307,1127.9338882801717,132715.90012732326,395,1,155.9,36,4,17,34.600117074598465,0.6362847222222222,43.49662162162162,1026.0135135135133,28.50037537537537,0
616,4,0,0,39,0.0,0.0,1.0,39,1350,1100,250,0.8148148148148148,16,11,5,348.12680672661526,0.4319331983805668,0.19291230083070476,0.2063862304117865,131790.2425229282,1375.9432574466296,133166.18578037483,396,2,158.2051282051282,36,3,19,34.363118739489664,0.6383101851851851,43.299549549549546,1026.8018018018008,28.522272272272247,0
617,4,0,0,39,0.0,0.0,1.0,39,1250,900,350,0.72,16,9,7,348.0337005065102,0.4320456590193433,0.18911419423692677,0.20718397546035547,131946.99931709733,1384.4004886118528,133331.3998057092,397,3,159.2051282051282,37,2,19,34.20757737459978,0.6379504504504505,43.14692982456139,1027.4122807017525,27.767899478425743,0
618,4,0,0,39,0.0,0.0,1.0,39,1150,1000,150,0.8695652173913043,13,10,3,347.9330133333339,0.43210188933873145,0.18943452991453058,0.20789496494582524,132087.85545792905,1391.545114842997,133479.40057277205,398,4,160.2051282051282,37,2,21,34.06833333333334,0.6393581081081081,43.009868421052616,1027.9605263157869,27.7827169274537,0
619,4,0,0,39,0.0,0.0,1.0,39,1350,1100,250,0.8148148148148148,16,11,5,339.0591222472236,0.4312303193882141,0.18345671065336333,0.19563754436145409,130751.61944038642,1096.4730173269706,131848.09245771338,399,5,161.2051282051282,36,3,18,35.643764222271166,0.6278935185185186,44.31306306306307,1022.7477477477485,28.40965965965968,8
620,4,0,1,38,0.0,0.02564102564102564,0.9743589743589743,39,1250,800,450,0.64,17,8,9,338.23131318999395,0.4309772829509672,0.18345496311597942,0.19574329373530494,130866.81909950502,1052.6512154046018,131919.47031490962,400,6,162.2051282051282,36,3,19,35.54850869469512,0.6290509259259259,44.200450450450454,1023.1981981981992,28.4221721721722,0
621,4,0,1,37,0.0,0.02631578947368421,0.9736842105263158,38,1000,700,300,0.7,13,7,6,335.6008428125539,0.4310988620199146,0.17942215274159,0.19480278806935614,130982.06948502561,1191.5385825014228,132173.60806752704,401,7,164.42105263157896,36,2,20,35.49940410707736,0.6302083333333333,44.08783783783784,1023.648648648649,28.434684684684694,0
622,4,0,0,37,0.0,0.0,1.0,37,1400,1200,200,0.8571428571428571,16,12,4,333.28361788028997,0.4301488988988989,0.1342407155356795,0.18576295419792868,129401.82317029881,1225.501557300558,130627.32472759936,402,18,169.67567567567568,36,1,18,37.15873455082087,0.6142939814814814,45.63626126126127,1017.4549549549561,28.262637637637667,8
623,4,1,0,38,0.02631578947368421,0.0,1.0,38,1150,900,250,0.782608695652174,14,9,5,329.2989778154891,0.42929113323850165,0.1430250273267366,0.18535284075344272,129787.30384589484,947.7652979762903,130735.06914387114,403,0,166.18421052631578,37,1,15,36.869036730155315,0.6162725225225225,45.257675438596486,1018.9692982456137,27.539710763394964,0
624,4,2,0,40,0.05,0.0,1.0,40,1000,800,200,0.8,12,8,4,314.5436770410364,0.43114316239316236,0.14994900040799664,0.1797078210786901,130368.94531250001,201.3454861111111,130570.29079861112,404,0,158.825,39,1,17,36.65680674554602,0.6185897435897436,44.6875,1021.2500000000001,26.185897435897438,0
625,4,0,1,39,0.0,0.025,0.975,40,1100,800,300,0.7272727272727273,14,8,6,313.8467276075414,0.4309962606837607,0.029581326227324567,0.173692712493862,129121.9740125871,141.40353732642302,129263.37754991352,405,1,159.825,39,1,17,37.93697260086776,0.6060363247863247,45.91145833333335,1016.354166666669,26.060363247863307,8
626,4,0,0,39,0.0,0.0,1.0,39,1150,700,450,0.6086956521739131,16,7,9,316.932440676712,0.42855937921727394,0.02347079899387805,0.17515075207880354,129065.65176647315,381.018404375789,129446.67017084894,406,2,164.89743589743588,38,1,17,37.91574667928364,0.6071820175438596,45.96688034188035,1016.1324786324792,26.740328385065244,0
627,4,0,1,38,0.0,0.02564102564102564,0.9743589743589743,39,1150,600,550,0.5217391304347826,17,6,11,318.0792087197301,0.4287843004948268,0.01846671302210523,0.1761470076693546,129147.08547921688,415.80055153773037,129562.88603075461,407,3,165.89743589743588,38,1,18,37.80393805619788,0.6080043859649122,45.886752136752136,1016.4529914529915,26.74876293297346,0
628,4,1,1,38,0.02564102564102564,0.02564102564102564,0.9743589743589743,39,850,500,350,0.5882352941176471,12,5,7,321.3169331812469,0.4308367071524966,0.022000138226553334,0.17856288527597752,129285.0098708256,508.30398987441583,129793.31386070001,408,0,166.7948717948718,37,2,19,37.58164869721473,0.611204954954955,45.75109649122807,1016.9956140350873,27.48636794689425,0
629,4,0,0,38,0.0,0.0,1.0,38,1250,1000,250,0.8,15,10,5,325.3980277395474,0.43074324324324326,0.017524439835475247,0.18123586822435708,129373.1801903255,819.5555352650001,130192.7357255905,409,1,168.1578947368421,36,2,22,37.38838462106118,0.6140046296296297,45.664414414414416,1017.3423423423426,28.259509509509517,0
630,4,0,0,38,0.0,0.0,1.0,38,650,500,150,0.7692307692307693,8,5,3,325.2337570580377,0.4306987908961593,0.018970087088224563,0.1812761872312997,129401.82317029852,817.1682239671964,130218.99139426571,410,2,169.1578947368421,36,2,23,37.36349382032834,0.6142939814814814,45.636261261261254,1017.4549549549538,28.262637637637607,0
631,4,0,0,38,0.0,0.0,1.0,38,950,600,350,0.631578947368421,13,6,7,324.1491881359678,0.4306395211000474,0.009453188231115073,0.1811987947780465,129516.42679419281,796.52891912182,130312.95571331463,411,3,170.1578947368421,36,2,16,37.27481837961426,0.6154513888888888,45.523648648648646,1017.9054054054052,28.275150150150143,0
632,4,0,1,37,0.0,0.02631578947368421,0.9736842105263158,38,1150,600,550,0.5217391304347826,17,6,11,329.1077320235014,0.4298245614035088,0.01274039160920526,0.18477836351040158,129688.42734203795,936.2928384465482,130624.7201804845,412,4,171.1578947368421,36,2,17,36.97415699281371,0.6171875,45.354729729729726,1018.5810810810808,28.293918918918912,0
633,4,0,0,37,0.0,0.0,1.0,37,550,300,250,0.5454545454545454,8,3,5,336.225011120645,0.4256443943943944,0.011282769809373594,0.18813201003926142,129554.63927469113,1311.9020061728174,130866.54128086395,413,10,176.67567567567568,35,2,17,36.92871759890862,0.6178571428571429,45.4861111111111,1018.0555555555536,29.087301587301532,0
634,4,0,0,37,0.0,0.0,1.0,37,950,300,650,0.3157894736842105,16,3,13,336.3454020617579,0.42411161161161165,0.008786930745354526,0.1891916021948661,129760.92470689728,1328.8980784893724,131089.82278538664,414,11,177.67567567567568,35,2,18,36.71629463440495,0.6199404761904762,45.28356481481482,1018.8657407407406,29.110449735449734,0
635,4,1,0,38,0.02631578947368421,0.0,1.0,38,1350,1200,150,0.8888888888888888,15,12,3,332.3282007208875,0.42512743006164055,0.03445852547944517,0.1889308754662915,130176.38204082476,1052.2565639964387,131228.6386048212,415,0,173.97368421052633,36,2,20,36.397640329581385,0.6221064814814814,44.87612612612613,1020.4954954954967,28.34709709709713,0
636,4,0,1,37,0.0,0.02631578947368421,0.9736842105263158,38,750,500,250,0.6666666666666666,10,5,5,329.49154768844215,0.42512743006164055,0.02188206906952095,0.174973448179042,127471.58893014841,846.4373848753365,128318.02631502374,416,1,174.97368421052633,35,3,16,39.22218242597895,0.5967261904761905,47.54050925925926,1009.8379629629637,28.85251322751325,8
637,4,0,0,37,0.0,0.0,1.0,37,1100,800,300,0.7272727272727273,14,8,6,331.97998017623524,0.4238613613613614,0.025912050664525843,0.17647356840947254,127512.50000000003,1066.3194444444457,128578.81944444448,417,2,176.83783783783784,34,3,16,39.117505500550045,0.5992647058823529,47.5,1010.0000000000002,29.705882352941185,0
638,4,1,0,38,0.02631578947368421,0.0,1.0,38,1000,400,600,0.4,16,4,12,322.12975469524065,0.42370495495495497,0.02724908025698558,0.17306307226743098,127939.53517500446,642.6262163494696,128582.16139135393,418,0,173.1578947368421,35,3,17,38.93016149944704,0.6014880952380952,47.077546296296305,1011.6898148148163,28.90542328042332,0
639,4,0,0,38,0.0,0.0,1.0,38,1050,800,250,0.7619047619047619,13,8,5,322.23900578966425,0.42406057373162637,0.029173718763360057,0.17351479598752026,128030.5363429308,651.286548372703,128681.82289130351,419,1,174.1578947368421,36,2,17,38.834566596194506,0.6004050925925926,46.987612612612615,1012.0495495495499,28.112487487487495,0
640,4,1,1,38,0.02564102564102564,0.02564102564102564,0.9743589743589743,39,1150,800,350,0.6956521739130435,15,8,7,313.2673626170958,0.42451079622132254,0.042807233516279686,0.17001084009822848,128344.14439777612,241.25705096988372,128585.40144874601,420,0,170.66666666666666,36,3,18,38.742174186856346,0.603587962962963,46.677927927927925,1013.2882882882881,28.14689689689689,0
641,4,0,1,37,0.0,0.02631578947368421,0.9736842105263158,38,850,400,450,0.47058823529411764,13,4,9,320.93127171191406,0.42305298719772405,0.04867293877182943,0.17419425194282745,128349.69142500426,638.2859385716713,128987.97736357593,421,1,172.57894736842104,35,3,19,38.5423805444508,0.6056547619047619,46.6724537037037,1013.310185185185,28.951719576719572,0
642,4,0,0,37,0.0,0.0,1.0,37,1000,600,400,0.6,14,6,8,332.8758252196717,0.42092092092092087,0.08204622727579447,0.17716839848346805,127562.34039560237,1092.483865227748,128654.82426083012,422,2,175.59459459459458,37,0,16,39.043900828539385,0.59375,47.450657894736835,1010.1973684210516,27.30263157894734,8
643,4,0,0,37,0.0,0.0,1.0,37,1300,1000,300,0.7692307692307693,16,10,6,334.9288597825134,0.4204517017017017,0.08708904089515723,0.1793678249079172,127811.6884522158,1161.564616035678,128973.25306825149,423,3,176.59459459459458,37,0,18,38.73707800187958,0.5962837837837838,47.20394736842104,1011.1842105263137,27.329302987197668,0
644,4,0,0,37,0.0,0.0,1.0,37,1150,700,450,0.6086956521739131,16,7,9,338.59370352646044,0.4194507007007007,0.09059384482011312,0.18208290770059296,127978.0557479223,1266.5127731609591,129244.56852108326,424,4,177.59459459459458,37,0,19,38.47438953908396,0.597972972972973,47.03947368421052,1011.8421052631568,27.347083926031264,0
645,4,0,0,37,0.0,0.0,1.0,37,750,500,250,0.6666666666666666,10,5,5,341.30024719985335,0.419700950950951,0.09233453557543658,0.1840469557330051,128089.0273930441,1343.3633425669536,129432.39073561106,425,5,178.59459459459458,37,0,19,38.292533217793185,0.5990990990990991,46.929824561403514,1012.2807017543867,27.35893788525369,0
646,4,1,1,37,0.02631578947368421,0.02631578947368421,0.9736842105263158,38,750,400,350,0.5333333333333333,11,4,7,335.1196092743924,0.42306780464675203,0.08884390463337843,0.18209938556867772,128394.44739006231,1005.5114314019736,129399.95882146429,426,0,174.8684210526316,37,1,14,38.1373066104079,0.6021959459459459,46.62828947368421,1013.4868421052631,27.391536273115218,0
647,4,1,0,38,0.02631578947368421,0.0,1.0,38,1250,700,550,0.56,18,7,11,335.22086549268704,0.422475106685633,0.09448072466821134,0.1831177731293195,128604.6791675799,1022.1943713931025,129626.873538973,427,0,175.8421052631579,38,0,16,37.92044098026824,0.6025219298245614,46.42094017094018,1014.3162393162402,26.692532613585268,0
648,4,0,0,38,0.0,0.0,1.0,38,1400,1100,300,0.7857142857142857,17,11,6,337.7304855706158,0.4229937174016121,0.09622723018215806,0.1856248007158801,128848.62075617303,1103.2214506173023,129951.84220679033,428,1,176.8421052631579,38,0,18,37.60829913360692,0.6049890350877193,46.180555555555564,1015.2777777777793,26.717836257309983,0
649,4,1,0,39,0.02564102564102564,0.0,1.0,39,1050,800,250,0.7619047619047619,13,8,5,333.9156140822362,0.4222053531264058,0.09878100042034532,0.1851713859910581,129201.38888888877,829.4367283950535,130030.82561728383,429,0,173.28205128205127,37,2,22,37.346311475409856,0.6103603603603603,45.83333333333333,1016.6666666666657,27.477477477477454,0
650,4,0,2,37,0.0,0.05128205128205128,0.9487179487179487,39,950,700,250,0.7368421052631579,12,7,5,377.7086919794116,0.42271142600089967,0.13907772680084407,0.19763026548444382,126870.98434133577,1805.7560980301578,128676.74043936594,430,1,174.28205128205127,37,2,16,38.622841387316775,0.5867117117117118,48.1359649122807,1007.456140350877,27.228544333807488,8
651,4,3,2,38,0.075,0.05,0.95,40,1200,900,300,0.75,15,9,6,364.1865690577968,0.4310763888888889,0.16628026930176976,0.19330225443534585,127451.59718615342,1283.424346914429,128735.02153306785,431,0,170.525,37,3,14,38.366792449415414,0.5926238738738738,47.560307017543856,1009.7587719298244,27.290777619724985,0
652,4,2,0,40,0.05,0.0,1.0,40,1550,1300,250,0.8387096774193549,18,13,5,380.0774811227948,0.4275774572649573,0.20768763855167283,0.20468868554157124,128036.38100162557,1732.7490366352715,129769.13003826085,432,0,171.475,38,2,17,37.365187022766456,0.596765350877193,46.981837606837615,1012.072649572651,26.633490778227657,0
653,4,0,0,40,0.0,0.0,1.0,40,1050,700,350,0.6666666666666666,14,7,7,378.4761469387757,0.42725694444444445,0.19287428571428578,0.20467653187356524,128203.13169795947,1704.5024333964357,129907.63413135591,433,1,172.475,35,5,18,37.23476190476191,0.6041666666666667,46.817129629629626,1012.731481481481,28.93518518518517,0
654,4,2,1,41,0.047619047619047616,0.023809523809523808,0.9761904761904762,42,1200,1000,200,0.8333333333333334,14,10,4,360.35251561835827,0.4314266356949284,0.20087791029577384,0.19801210338934,128839.3438966797,885.5163367574571,129724.86023343715,434,0,165.21428571428572,37,5,17,37.04357472009217,0.6067004504504505,46.18969298245614,1015.241228070175,27.43895211000473,0
655,4,1,1,41,0.023809523809523808,0.023809523809523808,0.9761904761904762,42,950,700,250,0.7368421052631579,12,7,5,354.51640034894734,0.43253968253968256,0.20368714968995483,0.19617985163190405,129117.79495854494,754.8751779393655,129872.6701364843,435,0,163.23809523809524,37,5,18,36.90786043082676,0.6095157657657657,45.915570175438596,1016.3377192982457,27.468587008060695,0
656,4,1,0,42,0.023809523809523808,0.0,1.0,42,800,500,300,0.625,11,5,6,358.3989992221701,0.4319589624467673,0.2137267928985347,0.19918162227541036,129287.27027280664,867.3127071808229,130154.58297998746,436,0,164.14285714285714,36,6,19,36.63653895840253,0.6131365740740741,45.748873873873876,1017.0045045045049,28.250125125125138,0
657,4,2,0,44,0.045454545454545456,0.0,1.0,44,1050,600,450,0.5714285714285714,15,6,9,342.8871917945871,0.43545190274841433,0.21021119042400094,0.19319556541810784,129826.69850107744,103.18241379939329,129929.88091487683,437,0,157.63636363636363,38,6,16,36.48290351888738,0.6148574561403508,45.21901709401709,1019.1239316239311,26.819050832208713,0
658,4,0,2,42,0.0,0.045454545454545456,0.9545454545454546,44,950,700,250,0.7368421052631579,12,7,5,343.69289189509936,0.4356721282593376,0.21137793024585516,0.19378429011106654,129853.92011834319,125.9738658777143,129979.89398422091,438,1,158.63636363636363,38,6,16,36.434748427672965,0.6151315789473684,45.19230769230769,1019.230769230769,26.821862348178133,0
659,4,0,0,42,0.0,0.0,1.0,42,1550,1200,350,0.7741935483870968,19,12,7,354.1365218076803,0.43095480061943475,0.21293254143762774,0.19868552749557442,129659.75265806346,783.4507649541408,130443.20342301759,439,2,166.95238095238096,36,6,16,36.36596085802742,0.6168981481481481,45.38288288288288,1018.4684684684684,28.290790790790787,0
660,4,1,1,42,0.023255813953488372,0.023255813953488372,0.9767441860465116,43,1550,1200,350,0.7741935483870968,19,12,7,346.5828238821322,0.4342008121077889,0.21651174972894593,0.19609561671339357,129990.07100819997,410.4651773321601,130400.53618553212,440,0,164.04651162790697,38,5,18,36.222935219137405,0.6165021929824561,45.05876068376068,1019.7649572649569,26.83591992802518,0
661,4,0,1,41,0.0,0.023809523809523808,0.9761904761904762,42,1750,1300,450,0.7428571428571429,22,13,9,349.64986679629317,0.43356804103755325,0.22152428810720326,0.19880092426417806,130180.80210387894,703.5400230111696,130884.34212689011,441,1,167.02380952380952,38,4,19,35.95124057788946,0.618421052631579,44.87179487179487,1020.5128205128199,26.85560053981105,0
662,4,0,1,40,0.0,0.024390243902439025,0.975609756097561,41,1250,1000,250,0.8,15,10,5,349.3541917361534,0.43302845528455286,0.13080640692818402,0.19267167372548408,128984.24373584626,812.2372434071112,129796.48097925338,442,2,170.1951219512195,38,3,15,37.175054340204746,0.606359649122807,46.047008547008545,1015.8119658119655,26.731893837156985,8
663,4,0,1,39,0.0,0.025,0.975,40,1000,700,300,0.7,13,7,6,358.57656061857494,0.4287793803418803,0.14369085173501528,0.19802921553325484,129038.51290269564,1254.037228796847,130292.55013149249,443,6,175.4,38,2,15,36.885515247108295,0.606907894736842,45.993589743589745,1016.0256410256414,26.737516869095828,0
664,4,1,1,39,0.025,0.025,0.975,40,1200,1000,200,0.8333333333333334,14,10,4,357.09563353745443,0.42863247863247866,0.15536089892615967,0.1987458322701066,129344.54038075256,1237.87957531138,130582.41995606394,444,0,176.225,36,4,16,36.61136019779328,0.6137152777777778,45.69256756756758,1017.2297297297313,28.256381381381424,0
665,4,0,0,39,0.0,0.0,1.0,39,1250,800,450,0.64,17,8,9,375.49731093918746,0.42720985155195684,0.10250391236306733,0.20507930058986404,128596.93877551024,1860.8074307760648,130457.7462062863,445,1,181.53846153846155,34,5,17,36.907032472613466,0.6102941176470589,46.42857142857143,1014.2857142857146,29.83193277310925,8
666,4,1,0,40,0.025,0.0,1.0,40,1750,1200,550,0.6857142857142857,23,12,11,366.49526611216993,0.4306891025641026,0.09931354676996706,0.2021828378797306,128995.54887099189,1455.2516021519134,130450.8004731438,446,0,177.975,35,5,18,36.72821484182143,0.6122023809523809,46.035879629629626,1015.856481481481,29.024470899470884,0
667,4,2,2,40,0.047619047619047616,0.047619047619047616,0.9523809523809523,42,1550,1200,350,0.7741935483870968,19,12,7,349.8090149720406,0.43428184281842813,0.09531501594822722,0.19591836628651188,129591.85157933204,666.4795898737977,130258.33116920583,447,0,170.45238095238096,37,5,15,36.5451575848948,0.6143018018018018,45.44956140350877,1018.2017543859644,27.518966334755795,0
668,4,0,1,39,0.0,0.025,0.975,40,950,800,150,0.8421052631578947,11,8,3,362.6971773691479,0.4302884615384615,0.09222803823395576,0.20173308827342237,129319.0854338135,1380.7334533607739,130699.81888717428,448,2,179.975,35,5,19,36.49484145046276,0.6154761904761905,45.717592592592595,1017.1296296296301,29.060846560846574,0
669,4,0,0,39,0.0,0.0,1.0,39,1150,900,250,0.782608695652174,14,9,5,367.87930725416027,0.42664754835807467,0.10338019886346572,0.20494762449765688,129383.00028344685,1719.465702947861,131102.4659863947,449,3,185.23076923076923,34,5,19,36.29792690537485,0.6182598039215687,45.65476190476191,1017.3809523809535,29.922969187675104,0
670,4,0,0,39,0.0,0.0,1.0,39,1150,900,250,0.782608695652174,14,9,5,373.2538999843361,0.4261414754835808,0.11091122784293983,0.20890493145720188,129564.73922902503,1872.1088435374265,131436.84807256245,450,4,186.23076923076923,34,5,16,35.97599002182727,0.6200980392156863,45.47619047619048,1018.0952380952388,29.943977591036433,0
671,4,1,1,39,0.025,0.025,0.975,40,1000,800,200,0.8,12,8,4,364.9840325156046,0.42824519230769226,0.11543674698795203,0.20587934261317123,129871.1141889813,1480.1765927977945,131351.2907817791,451,0,182.55,37,3,17,35.87474899598394,0.6171171171171171,45.17543859649123,1019.2982456140357,27.548601232811777,0
672,4,2,0,41,0.04878048780487805,0.0,1.0,41,1200,900,300,0.75,15,9,6,362.759303558003,0.42947154471544713,0.1310748088824174,0.20684998585860592,130292.9705215419,1255.3539432855266,131548.32446482743,452,0,178.9268292682927,34,7,19,35.502905394900516,0.6274509803921569,44.76190476190476,1020.9523809523805,30.02801120448178,0
673,4,0,0,41,0.0,0.0,1.0,41,1450,1000,450,0.6896551724137931,19,10,9,363.6808784120032,0.4292428861788618,0.13146062945131876,0.20835175557622232,130475.34722222216,1290.2777777777685,131765.62499999994,453,1,179.9268292682927,34,7,20,35.294317563893415,0.6292892156862745,44.58333333333333,1021.6666666666661,30.04901960784312,0
674,4,1,1,41,0.023809523809523808,0.023809523809523808,0.9761904761904762,42,800,400,400,0.5,12,4,8,355.16662474610075,0.43157181571815717,0.13577543247189117,0.20531836469135262,130824.41332572431,892.89306305725,131717.30638878155,454,0,176.61904761904762,35,7,17,35.15822396952897,0.6306547619047619,44.24189814814814,1023.0324074074063,29.229497354497322,0
675,4,0,0,41,0.0,0.0,1.0,41,1550,1100,450,0.7096774193548387,20,11,9,363.6557024160017,0.4303607723577236,0.13846118908116467,0.20998184107246554,130779.59183673469,1311.74886621315,132091.34070294784,455,1,181.8780487804878,34,7,17,34.98651846679082,0.6323529411764706,44.285714285714285,1022.8571428571428,30.084033613445374,0
676,4,0,1,40,0.0,0.024390243902439025,0.975609756097561,41,1650,1400,250,0.8484848484848485,19,14,5,365.12584969115125,0.4304369918699187,0.13759457817989884,0.21116363070294433,130840.48327664395,1354.6485260770942,132195.13180272104,456,2,182.8780487804878,34,7,18,34.88722752307811,0.6329656862745099,44.226190476190474,1023.0952380952378,30.09103641456582,0
677,4,0,0,40,0.0,0.0,1.0,40,1450,1300,150,0.896551724137931,16,13,3,370.76513811125085,0.42753739316239314,0.13231905980916947,0.2144250065227517,130840.48327664405,1702.2179705215533,132542.70124716562,457,3,188.325,34,6,19,34.74298929485688,0.6329656862745099,44.22619047619048,1023.0952380952386,30.091036414565842,0
678,4,0,1,39,0.0,0.025,0.975,40,1450,1000,450,0.6896551724137931,19,10,9,373.73796598982665,0.4270299145299145,0.07417626790136733,0.20946919071499803,129619.76431450041,1714.970061922483,131334.7343764229,458,4,189.325,37,3,14,35.90760830551667,0.6145833333333333,45.42214912280701,1018.3114035087704,27.52192982456136,8
679,4,0,0,39,0.0,0.0,1.0,39,1000,600,400,0.6,14,6,8,378.360944765128,0.4243421052631579,0.09116935095268097,0.21258714946244386,129717.10519641262,2015.9772948624318,131733.08249127507,459,7,195.07692307692307,36,3,15,35.690728867271,0.6174768518518519,45.32657657657658,1018.6936936936936,28.297047047047045,0
680,4,1,0,40,0.025,0.0,1.0,40,1250,900,350,0.72,16,9,7,373.55857630923066,0.42698985042735044,0.10363284608770407,0.21192615816957822,130094.74068944289,1719.601223453367,131814.34191289626,460,0,191.175,37,3,16,35.42875824018343,0.6193693693693694,44.95614035087719,1020.1754385964912,27.57230915125652,0
681,4,0,1,39,0.0,0.025,0.975,40,1600,1000,600,0.625,22,10,12,396.1562798675655,0.4274839743589744,0.1814780920687742,0.21763247184680673,128829.56594685889,2227.647068415819,131057.2130152747,461,1,192.175,36,4,16,36.1448511739693,0.6085069444444444,46.199324324324316,1015.2027027027016,28.200075075075045,7
682,4,1,0,40,0.025,0.0,1.0,40,1000,900,100,0.9,11,9,2,397.28546505768026,0.43034188034188037,0.19060629572156973,0.21935798444004811,129029.71172185679,2252.3258055352403,131282.03752739204,462,0,191.7,36,4,17,35.91129091849553,0.6105324074074074,46.00225225225224,1015.9909909909894,28.22197197197193,0
683,4,0,0,40,0.0,0.0,1.0,40,1250,900,350,0.72,16,9,7,396.61943198880556,0.4295138888888889,0.19461555506315142,0.21962496890373961,129144.15048494426,2244.21592200307,131388.36640694732,463,1,192.7,36,4,17,35.811128960779975,0.6116898148148149,45.88963963963963,1016.4414414414402,28.23448448448445,0
684,4,1,0,41,0.024390243902439025,0.0,1.0,41,1300,800,500,0.6153846153846154,18,8,10,388.5459098895209,0.43033536585365856,0.2040485919748951,0.21773419842089164,129613.56122470826,1872.1891792160984,131485.75040392435,464,0,188.97560975609755,35,6,17,35.53695915738426,0.618452380952381,45.428240740740726,1018.2870370370351,29.093915343915288,0
685,4,0,0,41,0.0,0.0,1.0,41,1500,900,600,0.6,21,9,12,386.50035432267515,0.4304878048780488,0.2072833812656838,0.21763794065126849,129803.15778193725,1833.7932949841615,131636.9510769214,465,1,189.97560975609755,36,5,17,35.395715917044235,0.6183449074074074,45.24211711711711,1019.0315315315307,28.30643143143141,0
686,4,0,1,40,0.0,0.024390243902439025,0.975609756097561,41,1100,900,200,0.8181818181818182,13,9,4,390.8383388889354,0.4313008130081301,0.20965804091440532,0.22088953310239817,129946.64216581438,1957.6259536563512,131904.26811947074,466,2,190.97560975609755,36,5,17,35.13893490906413,0.6197916666666667,45.10135135135135,1019.594594594594,28.322072072072057,0
687,4,0,0,40,0.0,0.0,1.0,40,850,500,350,0.5882352941176471,12,5,7,398.36121356907074,0.4292601495726496,0.21102248211649854,0.22475126251779654,129878.87577428402,2347.741314086067,132226.61708837008,467,3,196.65,35,5,17,35.01629858824421,0.6211309523809524,45.16782407407407,1019.3287037037029,29.123677248677225,0
688,4,0,1,39,0.0,0.025,0.975,40,1200,800,400,0.6666666666666666,16,8,8,397.00930991057373,0.4290865384615385,0.21672625127681333,0.22466596208234174,129996.88042534704,2321.9943576388655,132318.87478298592,468,4,197.65,35,5,17,34.93041368743615,0.6223214285714286,45.05208333333332,1019.7916666666652,29.13690476190472,0
689,4,0,0,39,0.0,0.0,1.0,39,1550,1200,350,0.7741935483870968,19,12,7,400.3177073172312,0.42954340980656774,0.21263374701087412,0.22705278457490838,130085.41907793215,2615.0993441358037,132700.51842206795,469,5,201.0,35,4,17,34.755786249149075,0.6232142857142857,44.96527777777778,1020.1388888888893,29.146825396825406,0
690,4,1,0,40,0.025,0.0,1.0,40,1250,700,550,0.56,18,7,11,394.3807157982839,0.431383547008547,0.2112068965517242,0.2258269194284442,130455.99819214884,2290.348242526285,132746.34643467513,470,0,196.95,32,8,18,34.52987887776542,0.6337890625,44.602272727272734,1021.5909090909098,31.92471590909093,0
691,4,1,1,40,0.024390243902439025,0.024390243902439025,0.975609756097561,41,1650,1300,350,0.7878787878787878,20,13,7,379.2320173066523,0.4329522357723577,0.2112308564946117,0.22036455059710877,131023.24263038553,1737.6417233560157,132760.88435374154,471,0,193.1219512195122,34,7,18,34.34108527131783,0.6348039215686274,44.04761904761905,1023.8095238095241,30.112044817927178,0
692,4,0,0,40,0.0,0.0,1.0,40,1000,400,600,0.4,16,4,12,387.11595262261125,0.42974091880341886,0.21949299652819332,0.22471018431248616,130982.91710219649,2141.115346261081,133124.03244845755,472,1,198.925,33,7,19,34.18020970509597,0.6366792929292929,44.08700980392158,1023.6519607843154,31.019756387403497,0
693,4,0,0,40,0.0,0.0,1.0,40,850,400,450,0.47058823529411764,13,4,9,386.7244617856279,0.42896634615384616,0.21043561512685494,0.22503270213653973,131077.01965590173,2138.1379757785708,133215.1576316803,473,2,199.925,33,7,19,34.094762246689015,0.6376262626262627,43.9950980392157,1024.0196078431386,31.030897207367836,0
694,4,1,0,41,0.024390243902439025,0.0,1.0,41,1250,900,350,0.72,16,9,7,380.63148697213086,0.42891260162601624,0.21111784731614058,0.2236744580746344,131453.76778162262,1807.3289119569636,133261.09669357957,474,0,196.02439024390245,33,8,20,33.869104525175295,0.6414141414141414,43.62745098039217,1025.4901960784327,31.075460487225236,0
695,4,0,0,41,0.0,0.0,1.0,41,1300,800,500,0.6153846153846154,18,8,10,373.0464998623444,0.42797256097560976,0.1477011416421774,0.20346963847731142,128543.91289515869,1455.9909070028177,129999.90380216151,475,1,197.02439024390245,36,5,20,37.02341291874885,0.6056134259259259,46.48085585585586,1014.0765765765767,28.168793793793796,8
696,4,1,0,42,0.023809523809523808,0.0,1.0,42,1100,800,300,0.7272727272727273,14,8,6,370.79564634549155,0.4302530971738289,0.14844501360323847,0.20375055724112204,128839.34389667971,1154.613558979681,129993.95745565939,476,0,193.3095238095238,37,5,21,36.77851729848437,0.6067004504504505,46.18969298245614,1015.2412280701751,27.43895211000473,0
697,4,1,0,43,0.023255813953488372,0.0,1.0,43,1150,900,250,0.782608695652174,14,9,5,360.44368366014453,0.43157069029162054,0.1429322122963741,0.19974500000153028,129174.23575726856,712.0074740667651,129886.24323133532,477,0,189.7906976744186,38,5,22,36.69972849886144,0.6082785087719298,45.86004273504273,1016.5598290598286,26.751574448942858,0
698,4,0,0,43,0.0,0.0,1.0,43,1250,900,350,0.72,16,9,7,362.2499970879105,0.43087855297157623,0.1494404317803002,0.20178564476569888,129377.95380015417,773.4412381747973,130151.39503832896,478,1,190.7906976744186,35,8,22,36.4462457337884,0.6160714285714286,45.659722222222214,1017.36111111111,29.067460317460284,0
699,4,1,0,44,0.022727272727272728,0.0,1.0,44,1150,700,450,0.6086956521739131,16,7,9,355.5103901372109,0.43146582100070474,0.1639245212864846,0.19982135721505295,129731.44531249988,424.17534722220836,130155.62065972209,479,0,187.4318181818182,37,7,17,36.258094751192885,0.6157094594594594,45.31249999999999,1018.7499999999991,27.533783783783758,0
700,4,3,2,45,0.06382978723404255,0.0425531914893617,0.9574468085106383,47,1200,800,400,0.6666666666666666,16,8,8,330.7666319737917,0.4365556583410422,0.1636450414364954,0.18941319668714285,130458.54403518379,-766.47814712221,129692.06588806158,480,0,176.40425531914894,37,10,20,36.15199366748951,0.6230292792792793,44.599780701754376,1021.6008771929816,27.61083451872923,0
701,4,0,1,44,0.0,0.022222222222222223,0.9777777777777777,45,1100,900,200,0.8181818181818182,13,9,4,319.08905048373845,0.43251262626262627,0.10759319885943563,0.17138140777257638,127928.2764103478,-821.5872574501443,127106.68915289766,481,1,185.0888888888889,38,7,18,39.018551765409924,0.5956688596491229,47.08867521367522,1011.6452991452998,26.622244714349993,8
702,4,1,0,45,0.022222222222222223,0.0,1.0,45,1100,1000,100,0.9090909090909091,12,10,2,319.8213243103529,0.43150252525252525,0.12506545026351623,0.1725898640184523,128118.16541883702,-805.0157335069205,127313.14968533009,482,0,186.04444444444445,39,6,20,38.80639726309292,0.5958867521367521,46.90104166666668,1012.3958333333351,25.958867521367566,0
703,4,2,2,45,0.0425531914893617,0.0425531914893617,0.9574468085106383,47,1150,700,450,0.6086956521739131,16,7,9,312.3290534085306,0.4338382670366944,0.1510715016366615,0.17095906081309048,128685.3063652588,-1361.5653023967798,127323.74106286203,483,0,179.08510638297872,40,7,17,38.418970352564095,0.6,46.34146341463415,1014.6341463414636,25.36585365853659,0
704,4,0,0,45,0.0,0.0,1.0,45,850,400,450,0.47058823529411764,13,4,9,325.74060686397615,0.43383838383838386,0.19147424942123337,0.16803962538672304,126291.69702456519,-761.6929293092161,125530.00409525598,484,1,180.2,37,8,16,40.526139958546956,0.5807995495495495,48.71162280701754,1005.1535087719293,27.16631104788998,8
705,4,2,0,47,0.0425531914893617,0.0,1.0,47,1500,1000,500,0.6666666666666666,20,10,10,365.2117801353378,0.438463613937712,0.2737131091283467,0.18206376471368252,124876.02281942853,-278.76108197910355,124597.26173744943,485,0,173.48936170212767,41,6,18,40.99824234904881,0.5597052845528455,50.12400793650793,999.5039682539668,24.378145567169923,8
706,4,2,0,49,0.04081632653061224,0.0,1.0,49,1950,1700,250,0.8717948717948718,22,17,5,356.8804001987287,0.44423185941043086,0.2932742108419506,0.18134691829102803,125670.53970025502,-830.0064759700264,124840.53322428498,486,0,167.3673469387755,41,8,15,40.384448896804194,0.5678353658536586,49.33035714285714,1002.6785714285708,24.45557491289197,0
707,4,3,2,50,0.057692307692307696,0.038461538461538464,0.9615384615384616,52,1300,1000,300,0.7692307692307693,16,10,6,341.16455891346277,0.45028908999497236,0.3032023394049499,0.17650603707130605,126410.20507812499,-1771.8955941751713,124638.30948394981,487,0,158.65384615384616,39,13,14,40.01665976106623,0.578525641025641,48.59375,1005.6249999999999,25.78525641025641,0
708,4,2,2,50,0.038461538461538464,0.038461538461538464,0.9615384615384616,52,1600,1000,600,0.625,22,10,12,348.739234743653,0.4510825163398693,0.32998106222301593,0.18220108358167345,126810.36962332274,-1555.249748000531,125255.11987532221,488,0,159.53846153846155,40,12,16,39.414749604816194,0.5809895833333334,48.19613821138211,1007.2154471544713,25.180386178861784,0
709,4,3,1,52,0.05660377358490566,0.018867924528301886,0.9811320754716981,53,1500,1000,500,0.6666666666666666,20,10,10,338.4452563818987,0.45298137397194,0.3282347582172571,0.17876269582050586,127253.65713346453,-1985.3834250544253,125268.2737084101,489,0,157.0566037735849,38,15,19,39.219345616264285,0.5888157894736843,47.75641025641024,1008.9743589743566,26.551956815114647,0
710,4,1,4,49,0.018867924528301886,0.07547169811320754,0.9245283018867925,53,1050,800,250,0.7619047619047619,13,8,5,333.9355935806143,0.4528150701499758,0.33845555339428146,0.17797666251274485,127617.73003472215,-2076.7795138888987,125540.95052083324,490,0,157.33962264150944,39,14,16,38.96048109965634,0.5908119658119658,47.39583333333333,1010.416666666666,25.908119658119638,0
711,4,1,0,50,0.02,0.0,1.0,50,1500,1000,500,0.6666666666666666,20,10,10,350.7516956210149,0.45143707482993195,0.3586105080330002,0.1865545392644798,127534.65008464144,-1053.4010464758396,126481.2490381656,491,0,166.5,37,13,17,38.62082066869301,0.5934684684684685,47.478070175438596,1010.0877192982457,27.299668089141775,0
712,4,0,2,48,0.0,0.04,0.96,50,1750,1300,450,0.7428571428571429,22,13,9,349.2704504929616,0.45153061224489793,0.35978640160727515,0.1860873605809542,127604.23657909637,-1086.322161041714,126517.91441805466,492,1,167.5,38,12,17,38.58693736561981,0.5923793859649122,47.409188034188034,1010.363247863248,26.588506522717054,0
713,4,3,1,50,0.058823529411764705,0.0196078431372549,0.9803921568627451,51,1300,800,500,0.6153846153846154,18,8,10,341.89423429430366,0.456062091503268,0.35989957942831263,0.18413771509997007,128039.08420138912,-1444.8350694444202,126594.2491319447,493,0,160.66666666666666,39,12,20,38.32853025936599,0.5950854700854701,46.97916666666668,1012.0833333333353,25.95085470085475,0
714,4,0,1,49,0.0,0.02,0.98,50,1450,900,550,0.6206896551724138,20,9,11,338.42953325059216,0.45595238095238094,0.3409964412811388,0.18288211316041603,128173.0379027676,-1324.4049158956277,126848.63298687196,494,1,156.22,36,14,20,38.27939650059312,0.6018518518518519,46.846846846846844,1012.6126126126123,28.12812812812812,0
715,4,2,2,49,0.0392156862745098,0.0392156862745098,0.9607843137254902,51,1650,1100,550,0.6666666666666666,22,11,11,329.65410231240924,0.457875816993464,0.33870714628053333,0.17950423026976034,128477.80687326849,-1729.3527816251344,126748.45409164336,495,0,153.98039215686273,37,14,20,38.19083928185162,0.6030405405405406,46.54605263157894,1013.8157894736825,27.40042674253196,0
716,4,0,1,48,0.0,0.02040816326530612,0.9795918367346939,49,1650,1400,250,0.8484848484848485,19,14,5,339.0461537812398,0.45441822562358275,0.33695344182324694,0.1846601647000908,128486.8203296202,-1087.4075511322114,127399.41277848798,496,1,160.0204081632653,36,13,20,37.94360213262246,0.6050347222222222,46.53716216216216,1013.8513513513516,28.162537537537546,0
717,4,0,1,47,0.0,0.020833333333333332,0.9791666666666666,48,1450,1200,250,0.8275862068965517,17,12,5,363.2293357987269,0.4545748374704492,0.2920755196976308,0.1880101279879189,126429.50234687599,-403.23214933694913,126026.27019753904,497,2,162.91666666666666,37,11,16,39.442051897078066,0.5822072072072072,48.574561403508774,1005.7017543859652,27.181128496917978,8
718,4,2,0,49,0.04081632653061224,0.0,1.0,49,1400,1000,400,0.7142857142857143,18,10,8,353.5463917463158,0.45310728458049887,0.2924542390930287,0.18489123282174208,126849.7416379026,-830.5463099934348,126019.19532790917,498,0,160.46938775510205,38,11,18,39.25323470145299,0.584703947368421,48.15705128205128,1007.371794871794,26.509784075573528,0
719,4,1,1,49,0.02,0.02,0.98,50,1700,1300,400,0.7647058823529411,21,13,8,348.7840284823215,0.45608843537414967,0.28802991405290723,0.184134125584745,127233.99233270448,-1123.8697017023273,126110.12263100216,499,0,158.24,36,14,20,38.97872716449009,0.5923032407407407,47.77590090090091,1008.8963963963977,28.024899899899935,0
720,4,2,1,50,0.0392156862745098,0.0196078431372549,0.9803921568627451,51,1800,1300,500,0.7222222222222222,23,13,10,342.5243848958448,0.4554901960784314,0.30507797221230226,0.1836886585046088,127867.13219452133,-1440.4778393351864,126426.65435518614,500,0,155.86274509803923,37,14,19,38.48836368892745,0.5968468468468469,47.14912280701754,1011.4035087719293,27.3352299668089,0
721,4,1,4,47,0.0196078431372549,0.0784313725490196,0.9215686274509804,51,2000,1700,300,0.85,23,17,6,360.5121276694649,0.4554575163398693,0.31737306462300263,0.19056824301792544,127285.57254395567,-724.9902614266132,126560.58228252905,501,0,156.5686274509804,37,14,17,38.629953095005234,0.5909346846846847,47.724780701754376,1009.1008771929811,27.27299668089138,8
722,4,2,1,48,0.04081632653061224,0.02040816326530612,0.9795918367346939,49,1300,1000,300,0.7692307692307693,16,10,6,362.7747306952376,0.456172052154195,0.36576244030468374,0.19428040455699663,127811.68845221611,-526.629828408738,127285.05862380737,502,0,162.83673469387756,37,12,17,38.03314537699704,0.5962837837837838,47.203947368421055,1011.1842105263161,27.32930298719773,0
723,4,3,1,50,0.058823529411764705,0.0196078431372549,0.9803921568627451,51,900,600,300,0.6666666666666666,12,6,6,350.2486913273182,0.45733660130718956,0.37613294572940625,0.19076499791207557,128487.53390842021,-1199.4818793402728,127288.05202907995,503,0,157.33333333333334,39,12,17,37.6589309565396,0.5996260683760684,46.536458333333336,1013.8541666666673,25.9962606837607,0
724,4,1,1,50,0.0196078431372549,0.0196078431372549,0.9803921568627451,51,1550,1200,350,0.7741935483870968,19,12,7,369.62397827966475,0.45883986928104575,0.3419405057526963,0.19857917603826347,127939.53517500414,-701.1509103866711,127238.38426461747,504,0,158.2549019607843,35,16,21,37.72892594287458,0.6014880952380952,47.07754629629629,1011.6898148148138,28.90542328042325,8
725,4,3,1,52,0.05660377358490566,0.018867924528301886,0.9811320754716981,53,1450,800,650,0.5517241379310345,21,8,13,349.6603665337219,0.4603743347847122,0.36595130542554766,0.191733196246216,128755.86718990434,-1595.835257002183,127160.03193290216,505,0,153.20754716981133,37,16,20,37.400064822817626,0.6058558558558558,46.27192982456139,1014.9122807017525,27.430061640587905,0
726,4,0,1,51,0.0,0.019230769230769232,0.9807692307692307,52,2050,1500,550,0.7317073170731707,26,15,11,357.205096947195,0.4584825917546506,0.364952369869163,0.1955962110739253,128700.2310807169,-1205.5242959372417,127494.70678477966,506,1,157.15384615384616,37,15,20,37.2654167567178,0.6052927927927928,46.3267543859649,1014.6929824561383,27.424134660976712,0
727,4,1,0,52,0.019230769230769232,0.0,1.0,52,1400,1100,300,0.7857142857142857,17,11,6,362.2726990755213,0.45812908496732024,0.37582091411017515,0.19990807367091712,129006.37846500822,-1052.9022151046697,127953.47624990356,507,0,157.80769230769232,37,15,21,36.82440636805182,0.6083896396396397,46.0252192982456,1015.8991228070156,27.45673304883826,0
728,4,3,2,53,0.05454545454545454,0.03636363636363636,0.9636363636363636,55,1400,1100,300,0.7857142857142857,17,11,6,341.2740617728732,0.4601851851851852,0.3831452443387513,0.19263874693217592,129898.25857426283,-2132.935050462963,127765.32352379986,508,0,150.14545454545456,34,21,17,36.451399431663354,0.623468137254902,45.14880952380951,1019.4047619047602,29.98249299719883,0
729,4,1,1,53,0.018518518518518517,0.018518518518518517,0.9814814814814815,54,1950,1400,550,0.717948717948718,25,14,11,352.6665247927165,0.4571904845096669,0.4062425921838855,0.20049335305342508,130176.38204082457,-1618.2295471146858,128558.15249370989,509,0,153.8148148148148,36,18,20,35.87876112705069,0.6221064814814814,44.876126126126124,1020.4954954954951,28.347097097097087,0
730,4,0,1,52,0.0,0.018867924528301886,0.9811320754716981,53,1150,900,250,0.782608695652174,14,9,5,356.40604415907285,0.457138969521045,0.4028116430234894,0.2029225605551564,130234.60493853872,-1316.7199282471597,128917.88501029156,510,1,152.50943396226415,37,16,20,35.72427668564471,0.620777027027027,44.81907894736842,1020.7236842105258,27.58712660028448,0
731,4,0,2,50,0.0,0.038461538461538464,0.9615384615384616,52,1550,1000,550,0.6451612903225806,21,10,11,359.8682737496329,0.4560394670688788,0.40502087871322434,0.20538142059373887,130327.04132550243,-1019.8745001287477,129307.16682537369,511,2,155.96153846153845,32,20,21,35.542125221548986,0.6324869791666667,44.72853535353535,1021.085858585858,31.908933080808062,0
732,4,1,0,51,0.0196078431372549,0.0,1.0,51,1500,1200,300,0.8,18,12,6,367.24175887645686,0.454640522875817,0.3770338876630255,0.1977316465280627,128027.37054183809,-796.6006515775036,127230.76989026058,512,0,159.7058823529412,35,16,21,37.69918420250078,0.6023809523809525,46.99074074074074,1012.0370370370366,28.915343915343904,8
733,4,2,2,51,0.03773584905660377,0.03773584905660377,0.9622641509433962,53,1700,1200,500,0.7058823529411765,22,12,10,322.9498967911429,0.4579856071601354,0.26363401395709496,0.17593539153547336,128496.33487654322,-2300.37079903978,126195.96407750343,513,0,154.64150943396226,41,12,15,38.34189497716896,0.5965447154471545,46.52777777777778,1013.8888888888889,24.7289972899729,8
734,4,0,3,48,0.0,0.058823529411764705,0.9411764705882353,51,1750,1400,350,0.8,21,14,7,333.42775505440585,0.45351307189542484,0.2689904994587531,0.18088409221495869,128329.16802300366,-1642.2987196180343,126686.86930338563,514,1,161.1764705882353,39,12,19,38.24674017340051,0.5980235042735043,46.69270833333334,1013.2291666666682,25.98023504273508,0
735,4,0,1,47,0.0,0.020833333333333332,0.9791666666666666,48,1600,1200,400,0.75,20,12,8,341.1864470306028,0.45116725768321514,0.2825577200577203,0.1850095522630734,128311.11495844874,-844.3973145583288,127466.71764389041,515,2,166.39583333333334,37,11,19,38.06863275613275,0.6013513513513513,46.71052631578947,1013.1578947368421,27.382645803698434,0
736,4,2,1,48,0.04081632653061224,0.02040816326530612,0.9795918367346939,49,1300,800,500,0.6153846153846154,18,8,10,329.13288484920525,0.45454223356009066,0.2821635835294316,0.18106023484819717,128883.8758680556,-1316.0156249999952,127567.8602430556,516,0,160.73469387755102,39,10,18,37.79065791273423,0.6036324786324787,46.145833333333336,1015.4166666666671,26.036324786324798,0
737,4,0,2,46,0.0,0.041666666666666664,0.9583333333333334,48,1450,1000,450,0.6896551724137931,19,10,9,335.71291131290525,0.4531434692671395,0.19693766056117212,0.18459591067293532,128865.81776926761,-947.616229592173,127918.20153967544,517,1,165.0,40,8,17,37.6420028025223,0.6018229166666667,46.16361788617886,1015.3455284552844,25.38363821138211,8
738,4,0,1,45,0.0,0.021739130434782608,0.9782608695652174,46,950,700,250,0.7368421052631579,12,7,5,341.9798714345265,0.4508252818035427,0.1998663896845514,0.18783195019484777,128821.50472094363,-389.12767550590286,128432.37704543772,518,2,171.56521739130434,38,8,17,37.528064267171814,0.6047149122807017,46.20726495726495,1015.1709401709386,26.71502474134049,0
739,4,0,0,45,0.0,0.0,1.0,45,1700,1000,700,0.5882352941176471,24,10,14,347.13993948283945,0.44835858585858585,0.20272197018794613,0.19061812335303208,128811.51532202182,-56.875673284125696,128754.63964873769,519,3,176.26666666666668,37,8,17,37.4072873910852,0.6064189189189189,46.217105263157876,1015.1315789473656,27.43598862019907,0
740,4,1,1,45,0.021739130434782608,0.021739130434782608,0.9782608695652174,46,1200,1000,200,0.8333333333333334,14,10,4,341.19488569526834,0.44954710144927534,0.20696511500347414,0.1886887065542666,129092.79348381882,-390.83981664113566,128701.95366717769,520,0,173.41304347826087,38,8,18,37.27177950658816,0.6074561403508771,45.94017094017092,1016.2393162393138,26.743139901034574,0
741,4,0,1,44,0.0,0.022222222222222223,0.9777777777777777,45,1000,700,300,0.7,13,7,6,340.298306906746,0.4482112794612794,0.20382513661202206,0.18871087928464952,129201.38888888853,-206.59722222226134,128994.79166666626,521,1,174.9111111111111,38,7,18,37.18408469945356,0.6085526315789473,45.833333333333314,1016.6666666666638,26.754385964912206,0
742,4,0,0,44,0.0,0.0,1.0,44,1250,600,650,0.48,19,6,13,346.2380925939421,0.4465843023255814,0.20974940744705295,0.19147771725311455,129092.79348381881,139.36851669219826,129232.162000511,522,2,179.4318181818182,38,6,18,37.14365187832912,0.6074561403508771,45.94017094017092,1016.2393162393137,26.74313990103457,0
743,4,0,0,44,0.0,0.0,1.0,44,1150,700,450,0.6086956521739131,16,7,9,350.36362918411095,0.4459016032417195,0.21278603162470788,0.19415899427412958,129174.23575726815,251.5908074000531,129425.8265646682,523,3,180.4318181818182,38,6,18,36.95590296023821,0.6082785087719298,45.86004273504271,1016.5598290598255,26.751574448942776,0
744,4,0,1,43,0.0,0.022727272727272728,0.9772727272727273,44,1550,1400,150,0.9032258064516129,17,14,3,356.14914831655784,0.4454391296687808,0.2127778431141949,0.19805992204942388,129312.88954293627,410.9379489825322,129723.82749191881,524,4,181.4318181818182,37,7,18,36.667654879977,0.6114864864864865,45.723684210526315,1017.1052631578946,27.489331436699853,0
745,4,1,1,43,0.022727272727272728,0.022727272727272728,0.9772727272727273,44,1650,1400,250,0.8484848484848485,19,14,5,350.1164168421467,0.4444701374207188,0.20108488407565606,0.1968579098470939,129745.05077069186,285.1744557674108,130030.22522645927,525,0,176.13636363636363,38,6,15,36.38165023769575,0.6140350877192983,45.2991452991453,1018.8034188034193,26.810616284300508,0
746,4,0,0,43,0.0,0.0,1.0,43,1450,1200,250,0.8275862068965517,17,12,5,352.1080461527312,0.4424141749723145,0.19512052336558017,0.19770306902356527,129690.63321827745,533.0230933596329,130223.65631163708,526,1,181.02325581395348,38,5,15,36.3862229913992,0.6134868421052632,45.3525641025641,1018.5897435897435,26.804993252361673,0
747,4,0,0,43,0.0,0.0,1.0,43,1650,1300,350,0.7878787878787878,20,13,7,351.281970852879,0.4428525286083425,0.18401281666752056,0.19765051067987663,129772.26382725193,517.331319855375,130289.5951471073,527,2,182.02325581395348,38,5,15,36.32431582258573,0.6143092105263157,45.272435897435905,1018.9102564102574,26.81342780026993,0
748,4,0,1,42,0.0,0.023255813953488372,0.9767441860465116,43,900,400,500,0.4444444444444444,14,4,10,352.04896958189886,0.44216039128829826,0.18546145970454808,0.1984956956153263,129853.92011834342,542.9877547666185,130396.90787311005,528,3,183.02325581395348,38,5,15,36.221829140461196,0.6151315789473684,45.1923076923077,1019.2307692307711,26.821862348178186,0
749,4,0,1,41,0.0,0.023809523809523808,0.9761904761904762,42,1500,1100,400,0.7333333333333333,19,11,8,351.33989470153665,0.43931475029036005,0.19891652449792052,0.1989258976762081,130017.30974687707,736.0535831689738,130753.36333004605,529,4,187.76190476190476,38,4,15,36.07401005656822,0.6167763157894737,45.032051282051285,1019.8717948717949,26.838731443994604,0
750,4,1,1,41,0.023809523809523808,0.023809523809523808,0.9761904761904762,42,1300,900,400,0.6923076923076923,17,9,8,350.65007828085163,0.4413714672861014,0.19699688920794478,0.19936961593682695,130180.80210387897,729.5816896778379,130910.38379355682,530,0,182.42857142857142,38,4,17,35.925722361809036,0.618421052631579,44.87179487179487,1020.5128205128201,26.855600539811054,0
751,4,2,2,41,0.046511627906976744,0.046511627906976744,0.9534883720930233,43,1450,900,550,0.6206896551724138,20,9,11,336.46265774828345,0.44158361018826137,0.2038066453512668,0.19401328674497414,130726.51855504428,196.94405635912952,130923.46261140342,531,0,178.09302325581396,38,5,14,35.7355220086363,0.6239035087719298,44.33760683760684,1022.6495726495733,26.9118308591993,0
752,4,0,2,39,0.0,0.04878048780487805,0.9512195121951219,41,1300,900,400,0.6923076923076923,17,9,8,351.1713217156317,0.43866869918699186,0.21645327492862942,0.20168009178751709,130570.5857210872,970.5290329716734,131541.1147540589,532,1,187.1951219512195,37,4,14,35.51735775846653,0.6241554054054055,44.49013157894736,1022.0394736842102,27.622688477951627,0
753,4,1,2,38,0.025,0.05,0.95,40,1350,1000,350,0.7407407407407407,17,10,7,356.36315066517943,0.43723290598290593,0.2022176308539947,0.20455380090363712,130550.14209733382,1304.6519915185495,131854.7940888524,533,0,185.475,36,4,14,35.40541781450873,0.6258680555555556,44.51013513513514,1021.9594594594595,28.387762762762762,0
754,4,1,1,38,0.02564102564102564,0.02564102564102564,0.9743589743589743,39,1700,1400,300,0.8235294117647058,20,14,6,360.1799067129496,0.43845591542959966,0.19841753597696554,0.2074204234616817,130676.44702717767,1613.4060999657113,132289.85312714337,534,0,180.51282051282053,35,4,16,35.17989208361634,0.6291666666666667,44.386574074074076,1022.4537037037039,29.21296296296297,0
755,4,0,0,38,0.0,0.0,1.0,38,900,400,500,0.4444444444444444,14,4,10,368.9949658914637,0.43530701754385964,0.20484014345706947,0.2118944335905164,130566.58340419526,2035.682397959216,132602.2658021545,535,4,186.26315789473685,34,4,17,35.06600660066007,0.6302083333333333,44.494047619047635,1022.0238095238116,30.05952380952387,0
756,4,0,0,38,0.0,0.0,1.0,38,850,500,350,0.5882352941176471,12,5,7,367.9437539330041,0.4348921289710763,0.20196686545757614,0.2116231088427803,130627.42524092986,2012.70904195013,132640.13428288,536,5,187.26315789473685,34,4,17,35.03115174100384,0.6308210784313726,44.43452380952382,1022.2619047619061,30.066526610644296,0
757,4,0,1,37,0.0,0.02631578947368421,0.9736842105263158,38,900,600,300,0.6666666666666666,12,6,6,368.3827177624324,0.4349810336652442,0.20029835384643646,0.21254371580235437,130749.15143140587,2033.1455498866203,132782.2969812925,537,6,188.26315789473685,34,4,17,34.89650021340162,0.632046568627451,44.31547619047619,1022.7380952380951,30.08053221288515,0
758,4,0,0,37,0.0,0.0,1.0,37,1000,900,100,0.9,11,9,2,369.53464091877265,0.4351539039039039,0.189726750474414,0.21328742137676876,130763.47588667824,2264.326821414847,133027.80270809308,538,7,185.35135135135135,33,4,17,34.85252416327182,0.634469696969697,44.3014705882353,1022.7941176470591,30.993761140819974,0
759,4,0,0,37,0.0,0.0,1.0,37,750,500,250,0.6666666666666666,10,5,5,368.87947361182876,0.4346221221221221,0.18788122094303206,0.21325525247309893,130826.1546039985,2251.816608996543,133077.97121299503,539,8,186.35135135135135,33,4,17,34.805741894266085,0.6351010101010102,44.240196078431374,1023.0392156862748,31.00118835412954,0
760,4,0,0,37,0.0,0.0,1.0,37,1000,600,400,0.6,14,6,8,368.6513414456812,0.434059059059059,0.18753539792936258,0.21364381349152567,130920.20083922052,2252.781532343329,133172.98237156385,540,9,187.35135135135135,33,4,17,34.71627649383307,0.6360479797979798,44.14828431372549,1023.4068627450982,31.012329174093885,0
761,4,0,0,37,0.0,0.0,1.0,37,1200,900,300,0.75,15,9,6,371.49274700435694,0.4331519019019019,0.1829273026017879,0.21616945640448498,131077.01965590141,2338.8324202229715,133415.8520761244,541,10,188.35135135135135,33,4,17,34.48470161161641,0.6376262626262627,43.99509803921568,1024.019607843136,31.03089720736776,0
762,4,0,0,37,0.0,0.0,1.0,37,1700,1400,300,0.8235294117647058,20,14,6,368.37539302265213,0.4327765265265265,0.17906577471118656,0.2148813614986983,131171.15600069682,2264.045228998454,133435.2012296953,542,11,189.35135135135135,33,4,18,34.46920983371216,0.6385732323232323,43.9031862745098,1024.3872549019604,31.042038027332133,0
763,4,0,0,37,0.0,0.0,1.0,37,1400,1300,100,0.9285714285714286,15,13,2,368.8223602670879,0.43186936936936937,0.1832151338427488,0.21620175498487654,131359.5300635572,2289.6663843233227,133649.19644788053,543,12,190.35135135135135,33,4,19,34.26715979278739,0.6404671717171717,43.71936274509803,1025.122549019607,31.06431966726082,0
764,4,0,0,37,0.0,0.0,1.0,37,1100,600,500,0.5454545454545454,16,6,10,372.04693103839077,0.43140015015015015,0.18265205932509931,0.2186298257675038,131453.76778162242,2381.394175317182,133835.1619569396,544,13,191.35135135135135,33,4,20,34.089188973868715,0.6414141414141414,43.627450980392155,1025.4901960784312,31.075460487225186,0
765,4,1,0,38,0.02631578947368421,0.0,1.0,38,1050,1000,50,0.9523809523809523,11,10,1,364.00756524049837,0.4332029397818871,0.19015880375565075,0.21612479458566947,131847.23816609956,1998.678429705189,133845.91659580474,545,0,187.28947368421052,34,4,16,33.89793671032804,0.6430759803921569,43.244047619047606,1027.0238095238078,30.20658263305317,0
766,4,0,0,38,0.0,0.0,1.0,38,1500,1100,400,0.7333333333333333,19,11,8,362.56922203607354,0.4328473210052157,0.1908268237503734,0.21596514529974797,131969.53124999988,1969.6180555555425,133939.14930555542,546,1,188.28947368421052,34,4,17,33.811503108948365,0.6443014705882353,43.12499999999999,1027.499999999999,30.22058823529409,0
767,4,1,1,38,0.02564102564102564,0.02564102564102564,0.9743589743589743,39,1250,900,350,0.72,16,9,7,352.30300707838575,0.4334514170040486,0.18788801957118806,0.21157223830491143,132278.91375171448,1520.451817558276,133799.36556927275,547,0,184.43589743589743,35,4,19,33.76368886888688,0.6452380952380952,42.82407407407406,1028.703703703702,29.391534391534346,0
768,4,0,0,38,0.0,0.0,1.0,38,1250,1000,250,0.8,15,10,5,356.17695749807444,0.4328473210052157,0.17909652674195642,0.21457489878542485,132398.0034722219,1831.4236111110731,134229.42708333296,548,1,183.81578947368422,34,4,20,33.54419703103913,0.6485906862745099,42.708333333333314,1029.166666666664,30.269607843137177,0
769,4,0,0,38,0.0,0.0,1.0,38,1250,1000,250,0.8,15,10,5,354.05813561011655,0.43201754385964913,0.17995691622396293,0.21399362787504475,132520.55165816293,1783.9958900226354,134304.54754818557,549,2,184.81578947368422,34,4,21,33.47544995567888,0.6498161764705883,42.589285714285694,1029.6428571428544,30.28361344537807,0
770,4,0,0,38,0.0,0.0,1.0,38,850,600,250,0.7058823529411765,11,6,5,362.89485872983647,0.43160265528686587,0.07286192068800723,0.21395463079480234,131579.4706362939,1965.3363551303064,133544.8069914242,550,3,185.81578947368422,33,5,15,34.19682672400064,0.6426767676767677,43.50490196078432,1025.9803921568641,31.090314913844367,8
771,4,1,0,39,0.02564102564102564,0.0,1.0,39,1200,700,500,0.5833333333333334,17,7,10,355.71147642218665,0.43314215024741337,0.08139904421614097,0.2122223342054414,132030.69905045352,1592.9669784580474,133623.66602891157,551,0,182.02564102564102,34,5,16,33.92602030966446,0.6449142156862745,43.06547619047619,1027.7380952380954,30.22759103641457,0
772,4,0,1,38,0.0,0.02564102564102564,0.9743589743589743,39,750,200,550,0.26666666666666666,13,2,11,355.3930238398352,0.43229869545659017,0.07866019330987495,0.21237500075134788,132091.8810232426,1588.9066043083874,133680.78762755098,552,1,183.02564102564102,34,5,18,33.87256321173519,0.6455269607843137,43.00595238095238,1027.9761904761904,30.234593837535012,0
773,4,0,0,38,0.0,0.0,1.0,38,1050,700,350,0.6666666666666666,14,7,7,358.4712601168813,0.4313952110004742,0.08737946308135358,0.21434179623097038,132114.3779585975,1871.8415092752641,133986.21946787275,553,2,187.28947368421052,33,5,19,33.77078614852785,0.6480429292929293,42.984068627450974,1028.0637254901949,31.153446226975603,0
774,4,1,0,39,0.02564102564102564,0.0,1.0,39,1200,600,600,0.5,18,6,12,349.6800061685561,0.4326923076923077,0.08375593871777087,0.2108321710832171,132428.6352040815,1461.5291950113274,133890.16439909284,554,0,183.46153846153845,34,5,20,33.680555555555564,0.6488970588235294,42.67857142857142,1029.2857142857133,30.27310924369745,0
775,4,0,0,39,0.0,0.0,1.0,39,800,600,200,0.75,10,6,4,352.12399883318784,0.43249550157444894,0.07671263734146616,0.21317177843988125,132581.847009637,1537.0500283446445,134118.89703798163,555,1,184.46153846153845,34,5,21,33.46361692289907,0.6504289215686274,42.52976190476189,1029.8809523809507,30.29061624649855,0
776,4,0,1,38,0.0,0.02564102564102564,0.9743589743589743,39,1150,500,650,0.43478260869565216,18,5,13,351.65901783085076,0.43137089518668464,0.07867947385101148,0.21393619939294936,132765.81809807228,1537.659438775479,134303.47753684776,556,2,185.46153846153845,34,5,15,33.2907377459474,0.6522671568627452,42.35119047619046,1030.595238095236,30.311624649859883,0
777,4,0,1,37,0.0,0.02631578947368421,0.9736842105263158,38,1150,800,350,0.6956521739130435,15,8,7,360.7244790261967,0.43004682313892845,0.08923709559306725,0.21932987303913867,132745.06987997398,1976.879235149936,134721.94911512392,557,3,190.52631578947367,33,5,15,33.07802651920562,0.6543560606060606,42.37132352941176,1030.5147058823525,31.227718360071286,0
778,4,0,0,37,0.0,0.0,1.0,37,1050,800,250,0.7619047619047619,13,8,5,372.3677881574141,0.428272022022022,0.08759433618467716,0.22568918393671492,132625.50536935005,2477.0932175288226,135102.59858687888,558,7,196.59459459459458,32,5,16,32.89843303097165,0.6555989583333333,42.48737373737374,1030.0505050505049,32.18907828282828,0
779,4,0,0,37,0.0,0.0,1.0,37,1100,900,200,0.8181818181818182,13,9,4,374.1679288980153,0.42820945945945943,0.08397955499315946,0.226976664080216,132658.02158261905,2527.2754374553524,135185.29702007442,559,8,197.59459459459458,32,5,16,32.81933039179637,0.6559244791666667,42.455808080808076,1030.1767676767672,32.193023989898975,0
780,4,0,0,37,0.0,0.0,1.0,37,1150,900,250,0.782608695652174,14,9,5,376.13987964993004,0.42755255255255253,0.07793609385966072,0.22916462518373343,132820.66243240488,2591.8295964697513,135412.49202887464,560,9,198.59459459459458,32,5,16,32.60477911154664,0.6575520833333333,42.2979797979798,1030.8080808080808,32.212752525252526,0
781,4,0,0,37,0.0,0.0,1.0,37,1150,900,250,0.782608695652174,14,9,5,373.66038990904724,0.4261448948948949,0.07680703959773716,0.22884598092630543,133015.9629757167,2540.5593179267344,135556.52229364344,561,10,199.59459459459458,32,5,17,32.47220522235822,0.6595052083333333,42.108585858585855,1031.5656565656561,32.236426767676754,0
782,4,0,1,36,0.0,0.02702702702702703,0.972972972972973,37,1400,1000,400,0.7142857142857143,18,10,8,377.1272794512589,0.42439314314314314,0.0821942417194641,0.2324284805688993,133250.70473195385,2650.4951521049343,135901.1998840588,562,11,200.59459459459458,33,4,17,32.1467606330366,0.6594065656565656,41.88112745098038,1032.4754901960769,31.287136066547784,0
783,4,0,0,36,0.0,0.0,1.0,36,1250,1000,250,0.8,15,10,5,386.799764329602,0.4209325396825397,0.08610601427115205,0.2379298776068092,133178.82303145083,3102.7074724517825,136281.5305039026,563,16,206.86111111111111,32,4,17,31.96941896024463,0.6611328125,41.95075757575757,1032.1969696969693,32.25615530303029,0
784,4,0,1,35,0.0,0.027777777777777776,0.9722222222222222,36,700,400,300,0.5714285714285714,10,4,6,386.9581721773544,0.4194113756613757,0.0895952186905733,0.23907234504612968,133341.78272625234,3119.5385037240985,136461.32122997643,564,17,207.86111111111111,32,4,18,31.801395680521598,0.6627604166666667,41.79292929292929,1032.828282828282,32.27588383838381,0
785,4,0,0,35,0.0,0.0,1.0,35,1100,800,300,0.7272727272727273,14,8,6,385.7959928361995,0.4176120448179272,0.018197707294504983,0.22105712661686622,130481.6075097322,3067.8562632161165,133549.4637729483,565,18,209.0,33,2,21,34.723096837391566,0.6316287878787878,44.57720588235296,1021.6911764705911,30.960338680927006,8
786,4,0,0,35,0.0,0.0,1.0,35,750,600,150,0.8,9,6,3,387.2171327686048,0.4170168067226891,0.019431312093182385,0.22240984072246348,130575.52984429093,3112.2164552095633,133687.7462995005,566,19,210.0,33,2,19,34.591326938449235,0.6325757575757576,44.48529411764707,1022.0588235294139,30.97147950089133,0
787,4,0,0,35,0.0,0.0,1.0,35,1350,1000,350,0.7407407407407407,17,10,7,387.08612132750045,0.41722689075630254,0.020997123681687935,0.223055704168278,130700.81218762019,3118.4940888120054,133819.3062764322,567,20,211.0,33,2,19,34.46738175135827,0.6338383838383839,44.36274509803922,1022.5490196078435,30.98633392751041,0
788,4,0,1,34,0.0,0.02857142857142857,0.9714285714285714,35,1100,700,400,0.6363636363636364,15,7,8,384.974344722313,0.4165266106442577,0.021995926680244304,0.2223792979513598,130794.81336805563,3070.529513888896,133865.34288194453,568,21,212.0,33,2,19,34.425916496945,0.6347853535353536,44.270833333333336,1022.9166666666673,30.99747474747477,0
789,4,0,0,34,0.0,0.0,1.0,34,800,500,300,0.625,11,5,6,388.624570165214,0.41495840760546643,0.03252665628369478,0.22448783994249435,130794.81336805562,3366.0156250000064,134160.82899305562,569,22,217.47058823529412,33,1,19,34.33256958587915,0.6347853535353536,44.270833333333336,1022.9166666666672,30.997474747474765,0
790,4,0,0,34,0.0,0.0,1.0,34,750,600,150,0.8,9,6,3,417.8388435576041,0.41532976827094475,0.027286702536510887,0.23132269594401836,129135.20812988291,4028.4335666232773,133163.64169650618,570,23,218.47058823529412,31,3,18,35.28108719788198,0.622983870967742,45.89843750000001,1016.4062500000008,32.7872983870968,8
791,4,0,0,34,0.0,0.0,1.0,34,950,600,350,0.631578947368421,13,6,7,420.34450055893643,0.41508838383838387,0.025422806267252573,0.23330199168953444,129235.55333347792,4064.7077782937877,133300.26111177172,571,24,219.47058823529412,30,4,18,35.114562679004194,0.6267361111111112,45.7997311827957,1016.8010752688177,33.89336917562726,0
792,4,0,0,34,0.0,0.0,1.0,34,800,700,100,0.875,9,7,2,417.54058481466444,0.41521836007130125,0.02526893421216303,0.23234905484392504,129338.07376575329,4000.778991790966,133338.85275754426,572,25,220.47058823529412,30,4,18,35.08082276250882,0.6277777777777778,45.6989247311828,1017.204301075269,33.9068100358423,0
793,4,0,0,34,0.0,0.0,1.0,34,800,400,400,0.5,12,4,8,413.9943120465796,0.41364007724301843,0.02316666796125566,0.23137851845968596,129509.0314812405,3923.200478378989,133432.2319596195,573,26,221.47058823529412,30,4,17,34.99603855803512,0.6295138888888889,45.53091397849462,1017.8763440860207,33.929211469534025,0
794,4,1,0,35,0.02857142857142857,0.0,1.0,35,450,300,150,0.6666666666666666,6,3,3,403.8093116507019,0.4177170868347339,0.04189765458422179,0.2217641301688279,128816.57483930199,3435.3343290056773,132251.90916830767,574,0,216.11428571428573,32,3,17,35.963930348258714,0.6171875,46.212121212121204,1015.1515151515141,31.723484848484816,8
795,4,3,2,36,0.07894736842105263,0.05263157894736842,0.9473684210526316,38,1250,900,350,0.72,16,9,7,373.9104015157754,0.4272315078236131,0.05676436944195018,0.2102447579613667,129746.60572562339,2103.295009463819,131849.9007350872,575,0,199.97368421052633,34,4,15,35.77403209472618,0.6219362745098039,45.29761904761904,1018.8095238095223,29.964985994397715,0
796,4,0,0,36,0.0,0.0,1.0,36,1400,1100,300,0.7857142857142857,17,11,6,390.8741230867349,0.4225033068783069,0.07256531084656115,0.21888950892857129,129586.776859504,2930.423553718991,132517.20041322298,576,1,211.25,32,4,16,35.50502232142858,0.625,45.454545454545446,1018.181818181817,31.81818181818178,0
797,4,0,0,36,0.0,0.0,1.0,36,750,600,150,0.8,9,6,3,392.8229350604845,0.4220238095238095,0.07641816128054657,0.2203414321417154,129651.06398581773,2985.982297724714,132637.04628354244,577,2,212.25,32,4,16,35.38980494255722,0.6256510416666667,45.39141414141414,1018.4343434343431,31.82607323232322,0
798,4,0,0,36,0.0,0.0,1.0,36,1350,800,550,0.5925925925925926,19,8,11,393.82426583113755,0.42154431216931215,0.07435521405654022,0.2214472474558501,129747.52456700843,3019.544721201913,132767.06928821033,578,3,213.25,32,4,16,35.265883835254265,0.6266276041666667,45.29671717171717,1018.813131313131,31.837910353535342,0
799,4,0,0,36,0.0,0.0,1.0,36,1200,600,600,0.5,18,6,12,395.8378189755661,0.4201388888888889,0.0729639721465336,0.22349612240620403,129908.3719135801,3084.5293209876327,132992.90123456772,579,4,214.25,32,4,16,35.05052225249773,0.6282552083333333,45.13888888888888,1019.4444444444432,31.85763888888885,0
800,4,1,0,37,0.02702702702702703,0.0,1.0,37,1650,1300,350,0.7878787878787878,20,13,7,385.64341085583885,0.4219219219219219,0.07948858494880318,0.22025815919545627,130356.43029423786,2654.2196811322633,133010.64997537012,580,0,209.43243243243242,33,4,17,34.85426917076683,0.6303661616161615,44.69975490196079,1021.2009803921574,30.9454842543078,0
801,4,0,0,37,0.0,0.0,1.0,37,1350,1200,150,0.8888888888888888,15,12,3,386.1286280528112,0.4214214214214214,0.07523608531165227,0.22124772316675503,130481.60750973185,2676.5368187716276,133158.1443285035,581,1,210.43243243243242,33,4,17,34.71460057574667,0.6316287878787878,44.57720588235294,1021.6911764705883,30.960338680926917,0
802,4,0,0,37,0.0,0.0,1.0,37,600,200,400,0.3333333333333333,10,2,8,385.39319875808366,0.42120245245245247,0.07312661666223663,0.22100471053953935,130512.91120001924,2659.757665321031,133172.66886534027,582,2,211.43243243243242,33,4,14,34.701567122411454,0.6319444444444444,44.54656862745098,1021.8137254901962,30.964052287581705,0
803,4,0,1,36,0.0,0.02702702702702703,0.972972972972973,37,1100,700,400,0.6363636363636364,15,7,8,381.13513588911286,0.4215778278278279,0.07317341791669452,0.21955531067415088,130688.28124999999,2561.979166666667,133250.26041666666,583,3,212.43243243243242,34,3,15,34.63223308883456,0.6314338235294117,44.375,1022.4999999999999,30.073529411764703,0
804,4,0,0,36,0.0,0.0,1.0,36,1200,900,300,0.75,15,9,6,384.80287820169684,0.42141203703703706,0.07406741752536128,0.22209991849732805,130763.47588667826,2863.6323769704027,133627.10826364867,584,4,217.88888888888889,33,3,15,34.46211758127646,0.634469696969697,44.3014705882353,1022.7941176470594,30.99376114081998,0
805,4,0,0,36,0.0,0.0,1.0,36,850,600,250,0.7058823529411765,11,6,5,385.9846313292984,0.42131283068783065,0.07541067297377668,0.22375656611854206,130931.84700963715,2907.5361394557776,133839.38314909293,585,5,218.88888888888889,34,2,15,34.260982513279814,0.6338848039215687,44.13690476190476,1023.4523809523806,30.10154061624649,0
806,4,0,0,36,0.0,0.0,1.0,36,1450,1100,350,0.7586206896551724,18,11,7,386.7476500301671,0.42076719576719573,0.0746298180174072,0.22495440235482494,131061.33355034718,2937.5325520833294,133998.8661024305,586,6,219.88888888888889,35,1,15,34.110079688029835,0.6330357142857144,44.010416666666664,1023.9583333333329,29.25595238095237,0
807,4,0,0,36,0.0,0.0,1.0,36,750,600,150,0.8,9,6,3,381.92026083772754,0.42043650793650794,0.07260008285316188,0.222832974863199,131179.87403817306,2820.050341863866,133999.92438003691,587,7,220.88888888888889,35,1,16,34.11349470869582,0.6342261904761906,43.89467592592593,1024.4212962962968,29.269179894179906,0
808,4,0,0,36,0.0,0.0,1.0,36,1100,700,400,0.6363636363636364,15,7,8,383.03919624562116,0.4200231481481482,0.08242999096657644,0.2243515292295779,131328.12499999988,2860.9313378772154,134189.0563378771,588,8,221.88888888888889,33,3,17,33.93462059620596,0.6401515151515151,43.74999999999999,1024.999999999999,31.060606060606034,0
809,4,0,0,36,0.0,0.0,1.0,36,1300,900,400,0.6923076923076923,17,9,8,381.952187885014,0.4192294973544974,0.08600223072020396,0.22445055535265426,131453.76778162242,2841.8108419838477,134295.57862360627,589,9,222.88888888888889,33,3,17,33.835245379222435,0.6414141414141414,43.627450980392155,1025.4901960784312,31.075460487225186,0
810,4,0,0,36,0.0,0.0,1.0,36,1600,1200,400,0.75,20,12,8,380.16531705010505,0.4179563492063492,0.08089278845516135,0.22506324105503436,131736.68368235798,2816.3436238466265,134553.0273062046,590,10,223.88888888888889,33,3,16,33.5948380486252,0.6442550505050505,43.351715686274524,1026.593137254904,31.1088829471183,0
811,4,0,0,36,0.0,0.0,1.0,36,700,500,200,0.7142857142857143,9,5,4,378.05899303258633,0.416848544973545,0.07087276969166711,0.22474400564532926,131893.99059256076,2772.741854094602,134666.73244665537,591,11,224.88888888888889,33,3,16,33.48991887377714,0.6458333333333333,43.19852941176472,1027.2058823529428,31.127450980392208,0
812,4,0,0,36,0.0,0.0,1.0,36,1150,800,350,0.6956521739130435,15,8,7,380.3290032355687,0.4171957671957672,0.07310534378660916,0.22654379757944773,131969.53125000023,2838.368055555584,134807.89930555582,592,12,225.88888888888889,34,2,16,33.355298729386334,0.6443014705882353,43.125000000000014,1027.5000000000018,30.220588235294173,0
813,4,0,0,36,0.0,0.0,1.0,36,950,700,250,0.7368421052631579,12,7,5,381.6794405016682,0.4167493386243386,0.06493276716206653,0.22808318122712157,132091.8810232427,2883.351048752847,134975.23207199553,593,13,226.88888888888889,34,2,17,33.19701795020268,0.6455269607843137,43.00595238095239,1027.976190476191,30.23459383753503,0
814,4,0,0,36,0.0,0.0,1.0,36,900,600,300,0.6666666666666666,12,6,6,383.93788961704695,0.4167493386243386,0.06659012259915342,0.22980398840072355,132153.0771683676,2947.7147108843787,135100.79187925198,594,14,227.88888888888889,34,2,17,33.077167998147495,0.6461397058823529,42.946428571428584,1028.2142857142876,30.24159663865552,0
815,4,0,0,36,0.0,0.0,1.0,36,1250,700,550,0.56,18,7,11,381.2047758879644,0.41593915343915344,0.06904265987811442,0.22909399674713438,132306.1295351476,2887.1456916099987,135193.2752267576,595,15,228.88888888888889,34,2,17,32.99294144873872,0.647671568627451,42.79761904761906,1028.8095238095254,30.25910364145663,0
816,4,0,0,36,0.0,0.0,1.0,36,1050,800,250,0.7619047619047619,13,8,5,383.29889732463215,0.4158068783068783,0.0662718723961433,0.23149489837701184,132492.61289227704,2956.8863728089286,135449.49926508596,596,16,229.88888888888889,33,3,17,32.750937388406136,0.6518308080808081,42.61642156862745,1029.5343137254904,31.198009506833042,0
817,4,0,0,36,0.0,0.0,1.0,36,1050,700,350,0.6666666666666666,14,7,7,381.4858000349326,0.4148313492063492,0.06697868739753576,0.23098030716812493,132587.25610342177,2916.031093810071,135503.28719723184,597,17,230.88888888888889,33,3,19,32.70218546723781,0.6527777777777778,42.52450980392157,1029.9019607843136,31.20915032679738,0
818,4,0,1,35,0.0,0.027777777777777776,0.9722222222222222,36,1150,900,250,0.782608695652174,14,9,5,383.81067779284336,0.41436838624338623,0.06794160391068815,0.23356351665975478,132776.64389898113,2992.218737985382,135768.8626369665,598,18,231.88888888888889,33,3,16,32.45144669044788,0.6546717171717171,42.3406862745098,1030.6372549019604,31.231431966726074,0
819,4,0,0,35,0.0,0.0,1.0,35,1000,700,300,0.7,13,7,6,391.3900906299855,0.4136904761904762,0.08045361474247947,0.23824886724925953,132788.12629132226,3394.3913567493078,136182.51764807157,599,19,236.97142857142856,32,3,18,32.24457919882396,0.6572265625,42.32954545454545,1030.6818181818178,32.208806818181806,0
820,4,0,0,35,0.0,0.0,1.0,35,1350,900,450,0.6666666666666666,18,9,9,393.88335122693354,0.41337535014005605,0.08310034117749976,0.24018353717460122,132853.20255905006,3465.7329290378466,136318.9354880879,600,20,237.97142857142856,32,3,18,32.1147172892427,0.6578776041666667,42.26641414141414,1030.9343434343432,32.216698232323225,0
821,4,0,1,34,0.0,0.02857142857142857,0.9714285714285714,35,1400,1100,300,0.7857142857142857,17,11,6,393.4073013043849,0.4134103641456583,0.07962796381472859,0.24082249127847305,132997.7671598663,3464.4585315743775,136462.22569144066,601,21,238.97142857142856,33,2,19,31.981282919488336,0.6568813131313131,42.12622549019607,1031.4950980392148,31.25742721330954,0
822,4,0,1,33,0.0,0.029411764705882353,0.9705882352941176,34,950,600,350,0.631578947368421,13,6,7,396.2105072008951,0.41228461081402257,0.08401664422959243,0.24286842118068366,133048.5270157382,3743.044874247523,136791.5718899857,602,22,243.44117647058823,32,2,19,31.85784073756782,0.6598307291666667,42.0770202020202,1031.6919191919192,32.240372474747474,0
823,4,1,0,34,0.029411764705882353,0.0,1.0,34,750,700,50,0.9333333333333333,8,7,1,385.98167155863524,0.41312017231134873,0.05652955558751671,0.23846903877263087,133341.7827262523,3493.4968370574315,136835.27956330974,603,0,227.97058823529412,32,2,20,31.826609616951924,0.6627604166666667,41.79292929292929,1032.8282828282818,32.275883838383805,0
824,4,0,0,34,0.0,0.0,1.0,34,850,700,150,0.8235294117647058,10,7,3,386.7358744068549,0.4132130124777184,0.05498846245084876,0.2395654549789018,133439.60636988565,3521.1765699928487,136960.7829398785,604,1,228.97058823529412,32,2,20,31.70877632490121,0.6637369791666667,41.69823232323232,1033.2070707070702,32.287720959595944,0
825,4,0,0,34,0.0,0.0,1.0,34,850,500,350,0.5882352941176471,12,5,7,384.2613299877715,0.41267453951277483,0.05245966437888594,0.23845178058755948,133504.8420601214,3460.149633965924,136964.9916940873,605,2,229.97058823529412,32,2,20,31.70713703929954,0.6643880208333333,41.63510101010101,1033.4595959595958,32.29561237373737,0
826,4,0,0,34,0.0,0.0,1.0,34,1150,800,350,0.6956521739130435,15,8,7,382.0219310604587,0.4124331550802139,0.049819358618477416,0.23725868678673845,133535.5467248173,3402.70148500576,136938.24820982307,606,3,230.97058823529412,33,1,20,31.734151450478223,0.6622474747474747,41.60539215686274,1033.5784313725485,31.320558526440863,0
827,4,0,0,34,0.0,0.0,1.0,34,1150,800,350,0.6956521739130435,15,8,7,379.49689889769996,0.41143048128342247,0.04841543159098194,0.2364988798300436,133662.2407847942,3344.8811755094075,137007.12196030363,607,4,231.97058823529412,33,1,20,31.672197203128693,0.663510101010101,41.482843137254896,1034.0686274509796,31.33541295305999,0
828,4,0,0,34,0.0,0.0,1.0,34,1400,1100,300,0.7857142857142857,17,11,6,379.9622649985402,0.41135620915032683,0.047003066629495605,0.2371953784458341,133725.61034217596,3362.13715878507,137087.74750096104,608,5,232.97058823529412,33,1,15,31.59656398104266,0.6641414141414141,41.421568627450974,1034.313725490195,31.342840166369548,0
829,4,1,0,35,0.02857142857142857,0.0,1.0,35,850,700,150,0.8235294117647058,10,7,3,373.19851991749135,0.41242997198879555,0.04955752212389397,0.23547500520682318,134118.8368055555,3010.5902777777737,137129.42708333328,609,0,227.28571428571428,34,1,16,31.377379994636634,0.6657475490196079,41.041666666666664,1035.833333333333,30.465686274509796,0
830,4,0,0,35,0.0,0.0,1.0,35,650,300,350,0.46153846153846156,10,3,7,373.19851991749135,0.41242997198879555,0.04955752212389397,0.23547500520682318,134118.8368055555,3010.5902777777737,137129.42708333328,610,1,228.28571428571428,34,1,16,31.377379994636634,0.6657475490196079,41.041666666666664,1035.833333333333,30.465686274509796,0
831,4,0,1,34,0.0,0.02857142857142857,0.9714285714285714,35,600,400,200,0.6666666666666666,8,4,4,375.4644916680475,0.41225490196078435,0.0507082943484185,0.2373033747993475,134180.50063775506,3076.0026927437584,137256.50333049882,611,2,229.28571428571428,34,1,16,31.25694205063387,0.6663602941176471,40.982142857142854,1036.0714285714282,30.472689075630242,0
832,4,0,0,34,0.0,0.0,1.0,34,1000,800,200,0.8,12,8,4,383.2157945909408,0.41016785502079617,0.055107040449876354,0.24171193252855458,134106.14306997307,3478.318435217226,137584.4615051903,612,3,236.7941176470588,33,1,17,31.130698848398794,0.6679292929292929,41.05392156862745,1035.7843137254902,31.387403446226976,0
833,4,0,0,34,0.0,0.0,1.0,34,1300,900,400,0.6923076923076923,17,9,8,380.82256090404576,0.4086452762923351,0.04757335558336839,0.24187378868229942,134360.13192041527,3433.473904267596,137793.60582468286,613,4,237.7941176470588,33,1,18,30.938238770685583,0.6704545454545454,40.80882352941177,1036.7647058823534,31.417112299465256,0
834,4,0,0,34,0.0,0.0,1.0,34,1050,800,250,0.7619047619047619,13,8,5,382.79156540108846,0.40823677956030896,0.047819316807318435,0.24354753582135447,134423.66667868145,3491.2491589773367,137914.91583765877,614,5,238.7941176470588,33,1,18,30.823583865122515,0.6710858585858586,40.74754901960785,1037.00980392157,31.42453951277485,0
835,4,0,0,34,0.0,0.0,1.0,34,800,600,200,0.75,10,6,4,382.4131868840824,0.40816250742721333,0.043349870068509544,0.24415611162599124,134550.78125000012,3490.798611111125,138041.57986111124,615,6,239.7941176470588,33,1,19,30.706157965194105,0.6723484848484849,40.62500000000001,1037.500000000001,31.439393939393966,0
836,4,0,0,34,0.0,0.0,1.0,34,1400,1000,400,0.7142857142857143,18,10,8,381.71794537116796,0.40702985739750447,0.03690786048932848,0.24563854115570619,134837.00867755193,3493.941182477897,138330.94986002982,616,7,240.7941176470588,33,1,18,30.43793018682399,0.6751893939393939,40.349264705882355,1038.602941176471,31.472816399286998,0
837,4,0,0,34,0.0,0.0,1.0,34,900,600,300,0.6666666666666666,12,6,6,380.16962231967875,0.4064542483660131,0.042582350859419194,0.24507208276835873,134900.6560727845,3457.0262939734735,138357.68236675797,617,8,241.7941176470588,33,1,18,30.414528528174273,0.6758207070707071,40.28799019607843,1038.8480392156864,31.480243612596556,0
838,4,0,1,33,0.0,0.029411764705882353,0.9705882352941176,34,950,800,150,0.8421052631578947,11,8,3,382.7644026664407,0.40586007130124774,0.042121365588339454,0.24717893147058267,134964.3184862793,3531.907349336795,138496.22583561612,618,9,242.7941176470588,33,1,18,30.283519086370248,0.6764520202020202,40.22671568627451,1039.093137254902,31.487670825906125,0
839,4,0,0,33,0.0,0.0,1.0,33,1350,1100,250,0.8148148148148148,16,11,5,389.72867691224013,0.40648674242424243,0.04042614327078242,0.2508535286604139,134845.6869834711,3910.6462350780607,138756.33321854915,619,10,245.0,32,1,18,30.221249696085593,0.677734375,40.34090909090909,1038.636363636364,32.457386363636374,0
840,4,0,0,33,0.0,0.0,1.0,33,600,400,200,0.6666666666666666,8,4,4,390.1359605154953,0.40597380050505055,0.03508965720387369,0.25202660557633666,134976.85982297736,3931.865370880536,138908.7251938579,620,11,246.0,32,1,18,30.0794856217092,0.6790364583333333,40.21464646464647,1039.141414141415,32.47316919191922,0
841,4,0,0,33,0.0,0.0,1.0,33,750,600,150,0.8,9,6,3,389.9576281991346,0.40526357323232326,0.029021998409753724,0.25236880466472317,135042.4701561066,3932.168273645557,138974.63842975217,621,12,247.0,32,1,18,30.01852526724976,0.6796875,40.151515151515156,1039.39393939394,32.48106060606062,0
842,4,0,0,33,0.0,0.0,1.0,33,700,300,400,0.42857142857142855,11,3,8,387.8487463545243,0.40443497474747475,0.021504664127615314,0.25168908008112767,135140.91554752074,3882.8469352617185,139023.76248278245,622,13,248.0,32,1,19,29.974954462659383,0.6806640625,40.05681818181819,1039.772727272728,32.49289772727275,0
843,4,0,1,32,0.0,0.030303030303030304,0.9696969696969697,33,1200,700,500,0.5833333333333334,17,7,10,391.9497666484381,0.4021464646464647,0.031005187137663093,0.2562126825125359,135403.61195605047,4014.2828219059384,139417.89477795642,623,14,249.0,32,1,19,29.605928262364028,0.6832682291666667,39.804292929292934,1040.7828282828289,32.5244633838384,0
844,4,0,0,32,0.0,0.0,1.0,32,650,400,250,0.6153846153846154,9,4,5,394.8593237882528,0.4006846438172043,0.047954204204204265,0.25781991141468263,135362.548828125,4289.832899305557,139652.38172743056,624,15,255.40625,31,1,19,29.57123790457124,0.685483870967742,39.84375,1040.625,33.568548387096776,0
845,4,0,0,32,0.0,0.0,1.0,32,700,400,300,0.5714285714285714,10,4,6,395.56750374890265,0.40060063844086025,0.046964911183387636,0.2587697729106978,135430.30632866747,4314.365641276032,139744.6719699435,625,16,256.40625,31,1,19,29.485134684346598,0.6861559139784946,39.77864583333333,1040.885416666666,33.57694892473116,0
846,4,0,0,32,0.0,0.0,1.0,32,1000,700,300,0.7,13,7,6,396.06602156366483,0.40062163978494625,0.05009771732332702,0.25934052763321047,135464.1914367676,4330.552673339845,139794.74411010745,626,17,257.40625,31,1,19,29.438320825515945,0.686491935483871,39.74609375,1041.0156250000002,33.58114919354839,0
847,4,0,0,32,0.0,0.0,1.0,32,1100,900,200,0.8181818181818182,13,9,4,393.9763385457514,0.4007266465053763,0.04873874718679616,0.25870465974457485,135565.87219238284,4281.949191623264,139847.8213840061,627,18,258.40625,31,1,20,29.39120196715846,0.6875,39.6484375,1041.4062500000002,33.59375000000001,0
848,4,0,0,32,0.0,0.0,1.0,32,850,600,250,0.7058823529411765,11,6,5,393.076568466062,0.40015961021505375,0.04438117110361195,0.25884819953061416,135667.59109497073,4265.550231933595,139933.14132690433,628,19,259.40625,31,1,21,29.313132733408317,0.688508064516129,39.55078125,1041.7968750000002,33.60635080645162,0
849,4,0,0,32,0.0,0.0,1.0,32,1050,800,250,0.7619047619047619,13,8,5,389.98917187328107,0.39913054435483875,0.042288596052960425,0.2580374636378088,135837.20737033413,4195.008002387142,140032.2153727213,629,20,260.40625,31,1,22,29.224435839786832,0.6901881720430108,39.38802083333333,1042.447916666666,33.62735215053762,0
850,4,0,0,32,0.0,0.0,1.0,32,850,600,250,0.7058823529411765,11,6,5,394.61721537217045,0.39887852822580644,0.036821161048689044,0.2620965087173371,135972.97668457034,4331.455485026042,140304.43216959637,630,21,261.40625,31,1,18,28.968476903870155,0.6915322580645161,39.2578125,1042.9687500000002,33.644153225806456,0
851,4,0,0,32,0.0,0.0,1.0,32,600,400,200,0.6666666666666666,8,4,4,398.142177647159,0.3981434811827957,0.036336120818772244,0.2649431168861327,136040.8867730035,4432.722981770838,140473.60975477434,631,22,262.40625,31,1,18,28.808870028290897,0.6922043010752688,39.192708333333336,1043.2291666666667,33.652553763440864,0
852,4,0,0,32,0.0,0.0,1.0,32,1100,900,200,0.8181818181818182,13,9,4,399.67963997635434,0.39671538978494625,0.03723097317529667,0.26673041751960697,136142.78369479702,4482.699754503028,140625.48344930005,632,23,263.40625,31,1,18,28.667212518195058,0.6932123655913979,39.09505208333333,1043.619791666666,33.66515456989245,0
853,4,0,0,32,0.0,0.0,1.0,32,1100,900,200,0.8181818181818182,13,9,4,399.2711384528409,0.39692540322580644,0.031257795933641086,0.2669688671373164,136210.7361687553,4477.003139919684,140687.739308675,633,24,264.40625,31,1,19,28.610166936925694,0.6938844086021505,39.02994791666666,1043.8802083333323,33.67355510752685,0
854,4,0,1,31,0.0,0.03125,0.96875,32,900,700,200,0.7777777777777778,11,7,4,399.2711384528409,0.39692540322580644,0.031257795933641086,0.2669688671373164,136210.7361687553,4477.003139919684,140687.739308675,634,25,265.40625,31,1,19,28.610166936925694,0.6938844086021505,39.02994791666666,1043.8802083333323,33.67355510752685,0
855,4,0,0,31,0.0,0.0,1.0,31,1500,1100,400,0.7333333333333333,19,11,8,394.29454658557654,0.3922939068100359,-0.005833489095895983,0.24003772192055464,132791.37972608017,4273.690720546385,137065.07044662655,635,26,269.80645161290323,29,2,18,32.16645892287653,0.6655890804597702,42.326388888888886,1030.694444444444,35.54118773946358,8
856,4,0,0,31,0.0,0.0,1.0,31,700,500,200,0.7142857142857143,9,5,4,393.00625947704077,0.3927867383512545,-0.01132487082433431,0.23971121315514154,132862.96537422837,4243.195408950614,137106.160783179,636,27,270.80645161290323,29,2,18,32.127481027437234,0.6663074712643677,42.25694444444444,1030.9722222222222,35.5507662835249,0
857,4,0,0,31,0.0,0.0,1.0,31,850,500,350,0.5882352941176471,12,5,7,390.8287961826644,0.39242831541218637,-0.013431448354951803,0.2390687512728552,132970.3800154319,4193.730709876515,137164.11072530842,637,28,271.80645161290323,29,2,18,32.07536583176227,0.6673850574712643,42.152777777777764,1031.3888888888873,35.565134099616806,0
858,4,0,0,31,0.0,0.0,1.0,31,1350,1100,250,0.8148148148148148,16,11,5,391.1627824302577,0.3913530465949821,-0.01475473189201848,0.23996270112918114,133077.8380594135,4211.019483024682,137288.8575424382,638,29,272.80645161290323,29,2,18,31.958512810158396,0.6684626436781609,42.04861111111111,1031.805555555555,35.57950191570879,0
859,4,0,0,31,0.0,0.0,1.0,31,1000,600,400,0.6,14,6,8,393.2847518119464,0.39063620071684585,-0.01919595764908122,0.2417286179251093,133149.50086805545,4273.133680555537,137422.63454861098,639,30,273.80645161290323,29,2,18,31.831600726685497,0.6691810344827587,41.97916666666666,1032.0833333333323,35.58908045977008,0
860,4,0,0,31,0.0,0.0,1.0,31,750,300,450,0.4,12,3,9,394.5413904879871,0.3889336917562724,-0.020449983623216372,0.24324774973745705,133263.97018441427,4315.630419701683,137579.60060411596,640,31,274.80645161290323,30,1,18,31.683914779137368,0.6673611111111111,41.868279569892465,1032.5268817204292,34.4175627240143,0
861,4,0,0,31,0.0,0.0,1.0,31,900,800,100,0.8888888888888888,10,8,2,394.62952907879395,0.38844086021505375,-0.012104118925906127,0.2442127665458623,133402.78681061394,4328.935787374264,137731.7225979882,641,32,275.80645161290323,30,1,18,31.541926880041636,0.66875,41.733870967741936,1033.0645161290322,34.43548387096774,0
862,4,0,0,31,0.0,0.0,1.0,31,750,300,450,0.4,12,3,9,394.4611357284695,0.38835125448028673,-0.011969717914731559,0.2441228276809419,133404.9563937716,4324.614122178808,137729.5705159504,642,33,276.80645161290323,31,0,18,31.54409293336695,0.665994623655914,41.73177083333333,1033.0729166666658,33.3249327956989,0
863,4,0,0,31,0.0,0.0,1.0,31,1000,700,300,0.7,13,7,6,396.31323225508646,0.3869175627240143,-0.00911999029050481,0.2461905738265736,133543.99112654311,4385.084062741111,137929.07518928422,643,34,277.80645161290323,29,2,19,31.356378213741824,0.673132183908046,41.597222222222214,1033.6111111111104,35.64176245210726,0
864,4,0,0,31,0.0,0.0,1.0,31,950,700,250,0.7368421052631579,12,7,5,398.3769943092868,0.3878584229390681,-0.0052427478931516,0.24819386800273138,133651.68065200618,4448.7509645061755,138100.43161651236,644,35,278.80645161290323,29,2,19,31.194733601970004,0.6742097701149425,41.49305555555556,1034.0277777777778,35.656130268199234,0
865,4,0,0,31,0.0,0.0,1.0,31,1000,900,100,0.9,11,9,2,399.4127048785805,0.38664874551971323,0.0013997912886043462,0.2497383906945927,133784.90513715462,4487.078166551052,138271.98330370567,645,36,279.80645161290323,30,1,16,31.034006755878917,0.6725694444444444,41.36424731182796,1034.5430107526886,34.48476702508962,0
866,4,0,0,31,0.0,0.0,1.0,31,1350,1000,350,0.7407407407407407,17,10,7,401.24044063171766,0.38445340501792113,0.006490556240669854,0.2524259480936251,134010.95920138902,4554.123263888909,138565.08246527793,646,37,280.80645161290323,31,0,18,30.759557344064383,0.6720430107526882,41.14583333333334,1035.4166666666679,33.40053763440864,0
867,4,0,0,31,0.0,0.0,1.0,31,700,300,400,0.42857142857142855,11,3,8,399.5912487814862,0.3841397849462365,0.006489740126468746,0.2516190975106223,134044.6662902832,4512.615119086372,138557.28140936958,647,38,281.80645161290323,31,0,18,30.768394526174607,0.6723790322580645,41.11328125,1035.546875,33.40473790322581,0
868,4,0,0,31,0.0,0.0,1.0,31,1200,900,300,0.75,15,9,6,403.07325767008484,0.382168458781362,0.008819392937190251,0.25521559727893445,134246.99783325195,4622.274949815538,138869.27278306748,648,39,282.80645161290323,31,0,18,30.475064916027975,0.6743951612903225,40.91796875,1036.328125,33.42993951612903,0
869,4,0,0,31,0.0,0.0,1.0,31,1250,900,350,0.72,16,9,7,398.90284399130644,0.3810035842293907,0.0,0.2542128044187798,134483.24415418843,4529.149712456607,139012.39386664503,649,40,283.80645161290323,31,0,18,30.346158674366052,0.676747311827957,40.69010416666667,1037.239583333334,33.459341397849485,0
870,4,0,0,31,0.0,0.0,1.0,31,850,500,350,0.5882352941176471,12,5,7,399.1070655485046,0.38010752688172045,0.0025903590075688765,0.2552875852665794,134618.33530002163,4545.4257541232555,139163.76105414488,650,41,284.80645161290323,31,0,20,30.205457967377672,0.6780913978494624,40.55989583333333,1037.760416666666,33.47614247311826,0
871,4,0,0,31,0.0,0.0,1.0,31,550,300,250,0.5454545454545454,8,3,5,399.39244341349035,0.38073476702508957,-0.001294692166707856,0.2561831014751213,134719.69816419805,4561.20588514539,139280.90404934343,651,42,285.80645161290323,31,0,20,30.09649755424558,0.6790994623655914,40.46223958333333,1038.151041666666,33.488743279569874,0
872,4,0,0,31,0.0,0.0,1.0,31,750,500,250,0.6666666666666666,10,5,5,398.94004983858315,0.3802419354838709,-0.0010353641569866845,0.2566085352832692,134821.09917534713,4557.1072048611,139378.20638020823,652,43,286.80645161290323,31,0,17,30.006686726847214,0.6801075268817205,40.36458333333333,1038.5416666666658,33.501344086021476,0
873,4,0,0,31,0.0,0.0,1.0,31,900,600,300,0.6666666666666666,12,6,6,399.0518390838686,0.3801523297491039,0.005690935326238655,0.25788119252861164,134990.185631646,4573.616366916227,139563.8019985622,653,44,287.80645161290323,31,0,18,29.834528881092595,0.6817876344086021,40.201822916666664,1039.192708333333,33.522345430107514,0
874,4,0,0,31,0.0,0.0,1.0,31,900,600,300,0.6666666666666666,12,6,6,399.0518390838686,0.3801523297491039,0.005690935326238655,0.25788119252861164,134990.185631646,4573.616366916227,139563.8019985622,654,45,288.80645161290323,31,0,18,29.834528881092595,0.6817876344086021,40.201822916666664,1039.192708333333,33.522345430107514,0
875,4,0,1,30,0.0,0.03225806451612903,0.967741935483871,31,700,600,100,0.8571428571428571,8,6,2,395.0209162330375,0.37983870967741934,-0.009905506679700249,0.24140167103130067,132934.5703125,4302.387152777777,137236.95746527778,655,46,289.80645161290323,31,0,19,32.003367003367,0.6612903225806452,42.1875,1031.25,33.266129032258064,8
876,4,0,0,30,0.0,0.0,1.0,30,950,900,50,0.9473684210526315,10,9,1,403.5176327443972,0.3791187739463602,0.0029631560653458067,0.2464798788546988,132917.24476818138,4726.890391952839,137644.13516013423,656,47,295.96666666666664,30,0,21,31.801790059089335,0.6638888888888889,42.20430107526882,1031.1827956989252,34.37275985663084,0
877,4,0,0,30,0.0,0.0,1.0,30,500,300,200,0.6,7,3,4,404.7235453990949,0.37875957854406134,-0.00040401407532941747,0.24744571823484104,132951.89698592314,4761.752623135609,137713.64960905875,657,48,296.96666666666664,30,0,21,31.73574004083583,0.6642361111111111,42.17069892473118,1031.3172043010748,34.37724014336916,0
878,4,0,0,30,0.0,0.0,1.0,30,800,500,300,0.625,11,5,6,406.44828061836193,0.377801724137931,0.004712269272529657,0.24896173613295508,133021.21497066133,4813.248822118159,137834.46379277948,658,49,297.96666666666664,30,0,21,31.621335504885987,0.6649305555555556,42.10349462365591,1031.5860215053763,34.38620071684588,0
879,4,0,0,30,0.0,0.0,1.0,30,600,300,300,0.5,9,3,6,404.68406361768336,0.37777777777777777,0.004577036651033595,0.24811141152790228,133055.88073765746,4769.118901029007,137824.99963868645,659,50,298.96666666666664,30,0,21,31.63187206878582,0.6652777777777779,42.06989247311827,1031.7204301075262,34.390681003584206,0
880,4,0,0,30,0.0,0.0,1.0,30,600,400,200,0.6666666666666666,8,4,4,403.2430591183982,0.377897509578544,0.0001345661327429859,0.2479186109663874,133159.90513715448,4739.161499884364,137899.06663703884,660,51,299.96666666666664,30,0,21,31.564168511524944,0.6663194444444445,41.96908602150537,1032.1236559139775,34.40412186379925,0
881,4,0,0,30,0.0,0.0,1.0,30,1000,900,100,0.9,11,9,2,404.53557098303344,0.3787835249042146,0.008337671351726472,0.2498755086361436,133333.36946467785,4787.618149497031,138120.98761417487,661,52,300.96666666666664,30,0,21,31.356010324483773,0.6680555555555556,41.80107526881719,1032.79569892473,34.426523297491,0
882,4,0,0,30,0.0,0.0,1.0,30,700,400,300,0.5714285714285714,10,4,6,404.1384756861186,0.3781848659003832,0.008468843502016377,0.2503313829652855,133437.502258209,4785.445752399113,138222.9480106081,662,53,301.96666666666664,30,0,21,31.26138285416937,0.6690972222222222,41.7002688172043,1033.1989247311824,34.43996415770608,0
883,4,0,0,30,0.0,0.0,1.0,30,850,600,250,0.7058823529411765,11,6,5,391.183101760185,0.3784243295019157,-0.005786343707948394,0.2405040062783394,133159.9051371545,4417.980944328808,137577.8860814833,663,54,302.96666666666664,30,0,20,31.875352693493085,0.6663194444444445,41.96908602150537,1032.1236559139777,34.404121863799254,8
884,4,0,0,30,0.0,0.0,1.0,30,750,500,250,0.6666666666666666,10,5,5,392.3818886842928,0.377705938697318,-0.0028244175452296627,0.24214217275192143,133298.66756633716,4460.796587755813,137759.46415409297,664,55,303.96666666666664,30,0,21,31.704737732656508,0.6677083333333333,41.83467741935484,1032.6612903225807,34.42204301075269,0
885,4,0,0,30,0.0,0.0,1.0,30,650,600,50,0.9230769230769231,7,6,1,389.17620687870067,0.3769396551724138,-0.00873769567668381,0.24106345707305152,133437.50225820896,4386.140196843557,137823.64245505253,665,56,304.96666666666664,30,0,22,31.647857855253456,0.6690972222222222,41.7002688172043,1033.1989247311822,34.43996415770607,0
886,4,0,0,30,0.0,0.0,1.0,30,950,700,250,0.7368421052631579,12,7,5,390.59926214363986,0.37761015325670494,-0.007929076169419957,0.24239852515112567,133506.94670265348,4429.542974621342,137936.48967727483,666,57,305.96666666666664,30,0,22,31.541271079897683,0.6697916666666667,41.63306451612903,1033.467741935484,34.4489247311828,0
887,4,0,0,30,0.0,0.0,1.0,30,550,300,250,0.5454545454545454,8,3,5,381.50267150286635,0.37756226053639846,-0.011256945355908377,0.22205262445991883,131087.14022213538,4002.0188388830934,135089.15906101846,667,58,306.96666666666664,30,0,22,34.218182613641346,0.6454861111111111,43.98521505376343,1024.0591397849453,34.135304659498175,8
888,4,0,0,30,0.0,0.0,1.0,30,850,500,350,0.5882352941176471,12,5,7,395.02872134794484,0.3770833333333334,-0.041014117753870316,0.2236465613614463,130014.58574459876,4278.420820366193,134293.00656496495,668,59,307.96666666666664,29,1,21,34.962861455354314,0.6375718390804598,45.03472222222222,1019.8611111111111,35.167624521072796,7
889,4,0,0,30,0.0,0.0,1.0,30,800,600,200,0.75,10,6,4,394.22859611817694,0.37701149425287356,-0.046238315636627725,0.22380241631252926,130120.84297839506,4259.471450617285,134380.31442901233,669,60,308.96666666666664,29,1,21,34.87498865595791,0.6386494252873562,44.93055555555556,1020.2777777777777,35.18199233716475,0
890,4,0,0,30,0.0,0.0,1.0,30,900,700,200,0.7777777777777778,11,7,4,395.9926085492723,0.37612547892720305,-0.04683176849458004,0.22541825563350906,130227.1436149691,4313.797260802462,134540.94087577157,670,61,309.96666666666664,29,1,21,34.72170249920624,0.6397270114942528,44.826388888888886,1020.6944444444441,35.19636015325669,0
891,4,0,0,30,0.0,0.0,1.0,30,950,800,150,0.8421052631578947,11,8,3,396.668054977093,0.3759578544061302,-0.049931972789115875,0.22600854295206452,130262.5868055555,4334.201388888883,134596.78819444438,671,62,310.96666666666664,29,1,21,34.668367346938766,0.6400862068965517,44.791666666666664,1020.8333333333329,35.20114942528734,0
892,4,0,0,30,0.0,0.0,1.0,30,600,500,100,0.8333333333333334,7,5,2,395.9853107117187,0.3761494252873563,-0.055857816467174914,0.22603136679755859,130333.4876543209,4322.029320987637,134655.51697530854,672,63,311.96666666666664,29,1,22,34.61359720710917,0.6408045977011494,44.722222222222214,1021.1111111111104,35.21072796934863,0
893,4,1,0,31,0.03225806451612903,0.0,1.0,31,400,300,100,0.75,5,3,2,386.06953877355363,0.38181003584229395,-0.05345525179612021,0.22212140029588884,130640.18419759518,3887.239131691539,134527.4233292867,673,0,302.8709677419355,30,1,20,34.554956613200105,0.6409722222222223,44.422043010752695,1022.31182795699,34.077060931899666,0
894,4,0,0,31,0.0,0.0,1.0,31,700,600,100,0.8571428571428571,8,6,2,384.81133971308634,0.37997311827956987,-0.046240373652735256,0.2223841386906833,130812.00003251816,3867.588196612319,134679.5882291305,674,1,303.8709677419355,30,1,21,34.412637410765115,0.6427083333333333,44.25403225806451,1022.9838709677415,34.099462365591386,0
895,4,1,0,32,0.03125,0.0,1.0,32,500,300,200,0.6,7,3,4,374.1067433704506,0.3869077620967742,-0.04289675225626011,0.21816884730135913,131161.34855482308,3413.6689927842826,134575.01754760736,675,0,295.34375,31,1,22,34.33236409474175,0.643481182795699,43.912760416666664,1024.348958333333,33.043514784946225,0
896,4,1,0,33,0.030303030303030304,0.0,1.0,33,900,600,300,0.6666666666666666,12,6,6,363.2703130209151,0.3927556818181818,-0.044060852335695344,0.21331295820989532,131425.20732897156,2948.575241046833,134373.7825700184,676,0,287.3636363636364,32,1,23,34.34306119935969,0.6435546875,43.65530303030303,1025.378787878788,32.043087121212125,0
897,4,0,0,33,0.0,0.0,1.0,33,750,400,350,0.5333333333333333,11,4,7,364.9240557696707,0.39165088383838387,-0.04571931473235957,0.2151939678653372,131587.09092184482,3003.85898122642,134590.94990307125,677,1,288.3636363636364,32,1,16,34.137080564443345,0.6451822916666667,43.497474747474755,1026.010101010102,32.06281565656569,0
898,4,0,2,31,0.0,0.06060606060606061,0.9393939393939394,33,800,500,300,0.625,11,5,6,384.6843561252878,0.39165088383838387,-0.02531821659595135,0.21955565653089584,130329.0557861329,3440.517214816065,133769.57300094896,678,2,289.3636363636364,31,2,20,34.90659270594237,0.6350806451612903,44.72656250000001,1021.0937500000007,32.93850806451615,7
899,4,1,0,32,0.03125,0.0,1.0,32,550,300,250,0.5454545454545454,8,3,5,391.67659279778394,0.38566868279569894,-0.01662828947368422,0.2241522669625872,130434.15423748411,3817.6010232396843,134251.7552607238,679,0,299.15625,30,2,23,34.62116228070176,0.6388888888888888,44.623655913978496,1021.5053763440861,34.05017921146954,0
900,4,0,1,31,0.0,0.03125,0.96875,32,850,500,350,0.5882352941176471,12,5,7,392.7353237017932,0.3852696572580645,-0.017821334648257414,0.2257560194068131,130605.83457986466,3858.7049442132006,134464.53952407787,680,1,300.15625,30,2,19,34.41951566951567,0.640625,44.45564516129032,1022.1774193548382,34.072580645161274,0
901,4,0,0,31,0.0,0.0,1.0,31,800,500,300,0.625,11,5,6,404.193284072166,0.37997311827956987,-0.018683800793842575,0.2313495411946134,130439.87509645065,4344.584297839507,134784.45939429014,681,6,310.80645161290323,29,2,22,34.295688873782005,0.641882183908046,44.61805555555556,1021.5277777777779,35.225095785440615,0
902,4,0,0,31,0.0,0.0,1.0,31,1200,800,400,0.6666666666666666,16,8,8,402.3949990696613,0.3800627240143369,-0.022414465924487148,0.23074201154758361,130510.82417052463,4303.380594135792,134814.20476466042,682,7,311.80645161290323,29,2,20,34.26937497168229,0.6426005747126438,44.54861111111111,1021.8055555555551,35.2346743295019,0
903,4,0,0,31,0.0,0.0,1.0,31,800,600,200,0.75,10,6,4,397.1973669982698,0.3795250896057348,-0.07343622933044203,0.23056822767216636,130983.92877789341,4205.294325933633,135189.22310382704,683,8,312.80645161290323,30,1,18,33.9211856617647,0.6444444444444444,44.086021505376344,1023.6559139784947,34.121863799283155,8
904,4,0,0,31,0.0,0.0,1.0,31,550,300,250,0.5454545454545454,8,3,5,393.20163287302205,0.37939068100358425,-0.025241359294573273,0.21692101760980306,128996.49706613485,3944.326656260848,132940.8237223957,684,9,313.80645161290323,30,1,20,36.04899885331217,0.6243055555555556,46.03494623655914,1015.8602150537637,33.86200716845879,8
905,4,1,0,32,0.03125,0.0,1.0,32,1000,700,300,0.7,13,7,6,378.95930715909907,0.38304351478494625,-0.026065668202765124,0.21085684526544743,129333.80126953128,3402.4495442708344,132736.25081380212,685,0,304.96875,31,1,22,36.06630824372759,0.625,45.703125,1017.1875000000002,32.81250000000001,0
906,4,2,2,32,0.058823529411764705,0.058823529411764705,0.9411764705882353,34,750,400,350,0.5333333333333333,11,4,7,359.5025240167609,0.3914884135472371,-0.01853920272591658,0.20335965345638818,129981.2590860487,2545.718143262214,132526.9772293109,686,0,287.97058823529414,33,1,18,35.90251071585947,0.6265782828282829,45.067401960784316,1019.7303921568632,30.9009209744504,0
907,4,0,0,32,0.0,0.0,1.0,32,900,500,400,0.5555555555555556,13,5,8,367.7189790320517,0.38745379704301075,-0.01801142697881808,0.20744900892562917,129876.19447314051,3151.5883264462846,133027.7827995868,687,1,300.5,32,0,18,35.79988851727982,0.6279296875,45.17045454545455,1019.318181818182,31.853693181818187,0
908,4,0,0,32,0.0,0.0,1.0,32,650,500,150,0.7692307692307693,8,5,3,368.81894775182326,0.38795782930107525,-0.020050309597523075,0.2084123865007681,129940.55333958284,3184.9076305989347,133125.46097018177,688,2,301.5,32,0,19,35.7063983488132,0.6285807291666667,45.10732323232324,1019.5707070707082,31.86158459595963,0
909,4,1,1,32,0.030303030303030304,0.030303030303030304,0.9696969696969697,33,700,500,200,0.7142857142857143,9,5,4,358.3506872136609,0.395123106060606,-0.029437229437229373,0.20417655434266754,130262.58680555574,2735.9375000000246,132998.52430555577,689,0,293.3333333333333,33,0,21,35.64625850340136,0.6294191919191919,44.79166666666668,1020.8333333333348,30.93434343434348,0
910,4,0,0,32,0.0,0.0,1.0,32,800,600,200,0.75,10,6,4,364.07460653734523,0.3957073252688172,-0.026278760514596433,0.20726613515830275,130230.36552392611,3082.71381746761,133313.07934139372,690,1,297.65625,32,0,22,35.53289419429326,0.6315104166666667,44.823232323232325,1020.7070707070707,31.89709595959596,0
911,4,0,0,32,0.0,0.0,1.0,32,1100,900,200,0.8181818181818182,13,9,4,365.7684715119686,0.3956863239247312,-0.031226826103077254,0.2094432203116303,130455.99819214873,3143.3382116620733,133599.3364038108,691,2,298.65625,32,0,22,35.26062909405512,0.6337890625,44.60227272727273,1021.5909090909089,31.924715909090903,0
912,4,0,0,32,0.0,0.0,1.0,32,850,700,150,0.8235294117647058,10,7,3,366.49035281179073,0.3948882728494623,-0.03453215741999227,0.21020598336681942,130520.500538848,3166.9008583307796,133687.4013971788,692,3,299.65625,32,0,17,35.176747394867995,0.6344401041666667,44.53914141414141,1021.8434343434337,31.932607323232304,0
913,4,0,0,32,0.0,0.0,1.0,32,1050,700,350,0.6666666666666666,14,7,7,364.6694825141778,0.39448924731182794,-0.036175271739130155,0.20968495244565233,130617.28395061735,3126.427469135814,133743.71141975315,693,4,300.65625,32,0,17,35.1251132246377,0.6354166666666667,44.44444444444445,1022.2222222222227,31.94444444444446,0
914,4,0,0,32,0.0,0.0,1.0,32,600,300,300,0.5,9,3,6,365.8141331282249,0.3943422379032258,-0.03578871804371975,0.21051862373413202,130649.5530589991,3158.690599173558,133808.24365817267,694,5,301.65625,32,0,17,35.06314066938373,0.6357421875,44.41287878787879,1022.348484848485,31.948390151515156,0
915,4,0,2,30,0.0,0.0625,0.9375,32,800,500,300,0.625,11,5,6,366.4103868595755,0.3934181787634408,-0.03603454130139516,0.21121407282389335,130714.10323245075,3179.00102668095,133893.1042591317,695,6,302.65625,32,0,17,34.98245668189488,0.6363932291666667,44.349747474747474,1022.6010101010099,31.95628156565656,0
916,4,0,0,30,0.0,0.0,1.0,30,1050,800,250,0.7619047619047619,13,8,5,384.91551059314423,0.38045977011494253,-0.034816179696411154,0.21989383830727113,130365.51371545825,4035.9416551046165,134401.45537056288,696,10,323.3333333333333,30,0,21,34.863615425111874,0.6381944444444445,44.69086021505375,1021.2365591397835,34.041218637992785,0
917,4,0,0,30,0.0,0.0,1.0,30,500,300,200,0.6,7,3,4,385.30689542076686,0.3806273946360153,-0.033043821555468256,0.22031204652388306,130399.83171826215,4048.7908645508014,134448.62258281297,697,11,324.3333333333333,30,0,21,34.818726148177376,0.6385416666666667,44.65725806451612,1021.3709677419349,34.04569892473116,0
918,4,0,0,30,0.0,0.0,1.0,30,750,500,250,0.6666666666666666,10,5,5,386.0807064093204,0.3800287356321839,-0.03153556081732889,0.22134129186452867,130502.81282518189,4076.923632789888,134579.73645797177,698,12,325.3333333333333,30,0,17,34.69426905200387,0.6395833333333334,44.55645161290321,1021.7741935483853,34.059139784946176,0
919,4,1,0,31,0.03225806451612903,0.0,1.0,31,1000,600,400,0.6,14,6,8,373.27042321061435,0.38673835125448025,-0.02679483969478169,0.21617776389183596,130894.72664727086,3571.826002332877,134466.55264960375,699,0,315.80645161290323,31,0,18,34.62391843746024,0.6407930107526882,44.17317708333332,1023.307291666665,33.00991263440855,0
920,4,0,0,31,0.0,0.0,1.0,31,900,600,300,0.6666666666666666,12,6,6,370.462024305362,0.3866039426523298,-0.030719621912346007,0.21529511434686308,131028.00369262675,3508.1798977321773,134536.18359035894,700,1,316.80645161290323,31,0,18,34.5607327567934,0.6421370967741935,44.042968749999986,1023.8281249999984,33.02671370967737,0
921,4,0,0,31,0.0,0.0,1.0,31,950,600,350,0.631578947368421,13,6,7,372.55028593937016,0.38687275985663083,-0.03202020947647277,0.21707263327400614,131128.0059814452,3570.355224609362,134698.36120605457,701,2,317.80645161290323,31,0,18,34.4059877955759,0.6431451612903225,43.94531249999999,1024.218749999999,33.039314516129004,0
922,4,0,0,31,0.0,0.0,1.0,31,550,400,150,0.7272727272727273,7,4,3,371.35098210457323,0.38673835125448025,-0.037259950473129244,0.21674996492572549,131194.69536675338,3543.8557942708235,134738.5511610242,702,3,318.80645161290323,31,0,19,34.36917471614982,0.6438172043010753,43.88020833333333,1024.4791666666658,33.04771505376341,0
923,4,0,0,31,0.0,0.0,1.0,31,600,400,200,0.6666666666666666,8,4,4,370.11022508391613,0.38696236559139785,-0.0448579743411075,0.21640174378977842,131261.40170627157,3516.2373860676903,134777.63909233926,703,4,319.80645161290323,31,0,20,34.333439220669206,0.644489247311828,43.81510416666666,1024.7395833333321,33.05611559139781,0
924,4,1,0,32,0.03125,0.0,1.0,32,450,200,250,0.4444444444444444,7,2,5,361.5879641043878,0.39003696236559143,-0.05001384785819796,0.21286526234667,131522.32552800726,3111.3779843893362,134633.7035123966,704,0,310.78125,32,0,21,34.288066223535196,0.64453125,43.560606060606055,1025.757575757575,32.05492424242422,0
925,4,0,1,31,0.0,0.03125,0.96875,32,900,500,400,0.5555555555555556,13,5,8,365.0914925992833,0.38988995295698925,-0.05037606127722405,0.21547556720075337,131619.4795971074,3210.6304522497617,134830.11004935714,705,1,311.78125,32,0,16,34.10006767564907,0.6455078125,43.465909090909086,1026.136363636363,32.066761363636346,0
926,4,0,0,31,0.0,0.0,1.0,31,700,400,300,0.5714285714285714,10,4,6,373.73344740893725,0.38687275985663083,-0.04613443863759237,0.21966601729796914,131461.62245008667,3626.321072048591,135087.94352213526,706,7,322.80645161290323,31,0,20,34.03800575588286,0.646505376344086,43.61979166666666,1025.5208333333321,33.08131720430104,0
927,4,0,0,31,0.0,0.0,1.0,31,600,400,200,0.6666666666666666,8,4,4,373.41780726159914,0.3861111111111111,-0.04349659568718811,0.2200567616614912,131561.7900424532,3625.5030314127434,135187.29307386596,707,8,323.80645161290323,31,0,17,33.94479523628211,0.647513440860215,43.52213541666666,1025.9114583333321,33.09391801075265,0
928,4,0,0,31,0.0,0.0,1.0,31,1100,700,400,0.6363636363636364,15,7,8,371.6883148490477,0.38517025089605733,-0.047932815479942104,0.21961374045278778,131661.9957817923,3587.445068359343,135249.44085015164,708,9,324.80645161290323,31,0,17,33.887866869660826,0.648521505376344,43.42447916666665,1026.3020833333314,33.10651881720424,0
929,4,0,0,31,0.0,0.0,1.0,31,800,500,300,0.625,11,5,6,370.52461087550165,0.3849910394265233,-0.052627487880213764,0.219503122220385,131762.23966810416,3564.230516221756,135326.4701843259,709,10,325.80645161290323,31,0,19,33.81645001056858,0.6495295698924731,43.32682291666665,1026.6927083333314,33.119119623655855,0
930,4,1,0,32,0.03125,0.0,1.0,32,650,400,250,0.6153846153846154,9,4,5,360.3745953497713,0.38871387768817206,-0.05232906376704782,0.21487830267778626,132008.45457415027,3114.4986799815906,135122.95325413186,710,0,316.59375,32,0,20,33.82863373878853,0.6494140625,43.08712121212119,1027.6515151515125,32.114109848484766,0
931,4,0,0,32,0.0,0.0,1.0,32,1050,900,150,0.8571428571428571,12,9,3,358.80218203959384,0.38827284946236557,-0.06306022838899827,0.21485918900959192,132170.69686766644,3084.626887562477,135255.32375522892,711,1,317.59375,32,0,20,33.70553986574983,0.6510416666666667,42.92929292929292,1028.2828282828273,32.13383838383835,0
932,4,0,1,31,0.0,0.03125,0.96875,32,1200,800,400,0.6666666666666666,16,8,8,359.6589023535869,0.38781081989247307,-0.05416973490427113,0.21611362362662423,132300.5624426078,3116.6150137740933,135417.1774563819,712,2,318.59375,32,0,20,33.5527123220422,0.65234375,42.8030303030303,1028.787878787878,32.14962121212119,0
933,4,0,0,31,0.0,0.0,1.0,31,1050,700,350,0.6666666666666666,14,7,7,388.0047376991269,0.38239247311827956,-0.10788964415637992,0.22127407500591803,130298.03481867291,3930.2620985741337,134228.29691724703,713,3,329.4516129032258,29,2,22,34.85339296240874,0.6404454022988506,44.75694444444445,1020.9722222222229,35.20593869731803,8
934,4,0,0,31,0.0,0.0,1.0,31,500,300,200,0.6,7,3,4,388.0047376991269,0.38239247311827956,-0.10788964415637992,0.22127407500591803,130298.03481867291,3911.2509645061814,134209.2857831791,714,4,330.4516129032258,29,2,22,34.85339296240874,0.6404454022988506,44.75694444444445,1020.9722222222229,35.20593869731803,0
935,4,0,0,31,0.0,0.0,1.0,31,900,800,100,0.8888888888888888,10,8,2,388.60075076575436,0.3835573476702509,-0.10739821207681588,0.22222161128548645,130404.40779320979,3935.050154320975,134339.45794753075,715,5,331.4516129032258,29,2,22,34.72996555162724,0.6415229885057472,44.65277777777777,1021.3888888888881,35.22030651340994,0
936,4,0,1,30,0.0,0.03225806451612903,0.967741935483871,31,750,500,250,0.6666666666666666,10,5,5,408.97587495510675,0.38387096774193546,-0.13764014719490414,0.21390608393499846,126854.94936192053,4176.122781535447,131031.07214345598,716,6,332.4516129032258,30,1,19,37.85190126751168,0.6024305555555556,48.15188172043011,1007.3924731182802,33.579749103942675,8
937,4,1,0,31,0.03225806451612903,0.0,1.0,31,600,300,300,0.5,9,3,6,406.6394521803246,0.3864247311827957,-0.12955705922079908,0.2133932296641184,126990.3877073939,4127.860337900332,131118.24804529423,717,0,333.2258064516129,30,1,20,37.77086944925991,0.6038194444444445,48.01747311827957,1007.9301075268814,33.59767025089605,0
938,4,4,2,33,0.11428571428571428,0.05714285714285714,0.9428571428571428,35,800,600,200,0.75,10,6,4,365.52081296035544,0.4066526610644258,-0.11128208574116327,0.19723280415068956,128114.39909297075,2365.6958616780357,130480.09495464878,718,0,296.0285714285714,34,1,21,37.653604186265305,0.6053921568627452,46.90476190476192,1012.3809523809542,29.775910364145712,0
939,4,0,0,33,0.0,0.0,1.0,33,550,300,250,0.5454545454545454,8,3,5,384.22422795331636,0.39725378787878785,-0.10740946737950108,0.20583624359050923,127825.12825540775,3222.7022433935513,131047.8304988013,719,1,314.969696969697,32,1,21,37.47710908561202,0.6070963541666667,47.190656565656575,1011.2373737373749,31.601167929292966,0
940,4,1,0,34,0.029411764705882353,0.0,1.0,34,950,800,150,0.8421052631578947,11,8,3,375.9943767480591,0.4014780154486037,-0.1055790452994878,0.20320418818413163,128177.4923536512,2839.6003826675715,131017.09273631878,720,0,306.6764705882353,31,3,22,37.323866315202956,0.613239247311828,46.842447916666664,1012.6302083333329,32.665490591397834,0
941,4,1,0,35,0.02857142857142857,0.0,1.0,35,1200,1200,0,1.0,12,12,0,367.36940210252686,0.40640756302521014,-0.09469021826138002,0.20029488583064456,128528.34093778703,2443.475952708916,130971.81689049595,721,0,298.8857142857143,32,3,17,37.18325862283651,0.6142578125,46.496212121212125,1014.0151515151521,31.687973484848502,0
942,4,1,1,35,0.027777777777777776,0.027777777777777776,0.9722222222222222,36,950,700,250,0.7368421052631579,12,7,5,357.62211654080625,0.40962301587301586,-0.08782043542999707,0.19630112599784597,128796.78376405702,2012.1156826701178,130808.89944672714,722,0,291.55555555555554,33,3,19,37.15629904623929,0.6145833333333333,46.23161764705882,1015.0735294117641,30.759803921568608,0
943,4,0,0,35,0.0,0.0,1.0,35,750,500,250,0.6666666666666666,10,5,5,366.5979076450299,0.40581232492997193,-0.09560316472575359,0.20051832456962654,128656.40503838885,2433.0337784409603,131089.43881682982,723,1,300.8285714285714,32,3,19,37.071924911844015,0.6155598958333333,46.36994949494949,1014.5202020202013,31.70375631313129,0
944,4,1,0,36,0.027777777777777776,0.0,1.0,36,1150,900,250,0.782608695652174,14,9,5,358.45765895806585,0.4096064814814815,-0.07996917303310536,0.19784380777379257,129014.56921616683,2049.2520905420965,131063.82130670892,724,0,293.44444444444446,33,3,20,36.9129473260957,0.6167929292929293,46.0171568627451,1015.9313725490193,30.7857991681521,0
945,4,2,2,36,0.05263157894736842,0.05263157894736842,0.9473684210526316,38,1300,900,400,0.6923076923076923,17,9,8,342.0092597619396,0.4142810573731626,-0.0452306367918891,0.19252234801432958,129790.40745027432,1277.9042352537656,131068.31168552808,725,0,278.94736842105266,35,3,16,36.542102074814466,0.6202380952380953,45.254629629629626,1018.9814814814812,29.113756613756607,0
946,4,0,0,36,0.0,0.0,1.0,36,1050,600,450,0.5714285714285714,15,6,9,357.3042115435834,0.41101190476190474,-0.0555020595945005,0.20003257341671785,129575.43372741259,2059.5696366782063,131635.00336409078,726,1,286.8888888888889,33,3,17,36.37106804686246,0.6224747474747474,45.46568627450981,1018.1372549019612,30.85264408793822,0
947,4,0,0,36,0.0,0.0,1.0,36,950,500,450,0.5263157894736842,14,5,9,357.3042115435834,0.41101190476190474,-0.0555020595945005,0.20003257341671785,129575.43372741259,2059.5696366782063,131635.00336409078,727,2,287.8888888888889,33,3,17,36.37106804686246,0.6224747474747474,45.46568627450981,1018.1372549019612,30.85264408793822,0
948,4,0,1,35,0.0,0.027777777777777776,0.9722222222222222,36,1100,600,500,0.5454545454545454,16,6,10,356.386854270217,0.41031746031746036,-0.058851224105461286,0.1999271828381446,129655.65653344669,2041.514314058952,131697.17084750565,728,3,288.8888888888889,34,2,17,36.31282875511396,0.6210171568627452,45.38690476190476,1018.4523809523807,29.95448179271708,0
949,4,0,1,34,0.0,0.02857142857142857,0.9714285714285714,35,700,400,300,0.5714285714285714,10,4,6,356.386854270217,0.41106442577030816,-0.04789179260248799,0.1999271828381446,129655.65653344669,2241.514314058952,131897.17084750565,729,4,294.74285714285713,34,1,17,36.31282875511396,0.6210171568627452,45.38690476190476,1018.4523809523807,29.95448179271708,0
950,4,0,0,34,0.0,0.0,1.0,34,500,300,200,0.6,7,3,4,365.77455470735697,0.40663992869875226,-0.055066952747151454,0.20461206908781246,129544.24267409176,2676.7975358035446,132221.0402098953,730,5,304.1764705882353,33,1,18,36.1872266361703,0.6221590909090908,45.49632352941177,1018.0147058823535,30.84893048128344,0
951,4,0,1,33,0.0,0.029411764705882353,0.9705882352941176,34,800,600,200,0.75,10,6,4,371.35369258147495,0.4067884729649436,-0.061382151224104176,0.2083943645539931,129669.02941476839,2830.614577326032,132499.6439920944,731,6,305.1764705882353,33,1,18,35.918135603417156,0.6234217171717171,45.37377450980392,1018.5049019607845,30.863784907902563,0
952,4,0,0,33,0.0,0.0,1.0,33,600,400,200,0.6666666666666666,8,4,4,381.0093751943381,0.40352746212121215,-0.05356740433587226,0.21406571302701421,129715.36705438237,3284.554190898907,132999.92124528126,732,7,314.06060606060606,32,1,18,35.625051644356304,0.6263020833333333,45.32828282828284,1018.6868686868701,31.83396464646469,0
953,4,0,0,33,0.0,0.0,1.0,33,800,400,400,0.5,12,4,8,379.6158246841649,0.40301452020202017,-0.058863946114596555,0.21380874536119307,129811.85154894914,3255.7266159065466,133067.5781648557,733,8,315.06060606060606,32,1,18,35.56224961797382,0.6272786458333333,45.23358585858586,1019.0656565656569,31.84580176767678,0
954,4,0,0,33,0.0,0.0,1.0,33,450,300,150,0.6666666666666666,6,3,3,380.0222551054386,0.40277777777777773,-0.054847283539057545,0.21421366223541202,129844.02101826342,3268.723535863685,133112.7445541271,734,9,316.06060606060606,32,1,18,35.51912991410638,0.6276041666666667,45.2020202020202,1019.191919191919,31.84974747474747,0
955,4,0,0,33,0.0,0.0,1.0,33,1000,800,200,0.8,12,8,4,380.84367721343045,0.4027383207070707,-0.05345341964536998,0.21520732634698767,129940.55333958281,3297.4076305989333,133237.96097018174,735,10,317.06060606060606,32,1,18,35.39989680082559,0.6285807291666667,45.10732323232324,1019.570707070708,31.861584595959624,0
956,4,0,0,33,0.0,0.0,1.0,33,550,400,150,0.7272727272727273,7,4,3,378.5653250460648,0.40277777777777773,-0.048790916967671794,0.214626614810327,130069.31889921955,3247.9467975206694,133317.2656967402,736,11,318.06060606060606,32,1,19,35.32692783760364,0.6298828125,44.98106060606061,1020.0757575757583,31.877367424242447,0
957,4,2,1,34,0.05714285714285714,0.02857142857142857,0.9714285714285714,35,700,400,300,0.5714285714285714,10,4,6,360.8520116302903,0.4075980392156863,-0.031680591699767335,0.2079384796300514,130700.81218762023,2432.8736801802315,133133.68586780046,737,0,300.8285714285714,33,2,17,35.13802333013742,0.6338383838383839,44.36274509803922,1022.5490196078439,30.986333927510422,0
958,4,0,0,34,0.0,0.0,1.0,34,1100,700,400,0.6363636363636364,15,7,8,372.9767249527408,0.4044303327391563,-0.03300831202046062,0.21446161684782614,130617.28395061738,2943.4413580247015,133560.72530864208,738,1,310.6764705882353,32,2,17,34.91281702898549,0.6354166666666667,44.44444444444445,1022.222222222223,31.944444444444468,0
959,4,2,0,36,0.05555555555555555,0.0,1.0,36,850,700,150,0.8235294117647058,10,7,3,355.3449034845888,0.41011904761904766,-0.025628364509507673,0.20763432344140245,131236.6230867348,2126.8530328798347,133363.4761196146,739,0,294.3611111111111,34,2,20,34.73674528484568,0.6369485294117647,43.83928571428572,1024.642857142858,30.136554621848767,0
960,4,0,0,36,0.0,0.0,1.0,36,1500,1300,200,0.8666666666666667,17,13,4,355.26297516175055,0.40927579365079364,-0.023620740032406218,0.20842426719517554,131390.9388816801,2135.6990590353753,133526.63794071547,740,1,295.3611111111111,33,3,21,34.582934895210784,0.6407828282828283,43.68872549019608,1025.2450980392155,31.06803327391562,0
961,4,0,0,36,0.0,0.0,1.0,36,850,600,250,0.7058823529411765,11,6,5,357.8493962248974,0.4095734126984127,-0.02082005523688113,0.21028678002878815,131453.76778162253,2208.1302864283057,133661.89806805082,741,2,296.3611111111111,33,3,21,34.45317479286169,0.6414141414141414,43.62745098039216,1025.490196078432,31.075460487225214,0
962,4,0,0,36,0.0,0.0,1.0,36,750,600,150,0.8,9,6,3,357.69013344118946,0.40932539682539687,-0.020119061840480734,0.2107124635493454,131548.03929077758,2210.687145569018,133758.7264363466,742,3,297.3611111111111,33,3,21,34.3620584955999,0.6423611111111112,43.53553921568628,1025.857843137255,31.086601307189547,0
963,4,0,0,36,0.0,0.0,1.0,36,950,700,250,0.7368421052631579,12,7,5,354.25954357243893,0.40924272486772484,-0.02225936538257467,0.20955352662166332,131705.233564014,2131.5671856978233,133836.8007497118,743,4,298.3611111111111,33,3,16,34.29142788920727,0.6439393939393939,43.38235294117648,1026.4705882352953,31.105169340463494,0
964,4,0,0,36,0.0,0.0,1.0,36,900,800,100,0.8888888888888888,10,8,2,355.51016448480317,0.40942460317460316,-0.028096033735131365,0.21081526314353605,131799.59518274217,2171.2191524894247,133970.81433523158,744,5,299.3611111111111,33,3,17,34.16415542825318,0.6448863636363636,43.29044117647059,1026.8382352941173,31.116310160427798,0
965,4,0,1,35,0.0,0.027777777777777776,0.9722222222222222,36,900,700,200,0.7777777777777778,11,7,4,355.9040796342275,0.4086970899470899,-0.03121579686071496,0.2116537769237596,131908.37762188222,2189.3459467120338,134097.72356859426,745,6,300.3611111111111,34,2,17,34.044356240584094,0.6436887254901961,43.18452380952382,1027.2619047619057,30.213585434173698,0
966,4,0,0,35,0.0,0.0,1.0,35,750,500,250,0.6666666666666666,10,5,5,365.534077046244,0.40574229691876745,-0.028073525901170182,0.21658023320321318,131768.13755526725,2633.1489090734312,134401.2864643407,746,7,309.77142857142854,33,2,17,33.938589162091176,0.6445707070707071,43.32107843137255,1026.71568627451,31.11259655377303,0
967,4,0,0,35,0.0,0.0,1.0,35,950,800,150,0.8421052631578947,11,8,3,366.5414309708326,0.40539215686274505,-0.027501107816068515,0.2178971825813842,131893.9905925605,2668.9224096501293,134562.91300221064,747,8,310.77142857142854,33,2,17,33.78569156128211,0.6458333333333333,43.1985294117647,1027.2058823529408,31.127450980392144,0
968,4,0,0,35,0.0,0.0,1.0,35,850,700,150,0.8235294117647058,10,7,3,367.0586771167396,0.40455182072829127,-0.024612449320295937,0.21892987669281483,132019.90370290267,2691.810241253353,134711.713944156,748,9,311.77142857142854,33,2,17,33.64536131647984,0.6470959595959596,43.07598039215686,1027.696078431372,31.14230540701127,0
969,4,0,1,34,0.0,0.02857142857142857,0.9714285714285714,35,1150,700,450,0.6086956521739131,16,7,9,369.6410848342701,0.4033613445378151,-0.017178958840658565,0.2210206030416746,132114.37795859776,2766.980398164181,134881.35835676195,749,10,312.77142857142854,33,2,18,33.48370385822705,0.6480429292929293,42.98406862745099,1028.063725490197,31.153446226975664,0
970,4,0,0,34,0.0,0.0,1.0,34,1100,900,200,0.8181818181818182,13,9,4,379.77307931164876,0.40316770647653,-0.02080397216018759,0.22644491520274787,132008.4545741506,3226.6514577594103,135235.10603191,750,11,322.05882352941177,32,2,19,33.330261702911905,0.6494140625,43.08712121212121,1027.651515151515,32.114109848484844,0
971,4,0,0,34,0.0,0.0,1.0,34,900,700,200,0.7777777777777778,11,7,4,383.77175735176684,0.4025735294117647,-0.03114548041984777,0.2296145055191358,132138.240437838,3342.1849492398783,135480.42538707788,751,12,323.05882352941177,32,2,19,33.09642228498915,0.6507161458333333,42.96085858585859,1028.1565656565658,32.12989267676768,0
972,4,0,0,34,0.0,0.0,1.0,34,1000,500,500,0.5,15,5,10,382.55990581361493,0.402276440879382,-0.028415612164610637,0.23007237435240957,132333.03880025004,3325.0629718906316,135658.10177214068,752,13,324.05882352941177,32,2,20,32.93093222072237,0.6526692708333333,42.77146464646465,1028.914141414142,32.15356691919194,0
973,4,0,0,34,0.0,0.0,1.0,34,500,300,200,0.6,7,3,4,383.3860577947514,0.402053624480095,-0.025839485591807376,0.23096672262269197,132398.00347222236,3351.909722222241,135749.9131944446,753,14,325.05882352941177,32,2,21,32.84412955465588,0.6533203125,42.70833333333334,1029.1666666666679,32.16145833333337,0
974,4,0,0,34,0.0,0.0,1.0,34,600,300,300,0.5,9,3,6,386.88468219117715,0.40123663101604273,-0.024115564283376356,0.2339055096917302,132532.04345703125,3454.923502604167,135986.9669596354,754,15,326.05882352941177,31,3,21,32.61886697015681,0.657258064516129,42.578125,1029.6875,33.215725806451616,0
975,4,0,0,34,0.0,0.0,1.0,34,1050,900,150,0.8571428571428571,12,9,3,386.66775397047473,0.40151515151515155,-0.023922857801611075,0.2339828053674434,132565.56404961486,3451.7657809787415,136017.3298305936,755,16,327.05882352941177,31,3,21,32.59064040965988,0.6575940860215054,42.54557291666667,1029.817708333334,33.21992607526884,0
976,4,0,1,33,0.0,0.029411764705882353,0.9705882352941176,34,1000,800,200,0.8,12,8,4,390.2073465348356,0.40086527035056446,-0.025724142032950814,0.23675770903248622,132666.15125868062,3553.4613715277865,136219.6126302084,756,17,328.05882352941177,31,3,18,32.398045163464786,0.6586021505376345,42.44791666666667,1030.208333333334,33.23252688172045,0
977,4,0,0,33,0.0,0.0,1.0,33,850,600,250,0.7058823529411765,11,6,5,399.6730741305635,0.3967013888888889,-0.027673314114655456,0.24211025826581098,132605.57804731763,3999.77580500636,136605.35385232398,757,18,336.54545454545456,30,3,21,32.21540736874158,0.6607638888888889,42.50672043010753,1029.97311827957,34.33243727598566,0
978,4,0,0,33,0.0,0.0,1.0,33,550,200,350,0.36363636363636365,9,2,7,401.62308746604936,0.3960306186868687,-0.020383877918124016,0.2437403773101557,132674.805703694,4057.053019135154,136731.85872282914,758,19,337.54545454545456,30,3,18,32.0952924548815,0.6614583333333333,42.439516129032256,1030.2419354838705,34.34139784946235,0
979,4,0,0,33,0.0,0.0,1.0,33,750,600,150,0.8,9,6,3,403.42549569477694,0.39516256313131315,-0.0232103272916937,0.24574028010192575,132813.31521346405,4116.055504971687,136929.37071843573,759,20,338.54545454545456,30,3,18,31.90903855348373,0.6628472222222221,42.30510752688173,1030.7795698924738,34.359318996415794,0
980,4,0,1,32,0.0,0.030303030303030304,0.9696969696969697,33,1000,800,200,0.8,12,8,4,402.9534512986581,0.39461016414141414,-0.018621885653563375,0.2459073925944317,132882.5970668574,4109.100221123824,136991.69728798122,760,21,339.54545454545456,30,3,18,31.85129057489245,0.6635416666666667,42.23790322580645,1031.048387096774,34.368279569892465,0
981,4,0,0,32,0.0,0.0,1.0,32,1350,1100,250,0.8148148148148148,16,11,5,402.9806211130679,0.3899529569892473,-0.011931522022413432,0.2466087150256526,132986.5537200832,4318.200803561098,137304.7545236443,761,22,345.34375,30,2,19,31.745721483798103,0.6645833333333333,42.137096774193544,1031.4516129032254,34.381720430107514,0
982,4,0,0,32,0.0,0.0,1.0,32,1100,700,400,0.6363636363636364,15,7,8,397.7019976294893,0.3893019153225807,-0.010837185831488627,0.24451190070431122,133159.9051371545,4191.59205543992,137351.49719259443,762,23,346.34375,30,2,20,31.707145027564362,0.6663194444444445,41.96908602150537,1032.1236559139777,34.404121863799254,0
983,4,0,0,32,0.0,0.0,1.0,32,1200,800,400,0.6666666666666666,16,8,8,398.12398340409834,0.388671875,-0.010837021608956388,0.2454565361565234,133263.9701844143,4211.116530812795,137475.08671522708,763,24,347.34375,30,2,21,31.591436691833714,0.6673611111111111,41.868279569892465,1032.5268817204294,34.41756272401431,0
984,4,0,0,32,0.0,0.0,1.0,32,900,500,400,0.5555555555555556,13,5,8,397.1459158158612,0.387726814516129,-0.005794567338971879,0.24554033491913851,133368.0758794368,4193.317327147629,137561.39320658444,764,25,348.34375,30,2,21,31.511873780091094,0.6684027777777778,41.76747311827956,1032.9301075268806,34.43100358422935,0
985,4,0,0,32,0.0,0.0,1.0,32,1000,700,300,0.7,13,7,6,397.42631014259786,0.38762180779569894,-0.0076448497854078035,0.246635262202295,133506.94670265348,4211.834641288011,137718.7813439415,765,26,349.34375,30,2,21,31.364882732908487,0.6697916666666667,41.63306451612903,1033.467741935484,34.4489247311828,0
986,4,0,0,32,0.0,0.0,1.0,32,800,600,200,0.75,10,6,4,395.5734412423818,0.3875588037634408,-0.00991289651586058,0.24617725809355998,133611.14724245577,4170.604260608161,137781.75150306395,766,27,350.34375,30,2,21,31.3079606517594,0.6708333333333334,41.53225806451613,1033.8709677419354,34.46236559139785,0
987,4,1,0,33,0.030303030303030304,0.0,1.0,33,650,500,150,0.7692307692307693,8,5,3,384.738456133998,0.38880997474747475,-0.009055464721418938,0.24182256638113978,133977.25635104708,3709.240553114145,137686.49690416123,767,0,340.6969696969697,31,2,20,31.22052257577663,0.6717069892473118,41.178385416666664,1035.2864583333333,33.39633736559139,0
988,4,0,1,32,0.0,0.030303030303030304,0.9696969696969697,33,550,100,450,0.18181818181818182,10,1,9,384.07507418758024,0.3887310606060606,-0.012682153527224127,0.24162697705218647,134010.95920138885,3694.0538194444352,137705.01302083328,768,1,341.6969696969697,31,2,20,31.203890006706896,0.6720430107526882,41.14583333333333,1035.4166666666663,33.40053763440859,0
989,4,0,0,32,0.0,0.0,1.0,32,700,500,200,0.7142857142857143,9,5,4,393.8547672695704,0.388650873655914,-0.011001234086776002,0.24649544702773607,133819.67026534857,4141.103017689902,137960.77328303846,769,2,347.34375,30,2,20,31.142829306313335,0.6729166666666666,41.33064516129032,1034.6774193548385,34.48924731182795,0
990,4,0,0,32,0.0,0.0,1.0,32,1000,800,200,0.8,12,8,4,394.70939450160233,0.38860887096774194,-0.009926948051948159,0.2474969330343922,133889.2140709908,4169.4661232512335,138058.68019424204,770,3,348.34375,30,2,20,31.050865800865797,0.6736111111111112,41.26344086021505,1034.9462365591392,34.49820788530464,0
991,4,0,0,32,0.0,0.0,1.0,32,750,600,150,0.8,9,6,3,395.9303807759432,0.3887978830645162,-0.01328967017270477,0.24849713629629486,133923.99274843908,4204.915488784826,138128.9082372239,771,4,349.34375,30,2,20,30.984341860364452,0.6739583333333333,41.229838709677416,1035.08064516129,34.502688172043,0
992,4,0,0,32,0.0,0.0,1.0,32,1000,700,300,0.7,13,7,6,395.5199258594002,0.38873487903225806,-0.01312970656972201,0.24847426337431477,133958.77594230545,4196.673025783327,138155.44896808878,772,5,350.34375,30,2,21,30.96003202631352,0.6743055555555555,41.196236559139784,1035.2150537634407,34.50716845878136,0
993,4,0,0,32,0.0,0.0,1.0,32,750,300,450,0.4,12,3,9,395.42280161511513,0.3882098454301075,-0.009448429183435136,0.2486483135380596,133993.5636525898,4196.822067580056,138190.38572016987,773,6,351.34375,30,2,21,30.92761478211952,0.6746527777777778,41.162634408602145,1035.3494623655906,34.511648745519686,0
994,4,0,0,32,0.0,0.0,1.0,32,700,400,300,0.5714285714285714,10,4,6,394.6033466632772,0.38795782930107525,-0.011576326715972751,0.24907518368008819,134132.7596579084,4185.847171638333,138318.60682954674,774,7,352.34375,30,2,22,30.80911292764152,0.6760416666666667,41.02822580645161,1035.8870967741932,34.529569892473106,0
995,4,0,0,32,0.0,0.0,1.0,32,300,200,100,0.6666666666666666,4,2,2,394.6033466632772,0.38795782930107525,-0.011576326715972751,0.24907518368008819,134132.7596579084,4185.847171638333,138318.60682954674,775,8,353.34375,30,2,22,30.80911292764152,0.6760416666666667,41.02822580645161,1035.8870967741932,34.529569892473106,0
996,4,0,0,32,0.0,0.0,1.0,32,750,600,150,0.8,9,6,3,392.8351756604384,0.38823084677419356,-0.011668072132849039,0.2481945519664474,134167.56995028324,4141.1481818707325,138308.71813215397,776,9,354.34375,30,2,22,30.819981404601286,0.6763888888888889,40.994623655913976,1036.0215053763438,34.53405017921146,0
997,4,1,1,32,0.030303030303030304,0.030303030303030304,0.9696969696969697,33,650,500,150,0.7692307692307693,8,5,3,381.4750222969337,0.39350536616161613,-0.00905362944027277,0.24310640220938975,134483.24415418826,3660.39971245658,138143.64386664485,777,0,344.57575757575756,31,2,23,30.798079337183022,0.676747311827957,40.69010416666666,1037.2395833333323,33.45934139784943,0
998,4,0,0,32,0.0,0.0,1.0,32,950,700,250,0.7368421052631579,12,7,5,380.28635274652004,0.3937542002688172,-0.01978369306061012,0.24302341179126039,134584.55615573458,3836.1339992947005,138420.69015502927,778,1,344.0625,31,1,23,30.727532730999283,0.677755376344086,40.592447916666664,1037.6302083333333,33.47194220430107,0
999,4,0,2,30,0.0,0.0625,0.9375,32,400,200,200,0.5,6,2,4,384.7216710926609,0.39278813844086025,-0.046719613259668336,0.23057822009195905,132203.15728305787,3772.283918732783,135975.44120179064,779,2,345.0625,32,0,18,33.00644567219152,0.6513671875,42.89772727272727,1028.409090909091,32.13778409090909,7
1000,4,0,0,30,0.0,0.0,1.0,30,1000,600,400,0.6,14,6,8,403.0770270518825,0.3838840996168582,-0.038792238936123824,0.24018112796661278,131983.34209518437,4639.890630419697,136623.23272560406,780,13,367.2,30,0,19,32.75697623719207,0.6545138888888888,43.111559139784944,1027.55376344086,34.251792114695334,0
1001,4,1,0,31,0.03225806451612903,0.0,1.0,31,850,700,150,0.8235294117647058,10,7,3,391.74711842433317,0.38584229390681,-0.029780442706526244,0.23579417188937574,132364.50407240118,4170.68261040581,136535.186682807,781,0,356.3225806451613,31,0,20,32.66283373402506,0.6555779569892473,42.740885416666664,1029.0364583333328,33.19472446236558,0
1002,4,0,0,31,0.0,0.0,1.0,31,700,400,300,0.5714285714285714,10,4,6,393.37195611549396,0.3851254480286738,-0.027422415376139986,0.23719338772639062,132431.5071105958,4218.968200683607,136650.47531127938,782,1,357.3225806451613,31,0,20,32.553368121442126,0.65625,42.67578125000001,1029.2968750000007,33.20312500000002,0
1003,4,0,0,31,0.0,0.0,1.0,31,1100,900,200,0.8181818181818182,13,9,4,398.5513384616122,0.3852150537634409,-0.027144080583989316,0.24138905721526438,132599.0888807509,4369.508870442713,136968.59775119362,783,2,358.3225806451613,31,0,20,32.25084281500211,0.6579301075268817,42.513020833333336,1029.947916666667,33.22412634408603,0
1004,4,0,0,31,0.0,0.0,1.0,31,800,500,300,0.625,11,5,6,398.22338499430754,0.3844086021505377,-0.01747600513520653,0.24227041446809702,132766.7766147189,4374.167039659282,137140.94365437818,784,3,359.3225806451613,31,0,19,32.09004527268898,0.6596102150537635,42.350260416666664,1030.5989583333328,33.245127688172026,0
1005,4,0,0,31,0.0,0.0,1.0,31,750,500,250,0.6666666666666666,10,5,5,402.5303540455057,0.3826612903225806,-0.010687520364939473,0.2459907719166979,132934.57031249997,4502.039930555555,137436.61024305553,785,4,360.3225806451613,31,0,19,31.80976430976432,0.6612903225806452,42.1875,1031.2499999999998,33.26612903225806,0
1006,4,0,0,31,0.0,0.0,1.0,31,800,500,300,0.625,11,5,6,404.1422428631451,0.3826612903225806,-0.012250001018118573,0.2471977378933572,132968.14176771385,4547.608608669714,137515.75037638357,786,5,361.3225806451613,31,0,19,31.734340150654376,0.6616263440860215,42.15494791666667,1031.3802083333342,33.27032930107529,0
1007,4,0,0,31,0.0,0.0,1.0,31,800,600,200,0.75,10,6,4,406.02699888356494,0.38234767025089605,-0.010422901067939971,0.24879751834141434,133035.29739379894,4603.184509277357,137638.4819030763,787,6,362.3225806451613,31,0,19,31.61799507762212,0.6622983870967742,42.08984375000001,1031.640625000001,33.27872983870971,0
1008,4,0,0,31,0.0,0.0,1.0,31,750,500,250,0.6666666666666666,10,5,5,406.7313236690882,0.3815412186379928,-0.008594554340616511,0.25012872014933,133169.65950859926,4632.85437689888,137802.51388549813,788,7,363.3225806451613,31,0,20,31.46432551196332,0.6636424731182795,41.95963541666667,1032.1614583333342,33.295530913978524,0
1009,4,0,0,31,0.0,0.0,1.0,31,550,100,450,0.18181818181818182,10,1,9,406.9623585019972,0.38203405017921144,-0.005208163796751153,0.25049670638228544,133203.26063368065,4641.742621527799,137845.00325520846,789,8,364.3225806451613,31,0,20,31.42448705011774,0.663978494623656,41.92708333333334,1032.2916666666677,33.29973118279573,0
1010,4,0,0,31,0.0,0.0,1.0,31,1200,700,500,0.5833333333333334,17,7,10,411.20985766123545,0.38189964157706097,-0.004423033924832787,0.254718986771421,133438.5871887207,4774.252488878038,138212.83967759873,790,9,365.3225806451613,31,0,20,31.077636000840155,0.6663306451612903,41.69921875,1033.203125,33.32913306451613,0
1011,4,0,0,31,0.0,0.0,1.0,31,1050,600,450,0.5714285714285714,15,6,9,388.64694796881906,0.38203405017921144,-0.00894869306311774,0.22219727841599232,130395.54172092004,3935.56586371527,134331.10758463532,791,10,366.3225806451613,31,0,22,34.73780384157743,0.635752688172043,44.66145833333333,1021.3541666666658,32.94690860215051,8
1012,4,0,0,31,0.0,0.0,1.0,31,1200,1100,100,0.9166666666666666,13,11,2,388.2089251801925,0.3824820788530466,-0.013940547182916152,0.22290064767661513,130561.83073255746,3937.0535956488666,134498.88432820633,792,11,367.3225806451613,31,0,20,34.57990933027562,0.6374327956989247,44.498697916666664,1022.0052083333329,32.967909946236546,0
1013,4,0,0,31,0.0,0.0,1.0,31,1100,900,200,0.8181818181818182,13,9,4,389.12764956885025,0.3834229390681004,-0.011830284707302852,0.2241980507750682,130694.93823581262,3971.402825249558,134666.34106106218,793,12,368.3225806451613,31,0,20,34.42116070291609,0.6387768817204301,44.36848958333333,1022.5260416666658,32.98471102150535,0
1014,4,0,0,31,0.0,0.0,1.0,31,1000,800,200,0.8,12,8,4,385.8921909934271,0.3827060931899642,-0.008671125398761026,0.22310190909752436,130828.11355590822,3897.109476725261,134725.22303263348,794,13,369.3225806451613,31,0,20,34.36863624793179,0.6401209677419355,44.23828125,1023.0468750000001,33.0015120967742,0
1015,4,0,0,31,0.0,0.0,1.0,31,700,600,100,0.8571428571428571,8,6,2,372.2919132149903,0.38221326164874553,-0.01376344086021497,0.20507605388961322,128936.76757812487,3400.42317708332,132337.1907552082,795,14,370.3225806451613,31,0,18,36.64102564102565,0.6209677419354839,46.09374999999999,1015.624999999999,32.762096774193516,8
1016,4,0,0,31,0.0,0.0,1.0,31,1050,800,250,0.7619047619047619,13,8,5,373.17809583658004,0.3825268817204301,-0.011378389329452343,0.20590774425155545,129002.89747450069,3428.2111273871305,132431.10860188783,796,15,371.3225806451613,31,0,19,36.550991198837906,0.6216397849462365,46.02864583333332,1015.8854166666652,32.77049731182791,0
1017,4,1,0,32,0.03125,0.0,1.0,32,800,300,500,0.375,13,3,10,364.63857435676255,0.3865927419354838,-0.01714910647803425,0.20319900637391353,129394.01113406778,3036.409550045894,132430.4206841137,797,0,360.6875,32,0,20,36.36913626209977,0.623046875,45.643939393939384,1017.424242424241,31.79450757575753,0
1018,4,0,0,32,0.0,0.0,1.0,32,900,700,200,0.7777777777777778,11,7,4,364.5735875043233,0.3874957997311828,-0.020596855228879773,0.20366096249981608,129490.37606175376,3041.75418962349,132532.13025137724,798,1,361.6875,32,0,14,36.27263987098376,0.6240234375,45.549242424242415,1017.8030303030291,31.80634469696966,0
1019,4,0,0,32,0.0,0.0,1.0,32,550,400,150,0.7272727272727273,7,4,3,361.7350260416668,0.3873907930107527,-0.024553571428571397,0.20257161458333323,129586.776859504,2975.215220385659,132561.99207988966,799,2,362.6875,32,0,14,36.246744791666686,0.625,45.454545454545446,1018.1818181818171,31.818181818181785,0
1020,4,0,0,32,0.0,0.0,1.0,32,1000,700,300,0.7,13,7,6,365.61776953407207,0.38692876344086025,-0.018406048587010337,0.20541811731204,129715.36705438224,3085.248635343339,132800.6156897256,800,3,363.6875,32,0,14,36.01703230870931,0.6263020833333333,45.32828282828283,1018.6868686868689,31.833964646464654,0
1021,4,0,0,32,0.0,0.0,1.0,32,850,700,150,0.8235294117647058,10,7,3,371.43994407211653,0.38598370295698925,0.03881955810147275,0.18900368198365303,125727.06428234375,2940.0107450770406,128667.0750274208,801,4,364.6875,32,0,17,39.96102438205547,0.5856119791666667,49.2739898989899,1002.9040404040413,31.34075126262629,8
1022,4,0,0,32,0.0,0.0,1.0,32,1000,600,400,0.6,14,6,8,380.270037730618,0.38581569220430106,0.03089448236632575,0.1888459678899509,124716.07050619838,3085.1569674012944,127801.22747359968,802,5,365.6875,32,0,19,40.78814309189737,0.5751953125,50.284090909090914,998.8636363636366,31.214488636363644,8
1023,4,3,0,35,0.08571428571428572,0.0,1.0,35,650,600,50,0.9230769230769231,7,6,1,354.2320475445417,0.4016806722689075,0.04775213238084253,0.17947895258561636,125550.37300936632,1894.793140217748,127445.16614958407,803,0,335.25714285714287,35,0,17,40.574955730068915,0.5770833333333334,49.450231481481474,1002.1990740740731,28.63425925925923,0
1024,4,5,1,39,0.125,0.025,0.975,40,900,500,400,0.5555555555555556,13,5,8,321.82252464767294,0.42130074786324784,0.07196616102683784,0.1680787224295629,126795.93474915976,163.0932775124437,126959.0280266722,804,0,294.225,38,2,16,40.10731586577561,0.5841557017543859,48.21047008547008,1007.1581196581185,26.504161043634696,0
1025,4,4,3,40,0.09302325581395349,0.06976744186046512,0.9302325581395349,43,850,500,350,0.5882352941176471,12,5,7,306.8811965357598,0.4295173495754891,0.10608217917188001,0.1637712524086873,127670.36132812474,-763.3827871032688,126906.97854102147,805,0,274.6046511627907,39,4,14,39.590204768776196,0.5913461538461539,47.343749999999986,1010.624999999998,25.913461538461487,0
1026,4,1,1,40,0.024390243902439025,0.024390243902439025,0.975609756097561,41,700,300,400,0.42857142857142855,11,3,8,320.86751584889413,0.4245172764227642,0.11108197103476414,0.1700764086598022,127396.24361582387,-24.536756502027515,127371.70685932184,806,0,288.8780487804878,37,4,15,39.516921002136066,0.5920608108108107,47.615131578947356,1009.5394736842086,27.284850640113746,0
1027,4,2,2,40,0.047619047619047616,0.047619047619047616,0.9523809523809523,42,1150,1000,150,0.8695652173913043,13,10,3,319.9941732113392,0.42581300813008127,0.13322013432948476,0.17140604694087846,127820.21747616681,-219.6550378040977,127600.56243836271,807,0,282.73809523809524,38,4,17,39.105916534601164,0.5945723684210527,47.19551282051281,1011.2179487179473,26.610998650472297,0
1028,4,1,1,40,0.024390243902439025,0.024390243902439025,0.975609756097561,41,1550,1100,450,0.7096774193548387,20,11,9,314.1683054732069,0.4253810975609756,0.07934744808184391,0.1609898437752016,126017.01754145662,-281.88942764263874,125735.12811381397,808,0,290.4634146341463,38,3,17,41.09894835780661,0.5762061403508771,48.98504273504273,1004.0598290598289,26.422627080521814,8
1029,4,1,2,39,0.024390243902439025,0.04878048780487805,0.9512195121951219,41,1000,800,200,0.8,12,8,4,315.8676947873795,0.42543191056910573,0.10014741648616554,0.16283708045113163,126264.14497730066,-223.44426477555544,126040.70071252511,809,0,291.4146341463415,37,4,18,40.80251291002982,0.5805180180180181,48.739035087719294,1005.0438596491224,27.16334755808439,0
1030,4,4,2,41,0.09302325581395349,0.046511627906976744,0.9534883720930233,43,1300,1000,300,0.7692307692307693,16,10,6,325.5406774083268,0.43542358803986714,0.16031871745026027,0.17237645705391735,127354.73632812501,-308.1705729166665,127046.56575520834,810,0,273.3488372093023,39,4,12,39.44143446852422,0.5881410256410257,47.65625,1009.3750000000001,25.88141025641026,0
1031,4,1,2,40,0.023809523809523808,0.047619047619047616,0.9523809523809523,42,1300,1000,300,0.7692307692307693,16,10,6,338.8158226253464,0.4325880758807588,0.182403628117914,0.17967505745283527,127415.403106509,234.07092373440173,127649.4740302434,811,0,280.8333333333333,38,4,13,39.04431216931217,0.5904605263157895,47.596153846153854,1009.6153846153857,26.568825910931203,0
1032,4,1,1,40,0.024390243902439025,0.024390243902439025,0.975609756097561,41,1550,1300,250,0.8387096774193549,18,13,5,345.6019054937306,0.4272611788617886,0.18204742429700582,0.18331234710750446,127423.91889812276,607.5898353339842,128031.50873345675,812,0,288.3658536585366,37,4,14,38.864302780191146,0.5923423423423424,47.58771929824563,1009.6491228070198,27.287814129919454,0
1033,4,0,0,40,0.0,0.0,1.0,40,900,400,500,0.4444444444444444,14,4,10,351.39265636989074,0.4259748931623932,0.1891542066503007,0.18590206531209974,127319.21744379557,947.8076049022426,128267.02504869782,813,2,296.575,36,4,14,38.8255039797664,0.5931712962962963,47.69144144144146,1009.2342342342376,28.03428428428438,0
1034,4,0,1,39,0.0,0.025,0.975,40,1300,1100,200,0.8461538461538461,15,11,4,354.9823000363664,0.4264022435897436,0.1923784567350575,0.1885948617728758,127489.75326678077,1051.3211691421702,128541.07443592294,814,3,297.575,36,4,16,38.56001895628905,0.5949074074074074,47.52252252252255,1009.9099099099137,28.05305305305316,0
1035,4,0,0,39,0.0,0.0,1.0,39,1000,600,400,0.6,14,6,8,365.2928337174083,0.4238922627080522,0.19501989339257286,0.19412577752850863,127500.81045310383,1515.0264703361104,129015.83692343994,815,4,305.35897435897436,35,4,16,38.28835281534114,0.5970238095238095,47.51157407407409,1009.9537037037057,28.855820105820165,0
1036,4,0,0,39,0.0,0.0,1.0,39,1000,800,200,0.8,12,8,4,368.79583377617155,0.423582995951417,0.19265133491937636,0.19655602129828945,127617.73003472238,1612.9774305555748,129230.70746527796,816,5,306.35897435897436,35,4,16,38.079896907216494,0.5982142857142857,47.39583333333334,1010.416666666668,28.869047619047656,0
1037,4,2,1,40,0.04878048780487805,0.024390243902439025,0.975609756097561,41,1200,800,400,0.6666666666666666,16,8,8,354.6894380754616,0.4301321138211382,0.19147767484604272,0.1917981059757005,128200.04712988614,894.2405355494028,129094.28766543554,817,0,292.3658536585366,37,4,19,37.84015446802368,0.6002252252252251,46.82017543859649,1012.7192982456141,27.37079184447606,0
1038,4,0,0,40,0.0,0.0,1.0,40,950,600,350,0.631578947368421,13,6,7,361.20600424684875,0.4276842948717949,0.19029653862389195,0.19491959545803772,128117.48940755366,1255.3612846080975,129372.85069216175,818,1,300.475,38,2,20,37.75964717883777,0.5975877192982456,46.90170940170941,1012.3931623931636,26.641925326135883,0
1039,4,1,1,40,0.024390243902439025,0.024390243902439025,0.975609756097561,41,1050,700,350,0.6666666666666666,14,7,7,349.73068043445625,0.4307672764227642,0.18321835138308096,0.19030371633999693,128450.01737313402,784.5881026818936,129234.60547581592,819,0,294.1219512195122,37,4,14,37.710361456643206,0.602759009009009,46.5734649122807,1013.706140350877,27.397463252726407,0
1040,4,2,1,41,0.047619047619047616,0.023809523809523808,0.9761904761904762,42,1250,1100,150,0.88,14,11,3,347.39278670851,0.43128145567169957,0.20239222464367113,0.1911967827252106,128902.86138733651,555.9848464095217,129458.84623374604,820,0,288.07142857142856,38,4,17,37.30777660880238,0.6055372807017544,46.12713675213675,1015.4914529914527,26.723459289248755,0
1041,4,1,0,42,0.023809523809523808,0.0,1.0,42,950,800,150,0.8421052631578947,11,8,3,350.05676010019624,0.4298780487804878,0.21862004334329055,0.19360282038194537,129095.50781250001,638.1510416666672,129733.65885416669,821,0,288.9761904761905,39,3,18,37.04387043870438,0.6057692307692308,45.9375,1016.2500000000001,26.05769230769231,0
1042,4,1,0,43,0.023255813953488372,0.0,1.0,43,1300,1200,100,0.9230769230769231,14,12,2,342.44573403366053,0.4303479143595423,0.22103278864655285,0.19095159080424942,129418.71667031912,263.864291127899,129682.58096144702,822,0,283.2325581395349,38,5,20,36.90851182976339,0.6107456140350878,45.61965811965811,1017.5213675213665,26.77687809266754,0
1043,4,1,3,41,0.022727272727272728,0.06818181818181818,0.9318181818181819,44,850,500,350,0.5882352941176471,12,5,7,319.7862279637259,0.4324127906976744,0.144576572571683,0.1747629172062584,128622.09590143916,-573.6850237780436,128048.41087766111,823,0,277.77272727272725,41,3,15,38.29411165444173,0.5978150406504066,46.403769841269835,1014.3849206349196,24.74109562524194,8
1044,4,1,1,41,0.023809523809523808,0.023809523809523808,0.9761904761904762,42,1100,600,500,0.5454545454545454,16,6,10,350.4197647497576,0.4281479868370112,0.18703160145651165,0.18484153177470444,127199.76463766521,605.7244972967189,127805.48913496193,824,0,291.0238095238095,38,4,17,38.97258702252346,0.5882675438596492,47.809829059829056,1008.7606837606832,26.54633378317587,8
1045,4,1,2,40,0.023809523809523808,0.047619047619047616,0.9523809523809523,42,1050,700,350,0.6666666666666666,14,7,7,340.29240041526776,0.43065234223770804,0.17548628196251093,0.18101017042385378,127538.80343967021,280.09711371528147,127818.9005533855,825,0,276.04761904761904,39,3,16,38.88068904472173,0.5900106837606838,47.473958333333336,1010.1041666666673,25.900106837606852,0
1046,4,0,0,40,0.0,0.0,1.0,40,1300,1000,300,0.7692307692307693,16,10,6,353.28918589781733,0.4249465811965812,0.1852291236833532,0.18751816212870306,127451.59718615339,1005.4542022545323,128457.05138840793,826,1,290.375,37,3,16,38.64188565533716,0.5926238738738738,47.560307017543856,1009.7587719298242,27.290777619724977,0
1047,4,1,0,41,0.024390243902439025,0.0,1.0,41,1150,900,250,0.782608695652174,14,9,5,360.9764922591113,0.42840447154471545,0.18530931998061662,0.18795672527974416,126672.22222222228,1069.966960988001,127742.18918321028,827,0,284.2682926829268,39,2,16,39.248758278145694,0.5811965811965811,48.333333333333336,1006.6666666666672,25.811965811965827,8
1048,4,0,0,41,0.0,0.0,1.0,41,950,500,450,0.5263157894736842,14,5,9,408.72954317644485,0.4277693089430894,0.23926442767346767,0.20334718766330168,124791.75347222215,2009.7222222222128,126801.47569444437,828,1,285.2682926829268,39,2,17,39.998609952738384,0.561965811965812,50.20833333333333,999.166666666666,25.6196581196581,8
1049,4,1,0,42,0.023809523809523808,0.0,1.0,42,1150,700,450,0.6086956521739131,16,7,9,395.6670057684462,0.4302893921796361,0.23306402789085845,0.19835526157314848,125109.67316866723,1500.8747883964231,126610.54795706365,829,0,279.45238095238096,37,5,18,39.99433727897122,0.5686936936936937,49.89035087719298,1000.4385964912276,27.038880986249396,0
1050,4,3,1,44,0.06666666666666667,0.022222222222222223,0.9777777777777777,45,1400,1000,400,0.7142857142857143,18,10,8,376.40081791211094,0.43756313131313135,0.2473414304993251,0.1928858963159575,126018.32573203796,486.68017549079525,126505.00590752876,830,0,261.75555555555553,40,5,21,39.535467273954126,0.5729166666666667,48.98373983739838,1004.0650406504078,25.101626016260195,0
1051,4,1,0,45,0.022222222222222223,0.0,1.0,45,800,400,400,0.5,12,4,8,377.9456424098873,0.4365951178451179,0.26872243316841216,0.19586914598594676,126480.04979263108,560.5296439910635,127040.57943662214,831,0,262.53333333333336,35,10,18,39.01989126682775,0.5866071428571429,48.52430555555555,1005.9027777777769,28.74007936507934,0
1052,4,0,2,43,0.0,0.044444444444444446,0.9555555555555556,45,1200,600,600,0.5,18,6,12,378.00603127816413,0.4362584175084175,0.270505886887223,0.1965235544812655,126609.88004474076,571.8596552633783,127181.73970000414,832,1,263.53333333333336,36,9,19,38.88445973667525,0.5859375,48.395270270270274,1006.4189189189194,27.956081081081095,0
1053,4,3,0,46,0.06521739130434782,0.0,1.0,46,1200,900,300,0.75,15,9,6,362.4456839724963,0.43973429951690823,0.28352145482839575,0.19136517426942784,127237.93730977808,26.116980011024282,127264.0542897891,833,0,258.0652173913044,35,11,22,38.63009540744138,0.5943452380952381,47.77199074074075,1008.9120370370381,28.82605820105823,0
1054,4,0,2,44,0.0,0.043478260869565216,0.9565217391304348,46,950,300,650,0.3157894736842105,16,3,13,348.64849461661464,0.43909017713365545,0.24664245149275588,0.17909268063408498,126116.82459738023,-405.91179165913036,125710.91280572109,834,1,259.0652173913044,42,4,19,40.13059521512636,0.5709325396825398,48.885658914728694,1004.4573643410874,23.915651531930653,8
1055,4,5,0,49,0.10204081632653061,0.0,1.0,49,800,600,200,0.75,10,6,4,339.7360949767659,0.44251346371882083,0.30015661327822185,0.1731558161494489,125794.91055681568,-1191.6363331758432,124603.27422363983,835,0,243.9795918367347,41,8,19,40.68598364978902,0.5691056910569106,49.20634920634922,1003.1746031746061,24.467673248161123,7
1056,4,2,4,47,0.0392156862745098,0.0784313725490196,0.9215686274509804,51,1500,900,600,0.6,21,9,12,340.6050387216938,0.4463725490196078,0.22731896719083644,0.1723502450445446,125496.52384101802,-1553.133267195753,123943.39057382227,836,0,235.37254901960785,41,10,15,40.971947194719476,0.5660569105691057,49.50396825396826,1001.984126984128,24.438637243515316,8
1057,4,4,0,51,0.0784313725490196,0.0,1.0,51,1500,1100,400,0.7333333333333333,19,11,8,340.6599089341245,0.4475,0.2680022935006243,0.17489568207771186,126094.86669847654,-1607.7159688208121,124487.15072965572,837,0,236.11764705882354,40,11,20,40.35380619919727,0.5736979166666667,48.90752032520326,1004.3699186991878,25.109247967479696,0
1058,4,2,3,50,0.03773584905660377,0.05660377358490566,0.9433962264150944,53,1300,900,400,0.6923076923076923,17,9,8,332.178021439642,0.45015420899854863,0.27543137194352174,0.17277581916342308,126628.33067611608,-2187.3703315606176,124440.96034455547,838,0,228.16981132075472,42,11,15,40.018572895606674,0.576140873015873,48.37693798449612,1006.4922480620144,23.964101144333675,0
1059,4,2,0,52,0.038461538461538464,0.0,1.0,52,1000,700,300,0.7,13,7,6,345.0066333984274,0.4497077677224736,0.30105970103999335,0.17972932832275326,126692.19655454745,-1658.0703577727659,125034.12619677468,839,0,233.46153846153845,41,11,17,39.63014058599394,0.5782520325203252,48.31349206349205,1006.7460317460294,24.554781262098277,0
1060,4,3,6,49,0.05454545454545454,0.10909090909090909,0.8909090909090909,55,1650,1100,550,0.6666666666666666,22,11,11,325.7399964483342,0.45265151515151514,0.30925699386557937,0.17317801064441188,127517.50996984426,-2690.5997063177233,124826.91026352654,840,0,221.6727272727273,41,14,14,39.26994319484008,0.5866361788617886,47.49503968253968,1010.01984126984,24.634630274874144,0
1061,4,0,2,47,0.0,0.04081632653061224,0.9591836734693877,49,1500,1200,300,0.8,18,12,6,352.8349782127997,0.44602111678004536,0.31847432521395724,0.1853878699084198,127040.7826029477,-835.1136476304049,126205.66895531729,841,1,247.18367346938774,40,9,19,39.07489079301075,0.5833333333333333,47.967479674796735,1008.1300813008107,25.20325203252027,0
1062,4,1,0,48,0.020833333333333332,0.0,1.0,48,1600,1200,400,0.75,20,12,8,362.81290637110055,0.44459219858156024,0.32156282566621974,0.19113837585056354,127148.79575521481,-373.7241905514578,126775.07156466336,842,0,252.33333333333334,36,12,21,38.71240881345838,0.5914351851851851,47.86036036036037,1008.5585585585598,28.01551551551555,0
1063,4,1,2,47,0.02040816326530612,0.04081632653061224,0.9591836734693877,49,800,500,300,0.625,11,5,6,358.23876764793,0.4464285714285714,0.3179792107898307,0.19053669327787146,127534.65008464153,-662.4288242536043,126872.22126038793,843,0,248.16326530612244,37,12,19,38.43175568099582,0.5934684684684685,47.4780701754386,1010.0877192982464,27.299668089141793,0
1064,4,1,0,48,0.020833333333333332,0.0,1.0,48,1100,800,300,0.7272727272727273,14,8,6,371.08228980066474,0.44687315307328607,0.3412204205208216,0.1978444079846327,127631.95363860494,-127.60847841082887,127504.34516019412,844,0,254.04166666666666,36,12,20,38.00754114194436,0.5963541666666667,47.381756756756765,1010.472972972974,28.068693693693724,0
1065,4,1,1,48,0.02040816326530612,0.02040816326530612,0.9795918367346939,49,1300,500,800,0.38461538461538464,21,5,16,400.68019980869406,0.44784580498866217,0.3083526193982751,0.21354933726067743,127617.73003472213,562.0953618314171,128179.82539655356,845,0,249.83673469387756,33,16,16,37.274484536082475,0.6025883838383839,47.39583333333333,1010.4166666666658,30.618686868686844,8
1066,4,0,1,47,0.0,0.020833333333333332,0.9791666666666666,48,950,400,550,0.42105263157894735,15,4,11,409.82937500000014,0.4464575945626477,0.31197395833333363,0.21799434840425536,127538.0063258851,853.764284256707,128391.7706101418,846,1,255.89583333333334,32,16,16,37.12552083333335,0.6041666666666667,47.474747474747474,1010.1010101010099,31.56565656565656,0
1067,4,1,0,48,0.020833333333333332,0.0,1.0,48,1400,900,500,0.6428571428571429,19,9,10,402.71947212236364,0.44522015366430256,0.32806820935304115,0.21612786234707324,127896.48963139163,701.2813581314674,128597.7709895231,847,0,256.7291666666667,33,15,18,36.93613197641546,0.6054292929292929,47.12009803921568,1011.5196078431361,30.652109328579883,0
1068,4,0,2,46,0.0,0.041666666666666664,0.9583333333333334,48,1350,1100,250,0.8148148148148148,16,11,5,401.75657090084803,0.44509086879432624,0.3286692295273841,0.21644536980235518,128051.4874837803,689.105302047292,128740.5927858276,848,1,257.7291666666667,33,15,18,36.80114117931952,0.6070075757575757,46.966911764705884,1012.1323529411767,30.67067736185384,0
1069,4,1,2,45,0.02127659574468085,0.0425531914893617,0.9574468085106383,47,1650,1300,350,0.7878787878787878,20,13,7,412.88628225557704,0.44320459451125505,0.3322632341043892,0.22226955142545987,128020.48040417137,1171.5800413302475,129192.06044550161,849,0,263.72340425531917,33,14,19,36.551424880923555,0.6066919191919191,46.99754901960784,1012.0098039215678,30.666963755199024,0
1070,4,0,0,45,0.0,0.0,1.0,45,900,600,300,0.6666666666666666,12,6,6,427.1687103398793,0.43777356902356906,0.33893182208483585,0.22841169883462983,127749.32861328138,1914.1031901041795,129663.43180338557,850,1,276.0444444444444,31,14,20,36.469603297269444,0.6088709677419355,47.26562500000001,1010.937500000001,32.61088709677423,0
1071,4,0,1,44,0.0,0.022222222222222223,0.9777777777777777,45,1100,700,400,0.6363636363636364,15,7,8,428.4349002645392,0.4372685185185185,0.34065382321530113,0.22988559852774434,127888.9769698245,1958.4202186001417,129847.39718842464,851,2,277.0444444444444,32,13,20,36.29358590271711,0.6077473958333333,47.12752525252525,1011.489898989899,31.609059343434343,0
1072,4,0,0,44,0.0,0.0,1.0,44,1650,1300,350,0.7878787878787878,20,13,7,425.33867122734625,0.43490133897110644,0.33572692120153724,0.22931675368054055,128080.6187665801,2095.52803923071,130176.1468058108,852,3,283.6363636363636,32,12,21,36.174431416573114,0.6097005208333333,46.93813131313132,1012.247474747476,31.632733585858624,0
1073,4,2,1,45,0.043478260869565216,0.021739130434782608,0.9782608695652174,46,1050,800,250,0.7619047619047619,13,8,5,412.9205410703767,0.4377415458937198,0.3275465575991132,0.22630013240263355,128734.59314025874,1431.4475130408937,130166.04065329964,853,0,272.2608695652174,33,13,19,35.81680453246388,0.6139520202020202,46.292892156862756,1014.8284313725505,30.752376708259106,0
1074,4,0,0,45,0.0,0.0,1.0,45,900,600,300,0.6666666666666666,12,6,6,422.59870378853583,0.43653198653198655,0.3355541727165876,0.23114912082647274,128656.40503838891,1874.0060006631961,130530.41103905211,854,1,279.31111111111113,32,13,19,35.651576436423994,0.6155598958333333,46.369949494949495,1014.5202020202017,31.703756313131304,0
1075,4,1,1,45,0.021739130434782608,0.021739130434782608,0.9782608695652174,46,1600,1400,200,0.875,18,14,4,415.43130628350747,0.43731884057971016,0.3294112712095465,0.22965042611352304,129076.82742214543,1524.5110053825542,130601.33842752798,855,0,274.2173913043478,33,13,20,35.40209438816528,0.6174242424242424,45.95588235294118,1016.1764705882362,30.7932263814617,0
1076,4,0,1,44,0.0,0.022222222222222223,0.9777777777777777,45,1050,700,350,0.6666666666666666,14,7,7,357.8384053921318,0.4372053872053872,0.20118884316415198,0.1932327389117514,128144.53125000012,190.47061226452755,128335.00186226465,856,1,264.0888888888889,36,9,20,37.81721536351167,0.6015625,46.87500000000001,1012.5000000000009,28.125000000000025,8
1077,4,4,1,47,0.08333333333333333,0.020833333333333332,0.9791666666666666,48,1400,1100,300,0.7857142857142857,17,11,6,329.25253690627517,0.44390883569739953,0.2231353144213144,0.1824566807924728,129173.52123970813,-1093.8580861419168,128079.66315356622,857,0,248.4375,37,11,17,37.493146190630284,0.6100788288288288,45.860745614035075,1016.5570175438577,27.47451398767183,0
1078,4,0,0,47,0.0,0.0,1.0,47,1400,1100,300,0.7857142857142857,17,11,6,335.0247375864111,0.4424722479185939,0.2148778251533816,0.1856518297232985,129172.76810171656,-744.7854526824167,128427.98264903414,858,1,254.5531914893617,36,11,19,37.34721760643995,0.6119791666666667,45.861486486486484,1016.5540540540538,28.237612612612608,0
1079,4,2,1,48,0.04081632653061224,0.02040816326530612,0.9795918367346939,49,1650,1300,350,0.7878787878787878,20,13,7,319.0057246858254,0.4434878117913832,0.21599780851938122,0.17936548293655796,129745.05077069142,-1522.1172108993012,128222.93355979212,859,0,245.12244897959184,38,11,14,37.17404222595077,0.6140350877192983,45.29914529914528,1018.8034188034158,26.810616284300416,0
1080,4,1,2,47,0.02040816326530612,0.04081632653061224,0.9591836734693877,49,1050,700,350,0.6666666666666666,14,7,7,321.0027393670037,0.4441964285714286,0.2315662511467964,0.18136939856597445,129935.60209155126,-1458.0631574622375,128477.53893408903,860,0,246.10204081632654,38,11,15,36.93021062558942,0.615953947368421,45.11217948717947,1019.5512820512793,26.830296896086296,0
1081,4,0,0,47,0.0,0.0,1.0,47,1450,1000,450,0.6896551724137931,19,10,9,335.46645496184703,0.4403522972556275,0.23629370876115874,0.18834848448975203,129688.42734203793,-698.776605997896,128989.65073604004,861,1,257.4468085106383,36,11,15,36.81223512069285,0.6171875,45.354729729729726,1018.5810810810807,28.29391891891891,0
1082,4,0,0,47,0.0,0.0,1.0,47,1300,800,500,0.6153846153846154,18,8,10,335.19810725919064,0.4403522972556275,0.2348798810806234,0.18833553281159235,129717.10519641254,-703.8143718042495,129013.29082460828,862,2,258.4468085106383,36,11,15,36.789971626501575,0.6174768518518519,45.32657657657657,1018.6936936936929,28.297047047047027,0
1083,4,1,0,48,0.020833333333333332,0.0,1.0,48,1200,700,500,0.5833333333333334,17,7,10,330.1706679074749,0.4412954343971631,0.24409431191346087,0.1875804783606202,130150.67737188353,-1005.6127847029979,129145.06458718053,863,0,254.04166666666666,37,11,17,36.47870549466295,0.6199324324324325,44.90131578947368,1020.3947368421042,27.57823613086768,0
1084,4,0,0,48,0.0,0.0,1.0,48,950,300,650,0.3157894736842105,16,3,13,330.3623490212412,0.44034426713947994,0.24583333333333335,0.18822971048884674,130262.5868055555,-993.1810749461421,129269.40573060936,864,1,255.04166666666666,36,12,18,36.36054421768707,0.622974537037037,44.791666666666664,1020.8333333333329,28.35648148148147,0
1085,4,0,0,48,0.0,0.0,1.0,48,700,300,400,0.42857142857142855,11,3,8,331.57681962541614,0.4405474290780142,0.2481662254577537,0.18906134885056744,130291.32806793276,-959.6831628926316,129331.64490504013,865,2,256.0416666666667,36,12,18,36.300463269358026,0.6232638888888888,44.76351351351351,1020.9459459459456,28.3596096096096,0
1086,4,0,0,48,0.0,0.0,1.0,48,1000,700,300,0.7,13,7,6,330.8473978252703,0.44023345153664306,0.23891843971631266,0.1893449050897806,130435.08193582077,-969.1785112815713,129465.9034245392,866,3,257.0416666666667,36,12,18,36.173657810605235,0.6247106481481481,44.62274774774774,1021.5090090090074,28.375250250250204,0
1087,4,0,1,47,0.0,0.020833333333333332,0.9791666666666666,48,1600,1300,300,0.8125,19,13,6,330.6664904034473,0.4396701388888889,0.2416937497704823,0.190086113577713,130607.69120049084,-962.4826262073082,129645.20857428353,867,4,258.0416666666667,36,12,16,36.00377327310786,0.6264467592592593,44.45382882882882,1022.1846846846831,28.394019019018977,0
1088,4,0,1,46,0.0,0.02127659574468085,0.9787234042553191,47,1600,1100,500,0.6875,21,11,10,333.14101621377677,0.43773126734505086,0.2384815214768763,0.1923661697564993,130780.41459956573,-686.335955888329,130094.0786436774,868,5,263.3191489361702,36,11,16,35.76599141252889,0.6281828703703703,44.284909909909906,1022.86036036036,28.412787787787778,0
1089,4,0,0,46,0.0,0.0,1.0,46,1450,800,650,0.5517241379310345,21,8,13,344.53277893549205,0.43761070853462153,0.2354266956330331,0.19939011652279476,130866.81909950472,-182.41822903987227,130684.40087046484,869,6,269.2826086956522,36,10,18,35.38731748477511,0.6290509259259259,44.20045045045044,1023.1981981981967,28.42217217217213,0
1090,4,1,1,46,0.02127659574468085,0.02127659574468085,0.9787234042553191,47,1200,800,400,0.6666666666666666,16,8,8,335.6714382873663,0.43990903484428,0.23539782291294142,0.19560242701449054,131131.5155264117,-596.5791156894715,130534.93641072224,870,0,264.531914893617,37,10,19,35.34674642258145,0.6297860360360361,43.94188596491227,1024.2324561403489,27.681958274063483,0
1091,4,0,0,46,0.0,0.0,1.0,46,850,500,350,0.5882352941176471,12,5,7,344.8790423596815,0.43865740740740744,0.24086669536518834,0.20018840964556212,130982.06948502547,-165.40586194303827,130816.66362308242,871,1,271.1304347826087,36,10,19,35.261963696369634,0.6302083333333333,44.08783783783783,1023.6486486486478,28.43468468468466,0
1092,4,0,0,46,0.0,0.0,1.0,46,1550,1200,350,0.7741935483870968,19,12,7,344.74645455821053,0.43901972624798713,0.24152570734645895,0.20071218039387728,131097.3705969481,-160.92925695968253,130936.44133998842,872,2,272.1304347826087,36,10,21,35.14886188695844,0.6313657407407407,43.975225225225216,1024.0990990990977,28.447197197197156,0
1093,4,0,0,46,0.0,0.0,1.0,46,1350,1000,350,0.7407407407407407,17,10,7,343.5468519552093,0.4388586956521739,0.10573284786178316,0.18848651607272293,128778.125,-351.5332055028003,128426.5917944972,873,3,273.1304347826087,39,7,17,37.53249863163656,0.6025641025641026,46.25,1015.0,26.025641025641026,8
1094,4,0,2,44,0.0,0.043478260869565216,0.9565217391304348,46,1150,600,550,0.5217391304347826,17,6,11,344.9414858645629,0.43913043478260866,0.11293199554069067,0.19001014051861503,128936.76757812501,-304.8719618055547,128631.89561631947,874,4,274.1304347826087,39,7,18,37.335470085470085,0.6041666666666667,46.09375,1015.6250000000001,26.041666666666668,0
1095,4,2,0,46,0.043478260869565216,0.0,1.0,46,1400,1100,300,0.7857142857142857,17,11,6,342.7372913739588,0.4408917069243156,0.1337645514375383,0.1898149716679034,129149.73416121355,-347.1139863837681,128802.62017482978,875,0,271.32608695652175,40,6,20,37.1746484036526,0.6046875,45.88414634146341,1016.4634146341461,25.411585365853654,0
1096,4,2,0,48,0.041666666666666664,0.0,1.0,48,1250,700,550,0.56,18,7,11,319.73996861553235,0.4445552600472813,0.14221722700026107,0.1755139141026887,128798.2646762405,-1089.3998723600212,127708.86480388048,876,0,260.9791666666667,41,7,13,38.11612262183998,0.5995934959349594,46.23015873015871,1015.0793650793621,24.75803329461859,8
1097,4,0,1,47,0.0,0.020833333333333332,0.9791666666666666,48,1200,900,300,0.75,15,9,6,317.60896982281685,0.44435209810874704,0.13170841879089767,0.1751210684984287,128974.55401431395,-1407.3049532313044,127567.24906108265,877,1,261.9791666666667,41,7,14,37.99107578865121,0.6013719512195121,46.05654761904761,1015.7738095238087,24.774970963995333,0
1098,4,1,1,47,0.020833333333333332,0.020833333333333332,0.9791666666666666,48,1200,900,300,0.75,15,9,6,316.11126041386706,0.4419787972813239,0.13490437158469915,0.17529806259314462,129201.38888888908,-1431.3979237528147,127769.99096513627,878,0,262.9166666666667,40,8,16,37.79883879781421,0.6052083333333333,45.83333333333334,1016.6666666666682,25.416666666666707,0
1099,4,1,1,47,0.020833333333333332,0.020833333333333332,0.9791666666666666,48,1050,600,450,0.5714285714285714,15,6,9,319.2803405974412,0.4422650709219858,0.1598622898984856,0.17833756893939637,129485.6745013717,-1331.553948542517,128154.12055282919,879,0,263.1041666666667,40,8,13,37.42989682143451,0.6080729166666667,45.553861788617894,1017.7845528455298,25.444613821138244,0
1100,4,0,0,47,0.0,0.0,1.0,47,1400,900,500,0.6428571428571429,19,9,10,317.9858060084081,0.44104609929078015,0.16480177025353893,0.17808271606474255,129589.12854658291,-1158.4993018375144,128430.6292447454,880,1,266.72340425531917,40,7,13,37.357978174801204,0.6091145833333333,45.45223577235773,1018.1910569105706,25.454776422764265,0
1101,4,1,1,47,0.020833333333333332,0.020833333333333332,0.9791666666666666,48,1000,500,500,0.5,15,5,10,311.11267858124387,0.44208961288416077,0.16962547454492283,0.17531873543966658,129832.53146455363,-1521.4906738158065,128311.04079073782,881,0,262.1458333333333,41,7,14,37.2865561828742,0.610010162601626,45.21329365079366,1019.1468253968271,24.857239643825054,0
1102,4,1,1,47,0.020833333333333332,0.020833333333333332,0.9791666666666666,48,1200,1000,200,0.8333333333333334,14,10,4,312.0399302860434,0.4425698138297873,0.18111810755616053,0.17698326547884063,130085.41907793199,-1481.630979938283,128603.7880979937,882,0,261.7916666666667,41,7,15,37.007176083503516,0.6125508130081301,44.96527777777777,1020.138888888888,24.88143631436312,0
1103,4,0,1,46,0.0,0.02127659574468085,0.9787234042553191,47,950,800,150,0.8421052631578947,11,8,3,318.8768459161997,0.44181699044094974,0.18245682464244006,0.1807208866437545,130055.18297846834,-1105.6826913543714,128949.50028711396,883,1,267.8723404255319,40,7,15,36.863397097406256,0.6138020833333333,44.99491869918698,1020.0203252032508,25.50050813008127,0
1104,4,0,0,46,0.0,0.0,1.0,46,1150,500,650,0.43478260869565216,18,5,13,327.5402754165605,0.4407004830917874,0.18179900242952352,0.18522771554319536,129970.32470703126,-685.896809895833,129284.42789713544,884,2,274.5217391304348,39,7,15,36.7284068852794,0.6145833333333333,45.078125,1019.6875000000001,26.145833333333336,0
1105,4,0,0,46,0.0,0.0,1.0,46,1300,600,700,0.46153846153846156,20,6,14,326.66386121528,0.4400462962962963,0.1836027813617589,0.18575076411799754,130184.7910056843,-694.6666997157929,129490.12430596851,885,3,275.5217391304348,40,6,16,36.53364203677885,0.6151041666666667,44.86788617886178,1020.5284552845517,25.51321138211379,0
1106,4,0,0,46,0.0,0.0,1.0,46,1250,700,550,0.56,18,7,11,326.69720949604334,0.4392713365539453,0.184826974267968,0.18614143331751307,130262.5868055555,-688.6688024654679,129573.91800309003,886,4,276.5217391304348,38,8,17,36.45408163265306,0.6192434210526316,44.791666666666664,1020.8333333333329,26.864035087719287,0
1107,4,0,1,45,0.0,0.021739130434782608,0.9782608695652174,46,1350,900,450,0.6666666666666666,18,9,9,323.9010298579033,0.43887882447665055,0.18605388342842955,0.18543475772425316,130448.74267578125,-749.503580729167,129699.23909505208,887,5,277.5217391304348,39,7,17,36.33724635464465,0.6193910256410257,44.609375,1021.5625,26.193910256410255,0
1108,4,0,0,45,0.0,0.0,1.0,45,900,600,300,0.6666666666666666,12,6,6,331.304863991512,0.43735269360269363,0.18952238146714562,0.18929726209772035,130371.67302441737,-361.44612005991075,130010.22690435746,888,6,284.02222222222224,38,7,18,36.226113261498746,0.6203399122807017,44.684829059829056,1021.2606837606833,26.875281151596926,0
1109,4,0,1,44,0.0,0.022222222222222223,0.9777777777777777,45,1150,800,350,0.6956521739130435,15,8,7,332.8876951381856,0.4366372053872054,0.19557229020674294,0.19046913544082533,130426.23325525965,-316.54236522025326,130109.69089003939,889,7,285.02222222222224,38,7,18,36.13050413136702,0.6208881578947368,44.631410256410255,1021.4743589743586,26.88090418353575,0
1110,4,0,1,43,0.0,0.022727272727272728,0.9772727272727273,44,950,800,150,0.8421052631578947,11,8,3,337.15890056860275,0.4348132487667371,0.19405886938829853,0.19304870702017848,130453.51765103373,-3.2870826941252744,130450.23056833961,890,8,291.3863636363636,38,6,18,35.99382102767902,0.6211622807017544,44.60470085470086,1021.5811965811971,26.88371569950519,0
1111,4,1,0,44,0.022727272727272728,0.0,1.0,44,1150,900,250,0.782608695652174,14,9,5,339.6313727469757,0.43485729386892175,0.20911797384689867,0.19597897114567822,130753.83434007248,81.62084976990707,130835.4551898424,891,0,290.8863636363636,38,6,16,35.62689334586859,0.6241776315789473,44.310897435897445,1022.7564102564116,26.91464237516873,0
1112,4,0,0,44,0.0,0.0,1.0,44,1100,700,400,0.6363636363636364,15,7,8,340.4520857281045,0.4344939217758985,0.20256607427660045,0.1968701191384259,130835.79881656823,108.66411900067703,130944.46293556891,892,1,291.8863636363636,38,6,16,35.52305242272347,0.625,44.23076923076924,1023.0769230769245,26.92307692307696,0
1113,4,0,1,43,0.0,0.022727272727272728,0.9772727272727273,44,1400,1100,300,0.7857142857142857,17,11,6,340.42811721582035,0.43405347075405215,0.2009066239052666,0.19755552943941704,130972.46334876545,117.34182098765274,131089.8051697531,893,2,292.8863636363636,38,6,16,35.38557213930348,0.6263706140350878,44.09722222222222,1023.6111111111113,26.937134502923982,0
1114,4,1,0,44,0.022727272727272728,0.0,1.0,44,950,600,350,0.631578947368421,13,6,7,332.8045475576707,0.4329633544749824,0.20565410199556533,0.19492837785520692,131328.12499999988,-58.19830246915035,131269.92669753073,894,0,289.8636363636364,38,6,17,35.22188346883469,0.6299342105263157,43.74999999999999,1024.999999999999,26.97368421052629,0
1115,4,0,0,44,0.0,0.0,1.0,44,1550,1200,350,0.7741935483870968,19,12,7,332.7479740513628,0.4326220049330514,0.2050569780329079,0.19531390256702919,131410.26925131484,-54.6998274161881,131355.56942389865,895,1,290.8636363636364,38,6,17,35.14053871001352,0.6307565789473684,43.66987179487179,1025.320512820512,26.982118758434527,0
1116,4,0,1,43,0.0,0.022727272727272728,0.9772727272727273,44,1000,700,300,0.7,13,7,6,336.181152188551,0.4322696441155744,0.21817092916457592,0.1978954777536648,131519.8348696945,42.89792442835608,131562.73279412286,896,2,291.8636363636364,38,6,17,34.94210672499392,0.6318530701754386,43.56303418803418,1025.747863247862,26.993364822312156,0
1117,4,0,1,42,0.0,0.023255813953488372,0.9767441860465116,43,900,600,300,0.6666666666666666,12,6,6,327.88744413429595,0.43120155038759694,0.17571728789525265,0.18582757068187067,130055.18297846858,-7.955615782716734,130047.22736268587,897,3,298.69767441860466,40,3,16,36.63362226428881,0.6138020833333333,44.994918699187,1020.0203252032527,25.500508130081318,8
1118,4,1,0,43,0.023255813953488372,0.0,1.0,43,1250,900,350,0.72,16,9,7,326.08494803137893,0.4316860465116279,0.17254527895824578,0.1859196379089904,130289.17236328125,-102.76715461871675,130186.40520866253,898,0,298.04651162790697,39,4,17,36.44281620923036,0.6177884615384616,44.765625,1020.9375,26.177884615384617,0
1119,4,1,1,43,0.022727272727272728,0.022727272727272728,0.9772727272727273,44,850,600,250,0.7058823529411765,11,6,5,321.3589524860958,0.4328312191684285,0.1749009892037543,0.1842042707123836,130496.11363110592,-412.7811240002503,130083.33250710568,899,0,292.25,40,4,13,36.35431171672966,0.6182291666666666,44.56300813008131,1021.7479674796756,25.54369918699189,0
1120,4,0,0,43,0.0,0.0,1.0,43,1000,600,400,0.6,14,6,8,327.880149399782,0.43127076411960136,0.18099450920863802,0.18745567725159568,130395.54172092033,-49.17805989581379,130346.36366102452,900,2,300.04651162790697,39,4,17,36.28941441441442,0.6188568376068376,44.66145833333334,1021.3541666666682,26.188568376068417,0
1121,4,0,0,43,0.0,0.0,1.0,43,1300,900,400,0.6923076923076923,17,9,8,326.37846394803665,0.4304863418235511,0.17385311021937433,0.18720681431816982,130522.07396597626,-80.08119753450438,130441.99276844176,901,3,301.04651162790697,40,3,13,36.19985910823803,0.6184895833333333,44.537601626016276,1021.8495934959376,25.54623983739844,0
1122,4,0,1,42,0.0,0.023255813953488372,0.9767441860465116,43,850,500,350,0.5882352941176471,12,5,7,341.7717024761673,0.4307170542635659,0.17874846694428737,0.18586864561053942,128427.65239771297,191.9723709432189,128619.62476865618,902,4,302.04651162790697,40,3,15,37.93488068979346,0.5973958333333333,46.59552845528455,1013.6178861788616,25.34044715447154,8
1123,4,0,0,42,0.0,0.0,1.0,42,1150,500,650,0.43478260869565216,18,5,13,350.0513239368216,0.42872870692992643,0.1719269102990033,0.1785855059406499,125834.72222222244,414.3697534536557,126249.0919756761,903,9,310.14285714285717,39,3,18,40.38621262458472,0.5726495726495726,49.16666666666668,1003.3333333333351,25.72649572649577,8
1124,4,3,0,45,0.06666666666666667,0.0,1.0,45,1200,900,300,0.75,15,9,6,330.5711004701463,0.43571127946127947,0.10910443722943719,0.16691130974558246,125406.83455615074,-666.6374388591139,124740.19711729162,904,0,290.4,40,5,17,41.315780573593074,0.5666666666666667,49.593495934959364,1001.6260162601651,25.040650406504128,7
1125,4,3,1,47,0.0625,0.020833333333333332,0.9791666666666666,48,1350,900,450,0.6666666666666666,18,9,9,319.80588899284265,0.44298537234042556,0.1504120879120876,0.16461299921157763,126200.78667534744,-1521.5941406507995,124679.19253469663,905,0,273.1875,39,9,20,40.768626028059984,0.5763888888888888,48.80208333333334,1004.7916666666684,25.763888888888935,0
1126,4,2,2,47,0.04081632653061224,0.04081632653061224,0.9591836734693877,49,1500,1200,300,0.8,18,12,6,346.3417091493385,0.44706632653061223,0.17864947325044622,0.16964169829762332,124137.67123570648,-920.8508132146649,123216.82042249182,906,0,260.16326530612247,40,9,16,42.23519613841866,0.5536458333333334,50.86382113821139,996.5447154471562,24.913617886178905,8
1127,4,6,6,47,0.11320754716981132,0.11320754716981132,0.8867924528301887,53,1250,700,550,0.56,18,7,11,331.96913283099383,0.45387336719883886,0.25253961843034634,0.16772013030830887,125432.28366258515,-2260.131721362939,123172.15194122221,907,0,241.35849056603774,40,13,14,41.25452301241082,0.5669270833333333,49.56808943089431,1001.7276422764231,25.04319105691058,0
1128,4,3,3,47,0.06,0.06,0.94,50,1450,1100,350,0.7586206896551724,18,11,7,337.16223417325335,0.45079931972789117,0.2584114772845405,0.17060302632890742,125495.28130425366,-1537.5461154513673,123957.7351888023,908,0,251.72,39,11,16,41.05946997262363,0.5691773504273504,49.50520833333334,1001.9791666666682,25.691773504273545,0
1129,4,2,1,48,0.04081632653061224,0.02040816326530612,0.9795918367346939,49,1300,900,400,0.6923076923076923,17,9,8,346.76453858440965,0.4503082482993197,0.282149374444969,0.17657301650075566,125756.34901258719,-1078.431532118017,124677.91748046917,909,0,257.46938775510205,39,10,18,40.54949025513208,0.5718482905982907,49.244791666666686,1003.0208333333364,25.718482905982984,0
1130,4,3,2,49,0.058823529411764705,0.0392156862745098,0.9607843137254902,51,850,700,150,0.8235294117647058,10,7,3,341.44609885531304,0.4569771241830065,0.31164783794312423,0.17778745147293915,126672.22222222241,-1548.6680772569266,125123.55414496548,910,0,238.9607843137255,39,12,17,39.74027317880793,0.5811965811965811,48.33333333333334,1006.6666666666682,25.81196581196585,0
1131,4,0,2,47,0.0,0.04081632653061224,0.9591836734693877,49,1100,700,400,0.6363636363636364,15,7,8,353.2193601864119,0.45296556122448983,0.3067315508253219,0.18302478129637162,126473.33311646222,-865.4340391920443,125607.89907727018,911,1,249.6122448979592,38,11,17,39.648610373517435,0.5808662280701755,48.53098290598291,1005.8760683760692,26.47042285200182,0
1132,4,1,0,48,0.020833333333333332,0.0,1.0,48,1550,1000,550,0.6451612903225806,21,10,11,364.5473078597545,0.44983747044917255,0.32013351849834804,0.18984168085424888,126677.74128818489,-363.99408952754004,126313.74719865735,912,0,255.02083333333334,37,11,19,39.15321043459317,0.584740990990991,48.327850877192986,1006.6885964912286,27.20779990516834,0
1133,4,1,1,48,0.02040816326530612,0.02040816326530612,0.9795918367346939,49,1800,1300,500,0.7222222222222222,23,13,10,355.7814174283334,0.4511231575963719,0.31700997482503057,0.18692391174018655,127038.15563591193,-760.4369840748159,126277.71865183712,913,0,250.79591836734693,38,11,20,39.00332944750603,0.5866228070175439,47.970085470085465,1008.1196581196571,26.529464687359397,0
1134,4,3,3,48,0.058823529411764705,0.058823529411764705,0.9411764705882353,51,1050,600,450,0.5714285714285714,15,6,9,334.30598770073243,0.453202614379085,0.3230979705084134,0.17852344516566915,127696.68104383687,-1662.024154958469,126034.6568888784,914,0,241.47058823529412,39,12,16,38.870388024322374,0.5916132478632479,47.317708333333336,1010.7291666666672,25.91613247863249,0
1135,4,2,1,49,0.04,0.02,0.98,50,1450,1100,350,0.7586206896551724,18,11,7,340.96671034838516,0.45235544217687074,0.32734305643627093,0.18227271261674716,127739.20323800152,-1289.03681788295,126450.16642011856,915,0,247.24,38,12,21,38.65858169520186,0.59375,47.275641025641036,1010.8974358974376,26.60256410256415,0
1136,4,0,0,49,0.0,0.0,1.0,49,1850,1400,450,0.7567567567567568,23,14,9,344.94846541961306,0.4516369047619047,0.3203495381892585,0.1851163230654995,127894.85857427311,-976.5729599491885,126918.28561432392,916,1,252.59183673469389,37,12,22,38.398712737127376,0.5971283783783784,47.1217105263158,1011.5131578947389,27.338193456614565,0
1137,4,1,0,50,0.02,0.0,1.0,50,1100,700,400,0.6363636363636364,15,7,8,339.5245164919537,0.45291666666666663,0.3223216547066272,0.18321949420716147,128117.48940755367,-1300.1942709474567,126817.29513660622,917,0,248.52,38,12,23,38.30840192767693,0.5975877192982456,46.90170940170941,1012.3931623931637,26.641925326135887,0
1138,4,2,0,52,0.038461538461538464,0.0,1.0,52,1300,900,400,0.6923076923076923,17,9,8,325.63958206552013,0.45640082956259426,0.322941845585099,0.17795051908832996,128619.58007812523,-2023.2718860147452,126596.30819211049,918,0,239.92307692307693,39,13,17,38.14823372355721,0.6009615384615384,46.406250000000014,1014.3750000000018,26.009615384615433,0
1139,4,1,1,52,0.018867924528301886,0.018867924528301886,0.9811320754716981,53,1550,1000,550,0.6451612903225806,21,10,11,319.3163864760369,0.45759252539912915,0.3204809404318867,0.17580874104986444,128917.41569378355,-2366.911333366375,126550.50436041718,919,0,236.37735849056602,40,13,20,38.005770706160966,0.60234375,46.112804878048784,1015.5487804878056,25.38871951219514,0
1140,4,1,2,51,0.018867924528301886,0.03773584905660377,0.9622641509433962,53,1300,900,400,0.6923076923076923,17,9,8,316.9037999999999,0.4583182148040639,0.32135849056603716,0.1752786504424779,129098.0897613855,-2417.6649563751675,126680.42480501033,920,0,237.32075471698113,40,13,21,37.88354166666666,0.6041666666666667,45.9349593495935,1016.2601626016267,25.406504065040668,0
1141,4,1,1,51,0.019230769230769232,0.019230769230769232,0.9807692307692307,52,1500,1200,300,0.8,18,12,6,323.59472414477614,0.4566914906988437,0.31820349886866306,0.17908756230746325,129121.97401258668,-2043.3620876736202,127078.61192491306,921,0,242.67307692307693,39,13,22,37.68928717843602,0.6060363247863247,45.91145833333333,1016.3541666666656,26.060363247863222,0
1142,4,1,0,52,0.019230769230769232,0.0,1.0,52,1500,1200,300,0.8,18,12,6,330.6403910475012,0.45818407491201607,0.32725478488738546,0.18387411674799856,129312.88954293601,-1848.7382986832802,127464.15124425273,922,0,243.40384615384616,37,15,23,37.31628216185137,0.6114864864864865,45.7236842105263,1017.1052631578925,27.489331436699796,0
1143,4,0,0,52,0.0,0.0,1.0,52,1250,800,450,0.64,17,8,9,332.4732005623894,0.45832547762694825,0.3299409687100998,0.18515524338642517,129368.65790435486,-1797.677650815676,127570.98025353918,923,1,244.40384615384616,37,15,23,37.21303082560896,0.6120495495495495,45.66885964912279,1017.3245614035061,27.495258416310975,0
1144,4,2,2,52,0.037037037037037035,0.037037037037037035,0.962962962962963,54,1100,400,700,0.36363636363636365,18,4,14,322.23860184940344,0.4597091194968554,0.27876510181115544,0.17583676782877256,128561.83992097832,-2511.4046204215406,126050.43530055678,924,0,236.3148148148148,42,12,17,38.29324320020384,0.595734126984127,46.463178294573645,1014.1472868217056,24.146363971945373,8
1145,4,1,1,52,0.018867924528301886,0.018867924528301886,0.9811320754716981,53,1200,1100,100,0.9166666666666666,13,11,2,327.572321846447,0.4580158442186744,0.28646701018945353,0.17924463004406713,128672.41753472232,-2170.0954861111004,126502.32204861123,925,0,241.33962264150944,41,12,18,38.04543121149898,0.5983231707317074,46.35416666666667,1014.5833333333342,24.745934959349615,0
1146,4,2,1,53,0.037037037037037035,0.018518518518518517,0.9814814814814815,54,1500,1000,500,0.6666666666666666,20,10,10,320.97725665224186,0.45628057302585606,0.300740952643308,0.17744272485567017,129078.27546609288,-2513.761849498219,126564.51361659466,926,0,237.77777777777777,42,12,21,37.80017323034869,0.6009424603174602,45.95445736434109,1016.1821705426364,24.194813584348488,0
1147,4,1,3,51,0.018518518518518517,0.05555555555555555,0.9444444444444444,54,1750,1200,550,0.6857142857142857,23,12,11,297.25710644860726,0.4564261588632658,0.24110628451372085,0.159249238341769,127825.8705907095,-3180.9557343308834,124644.91485637861,927,0,236.61111111111111,42,12,16,39.67496326817427,0.5882936507936508,47.18992248062015,1011.2403100775177,24.0771502399409,8
1148,4,1,2,50,0.019230769230769232,0.038461538461538464,0.9615384615384616,52,1150,800,350,0.6956521739130435,15,8,7,315.7115743499865,0.45626728255404725,0.2528961186596661,0.16874707308217723,127733.27637525622,-2334.625243737181,125398.65113151903,928,0,246.53846153846155,40,12,17,39.302888643142005,0.5903645833333333,47.28150406504066,1010.8739837398381,25.27184959349595,0
1149,4,3,0,53,0.05660377358490566,0.0,1.0,53,1250,600,650,0.48,19,6,13,310.2316319550928,0.45849963715529757,0.280980328592652,0.16866289354486888,128415.10662073549,-2629.6704521940965,125785.43616854139,929,0,241.24528301886792,38,15,17,38.74688169776185,0.6006030701754386,46.607905982905976,1013.568376068375,26.672852001799342,0
1150,4,1,1,53,0.018518518518518517,0.018518518518518517,0.9814814814814815,54,1650,1100,550,0.6666666666666666,22,11,11,302.61965025324514,0.4603715350570696,0.2813434552564995,0.16542986576275423,128633.75491605519,-3014.5796153083475,125619.17530074684,930,0,237.75925925925927,40,14,18,38.71760836171777,0.5994791666666667,46.392276422764226,1014.4308943089425,25.36077235772356,0
1151,4,0,0,53,0.0,0.0,1.0,53,1550,1300,250,0.8387096774193549,18,13,5,307.3375591699916,0.45921020803096274,0.2877440828259079,0.1680606675326527,128645.99745008668,-2692.4506293402887,125953.54682074639,931,1,242.81132075471697,39,14,18,38.58551956052983,0.6012286324786325,46.38020833333333,1014.4791666666656,26.0122863247863,0
1152,4,0,1,52,0.0,0.018867924528301886,0.9811320754716981,53,1650,1500,150,0.9090909090909091,18,15,3,305.748128419554,0.45911949685534587,0.2872980157223266,0.16768295214311282,128762.65290377749,-2726.2119728666803,126036.44093091082,932,2,243.81132075471697,40,13,19,38.50735122325691,0.60078125,46.265243902439025,1014.9390243902436,25.373475609756092,0
1153,4,2,0,54,0.037037037037037035,0.0,1.0,54,1600,1300,300,0.8125,19,13,6,293.9398011287292,0.46024050780340087,0.284001214329084,0.16300298062593144,129201.38888888874,-3203.021514971256,125998.36737391748,933,0,237.94444444444446,40,14,21,38.362363387978164,0.6052083333333333,45.83333333333333,1016.6666666666655,25.416666666666636,0
1154,4,1,0,55,0.01818181818181818,0.0,1.0,55,1500,1000,500,0.6666666666666666,20,10,10,289.21120663181296,0.4601711560044894,0.28594815825375264,0.16182581256573933,129554.6392746911,-3506.269290123477,126048.36998456763,934,0,234.6,41,14,14,38.12528422010004,0.6072154471544715,45.4861111111111,1018.0555555555534,24.830623306233008,0
1155,4,0,1,54,0.0,0.01818181818181818,0.9818181818181818,55,1900,1300,600,0.6842105263157895,25,13,12,288.65755263290623,0.4598063973063973,0.2853184110153002,0.1619903649612641,129669.75509472076,-3513.9691687699205,126155.78592595084,935,1,235.6,42,13,15,38.02306314020232,0.6068948412698413,45.37306201550387,1018.5077519379837,24.250184569951994,0
1156,4,0,0,54,0.0,0.0,1.0,54,1500,1000,500,0.6666666666666666,20,10,10,296.38742823221673,0.4583551712089448,0.2898648770543566,0.16616149376317316,129630.39852804528,-3115.8359119110764,126514.5626161342,936,2,240.92592592592592,41,13,15,37.86602938788766,0.6079776422764227,45.41170634920634,1018.353174603173,24.837882307394462,0
1157,4,1,1,54,0.01818181818181818,0.01818181818181818,0.9818181818181818,55,1850,1200,650,0.6486486486486487,25,12,13,338.9455195007447,0.45795454545454545,0.2771419082565838,0.18785113902996822,129178.36757147915,-2241.576422213678,126936.79114926547,937,0,237.52727272727273,45,10,18,37.241880513231756,0.5979166666666667,45.85597826086956,1016.5760869565213,22.59057971014492,8
1158,4,1,2,53,0.01818181818181818,0.03636363636363636,0.9636363636363636,55,1650,1300,350,0.7878787878787878,20,13,7,336.512365831883,0.45646745230078567,0.2952622343536757,0.1878097850219505,129453.66138353462,-2287.440223761587,127166.22115977303,938,0,238.38181818181818,41,14,15,37.023948787937876,0.6061991869918699,45.58531746031745,1017.658730158728,24.820944638017757,0
1159,4,1,1,53,0.018518518518518517,0.018518518518518517,0.9814814814814815,54,1100,700,400,0.6363636363636364,15,7,8,344.1537049893079,0.4567828441649196,0.30935778889394205,0.1925684471428718,129554.63927469101,-1882.6581790123832,127671.98109567862,939,0,242.12962962962962,41,13,16,36.726921327876305,0.6072154471544715,45.48611111111109,1018.0555555555527,24.830623306232994,0
1160,4,0,1,52,0.0,0.018867924528301886,0.9811320754716981,53,1600,1200,400,0.75,20,12,8,352.48319140832785,0.4555212868892114,0.3185306408390105,0.1974024088719972,129589.12854658245,-1464.402079615335,128124.72646696711,940,1,247.50943396226415,40,13,18,36.479854942276354,0.6091145833333333,45.45223577235771,1018.1910569105669,25.454776422764173,0
1161,4,0,1,51,0.0,0.019230769230769232,0.9807692307692307,52,1350,1100,250,0.8148148148148148,16,11,5,353.0372610321419,0.45398912770236305,0.328945348774742,0.198234872119056,129692.62390318223,-1242.7342562297986,128449.88964695243,941,2,253.03846153846155,40,12,18,36.36053743057633,0.61015625,45.35060975609754,1018.5975609756065,25.464939024390162,0
1162,4,0,0,51,0.0,0.0,1.0,51,2100,1700,400,0.8095238095238095,25,17,8,352.5656517593406,0.45272875816993463,0.32404380032943836,0.19867838401117385,129832.53146455319,-1045.1017849269633,128787.42967962622,942,3,258.3137254901961,41,10,19,36.23038953243128,0.610010162601626,45.21329365079364,1019.1468253968236,24.857239643824965,0
1163,4,0,1,50,0.0,0.0196078431372549,0.9803921568627451,51,2150,1400,750,0.6511627906976745,29,14,15,351.3057238093382,0.4518300653594771,0.31453795407862595,0.1989958207429094,130034.82187145686,-1063.6045564059004,128971.21731505096,943,4,259.3137254901961,41,10,19,36.05710777161753,0.6120426829268293,45.01488095238095,1019.9404761904758,24.876596980255506,0
1164,4,0,0,50,0.0,0.0,1.0,50,1250,700,550,0.56,18,7,11,353.19757966371463,0.4509183673469388,0.31692277766971366,0.20019721687443837,130060.119244457,-812.6161344167376,129247.50311004027,944,5,264.92,41,9,20,35.983190689230355,0.6122967479674797,44.99007936507936,1020.0396825396823,24.879016647309324,0
1165,4,0,1,49,0.0,0.02,0.98,50,1250,800,450,0.64,17,8,9,349.67188884927236,0.4509778911564626,0.31255199924019395,0.19847414111557893,130114.25212014,-900.5407389880409,129213.71138115195,945,6,265.92,42,8,20,36.01817994744674,0.611359126984127,44.93701550387597,1020.251937984496,24.291712809154667,0
1166,4,0,1,48,0.0,0.02040816326530612,0.9795918367346939,49,1350,900,450,0.6666666666666666,18,9,9,357.2694170304108,0.4498653628117914,0.3232057847348566,0.20330193244631628,130213.13252095717,-495.7660109068071,129717.36651005036,946,7,271.0612244897959,42,7,20,35.72403398841736,0.6123511904761905,44.84011627906976,1020.6395348837201,24.30094130675524,0
1167,4,0,2,46,0.0,0.041666666666666664,0.9583333333333334,48,1300,800,500,0.6153846153846154,18,8,10,359.18993648686916,0.4491725768321513,0.3283938466025087,0.20425576985298066,130186.6430165815,-247.6535926870846,129938.98942389441,947,8,277.3541666666667,41,7,21,35.70191746864977,0.6135670731707317,44.86607142857142,1020.5357142857132,24.891114982578372,0
1168,4,1,1,46,0.02127659574468085,0.02127659574468085,0.9787234042553191,47,1650,1100,550,0.6666666666666666,22,11,11,370.7851945572689,0.44761794634597596,0.33954824073418344,0.21171811875609103,130346.55044100108,266.18064585021443,130612.73108685129,948,0,282.51063829787233,37,10,22,35.2436334514478,0.6219031531531531,44.709429824561404,1021.1622807017543,27.598980559506874,0
1169,4,0,0,46,0.0,0.0,1.0,46,1750,1500,250,0.8571428571428571,20,15,5,378.8630271253294,0.44585346215781,0.3424473330345139,0.216174786065629,130318.55955678667,674.5767928593395,130993.13634964601,949,1,289.04347826086956,37,9,22,35.06586483390608,0.6216216216216216,44.73684210526316,1021.0526315789471,27.596017069701272,0
1170,4,0,0,46,0.0,0.0,1.0,46,1300,800,500,0.6153846153846154,18,8,10,377.7984790867515,0.4457226247987118,0.34251498123844915,0.2161898422095932,130430.54112803945,655.2920129270599,131085.8331409665,950,2,290.04347826086956,37,9,22,34.979247173321895,0.6227477477477478,44.627192982456144,1021.4912280701758,27.60787102892367,0
1171,4,0,0,46,0.0,0.0,1.0,46,950,500,450,0.5263157894736842,14,5,9,367.2544156092237,0.444987922705314,0.2837103245235091,0.20514495724821816,129487.77113261935,331.8749728101145,129819.64610542946,951,3,291.04347826086956,36,10,17,36.20707936859186,0.615162037037037,45.551801801801815,1017.7927927927948,28.272022022022078,8
1172,4,0,1,45,0.0,0.021739130434782608,0.9782608695652174,46,650,500,150,0.7692307692307693,8,5,3,369.1692282089434,0.44512882447665053,0.2858166602539436,0.20651545934460724,129545.08562616695,364.8118557747269,129909.89748194168,952,4,292.04347826086956,36,10,17,36.099972345132755,0.6157407407407407,45.49549549549551,1018.01801801802,28.278278278278336,0
1173,4,0,0,45,0.0,0.0,1.0,45,1600,1300,300,0.8125,19,13,6,360.45858421993546,0.4438973063973064,0.21055017996540903,0.1987958363551709,128984.24373584628,300.67707682160705,129284.92081266789,953,5,298.8,38,7,16,36.89305497125228,0.606359649122807,46.047008547008545,1015.8119658119656,26.73189383715699,8
1174,4,1,0,46,0.021739130434782608,0.0,1.0,46,1550,1200,350,0.7741935483870968,19,12,7,352.9385086774497,0.4449577294685991,0.21067602650496253,0.19655242998255573,129368.6579043552,-67.79850515123178,129300.85939920397,954,0,293.2826086956522,37,9,17,36.69253431055545,0.6120495495495495,45.66885964912281,1017.3245614035088,27.49525841631105,0
1175,4,0,1,45,0.0,0.021739130434782608,0.9782608695652174,46,1650,1400,250,0.8484848484848485,19,14,5,353.3299753019402,0.4447061191626409,0.22005338203273173,0.1977497782205253,129563.94184989613,-44.235125230838605,129519.70672466529,955,1,294.2826086956522,37,9,16,36.48391222401723,0.6140202702702703,45.47697368421053,1018.0921052631579,27.516002844950215,0
1176,4,0,0,45,0.0,0.0,1.0,45,1000,800,200,0.8,12,8,4,359.42296716724553,0.4434132996632996,0.22754697626707676,0.20153057194342278,129636.22708013744,318.8474779019738,129955.07455803941,956,2,301.1333333333333,38,7,16,36.25528920128689,0.6129385964912281,45.40598290598291,1018.3760683760692,26.799370220422873,0
1177,4,0,1,44,0.0,0.022222222222222223,0.9777777777777777,45,1300,900,400,0.6923076923076923,17,9,8,361.14397242527616,0.4435185185185185,0.22689322425005298,0.20277659794479275,129690.63321827742,367.3980933596314,130058.03131163705,957,3,302.1333333333333,38,7,16,36.15612544577304,0.6134868421052632,45.3525641025641,1018.5897435897433,26.804993252361665,0
1178,4,0,0,44,0.0,0.0,1.0,44,1300,1000,300,0.7692307692307693,16,10,6,363.24271582268017,0.44281844608879495,0.226947527996479,0.20475082132030406,129843.17440221999,632.9174601800637,130476.09186240005,958,4,308.79545454545456,37,7,17,35.9475300340685,0.6168355855855856,45.202850877192986,1019.1885964912286,27.54563774300618,0
1179,4,2,0,46,0.043478260869565216,0.0,1.0,46,950,600,350,0.631578947368421,13,6,7,351.1772430465385,0.4457427536231884,0.22622136763305734,0.20095621598412505,130430.5411280396,-37.79985187747829,130392.74127616211,959,0,296.32608695652175,37,9,19,35.65908115070847,0.6227477477477478,44.62719298245615,1021.491228070177,27.607871028923704,0
1180,4,0,1,45,0.0,0.021739130434782608,0.9782608695652174,46,900,600,300,0.6666666666666666,12,6,6,349.92909692220917,0.4450684380032206,0.15195425653134875,0.19206680241813437,128794.39153928324,-8.628275017727702,128785.76326426551,960,1,297.32608695652175,38,8,15,37.3539627407641,0.6044407894736843,46.23397435897435,1015.0641025641016,26.712213225371094,8
1181,4,1,3,43,0.021739130434782608,0.06521739130434782,0.9347826086956522,46,1150,700,450,0.6086956521739131,16,7,9,352.9148818503335,0.44534017713365537,0.15602300311310002,0.1950362255246088,129065.65176647292,-90.16215117979544,128975.48961529312,961,0,298.2826086956522,38,8,16,37.00167350085865,0.6071820175438596,45.966880341880334,1016.1324786324774,26.740328385065194,0
1182,4,0,1,42,0.0,0.023255813953488372,0.9767441860465116,43,1000,600,400,0.6,14,6,8,362.40432897225355,0.4434754521963824,0.15924427881531567,0.19948152963629567,128907.38195516117,743.3186514060321,129650.7006065672,962,1,317.8139534883721,35,8,16,36.92206139351112,0.6113095238095239,46.12268518518518,1015.5092592592591,29.014550264550262,0
1183,4,1,0,43,0.023255813953488372,0.0,1.0,43,1350,900,450,0.6666666666666666,18,9,9,354.5130643297757,0.4442368032484312,0.15974814574364804,0.19645116216727362,129172.76810171665,558.68676953982,129731.45487125647,963,0,315.5813953488372,36,7,18,36.851944167497514,0.6119791666666667,45.86148648648649,1016.5540540540545,28.237612612612626,0
1184,4,0,0,43,0.0,0.0,1.0,43,1850,1400,450,0.7567567567567568,23,14,9,351.698485597105,0.4435908084163898,0.1526283418813088,0.19631249007665502,129459.11864144582,506.1151945865107,129965.23383603233,964,1,316.5813953488372,36,7,16,36.63204050016597,0.6148726851851851,45.57995495495497,1017.6801801801828,28.268893893893967,0
1185,4,0,0,43,0.0,0.0,1.0,43,1400,1200,200,0.8571428571428571,16,12,4,350.0719516015349,0.4429448135843485,0.14918193043836236,0.19583232936125503,129545.08562616694,470.0201891080592,130015.105815275,965,2,317.5813953488372,36,7,17,36.58600663716816,0.6157407407407407,45.49549549549551,1018.0180180180199,28.278278278278332,0
1186,4,0,1,42,0.0,0.023255813953488372,0.9767441860465116,43,1250,1000,250,0.8,15,10,5,348.5819328424264,0.4429448135843485,0.15770557717917133,0.1958554139436395,129717.10519641293,443.4078504180165,130160.51304683095,966,3,318.5813953488372,36,7,17,36.4491211585231,0.6174768518518519,45.32657657657659,1018.6936936936961,28.297047047047116,0
1187,4,1,1,42,0.023255813953488372,0.023255813953488372,0.9767441860465116,43,900,700,200,0.7777777777777778,11,7,4,340.5148743740752,0.44345238095238093,0.18452645842604465,0.19290312797975945,130038.81602993238,256.0302208371883,130294.84625076957,967,0,318.93023255813955,37,6,18,36.32820898731455,0.6188063063063063,45.010964912280706,1019.956140350878,27.56638217164535,0
1188,4,1,0,43,0.023255813953488372,0.0,1.0,43,1300,1100,200,0.8461538461538461,15,11,4,335.3475792508187,0.4438676633444076,0.17836676392075934,0.19133831730746706,130317.12420784935,140.30642760610777,130457.43063545546,968,0,306.25581395348837,38,5,19,36.17810679780964,0.6197916666666667,44.738247863247864,1021.0470085470084,26.869658119658116,0
1189,4,0,0,43,0.0,0.0,1.0,43,1250,1000,250,0.8,15,10,5,336.54823599441875,0.44356773717238834,0.1816098831736479,0.19256359571170806,130426.23325525985,178.94374589087215,130605.17700115072,969,1,307.25581395348837,38,5,19,36.03702541575147,0.6208881578947368,44.63141025641026,1021.4743589743603,26.880904183535797,0
1190,4,1,1,43,0.022727272727272728,0.022727272727272728,0.9772727272727273,44,1400,1100,300,0.7857142857142857,17,11,6,336.7747769421895,0.4442278893587033,0.18427143121644107,0.19453695938660595,130794.8133680556,9.67881944444747,130804.49218750006,970,0,301.25,39,5,19,35.65852002715546,0.6228632478632479,44.270833333333336,1022.9166666666671,26.228632478632488,0
1191,4,0,1,42,0.0,0.023255813953488372,0.9767441860465116,43,950,600,350,0.631578947368421,13,6,7,343.28274219220265,0.44227574750830567,0.1884806833171786,0.198085936769497,130753.83434007231,377.1069608810018,131130.9413009533,971,1,308.04651162790697,38,5,19,35.533531808210604,0.6241776315789473,44.31089743589744,1022.7564102564102,26.91464237516869,0
1192,4,1,0,43,0.023255813953488372,0.0,1.0,43,1200,900,300,0.75,15,9,6,349.9796457507086,0.4439138058324105,0.19746088441976895,0.2035318522375479,131054.49631090656,573.281238585724,131627.77754949228,972,0,308.2325581395349,38,5,20,35.058213341680585,0.6271929824561404,44.01709401709402,1023.9316239316239,26.94556905083221,0
1193,4,1,0,44,0.022727272727272728,0.0,1.0,44,1350,800,550,0.5925925925925926,19,8,11,342.1336119012027,0.44537306201550386,0.19206646838225727,0.200672169745628,131381.51584201402,190.00651041667552,131571.5223524307,973,0,302.20454545454544,39,5,22,34.928960915802996,0.6287393162393162,43.69791666666667,1025.2083333333344,26.28739316239319,0
1194,4,0,0,44,0.0,0.0,1.0,44,1200,1100,100,0.9166666666666666,13,11,2,340.5234030086542,0.44471238548273434,0.18323301051543073,0.20042641658255955,131515.0404188369,156.7898220486154,131671.83024088552,974,1,303.20454545454544,39,5,22,34.835588673369195,0.6300747863247863,43.567708333333336,1025.7291666666674,26.30074786324788,0
1195,4,0,0,44,0.0,0.0,1.0,44,1100,700,400,0.6363636363636364,15,7,8,343.192465074315,0.44409575405214935,0.18722899791501435,0.2029903091742076,131702.08875868045,239.83289930555097,131941.921657986,975,2,304.20454545454544,39,5,15,34.578597523848195,0.6319444444444444,43.385416666666664,1026.4583333333326,26.319444444444425,0
1196,4,2,3,43,0.043478260869565216,0.06521739130434782,0.9347826086956522,46,1350,1200,150,0.8888888888888888,15,12,3,333.045950940133,0.44491747181964575,0.2012594310542235,0.19969273414669486,132219.38898533926,-392.97357253088325,131826.4154128084,976,0,291.9347826086956,41,5,18,34.31873171280669,0.6338922764227642,42.881944444444436,1028.4722222222204,25.084688346883425,0
1197,4,0,0,43,0.0,0.0,1.0,43,1150,900,250,0.782608695652174,14,9,5,351.0515102064994,0.4403839055001846,0.20753128356995654,0.20829056272252267,131821.37573964475,655.2186061801245,132476.59434582488,977,1,313.0,38,5,18,34.256658343736994,0.6348684210526316,43.26923076923076,1026.9230769230753,27.024291497975668,0
1198,4,0,0,43,0.0,0.0,1.0,43,1400,1000,400,0.7142857142857143,18,10,8,353.6102474799356,0.43962255444813586,0.20583910536702454,0.21041560270835719,131931.11257213788,730.4386733873537,132661.55124552522,978,2,314.0,38,5,18,34.080352190793135,0.6359649122807017,43.162393162393144,1027.3504273504245,27.03553756185328,0
1199,4,0,2,41,0.0,0.046511627906976744,0.9534883720930233,43,1250,900,350,0.72,16,9,7,348.02165764264873,0.43904577334809897,0.12434741338395794,0.19829140958709082,130262.58680555565,501.5425250200997,130764.12933057574,979,3,315.0,39,4,17,35.90986394557823,0.6175213675213675,44.79166666666667,1020.8333333333342,26.175213675213698,8
1200,4,1,1,41,0.023809523809523808,0.023809523809523808,0.9761904761904762,42,1350,700,650,0.5185185185185185,20,7,13,346.02519383154487,0.43619337979094075,0.15567372625943787,0.1988684868617549,130598.60365689459,638.0814289012213,131236.68508579582,980,0,321.57142857142856,37,5,13,35.620485589644574,0.6244369369369369,44.462719298245624,1022.1491228070188,27.625651967757264,0
1201,4,0,0,41,0.0,0.0,1.0,41,1050,700,350,0.6666666666666666,14,7,7,352.1108632943302,0.4345528455284553,0.15785780915232284,0.2018131309330044,130492.60567577723,989.5728076049163,131482.17848338216,981,5,330.4146341463415,36,5,14,35.572348359601776,0.6252893518518519,44.56644144144145,1021.734234234235,28.38150650650653,0
1202,4,0,1,40,0.0,0.024390243902439025,0.975609756097561,41,1350,1000,350,0.7407407407407407,17,10,7,354.11637620654795,0.43353658536585366,0.1643943810293924,0.20386953580084016,130665.25298524875,1054.1411766496203,131719.39416189838,982,6,331.4146341463415,36,5,15,35.346220215148506,0.627025462962963,44.39752252252252,1022.4099099099099,28.400275275275273,0
1203,4,0,0,40,0.0,0.0,1.0,40,1350,1200,150,0.8888888888888888,15,12,3,354.1365218076802,0.4313167735042735,0.08068885448916419,0.19868552749557442,129659.75265806346,1240.3784696858997,130900.13112774935,983,7,339.6,36,4,15,36.365960858027414,0.6168981481481481,45.38288288288288,1018.4684684684684,28.290790790790787,8
1204,4,0,0,40,0.0,0.0,1.0,40,1100,700,400,0.6363636363636364,15,7,8,388.36809401994077,0.431116452991453,0.1595144664402015,0.2148735203271703,129110.63102324281,2059.8990917282626,131170.53011497107,984,8,340.6,34,6,19,36.055064230213574,0.6155024509803921,45.92261904761906,1016.3095238095253,29.891456582633097,8
1205,4,1,0,41,0.024390243902439025,0.0,1.0,41,1100,600,500,0.5454545454545454,16,6,10,381.6752678144298,0.4334603658536585,0.15621852791226454,0.2131248768481751,129473.85381235827,1683.4254535147372,131157.27926587302,985,0,333.2682926829268,34,7,16,35.8543396888525,0.6191789215686274,45.56547619047619,1017.7380952380952,29.93347338935574,0
1206,4,0,2,39,0.0,0.04878048780487805,0.9512195121951219,41,700,500,200,0.7142857142857143,9,5,4,379.9786872469394,0.43315548780487806,0.1613389961522118,0.2125047583157999,129534.44054705225,1644.0653344671314,131178.50588151938,986,1,334.2682926829268,34,7,17,35.8357209683078,0.6197916666666667,45.50595238095239,1017.9761904761912,29.94047619047621,0
1207,4,0,0,39,0.0,0.0,1.0,39,1100,800,300,0.7272727272727273,14,8,6,382.65076181554736,0.4322705802968961,0.1634002055232051,0.21439279702800967,129606.62853529894,2118.8150290753592,131725.4435643743,987,2,338.87179487179486,33,6,17,35.694101777189395,0.622790404040404,45.435049019607845,1018.2598039215687,30.85635769459299,0
1208,4,0,0,39,0.0,0.0,1.0,39,1200,1000,200,0.8333333333333334,14,10,4,382.25865916457394,0.43255173189383717,0.1636805606969225,0.2146847280389146,129700.23548635132,2115.8076220684225,131816.04310841975,988,3,339.87179487179486,33,6,17,35.60865816490214,0.6237373737373737,45.343137254901954,1018.6274509803915,30.86749851455732,0
1209,4,0,0,39,0.0,0.0,1.0,39,1000,600,400,0.6,14,6,8,388.2812180070478,0.43162393162393164,0.16733883400550065,0.2187633203893366,129825.09731833896,2281.7293829296245,132106.82670126858,989,4,340.87179487179486,33,6,17,35.327982202982206,0.625,45.22058823529411,1019.1176470588224,30.882352941176435,0
1210,4,0,0,39,0.0,0.0,1.0,39,1100,900,200,0.8181818181818182,13,9,4,400.92820582971444,0.43117408906882587,0.12256960063977651,0.20775370665721532,126474.91349480949,2425.889681853108,128900.8031766626,990,5,341.87179487179486,33,6,14,38.44724658869396,0.5909090909090908,48.52941176470587,1005.8823529411748,30.481283422459843,8
1211,4,2,0,41,0.04878048780487805,0.0,1.0,41,1200,800,400,0.6666666666666666,16,8,8,383.1705484598051,0.43559451219512196,0.12880467647651694,0.20158102766798403,127092.01388888861,1542.586985774668,128634.60087466329,991,0,326.1463414634146,33,8,17,38.25757575757576,0.5972222222222222,47.91666666666665,1008.3333333333311,30.555555555555486,0
1212,4,1,1,41,0.023809523809523808,0.023809523809523808,0.9761904761904762,42,1000,900,100,0.9,11,9,2,374.2344027109444,0.4389759969028262,0.12594861379543798,0.19830330865400048,127383.94445516074,1134.2908736282036,128518.23532878894,992,0,319.35714285714283,35,7,14,38.18266070473131,0.5958333333333333,47.62731481481479,1009.4907407407371,28.84259259259249,0
1213,4,0,0,41,0.0,0.0,1.0,41,1400,1000,400,0.7142857142857143,18,10,8,380.86337571027076,0.4348069105691057,0.12576444348514304,0.20111010025822684,127242.10778061204,1492.371740362788,128734.47952097483,993,2,328.1463414634146,34,7,17,38.161258603736464,0.5965073529411764,47.76785714285713,1008.9285714285699,29.674369747899114,0
1214,4,0,1,40,0.0,0.024390243902439025,0.975609756097561,41,1200,900,300,0.75,15,9,6,385.2768722246087,0.43394308943089427,0.11742208206126059,0.20444984387393436,127442.37075617259,1620.1195987654007,129062.490354938,994,3,329.1463414634146,35,6,15,37.84387895460796,0.5964285714285714,47.56944444444443,1009.7222222222201,28.849206349206288,0
1215,4,0,1,39,0.0,0.025,0.975,40,950,700,250,0.7368421052631579,12,7,5,383.0302964413501,0.43249198717948717,0.10440873152286079,0.20369929293379982,127530.03532503826,1769.5734471450273,129299.60877218329,995,4,334.35,35,5,15,37.81045892059127,0.5973214285714286,47.48263888888887,1010.0694444444418,28.85912698412691,0
1216,4,1,0,40,0.025,0.0,1.0,40,900,500,400,0.5555555555555556,13,5,8,384.7642917652313,0.4328258547008547,0.10477553825011432,0.20536441293973096,127676.20991941003,1825.0492969821512,129501.25921639218,996,0,335.225,35,5,17,37.616429989311335,0.5988095238095238,47.337962962962955,1010.6481481481472,28.87566137566135,0
1217,4,3,2,41,0.06976744186046512,0.046511627906976744,0.9534883720930233,43,850,400,450,0.47058823529411764,13,4,9,360.72859021183393,0.43872277593207826,0.12038717787555009,0.19697399406490304,128588.99493113243,678.0027104730929,129266.99764160553,997,0,312.7674418604651,37,6,16,37.28963963963964,0.6041666666666667,46.43640350877192,1014.2543859649104,27.412280701754334,0
1218,4,1,1,41,0.023809523809523808,0.023809523809523808,0.9761904761904762,42,1750,1400,350,0.8,21,14,7,359.1659131907103,0.43757259001161436,0.1484971876895862,0.1977761407831366,128922.84765504762,860.9384618343954,129783.78611688201,998,0,320.3333333333333,37,5,18,36.988501403584515,0.607545045045045,46.10745614035087,1015.5701754385958,27.447842579421508,0
1219,4,1,1,41,0.023809523809523808,0.023809523809523808,0.9761904761904762,42,1100,700,400,0.6363636363636364,15,7,8,390.08478785445266,0.43665311653116534,0.14887493458922085,0.2045219215727483,126953.8478786743,1504.8535366651413,128458.70141533946,999,0,321.26190476190476,37,5,21,38.22568726652886,0.5875563063063063,48.053728070175445,1007.7850877192991,27.2374348032243,8
1220,4,3,0,44,0.06818181818181818,0.0,1.0,44,1000,900,100,0.9,11,9,2,361.48237766313565,0.4444591261451727,0.191410394993901,0.18647771277647493,126291.69702456507,336.1524699907459,126627.84949455582,1000,0,306.8636363636364,37,7,15,39.62799080033452,0.5807995495495495,48.711622807017534,1005.1535087719284,27.166311047889955,8
1221,4,1,0,45,0.022222222222222223,0.0,1.0,45,1800,1400,400,0.7777777777777778,22,14,8,359.7491395735626,0.446043771043771,0.2058479532163735,0.18751525947683934,126715.24581780995,117.14013076192265,126832.38594857187,1001,0,301.02222222222224,38,7,18,39.235374221844914,0.5833333333333333,48.29059829059829,1006.837606837607,26.4957264957265,0
1222,4,1,3,43,0.021739130434782608,0.06521739130434782,0.9347826086956522,46,1100,800,300,0.7272727272727273,14,8,6,356.0137566231113,0.447091384863124,0.21027071709030776,0.18705217896842943,127039.50195312499,-154.43793402777823,126885.0640190972,1002,0,295.45652173913044,39,7,19,38.996090790108155,0.5849358974358974,47.96875,1008.1249999999999,25.84935897435897,0
1223,4,2,0,45,0.044444444444444446,0.0,1.0,45,950,800,150,0.8421052631578947,11,8,3,362.7364754975706,0.4494739057239057,0.23819150092381292,0.1914824045354645,127230.25504241692,230.2217088431098,127460.47675126002,1003,0,302.24444444444447,37,8,21,38.63065155961309,0.5903716216216216,47.7796052631579,1008.8815789473686,27.26706970128023,0
1224,4,2,1,46,0.0425531914893617,0.02127659574468085,0.9787234042553191,47,1200,600,600,0.5,18,6,12,354.1481488800378,0.4505858772741289,0.25595479463164295,0.18961478660664816,127801.98703342036,-347.83257378469995,127454.15445963565,1004,0,290.3404255319149,39,8,20,38.261156038597576,0.5926816239316239,47.21354166666668,1011.1458333333352,25.926816239316288,0
1225,4,0,0,46,0.0,0.0,1.0,46,1500,700,800,0.4666666666666667,23,7,16,357.42147352789846,0.447926731078905,0.259718629536547,0.19119725291093875,127766.20513048813,-66.72293903862823,127699.4821914495,1005,1,297.6304347826087,38,8,20,38.21506569445913,0.5940241228070176,47.24893162393163,1011.0042735042747,26.605375618533543,0
1226,4,1,0,47,0.02127659574468085,0.0,1.0,47,1700,1400,300,0.8235294117647058,20,14,6,349.2944412124114,0.4491982732038236,0.25796805117416377,0.18849487363372752,128118.16541883703,-449.80740017358744,127668.35801866345,1006,0,292.27659574468083,39,8,22,38.06043574441814,0.5958867521367521,46.90104166666668,1012.3958333333352,25.95886752136757,0
1227,4,0,0,47,0.0,0.0,1.0,47,950,700,250,0.7368421052631579,12,7,5,350.3985739464829,0.44885137218624727,0.25700242391597117,0.1895992283683024,128225.67389875081,-413.978631836578,127811.69526691423,1007,1,293.27659574468083,38,9,23,37.92260021097047,0.5986842105263157,46.794871794871796,1012.8205128205128,26.653171390013494,0
1228,4,0,0,47,0.0,0.0,1.0,47,1400,1100,300,0.7857142857142857,17,11,6,353.90014486543834,0.44890918902251004,0.26264012811713555,0.19227358385988244,128388.03624260347,-312.69107495070176,128075.34516765276,1008,2,294.27659574468083,38,9,17,37.66801075268816,0.600328947368421,46.63461538461538,1013.4615384615379,26.670040485829944,0
1229,4,0,2,45,0.0,0.0425531914893617,0.9574468085106383,47,1050,600,450,0.5714285714285714,15,6,9,344.6669945343854,0.44858156028368795,0.1903482177221687,0.18314430013117172,127496.31461620645,-592.5234220907282,126903.79119411572,1009,3,295.27659574468083,38,9,15,38.81373637998519,0.591282894736842,47.51602564102564,1009.9358974358975,26.577260458839408,8
1230,4,2,1,46,0.0425531914893617,0.02127659574468085,0.9787234042553191,47,1150,600,550,0.5217391304347826,17,6,11,338.5666770905755,0.4481575701510947,0.21968360418834498,0.18159834175730755,127874.24123612024,-741.2086118416246,127133.03262427863,1010,0,295.78723404255317,38,9,18,38.58116791662265,0.5951206140350878,47.14209401709402,1011.431623931624,26.616621682411157,0
1231,4,0,0,46,0.0,0.0,1.0,46,1350,1100,250,0.8148148148148148,16,11,5,343.93037653953735,0.4478562801932367,0.22226699658300864,0.1845699664675531,127894.85857427311,-402.61462661585495,127492.24394765725,1011,1,303.04347826086956,37,9,18,38.424457994579946,0.5971283783783784,47.1217105263158,1011.5131578947389,27.338193456614565,0
1232,4,1,0,47,0.02127659574468085,0.0,1.0,47,1050,700,350,0.6666666666666666,14,7,7,338.508196753443,0.4495644465001542,0.22412275580862717,0.18267105196102668,128117.48940755367,-726.2359376141238,127391.25346993955,1012,0,297.5744680851064,38,9,19,38.334124806528784,0.5975877192982456,46.90170940170941,1012.3931623931637,26.641925326135887,0
1233,4,1,1,47,0.020833333333333332,0.020833333333333332,0.9791666666666666,48,900,400,500,0.4444444444444444,14,4,10,334.00961315886184,0.45133348108747046,0.22700975224037911,0.18134408590794546,128360.96871804015,-1025.2376451895595,127335.7310728506,1013,0,292.3541666666667,38,10,20,38.19956949569495,0.6000548245614035,46.66132478632479,1013.3547008547018,26.667228969860574,0
1234,4,2,2,47,0.04081632653061224,0.04081632653061224,0.9591836734693877,49,1150,700,450,0.6086956521739131,16,7,9,337.27492609513547,0.4509105725623583,0.26497156239544983,0.1870342771982117,129201.38888888907,-1084.7222222222035,128116.66666666686,1014,0,284.42857142857144,40,9,16,37.26092896174865,0.6052083333333333,45.83333333333334,1016.6666666666681,25.416666666666703,0
1235,4,0,0,47,0.0,0.0,1.0,47,1800,1500,300,0.8333333333333334,21,15,6,341.5418559937095,0.4464808818994758,0.20376845899346363,0.1863169710972577,128550.50131492411,-579.8621383958284,127970.63917652829,1015,1,297.468085106383,38,9,18,37.81539717656974,0.6019736842105263,46.47435897435896,1014.1025641025618,26.686909581646365,8
1236,4,0,1,46,0.0,0.02127659574468085,0.9787234042553191,47,1000,700,300,0.7,13,7,6,344.0503304189096,0.4463267036694419,0.20687321873487652,0.18819711622453675,128658.8684345091,-546.9747607568497,128111.89367375226,1016,2,298.468085106383,38,9,19,37.64128755967424,0.6030701754385965,46.36752136752135,1014.5299145299117,26.698155645523993,0
1237,4,1,1,46,0.02127659574468085,0.02127659574468085,0.9787234042553191,47,1550,1100,450,0.7096774193548387,20,11,9,359.87418580466846,0.44626888683317917,0.2615027247104498,0.1881709815018487,126843.3691736878,-223.19694203627955,126620.17223165152,1017,0,299.3191489361702,37,10,17,39.1004272341352,0.5864301801801801,48.163377192982445,1007.346491228068,27.225580844001836,8
1238,4,0,1,45,0.0,0.021739130434782608,0.9782608695652174,46,1200,700,500,0.5833333333333334,17,7,10,357.95685656956823,0.44419283413848626,0.2845763802172028,0.18780476173444435,126981.4750692518,-109.22206832874451,126872.25300092305,1018,1,306.54347826086956,37,9,18,39.0067449956484,0.5878378378378378,48.02631578947367,1007.894736842103,27.240398293029813,0
1239,4,0,1,44,0.0,0.022222222222222223,0.9777777777777777,45,1700,1500,200,0.8823529411764706,19,15,4,359.4289624690058,0.44236111111111115,0.28889653853509323,0.18949929872458454,127179.55789448283,142.49949169720674,127322.05738618004,1019,2,313.6222222222222,35,10,18,38.766135972461285,0.59375,47.8298611111111,1008.680555555554,28.8194444444444,0
1240,4,2,2,44,0.043478260869565216,0.043478260869565216,0.9565217391304348,46,1250,1000,250,0.8,15,10,5,353.6309276757232,0.4453301127214171,0.29512409213823587,0.18821500500730398,127562.34039560224,-178.0022458833801,127384.33814971885,1020,0,307.5652173913044,37,9,17,38.519732081479056,0.59375,47.45065789473683,1010.1973684210506,27.302631578947313,0
1241,4,0,0,44,0.0,0.0,1.0,44,1650,1200,450,0.7272727272727273,21,12,9,366.26444774673433,0.4436222692036646,0.29979942693409734,0.1945013576743917,127471.58893014822,537.6622245798885,128009.25115472812,1021,1,318.34090909090907,35,9,18,38.29381566380132,0.5967261904761905,47.54050925925925,1009.8379629629621,28.852513227513203,0
1242,4,2,0,46,0.043478260869565216,0.0,1.0,46,1450,1300,150,0.896551724137931,16,13,3,349.4497640989446,0.44697061191626414,0.30191038702293316,0.18831119511951877,128061.27997316475,-249.80318463374115,127811.47678853101,1022,0,305.45652173913044,37,9,20,38.11466345285812,0.5988175675675675,46.95723684210526,1012.1710526315784,27.355974395448065,0
1243,4,0,1,45,0.0,0.021739130434782608,0.9782608695652174,46,1050,900,150,0.8571428571428571,12,9,3,351.23325689158986,0.4464472624798712,0.3030333901514213,0.18980480324549218,128173.82979948979,-196.16355906578667,127977.666240424,1023,1,306.45652173913044,35,11,20,37.95445669981331,0.6038690476190476,46.84606481481481,1012.61574074074,28.931878306878286,0
1244,4,0,0,45,0.0,0.0,1.0,45,1050,800,250,0.7619047619047619,13,8,5,351.47303839643206,0.4461910774410774,0.3083539611815631,0.1904918578999364,128291.05748724724,18.169554826835906,128309.22704207407,1024,2,312.93333333333334,35,10,20,37.82857782093757,0.6050595238095238,46.73032407407408,1013.078703703705,28.945105820105855,0
1245,4,1,1,45,0.021739130434782608,0.021739130434782608,0.9782608695652174,46,1350,1100,250,0.8148148148148148,16,11,5,347.26163075540273,0.44703099838969407,0.31887515135142896,0.19049720499077594,128772.40997331809,-256.4565832724402,128515.95339004564,1025,0,307.10869565217394,36,10,15,37.444062280409774,0.6079282407407407,46.25563063063064,1014.9774774774789,28.19381881881886,0
1246,4,0,1,44,0.0,0.022222222222222223,0.9777777777777777,45,1150,700,450,0.6086956521739131,16,7,9,353.5832285123156,0.44591750841750843,0.3206446953282398,0.1939068999890243,128760.50407503873,105.5109471450836,128866.01502218381,1026,1,312.31111111111113,35,10,15,37.29580054738286,0.6098214285714285,46.26736111111112,1014.9305555555567,28.998015873015905,0
1247,4,0,0,44,0.0,0.0,1.0,44,1350,1100,250,0.8148148148148148,16,11,5,361.4345750071493,0.44411777660324175,0.3230940221968721,0.19845155319291446,128808.33510487528,511.15717120181256,129319.4922760771,1027,2,320.3181818181818,34,10,16,37.047760056291786,0.6124387254901961,46.220238095238095,1015.1190476190476,29.856442577030812,0
1248,4,1,0,45,0.022222222222222223,0.0,1.0,45,1450,1000,450,0.6896551724137931,19,10,9,350.87010280692,0.4456649831649832,0.3186846265730725,0.19471849988368878,129230.80800165045,68.64537787209352,129299.45337952254,1028,0,314.1777777777778,35,10,17,36.88543445266553,0.6145833333333333,45.80439814814815,1016.7824074074081,29.050925925925945,0
1249,4,0,0,45,0.0,0.0,1.0,45,1250,900,350,0.72,16,9,7,350.3985635806176,0.44555976430976435,0.3167393585416116,0.1950381871633974,129348.51794249383,64.7069776663048,129413.22492016014,1029,1,315.1777777777778,35,10,18,36.77762449273713,0.6157738095238094,45.6886574074074,1017.245370370369,29.064153439153397,0
1250,4,1,1,45,0.021739130434782608,0.021739130434782608,0.9782608695652174,46,1200,900,300,0.75,15,9,6,326.7046588944047,0.44810789049919486,0.2388622344071285,0.17719780569774593,128320.37278163583,-779.897949888539,127540.47483174728,1030,0,309.30434782608694,41,5,19,38.42600525474071,0.5947662601626016,46.70138888888889,1013.1944444444447,24.71205962059621,7
1251,4,0,0,45,0.0,0.0,1.0,45,1250,700,550,0.56,18,7,11,328.9600442208273,0.4454124579124579,0.2670765803397379,0.1790167180088794,128453.4061756398,-548.7923648291071,127904.6138108107,1031,1,317.1333333333333,40,5,16,38.233291562238925,0.59765625,46.57012195121953,1013.7195121951244,25.34298780487811,0
1252,4,2,0,47,0.0425531914893617,0.0,1.0,47,1100,800,300,0.7272727272727273,14,8,6,317.480018242583,0.44888991674375583,0.26374942161104586,0.17518213217132886,129004.43558079477,-1208.733887687005,127795.70169310777,1032,0,304.59574468085106,42,5,19,37.96400069947857,0.6001984126984127,46.02713178294575,1015.8914728682199,24.187892211148093,0
1253,4,0,0,47,0.0,0.0,1.0,47,1350,1100,250,0.8148148148148148,16,11,5,319.4571060061459,0.44917900092506935,0.2632545138473339,0.17682245830598778,129127.51379311652,-1149.8596275764517,127977.65416554007,1033,1,305.59574468085106,42,5,19,37.7887946102266,0.6014384920634921,45.90600775193799,1016.375968992249,24.199427833148786,0
1254,4,0,0,47,0.0,0.0,1.0,47,1150,700,450,0.6086956521739131,16,7,9,322.49395323837695,0.44902482269503546,0.26839902336937627,0.17883755588673614,129201.38888888879,-1066.6244140977205,128134.76447479107,1034,2,306.59574468085106,40,7,19,37.636612021857914,0.6052083333333333,45.83333333333333,1016.6666666666658,25.416666666666647,0
1255,4,1,1,47,0.020833333333333332,0.020833333333333332,0.9791666666666666,48,950,500,450,0.5263157894736842,14,5,9,317.0663255715549,0.45135195035460995,0.2659103463963093,0.1769568208766596,129453.6613835346,-1390.920650667699,128062.7407328669,1035,0,301.1875,41,7,11,37.518684603886406,0.6061991869918699,45.58531746031745,1017.6587301587278,24.820944638017753,0
1256,4,0,0,47,0.0,0.0,1.0,47,1650,1300,350,0.7878787878787878,20,13,7,318.872093662639,0.4490633672525439,0.2584894955706518,0.17787555843142067,129433.96297053654,-1145.4242473065162,128288.53872323003,1036,4,308.59574468085106,40,7,11,37.492717800193056,0.6075520833333333,45.60467479674796,1017.5813008130067,25.439532520325166,0
1257,4,0,0,47,0.0,0.0,1.0,47,1200,700,500,0.5833333333333334,17,7,10,320.6599295323935,0.44871646623496764,0.2588323254722291,0.17934397063796675,129537.3963600535,-1092.5095222751065,128444.8868377784,1037,5,309.59574468085106,40,7,11,37.34235133606201,0.60859375,45.5030487804878,1017.9878048780486,25.449695121951216,0
1258,4,0,0,47,0.0,0.0,1.0,47,1300,1100,200,0.8461538461538461,15,11,4,316.8345765309316,0.44796484736355224,0.256144952880599,0.1779148006673691,129694.42942130865,-1181.6640751757868,128512.76534613287,1038,6,310.59574468085106,42,5,12,37.28060787671233,0.6071428571428572,45.34883720930232,1018.6046511627893,24.252491694352127,0
1259,4,1,1,47,0.020833333333333332,0.020833333333333332,0.9791666666666666,48,1100,800,300,0.7272727272727273,14,8,6,313.1230821719857,0.4478058510638298,0.26087419135171963,0.17719508522911775,129996.88042534713,-1458.995225694453,128537.88519965268,1039,0,305.1041666666667,43,5,15,37.06907558733402,0.6087693798449613,45.05208333333333,1019.7916666666658,23.71608527131781,0
1260,4,0,4,43,0.0,0.0851063829787234,0.9148936170212766,47,1300,900,400,0.6923076923076923,17,9,8,347.05493942594745,0.4480033919210607,0.23098254337255697,0.18919577427292736,128523.41666894936,-356.17856804507204,128167.23810090429,1040,1,310.1489361702128,38,9,15,37.70326274013977,0.6016995614035088,46.50106837606837,1013.9957264957252,26.684098065676977,8
1261,4,0,0,43,0.0,0.0,1.0,43,1550,1100,450,0.7096774193548387,20,11,9,369.40020795331674,0.443406238464378,0.2630011204328697,0.20022902991609717,128295.24518140589,878.4580498866183,129173.7032312925,1041,2,336.2325581395349,34,9,17,37.370250685468065,0.6072303921568627,46.726190476190474,1013.0952380952381,29.796918767507,0
1262,4,1,1,43,0.022727272727272728,0.022727272727272728,0.9772727272727273,44,1450,1200,250,0.8275862068965517,17,12,5,363.0615348753594,0.44497665609584214,0.2685469482594085,0.19837102815758412,128613.70991941016,538.938185871058,129152.64810528122,1042,0,329.5681818181818,35,9,16,37.205233531112135,0.6083333333333334,46.41203703703704,1014.351851851852,28.981481481481485,0
1263,4,1,0,44,0.022727272727272728,0.0,1.0,44,1100,700,400,0.6363636363636364,15,7,8,359.16591319071046,0.4450207011980268,0.28156592921222545,0.1977761407831366,128922.84765504759,460.9384618343946,129383.78611688198,1043,0,330.09090909090907,37,7,17,36.98850140358452,0.607545045045045,46.10745614035087,1015.5701754385956,27.4478425794215,0
1264,4,2,0,46,0.043478260869565216,0.0,1.0,46,1300,900,400,0.6923076923076923,17,9,8,351.919645939207,0.44730273752012883,0.30484163128899566,0.19752154629180016,129675.59880203518,-72.32069002000833,129603.27811201518,1044,0,316.69565217391306,37,9,19,36.406300462913144,0.6151463963963963,45.36732456140351,1018.5307017543855,27.527856804172583,0
1265,4,0,0,46,0.0,0.0,1.0,46,1000,800,200,0.8,12,8,4,344.6908848135354,0.44627616747181964,0.20491610679848238,0.18965590974982627,128891.61544054456,-286.16606834673877,128605.44937219782,1045,1,317.69565217391306,40,6,17,37.38782692820923,0.6020833333333333,46.138211382113816,1015.447154471544,25.3861788617886,8
1266,4,0,2,44,0.0,0.043478260869565216,0.9565217391304348,46,1650,1200,450,0.7272727272727273,21,12,9,346.077764471244,0.44516908212560385,0.20692400842691971,0.1909620675113957,129004.43558079429,-270.8866654648301,128733.54891532946,1046,2,318.69565217391306,42,4,17,37.237695536054936,0.6001984126984127,46.02713178294573,1015.8914728682159,24.187892211148,0
1267,4,0,1,43,0.0,0.022727272727272728,0.9772727272727273,44,1550,1100,450,0.7096774193548387,20,11,9,359.164627591502,0.44094652924594785,0.21875199082627228,0.19723449505285937,128814.23017259892,453.1030016854977,129267.33317428442,1047,3,334.0681818181818,40,4,17,37.099350952714644,0.6013020833333333,46.21443089430894,1015.1422764227638,25.378556910569095,0
1268,4,2,0,45,0.044444444444444446,0.0,1.0,45,1000,700,300,0.7,13,7,6,357.09073982912736,0.4449915824915825,0.2353949242371185,0.19829577956205557,129255.7037128351,232.94579740192935,129488.64951023702,1048,0,327.4888888888889,38,7,19,36.70195068992086,0.6091008771929824,45.77991452991453,1016.8803418803416,26.760008996851095,0
1269,4,0,1,44,0.0,0.022222222222222223,0.9777777777777777,45,1300,1100,200,0.8461538461538461,15,11,4,351.8497516004797,0.4444023569023569,0.2349566190876018,0.19673852307801465,129527.44904667979,114.84015450361355,129642.2892011834,1049,1,328.4888888888889,38,7,16,36.55869542401345,0.611842105263158,45.51282051282051,1017.9487179487177,26.7881241565452,0
1270,4,0,1,43,0.0,0.022727272727272728,0.9772727272727273,44,900,600,300,0.6666666666666666,12,6,6,353.6459118991333,0.4444921599718112,0.23663073547648583,0.1980167767566828,129581.83235627148,365.21705383884995,129947.04941011032,1050,2,335.97727272727275,38,6,16,36.457677509618755,0.612390350877193,45.45940170940171,1018.1623931623933,26.793747188484033,0
1271,4,0,0,43,0.0,0.0,1.0,43,1050,700,350,0.6666666666666666,14,7,7,359.67899817310524,0.4401762643041713,0.2420328231901776,0.20101746779295224,129508.13140822187,716.2709920360251,130224.4024002579,1051,3,344.74418604651163,37,6,16,36.37911145822112,0.6134572072072072,45.53179824561404,1017.8728070175447,27.510075865339047,0
1272,4,0,0,43,0.0,0.0,1.0,43,1400,1000,400,0.7142857142857143,18,10,8,360.0925759449054,0.44013012181616834,0.2421464052542721,0.20190602552393194,129636.22708013754,736.2085890131,130372.43566915064,1052,4,345.74418604651163,38,5,17,36.238241362428326,0.6129385964912281,45.40598290598292,1018.37606837607,26.799370220422894,0
1273,4,0,0,43,0.0,0.0,1.0,43,1350,1100,250,0.8148148148148148,16,11,5,356.80688827361354,0.44040697674418605,0.23964023724051775,0.2006197220859188,129745.05077069197,658.7855668785365,130403.83633757051,1053,5,346.74418604651163,38,5,17,36.21124335850112,0.6140350877192983,45.29914529914531,1018.8034188034203,26.810616284300533,0
1274,4,1,1,43,0.022727272727272728,0.022727272727272728,0.9772727272727273,44,1100,1000,100,0.9090909090909091,12,10,2,357.21820075545173,0.4405721458773784,0.2584374477880702,0.2026995978099015,130103.13042534747,495.04123263891455,130598.17165798639,1054,0,339.84090909090907,39,5,18,35.836992035940376,0.6159188034188035,44.94791666666668,1020.2083333333353,26.159188034188084,0
1275,4,1,0,44,0.022727272727272728,0.0,1.0,44,1000,600,400,0.6,14,6,8,358.6363078299492,0.4399445031712474,0.2711586649293374,0.20509655182961173,130406.3248214432,553.981539077099,130960.30636052029,1055,0,339.52272727272725,36,8,19,35.49315509004042,0.6244212962962963,44.65090090090091,1021.3963963963974,28.37212212212215,0
1276,4,0,0,44,0.0,0.0,1.0,44,800,500,300,0.625,11,5,6,359.1491266777064,0.44016472868217055,0.2744413884581247,0.2062617997389341,130570.58572108728,578.8623663050204,131149.4480873923,1056,1,340.52272727272725,37,7,16,35.31351696885169,0.6241554054054055,44.49013157894737,1022.0394736842107,27.62268847795164,0
1277,4,0,0,44,0.0,0.0,1.0,44,1050,900,150,0.8571428571428571,12,9,3,356.2597194114448,0.44014270613107825,0.2182118384812588,0.2007301514155802,129826.69850107755,463.10385597392235,130289.80235705148,1057,2,341.52272727272725,38,6,16,36.14219694587135,0.6148574561403508,45.2190170940171,1019.123931623932,26.819050832208735,8
1278,4,0,0,44,0.0,0.0,1.0,44,950,500,450,0.5263157894736842,14,5,9,356.74426938238776,0.4402307963354475,0.22315023863279126,0.20156368044500458,129935.60209155164,470.75628698225137,130406.3583785339,1058,3,342.52272727272725,38,6,17,36.01920255684795,0.615953947368421,45.11217948717949,1019.5512820512823,26.830296896086377,0
1279,4,1,1,44,0.022222222222222223,0.022222222222222223,0.9777777777777777,45,900,400,500,0.4444444444444444,14,4,10,349.68763015410235,0.44269781144781145,0.2224036281179136,0.19924062648315152,130262.58680555563,110.24305555556359,130372.8298611112,1059,0,335.8888888888889,39,6,18,35.86734693877551,0.6175213675213675,44.79166666666667,1020.833333333334,26.175213675213694,0
1280,4,1,1,44,0.022222222222222223,0.022222222222222223,0.9777777777777777,45,1300,800,500,0.6153846153846154,18,8,10,341.5089562462796,0.44465488215488214,0.21581087663257081,0.19578383119928452,130501.95448133688,-86.48274739582519,130415.47173394106,1060,0,332.8666666666667,39,6,15,35.83369439630271,0.6199252136752137,44.55729166666667,1021.770833333334,26.199252136752154,0
1281,4,0,0,44,0.0,0.0,1.0,44,1150,800,350,0.6956521739130435,15,8,7,374.889739743262,0.4424220401691332,0.2129612313216509,0.20270734425939907,128197.2710503473,956.7192925347325,129153.99034288204,1061,2,341.4318181818182,39,5,16,37.33156757868751,0.5966880341880342,46.82291666666667,1012.708333333334,25.966880341880362,8
1282,4,2,1,45,0.043478260869565216,0.021739130434782608,0.9782608695652174,46,1300,1000,300,0.7692307692307693,16,10,6,361.971530909881,0.4455012077294686,0.21260478481916611,0.1981929774168236,128697.58204207619,116.97215923407168,128814.55420131025,1062,0,327.54347826086956,41,5,17,37.14721027245471,0.5985772357723578,46.32936507936508,1014.6825396825406,24.74835462640343,0
1283,4,2,0,47,0.0425531914893617,0.0,1.0,47,1300,900,400,0.6923076923076923,17,9,8,355.7537807862978,0.44734813444341653,0.2315006293329518,0.19741741876053617,129228.54487407765,-201.35455521789174,129027.19031885975,1063,0,320.21276595744683,38,9,20,36.763598472908114,0.6088267543859649,45.806623931623925,1016.7735042735037,26.757197480881675,0
1284,4,1,1,47,0.020833333333333332,0.020833333333333332,0.9791666666666666,48,1850,1300,550,0.7027027027027027,24,13,11,357.1072516758839,0.447122488179669,0.2428509310415392,0.1999064305773249,129572.31445312512,-345.7573784722067,129226.55707465291,1064,0,314.5208333333333,39,9,16,36.37925448468728,0.6105769230769231,45.46875000000001,1018.1250000000009,26.105769230769255,0
1285,4,0,3,44,0.0,0.06382978723404255,0.9361702127659575,47,1350,1000,350,0.7407407407407407,17,10,7,366.48805391511814,0.4465386987357385,0.24057356825636367,0.20506545306853557,129554.63927469133,96.0455246913499,129650.68479938268,1065,2,322.21276595744683,38,9,17,36.15848112778533,0.6121162280701755,45.48611111111111,1018.0555555555554,26.790935672514617,0
1286,4,1,0,45,0.022222222222222223,0.0,1.0,45,1400,1100,300,0.7857142857142857,17,11,6,370.3555663469314,0.44880050505050506,0.22666899726155143,0.2080931246386556,129717.84056770016,608.3448617502904,130326.18542945044,1066,0,314.7111111111111,38,7,18,35.89385596923615,0.6137609649122807,45.32585470085469,1018.6965811965796,26.807804768331042,0
1287,4,0,2,43,0.0,0.044444444444444446,0.9555555555555556,45,1500,1100,400,0.7333333333333333,19,11,8,369.1468298347355,0.44827441077441077,0.23391239185230628,0.20833165379254448,129890.673828125,589.7460937499998,130480.419921875,1067,1,315.7111111111111,39,6,18,35.74877375843041,0.6137820512820513,45.15625,1019.375,26.137820512820515,0
1288,4,1,0,44,0.022727272727272728,0.0,1.0,44,950,600,350,0.631578947368421,13,6,7,380.12539060954856,0.44654025722339674,0.25315894797026894,0.2143260181096391,129853.92011834322,1072.1544214332687,130926.07453977648,1068,0,323.6363636363636,38,6,19,35.506420335429766,0.6151315789473684,45.19230769230769,1019.2307692307694,26.821862348178144,0
1289,4,0,2,42,0.0,0.045454545454545456,0.9545454545454546,44,1250,900,350,0.72,16,9,7,381.64159130429323,0.446419133192389,0.2488856612219632,0.2159317717249245,129990.07100819994,1121.923510665492,131111.99451886542,1069,1,324.6363636363636,38,6,19,35.32914265758687,0.6165021929824561,45.05876068376068,1019.7649572649567,26.835919928025177,0
1290,4,1,0,43,0.023255813953488372,0.0,1.0,43,1000,800,200,0.8,12,8,4,376.5481549160118,0.4472591362126246,0.25339756514244405,0.2147034951238091,130291.32806793282,1212.7625508191209,131504.09061875194,1070,0,328.3255813953488,36,7,20,35.15263070814031,0.6232638888888888,44.763513513513516,1020.945945945946,28.359609609609613,0
1291,4,1,4,40,0.022727272727272728,0.09090909090909091,0.9090909090909091,44,1400,1000,400,0.7142857142857143,18,10,8,369.21077504725884,0.44687059548978153,0.2496912055335967,0.21229619565217386,130617.28395061729,845.0617283950573,131462.34567901236,1071,0,321.84090909090907,38,6,18,35.00905797101448,0.6228070175438596,44.44444444444444,1022.2222222222223,26.900584795321638,0
1292,4,0,0,40,0.0,0.0,1.0,40,1000,700,300,0.7,13,7,6,388.399348615759,0.44527243589743587,0.25732749057022386,0.21321752304643454,128800.98637488854,2007.1728541604825,130808.15922904902,1072,2,347.3,36,4,17,36.370969233044896,0.6082175925925926,46.227477477477485,1015.0900900900913,28.19694694694698,8
1293,4,3,0,43,0.06976744186046512,0.0,1.0,43,1450,1100,350,0.7586206896551724,18,11,7,385.18719657914596,0.4498200442967885,0.3313059033989265,0.20235105441522094,127033.66796339168,1345.9400885338582,128379.60805192553,1073,0,324.0,35,8,18,38.26683888251052,0.5922619047619048,47.97453703703704,1008.1018518518522,28.80291005291006,8
1294,4,1,0,44,0.022727272727272728,0.0,1.0,44,1500,900,600,0.6,21,9,12,347.21476746789534,0.4521229739252995,0.27631945550071646,0.17545100196829044,125438.9812249923,-89.14666051092212,125349.83456448138,1074,0,317.6136363636364,37,7,18,40.86580560420317,0.572072072072072,49.56140350877193,1001.7543859649123,27.07444286391655,8
1295,4,4,1,47,0.08333333333333333,0.020833333333333332,0.9791666666666666,48,800,400,400,0.5,12,4,8,326.45153029495833,0.4555629432624113,0.3007191538325369,0.16915471423924222,126473.33311646203,-1338.153048887348,125135.18006757468,1075,0,292.0625,38,10,17,40.321738360771825,0.5808662280701755,48.5309829059829,1005.8760683760677,26.470422852001782,0
1296,4,1,2,46,0.020833333333333332,0.041666666666666664,0.9583333333333334,48,1500,1200,300,0.8,18,12,6,347.0148799555816,0.4560246749408983,0.2681031728130516,0.1719944628600416,124634.27690782007,-824.8927050717987,123809.38420274826,1076,0,293.0416666666667,36,12,19,41.70331942408179,0.5656828703703703,50.365990990990994,998.5360360360368,27.737112112112133,8
1297,4,6,0,52,0.11538461538461539,0.0,1.0,52,1500,1100,400,0.7333333333333333,19,11,8,315.2049078695999,0.46465717697335346,0.2917684682301307,0.1621288095316788,126171.43090257136,-2437.5673513692805,123733.86355120208,1077,0,256.3269230769231,40,12,18,40.9143401443118,0.5744791666666667,48.831300813008134,1004.6747967479686,25.116869918699216,0
1298,4,5,6,51,0.08771929824561403,0.10526315789473684,0.8947368421052632,57,1200,700,500,0.5833333333333334,17,7,10,296.6883470470695,0.46834534252297405,0.31312384154489403,0.1571475237482525,127367.25368677556,-3828.9391172027013,123538.31456957286,1078,0,234.75438596491227,41,16,15,40.156736281736286,0.5851117886178862,47.6438492063492,1009.4246031746026,24.62011227255128,0
1299,4,3,2,52,0.05555555555555555,0.037037037037037035,0.962962962962963,54,1650,1200,450,0.7272727272727273,21,12,9,316.2644170578859,0.4680657465641742,0.3301687639541224,0.1664930191081646,127118.94729573045,-2759.3600473007155,124359.58724842974,1079,0,248.57407407407408,38,16,22,39.916613694953575,0.5874451754385965,47.88995726495728,1008.4401709401734,26.53789923526772,0
1300,4,3,3,52,0.05454545454545454,0.05454545454545454,0.9454545454545454,55,1750,1200,550,0.6857142857142857,23,12,11,310.0390576282594,0.4676346801346802,0.3381094732501806,0.16534848257568724,127644.04432508718,-3085.0721571180184,124558.97216796916,1080,0,244.65454545454546,39,16,19,39.537268494656935,0.5910790598290598,47.369791666666686,1010.5208333333363,25.910790598290674,0
1301,4,1,1,52,0.018867924528301886,0.018867924528301886,0.9811320754716981,53,1450,1100,350,0.7586206896551724,18,11,7,320.1011248866813,0.4666938800193517,0.3429891346638214,0.17048622917375048,127590.03371229625,-2431.657336872868,125158.37637542338,1081,0,254.16981132075472,37,16,20,39.33823529411766,0.5940315315315315,47.423245614035096,1010.307017543861,27.305595068753,0
1302,4,1,0,53,0.018867924528301886,0.0,1.0,53,1600,1100,500,0.6875,21,11,10,315.10946031986725,0.4667089985486212,0.3494172261959312,0.16935792220369716,127955.29827781433,-2536.015002922053,125419.28327489228,1082,0,254.9056603773585,38,15,22,39.091649067229845,0.5959429824561404,47.06196581196581,1011.7521367521371,26.625056230319398,0
1303,4,0,2,51,0.0,0.03773584905660377,0.9622641509433962,53,1650,1100,550,0.6666666666666666,22,11,11,317.3647284967512,0.4661193759071118,0.3509437945780367,0.17091506953096763,128036.38100162524,-2473.153741142536,125563.2272604827,1083,1,255.9056603773585,38,15,22,38.95193356557235,0.596765350877193,46.9818376068376,1012.0726495726483,26.633490778227586,0
1304,4,0,0,51,0.0,0.0,1.0,51,1950,1400,550,0.717948717948718,25,14,11,332.2237322114434,0.46464052287581703,0.34936255871169775,0.1783160032073666,127901.25739644968,-1701.6333826430034,126199.62401380668,1084,2,266.1372549019608,38,13,22,38.71395754119137,0.5953947368421053,47.11538461538461,1011.5384615384613,26.619433198380563,0
1305,4,1,0,52,0.019230769230769232,0.0,1.0,52,1300,800,500,0.6153846153846154,18,8,10,324.08716049382735,0.4646414655605832,0.35335470085470133,0.17613432635534088,128401.20525931331,-2076.670179545052,126324.53507976826,1085,0,262.0,36,16,19,38.40995370370373,0.6041666666666667,46.62162162162162,1013.5135135135131,28.15315315315314,0
1306,4,0,1,51,0.0,0.019230769230769232,0.9807692307692307,52,1350,700,650,0.5185185185185185,20,7,13,322.2823520263764,0.4646728883861237,0.3491396985954969,0.17565558702454548,128515.36502718925,-2116.3531775018355,126399.01184968742,1086,1,263.0,36,16,19,38.33944172960165,0.6053240740740741,46.509009009009006,1013.9639639639631,28.165665665665642,0
1307,4,2,0,53,0.03773584905660377,0.0,1.0,53,1350,900,450,0.6666666666666666,18,9,9,323.2683556184459,0.46555999032414125,0.3741374852133057,0.17863612710292945,129062.08070031115,-2255.6626798630878,126806.41802044807,1087,0,258.79245283018867,37,16,21,37.75842145965973,0.6089527027027026,45.97039473684208,1016.1184210526277,27.4626600284494,0
1308,4,0,0,53,0.0,0.0,1.0,53,1700,1200,500,0.7058823529411765,22,12,10,323.5404744406791,0.46489477503628446,0.376003077154772,0.17929131730660652,129173.52123970797,-2241.4275305863766,126932.0937091216,1088,1,259.79245283018867,37,16,21,37.63831212023155,0.6100788288288288,45.86074561403507,1016.5570175438564,27.474513987671795,0
1309,4,0,3,50,0.0,0.05660377358490566,0.9433962264150944,53,2100,1400,700,0.6666666666666666,28,14,14,324.156777818688,0.4644412191582003,0.37698242740414134,0.18015137602957332,129287.27027280642,-2218.1280053461264,127069.1422674603,1089,2,260.79245283018867,36,17,21,37.50715129369211,0.6131365740740741,45.74887387387387,1017.0045045045031,28.250125125125084,0
1310,4,1,0,51,0.0196078431372549,0.0,1.0,51,2050,1700,350,0.8292682926829268,24,17,7,340.13842437118825,0.46318627450980393,0.38180432557007804,0.18891173088287994,129261.91184807263,-1406.6113945578218,127855.3004535148,1090,0,270.94117647058823,34,17,23,37.126599937563405,0.6170343137254901,45.773809523809526,1016.9047619047624,29.908963585434186,0
1311,4,0,0,51,0.0,0.0,1.0,51,1550,1100,450,0.7096774193548387,20,11,9,339.7344183584967,0.4631045751633987,0.3813974402209692,0.18941357297521688,129413.28125000015,-1406.7708333333198,128006.51041666683,1091,1,271.94117647058823,34,17,23,36.98300573300572,0.6185661764705883,45.62500000000001,1017.5000000000011,29.92647058823533,0
1312,4,0,0,51,0.0,0.0,1.0,51,1650,1300,350,0.7878787878787878,20,13,7,342.4349010860537,0.4625653594771242,0.38596636035143694,0.19165597343507432,129564.73922902516,-1326.5022675736727,128238.23696145149,1092,2,272.94117647058823,34,17,20,36.76040692235736,0.6200980392156863,45.47619047619049,1018.0952380952398,29.943977591036465,0
1313,4,0,1,50,0.0,0.0196078431372549,0.9803921568627451,51,1200,700,500,0.5833333333333334,17,7,10,344.047080126754,0.4626470588235294,0.3894290940598828,0.19285574858481375,129625.34722222241,-1280.5555555555322,128344.79166666688,1093,3,273.94117647058823,34,17,20,36.65780141843971,0.6207107843137255,45.41666666666668,1018.3333333333348,29.950980392156907,0
1314,4,0,1,49,0.0,0.02,0.98,50,1450,1300,150,0.896551724137931,16,13,3,351.3677435213146,0.4630442176870748,0.3908679426989281,0.19655298622434772,129544.2426740919,-896.4663530853296,128647.77632100658,1094,4,279.82,33,17,20,36.553885277476816,0.6221590909090908,45.496323529411775,1018.0147058823546,30.848930481283475,0
1315,4,0,0,49,0.0,0.0,1.0,49,1500,900,600,0.6,21,9,12,352.3698036666516,0.4624787414965987,0.38056274526175105,0.1976736833028333,129655.65653344692,-662.652352607688,128993.00418083923,1095,5,285.2244897959184,34,15,21,36.41510812390415,0.6210171568627452,45.38690476190477,1018.4523809523826,29.954481792717132,0
1316,4,1,0,50,0.02,0.0,1.0,50,1600,1100,500,0.6875,21,11,10,343.9920558092639,0.4629081632653061,0.3745500717676935,0.1948427798289246,130032.77084094244,-1053.951967169855,128978.81887377259,1096,0,280.5,36,14,22,36.24567553641752,0.6206597222222222,45.0168918918919,1019.9324324324336,28.33145645645649,0
1317,4,0,0,50,0.0,0.0,1.0,50,1450,1200,250,0.8275862068965517,17,12,5,345.5568608682128,0.4628146258503401,0.372237553813886,0.19601750799030346,130090.20580969506,-1009.2873701403856,129080.91843955468,1097,1,281.5,36,14,22,36.14752364131434,0.6212384259259259,44.9605855855856,1020.1576576576596,28.337712712712765,0
1318,4,0,0,50,0.0,0.0,1.0,50,1300,1000,300,0.7692307692307693,16,10,6,349.1341652845818,0.4623979591836735,0.37887025595763424,0.19877839661679997,130233.84871357871,-906.1827875172171,129327.6659260615,1098,2,282.5,36,14,23,35.91060789938217,0.6226851851851851,44.819819819819834,1020.7207207207229,28.353353353353413,0
1319,4,0,0,50,0.0,0.0,1.0,50,1700,1400,300,0.8235294117647058,20,14,6,350.21041193711835,0.4624914965986395,0.3785507604797822,0.19986955549297647,130327.04132550256,-871.609952569456,129455.4313729331,1099,3,283.5,32,18,23,35.78866287457235,0.6324869791666667,44.72853535353536,1021.0858585858591,31.908933080808097,0
1320,4,0,1,49,0.0,0.02,0.98,50,1550,1300,250,0.8387096774193549,18,13,5,350.45600031698774,0.4621683673469388,0.3805192878338277,0.20017571543529633,130359.27456382003,-862.9620064279196,129496.31255739211,1100,4,284.5,32,18,23,35.749721810089,0.6328125,44.696969696969695,1021.2121212121212,31.91287878787879,0
1321,4,0,0,49,0.0,0.0,1.0,49,1550,1200,350,0.7741935483870968,19,12,7,347.39527103026137,0.46270904195011336,0.3628773037640025,0.19933429187993093,130536.16780045368,-730.470521541934,129805.69727891174,1101,5,289.3469387755102,34,15,20,35.64868748058404,0.6299019607843137,44.52380952380953,1021.9047619047632,30.056022408963624,0
1322,4,0,0,49,0.0,0.0,1.0,49,1350,1100,250,0.8148148148148148,16,11,5,347.72016719983696,0.4624964569160998,0.36496975027634804,0.1996774338067292,130566.58340419513,-719.8731575963559,129846.71024659877,1102,6,290.3469387755102,34,15,20,35.609590370801804,0.6302083333333333,44.49404761904763,1022.0238095238104,30.059523809523835,0
1323,4,0,0,49,0.0,0.0,1.0,49,1350,1000,350,0.7407407407407407,17,10,7,350.6284372492333,0.4626027494331066,0.36608746898852695,0.20182285650780252,130657.85147392288,-637.5283446712037,130020.32312925169,1103,7,291.3469387755102,34,15,20,35.44286601459401,0.6311274509803921,44.404761904761905,1022.3809523809522,30.070028011204474,0
1324,4,0,0,49,0.0,0.0,1.0,49,1550,1200,350,0.7741935483870968,19,12,7,355.4194456089939,0.4616284013605442,0.37083717097290236,0.20578017803727008,130883.62328800155,-496.28303433641753,130387.34025366513,1104,8,292.3469387755102,35,14,20,35.091830675262976,0.63125,44.18402777777778,1023.2638888888889,29.23611111111111,0
1325,4,1,1,49,0.02,0.02,0.98,50,1550,1100,450,0.7096774193548387,20,11,9,347.35069961819,0.4618452380952381,0.371656225958896,0.2029893394878559,131241.56832085492,-882.6298849524904,130358.93843590243,1105,0,287.48,36,14,22,34.936531486976605,0.6328125,43.834459459459474,1024.6621621621643,28.4628378378379,0
1326,4,0,1,48,0.0,0.02040816326530612,0.9795918367346939,49,1400,1000,400,0.7142857142857143,18,10,8,356.37520386329896,0.45996315192743764,0.3729951862037404,0.20810664985547475,131212.72243527317,-447.8078585342054,130764.91457673897,1106,1,293.7755102040816,36,13,22,34.73451124789331,0.6325231481481481,43.862612612612615,1024.54954954955,28.45970970970972,0
1327,4,1,1,48,0.02040816326530612,0.02040816326530612,0.9795918367346939,49,1500,1100,400,0.7333333333333333,19,11,8,356.1031104716309,0.45952026643990934,0.3798600443761735,0.20960499540418764,131516.6116998268,-433.1529197941735,131083.45878003264,1107,0,294.55102040816325,33,16,23,34.434488251692535,0.6420454545454546,43.566176470588225,1025.7352941176457,31.08288770053472,0
1328,4,0,0,48,0.0,0.0,1.0,48,1350,1000,350,0.7407407407407407,17,10,7,361.6220806660364,0.45940455082742315,0.3758355889107612,0.21360932206784458,131651.87225793273,-78.3552061014359,131573.5170518313,1108,1,298.9583333333333,32,16,20,34.15636277887138,0.6458333333333333,43.434343434343425,1026.2626262626252,32.07070707070704,0
1329,4,0,0,48,0.0,0.0,1.0,48,1300,800,500,0.6153846153846154,18,8,10,363.1382000242434,0.45890588061465726,0.3774542957861948,0.21523614013098746,131781.48275686154,-29.021911029483817,131752.46084583207,1109,2,299.9583333333333,32,16,22,33.986616658468606,0.6471354166666667,43.30808080808081,1026.767676767677,32.0864898989899,0
1330,4,0,1,47,0.0,0.020833333333333332,0.9791666666666666,48,1300,1000,300,0.7692307692307693,16,10,6,363.7539387011361,0.45840721040189125,0.37942788363040325,0.21615327182861527,131878.73247946645,-5.718325936123392,131873.01415353033,1110,3,300.9583333333333,32,16,22,33.872669534931354,0.6481119791666667,43.21338383838384,1027.1464646464651,32.098327020202035,0
1331,4,0,0,47,0.0,0.0,1.0,47,1850,1200,650,0.6486486486486487,25,12,13,363.4189033885595,0.45771662041319766,0.3710044761698186,0.21664585456146726,132000.11337868482,194.26729024943182,132194.38066893426,1111,4,302.70212765957444,34,13,22,33.75883341056533,0.6446078431372548,43.095238095238095,1027.6190476190477,30.224089635854344,0
1332,4,1,0,48,0.020833333333333332,0.0,1.0,48,1800,1500,300,0.8333333333333334,21,15,6,353.7782726754054,0.4575853280141844,0.3638134210822368,0.21262576509882886,132308.68115837194,-238.41266396603882,132070.2684944059,1112,0,297.375,35,13,23,33.69578974012825,0.6455357142857143,42.79513888888889,1028.8194444444448,29.39484126984128,0
1333,4,0,0,48,0.0,0.0,1.0,48,1800,1500,300,0.8333333333333334,21,15,6,350.6257660337438,0.45695737293144206,0.35430719505340047,0.21173225993687383,132487.35592689048,-309.3038676697504,132178.05205922073,1113,1,298.375,35,13,23,33.59717537942664,0.6473214285714286,42.62152777777778,1029.5138888888891,29.41468253968255,0
1334,4,0,1,47,0.0,0.020833333333333332,0.9791666666666666,48,1150,900,250,0.782608695652174,14,9,5,349.5811600931027,0.45652334515366433,0.3519189705551813,0.21160361649717196,132576.73852237655,-330.7339891975318,132246.00453317902,1114,2,299.375,35,13,23,33.53422117329737,0.6482142857142856,42.53472222222222,1029.861111111111,29.424603174603174,0
1335,4,0,0,47,0.0,0.0,1.0,47,900,500,400,0.5555555555555556,13,5,8,356.69743984222947,0.45563521430773973,0.34414825998116494,0.21629312872843814,132643.15653344677,62.6948696145123,132705.8514030613,1115,3,304.6808510638298,34,13,17,33.28421741977735,0.6510416666666667,42.470238095238095,1030.119047619048,30.297619047619058,0
1336,4,0,0,47,0.0,0.0,1.0,47,1100,400,700,0.36363636363636365,18,4,14,355.66809206233836,0.45528831329016345,0.34391631943164125,0.21602156749470441,132704.4802295918,39.749858276642016,132744.23008786843,1116,4,305.6808510638298,34,13,17,33.249085307144234,0.6516544117647058,42.410714285714285,1030.3571428571427,30.30462184873949,0
1337,4,0,0,47,0.0,0.0,1.0,47,1050,700,350,0.6666666666666666,14,7,7,357.21652678000777,0.4546137835337651,0.34643714716168716,0.217317180065673,132765.81809807252,85.22888321995157,132851.04698129246,1117,5,306.6808510638298,34,13,17,33.14754918948057,0.6522671568627452,42.351190476190474,1030.5952380952378,30.311624649859937,0
1338,4,0,0,47,0.0,0.0,1.0,47,1050,800,250,0.7619047619047619,13,8,5,356.5050203996845,0.45403561517113783,0.3457188776337716,0.21706191748385842,132796.49234693873,68.52324263038207,132865.0155895691,1118,6,307.6808510638298,34,13,17,33.13505813505814,0.6525735294117647,42.32142857142857,1030.7142857142853,30.315126050420158,0
1339,4,0,2,45,0.0,0.0425531914893617,0.9574468085106383,47,950,700,250,0.7368421052631579,12,7,5,356.71734150561474,0.4536116250385445,0.3457948389685579,0.2176464437076723,132874.89819101506,79.75608710561787,132954.65427812067,1119,7,308.6808510638298,35,12,17,33.05081574614578,0.6511904761904762,42.24537037037037,1031.0185185185182,29.45767195767195,0
1340,4,0,0,45,0.0,0.0,1.0,45,1150,600,550,0.5217391304347826,17,6,11,374.02318403225786,0.45143097643097646,0.3616750631388259,0.22627190895774402,132555.70461180806,915.7813401095866,133471.48595191765,1120,15,322.97777777777776,33,12,23,32.926112697846015,0.6524621212121212,42.555147058823536,1029.7794117647068,31.20543672014263,0
1341,4,0,0,45,0.0,0.0,1.0,45,1200,800,400,0.6666666666666666,16,8,8,374.31070555250204,0.4513257575757576,0.3634893125361067,0.22734450221451952,132704.4802295918,934.5415249433087,133639.02175453512,1121,16,323.97777777777776,34,11,18,32.76887155786637,0.6516544117647058,42.410714285714285,1030.3571428571427,30.30462184873949,0
1342,4,0,0,45,0.0,0.0,1.0,45,1400,900,500,0.6428571428571429,19,9,10,376.1152271200779,0.45039983164983166,0.3615358948692282,0.22900180284146535,132796.49234693887,989.3565759637294,133785.8489229026,1122,17,324.97777777777776,34,11,19,32.62974512974514,0.6525735294117647,42.32142857142858,1030.7142857142865,30.31512605042019,0
1343,4,0,2,43,0.0,0.044444444444444446,0.9555555555555556,45,1450,1000,450,0.6896551724137931,19,10,9,375.0094010943375,0.45014730639730643,0.3593074888988672,0.2288071058183809,132874.89819101518,965.8671982167416,133840.7653892319,1123,18,325.97777777777776,35,10,20,32.579329441700345,0.6511904761904762,42.245370370370374,1031.0185185185192,29.457671957671977,0
1344,4,0,0,43,0.0,0.0,1.0,43,1500,1300,200,0.8666666666666667,17,13,4,383.30563625088894,0.44887412329272797,0.3517918634197701,0.23337976080592115,132796.49234693887,1580.3287981859507,134376.82114512482,1124,34,318.3953488372093,34,9,20,32.4444636944637,0.6525735294117647,42.32142857142858,1030.7142857142865,30.31512605042019,0
1345,4,0,0,43,0.0,0.0,1.0,43,1000,600,400,0.6,14,6,8,379.1372155738343,0.44827427094868955,0.3477228849990468,0.23140996646123888,132888.53635204083,1476.5979308390106,134365.13428287985,1125,35,319.3953488372093,34,9,20,32.45920409498519,0.6534926470588236,42.23214285714286,1031.071428571429,30.32563025210085,0
1346,4,0,0,43,0.0,0.0,1.0,43,1100,800,300,0.7272727272727273,14,8,6,378.532802775227,0.44811277224067925,0.3468170072821235,0.23132560169597208,132934.5703125,1464.019097222222,134398.58940972222,1126,36,320.3953488372093,35,8,20,32.428451178451176,0.6517857142857143,42.1875,1031.25,29.464285714285715,0
1347,4,0,0,43,0.0,0.0,1.0,43,1000,600,400,0.6,14,6,8,379.26037091950707,0.4474206349206349,0.3507104058940467,0.23251216962699356,133053.95474322705,1492.4184456447178,134546.37318887177,1127,37,321.3953488372093,35,8,21,32.28956323386433,0.6529761904761905,42.07175925925926,1031.712962962963,29.47751322751323,0
1348,4,0,0,43,0.0,0.0,1.0,43,1400,1100,300,0.7857142857142857,17,11,6,377.0179951579927,0.4473975636766334,0.3453189752523922,0.23169327793410194,133143.5282305598,1439.501216349447,134583.02944690926,1128,38,322.3953488372093,35,8,21,32.257322156181075,0.6538690476190476,41.9849537037037,1032.060185185185,29.487433862433857,0
1349,4,0,1,42,0.0,0.023255813953488372,0.9767441860465116,43,1150,800,350,0.6956521739130435,15,8,7,373.17541831269756,0.44615171650055374,0.3379141776285761,0.23064453751779407,133355.8812190569,1353.0273516760008,134708.9085707329,1129,39,323.3953488372093,36,7,22,32.14311673208315,0.6539351851851851,41.77927927927928,1032.882882882883,28.691191191191194,0
1350,4,0,0,42,0.0,0.0,1.0,42,1000,800,200,0.8,12,8,4,371.5806484036252,0.44548490127758417,0.32219054695437266,0.2298530064747571,133387.25767784307,1512.8247393428626,134900.08241718594,1130,40,313.76190476190476,37,5,22,32.15279252025616,0.6523085585585586,41.748903508771924,1033.0043859649115,27.919037458511124,0
1351,4,0,0,42,0.0,0.0,1.0,42,1050,800,250,0.7619047619047619,13,8,5,369.12656875331646,0.44487998451413086,0.32244749068847667,0.2290484448425691,133502.97796201822,1455.9803894722809,134958.9583514905,1131,41,314.76190476190476,34,8,22,32.10003647813232,0.6596200980392157,41.636904761904766,1033.4523809523816,30.395658263305343,0
1352,4,0,0,42,0.0,0.0,1.0,42,1100,800,300,0.7272727272727273,14,8,6,372.1122110131948,0.4445170344560589,0.32640408460977377,0.23128491970132947,133564.50007086172,1540.1962868480803,135104.6963577098,1132,42,315.76190476190476,34,8,22,31.961159737417937,0.6602328431372548,41.577380952380956,1033.6904761904766,30.402661064425782,0
1353,4,0,1,41,0.0,0.023809523809523808,0.9761904761904762,42,1350,900,450,0.6666666666666666,18,9,9,372.0200063297758,0.44335559427022847,0.3250863060989644,0.23257941402919102,133779.93905895707,1553.7627551020587,135333.70181405914,1133,43,316.76190476190476,34,8,19,31.747458764863822,0.6623774509803921,41.36904761904763,1034.5238095238108,30.427170868347375,0
1354,4,0,0,41,0.0,0.0,1.0,41,1000,800,200,0.8,12,8,4,382.00705702246495,0.44148882113821136,0.32962523013072276,0.2382673728168947,133693.9236862026,2014.404465830466,135708.32815203306,1134,44,324.1219512195122,33,8,22,31.575497689299677,0.6638257575757576,41.45220588235295,1034.1911764705894,31.33912655971483,0
1355,4,0,0,41,0.0,0.0,1.0,41,1500,1300,200,0.8666666666666667,17,13,4,381.39016262907467,0.4401168699186992,0.3226973730346847,0.23943591798265734,133933.93034297053,2016.216695011337,135950.14703798186,1135,45,325.1219512195122,34,7,20,31.35063254744105,0.6639093137254901,41.220238095238095,1035.1190476190477,30.44467787114846,0
1356,4,0,1,40,0.0,0.024390243902439025,0.975609756097561,41,1100,800,300,0.7272727272727273,14,8,6,381.61308184287157,0.4399136178861789,0.31924966903762875,0.23977654333133042,133964.73922902506,2024.5393990929836,135989.27862811805,1136,46,326.1219512195122,34,7,20,31.313966191352357,0.6642156862745099,41.1904761904762,1035.238095238096,30.44817927170871,0
1357,4,0,0,40,0.0,0.0,1.0,40,800,600,200,0.75,10,6,4,393.5948871270623,0.4378205128205128,0.3281438721136771,0.24676383235249,133884.09994052764,2539.2194408400564,136423.3193813677,1137,47,334.0,33,7,20,31.08483816854154,0.665719696969697,41.268382352941174,1034.926470588235,31.36140819964348,0
1358,4,0,1,39,0.0,0.025,0.975,40,1000,600,400,0.6,14,6,8,396.3283402203859,0.4376736111111111,0.333558238636364,0.24912067099567106,133979.23875432528,2619.9538638985064,136599.19261822378,1138,48,335.0,33,7,20,30.91856060606062,0.6666666666666667,41.1764705882353,1035.294117647059,31.37254901960785,0
1359,4,0,0,39,0.0,0.0,1.0,39,750,400,350,0.5333333333333333,11,4,7,401.69943012303,0.43696581196581197,0.33029405960134217,0.251844965656198,133884.09994052764,2956.233329728946,136840.33327025658,1139,49,342.46153846153845,33,6,20,30.875148016577857,0.665719696969697,41.268382352941174,1034.926470588235,31.36140819964348,0
1360,4,0,0,39,0.0,0.0,1.0,39,950,300,650,0.3157894736842105,16,3,13,397.3001947744492,0.4362910481331534,0.324021464646465,0.24973155100108232,133979.23875432528,2845.9955305651733,136825.23428489047,1140,50,343.46153846153845,33,6,20,30.893406723484862,0.6666666666666667,41.1764705882353,1035.294117647059,31.37254901960785,0
1361,4,0,0,39,0.0,0.0,1.0,39,1200,1000,200,0.8333333333333334,14,10,4,398.3594225665424,0.435138326585695,0.32878739632139986,0.2519168973672489,134201.3607296474,2892.075313581328,137093.43604322872,1141,51,344.46153846153845,33,6,21,30.64298738419081,0.6688762626262627,40.962009803921575,1036.1519607843147,31.398544266191355,0
1362,4,0,0,39,0.0,0.0,1.0,39,1250,900,350,0.72,16,9,7,401.0669672000116,0.4349696356275304,0.332444978063992,0.25406916416558056,134264.85794225786,2969.8398752883613,137234.69781754623,1142,52,345.46153846153845,33,6,21,30.50911966418352,0.6695075757575757,40.90073529411765,1036.3970588235302,31.405971479500916,0
1363,4,0,0,39,0.0,0.0,1.0,39,1250,900,350,0.72,16,9,7,399.36866578802454,0.43415429599640126,0.3283416919780555,0.2543347818965841,134458.16326530615,2939.6754535147415,137397.8387188209,1143,53,346.46153846153845,34,5,23,30.35922673706765,0.6691176470588236,40.714285714285715,1037.1428571428573,30.504201680672274,0
1364,4,0,0,39,0.0,0.0,1.0,39,1300,800,500,0.6153846153846154,18,8,10,399.14954337328294,0.4337606837606838,0.3288548342484541,0.2546258507287544,134519.90504535133,2938.711734693864,137458.6167800452,1144,54,347.46153846153845,34,5,23,30.30300856858695,0.6697303921568627,40.6547619047619,1037.3809523809514,30.51120448179269,0
1365,4,0,0,39,0.0,0.0,1.0,39,1050,600,450,0.5714285714285714,15,6,9,401.36396052322965,0.43339518668466037,0.3309075700543709,0.2567312010730448,134618.3353000216,3006.2002722638435,137624.53557228544,1145,55,348.46153846153845,31,8,23,30.146905060644098,0.6780913978494624,40.55989583333333,1037.7604166666658,33.47614247311825,0
1366,4,0,0,39,0.0,0.0,1.0,39,1400,900,500,0.6428571428571429,19,9,10,401.0771400329222,0.4326923076923077,0.3272944762786749,0.2575031493254849,134753.49426269534,3009.30921766493,137762.80348036028,1146,56,349.46153846153845,31,8,23,30.018915642504812,0.6794354838709677,40.4296875,1038.2812500000002,33.4929435483871,0
1367,4,0,0,39,0.0,0.0,1.0,39,850,500,350,0.5882352941176471,12,5,7,401.4301618344992,0.43213000449842554,0.33177810399154795,0.25861910269478644,134878.47421500352,3028.8575464238306,137907.33176142734,1147,57,350.46153846153845,32,7,19,29.884577205137564,0.6780598958333333,40.30934343434343,1038.7626262626259,32.46133207070706,0
1368,4,0,0,39,0.0,0.0,1.0,39,900,600,300,0.6666666666666666,12,6,6,399.925648431468,0.43210188933873145,0.327437268613739,0.2578830905402912,134911.26543209868,2990.8950617283817,137902.16049382705,1148,58,351.46153846153845,32,7,19,29.89081996434936,0.6783854166666667,40.27777777777777,1038.8888888888882,32.46527777777776,0
1369,4,0,0,39,0.0,0.0,1.0,39,1200,900,300,0.75,15,9,6,394.96841104408844,0.43277665317138997,0.22269925535326207,0.23621517990143695,132122.47732426313,2638.7699987402475,134761.2473230034,1149,59,352.46153846153845,34,5,18,32.82456191137873,0.6458333333333333,42.97619047619048,1028.0952380952388,30.23809523809526,8
1370,4,0,0,39,0.0,0.0,1.0,39,850,600,250,0.7058823529411765,11,6,5,392.3248384556851,0.43213000449842554,0.22157585830779625,0.23523606710642492,132219.3889853395,2574.5900848765395,134793.97907021604,1150,60,353.46153846153845,35,4,18,32.79456448345711,0.6446428571428571,42.88194444444444,1028.4722222222222,29.384920634920633,0
1371,4,0,0,39,0.0,0.0,1.0,39,1150,900,250,0.782608695652174,14,9,5,396.3739047247904,0.43176450742240213,0.21690040922973108,0.23860259897820635,132368.2260186255,2693.462121699218,135061.6881403247,1151,61,354.46153846153845,35,4,18,32.540045176770505,0.6461309523809524,42.737268518518505,1029.0509259259243,29.40145502645498,0
1372,4,0,0,39,0.0,0.0,1.0,39,1450,1100,350,0.7586206896551724,18,11,7,394.9276503955123,0.4303587494376968,0.21837627796431125,0.23894880687134984,132560.48489949998,2670.370214269153,135230.85511376912,1152,62,355.46153846153845,32,7,18,32.3831126369135,0.6549479166666667,42.550505050505045,1029.7979797979792,32.18118686868685,0
1373,4,0,1,38,0.0,0.02564102564102564,0.9743589743589743,39,650,400,250,0.6153846153846154,9,4,5,403.16052508899077,0.4303587494376968,0.224478066980764,0.23213031475620785,130669.48596993953,2835.6552880975537,133505.1412580371,1153,63,356.46153846153845,33,6,19,34.08833253426025,0.6335227272727273,44.39338235294118,1022.426470588236,30.982620320855638,8
1374,4,0,0,38,0.0,0.0,1.0,38,1550,1200,350,0.7741935483870968,19,12,7,399.3551579475779,0.42942449027975343,0.21586511188150004,0.23124934596825766,130888.84833958093,2854.2273404459847,133743.0756800269,1154,64,362.89473684210526,33,5,20,33.962574850299404,0.6357323232323233,44.17892156862745,1023.2843137254903,31.0086155674391,0
1375,4,0,0,38,0.0,0.0,1.0,38,1200,900,300,0.75,15,9,6,400.79888445962126,0.428520625889047,0.21969305595806587,0.23284241173683423,131014.28086553246,2902.0755238369834,133916.35638936944,1155,65,363.89473684210526,33,5,21,33.798180512329424,0.6369949494949495,44.056372549019606,1023.7745098039214,31.023469994058225,0
1376,4,0,0,38,0.0,0.0,1.0,38,1050,700,350,0.6666666666666666,14,7,7,399.4093931751919,0.4285947131341868,0.22532091680025412,0.23245734777354543,131084.19075963725,2871.251417233566,133955.44217687083,1156,66,364.89473684210526,34,4,21,33.7627392854375,0.6354166666666667,43.98809523809524,1024.0476190476195,30.11904761904763,0
1377,4,0,0,38,0.0,0.0,1.0,38,1300,1000,300,0.7692307692307693,16,10,6,403.42997526181927,0.42809091986723563,0.22369758690185293,0.23574690237576787,131239.1643759644,2989.162567515422,134228.32694347983,1157,67,365.89473684210526,35,3,21,33.50241443578447,0.6348214285714286,43.83680555555555,1024.652777777777,29.275793650793627,0
1378,4,0,0,38,0.0,0.0,1.0,38,1050,700,350,0.6666666666666666,14,7,7,397.4704236113905,0.42801683262209583,0.2116458689745393,0.23356969836939,131453.7677816223,2849.857234730748,134303.62501635303,1158,68,366.89473684210526,33,5,21,33.4374004142766,0.6414141414141414,43.62745098039215,1025.4901960784302,31.075460487225158,0
1379,4,0,0,38,0.0,0.0,1.0,38,1100,600,500,0.5454545454545454,16,6,10,399.00537991261405,0.42798719772403987,0.2107086713198767,0.23485759703717135,131516.6116998268,2895.167123221817,134411.77882304863,1159,69,367.89473684210526,33,5,21,33.33432895260851,0.6420454545454546,43.566176470588225,1025.7352941176457,31.08288770053472,0
1380,4,0,0,38,0.0,0.0,1.0,38,1100,1000,100,0.9090909090909091,12,10,2,396.1184888914793,0.4275723091512565,0.21197520853369545,0.23373503224019412,131610.90573637537,2826.7026203863793,134437.60835676175,1160,70,368.89473684210526,33,5,17,33.31280604323421,0.6429924242424243,43.47426470588235,1026.10294117647,31.09402852049909,0
1381,4,0,0,38,0.0,0.0,1.0,38,700,300,400,0.42857142857142855,11,3,8,396.34603198488344,0.42718705547652913,0.2120410292509396,0.2340621771397329,131642.34459102261,2835.184183967693,134477.52877499032,1161,71,369.89473684210526,33,5,17,33.275117426956456,0.6433080808080809,43.44362745098039,1026.2254901960778,31.09774212715387,0
1382,4,1,0,39,0.02564102564102564,0.0,1.0,39,1050,700,350,0.6666666666666666,14,7,7,387.4726077428781,0.4267881241565452,0.211988911988912,0.23123365300784665,132040.8950617284,2432.445987654324,134473.34104938273,1162,0,361.38461538461536,35,4,18,33.09966216216217,0.6428571428571428,43.05555555555556,1027.7777777777778,29.365079365079367,0
1383,4,0,0,39,0.0,0.0,1.0,39,950,600,350,0.631578947368421,13,6,7,386.73165244071953,0.4265069725596042,0.21158411363297946,0.23085021529276967,132050.5402995902,2413.6247311500742,134464.1650307403,1163,1,362.38461538461536,36,3,18,33.108953288776874,0.6409143518518519,43.046171171171174,1027.815315315316,28.550425425425445,0
1384,4,0,0,39,0.0,0.0,1.0,39,950,400,550,0.42105263157894735,15,4,11,385.2131691835653,0.42628205128205127,0.20568983092255477,0.23064796379115657,132166.3106307322,2382.440675472785,134548.75130620497,1164,2,363.38461538461536,36,3,18,33.03102069871867,0.6420717592592593,42.933558558558566,1028.2657657657667,28.562937937937964,0
1385,4,0,1,38,0.0,0.02564102564102564,0.9743589743589743,39,700,400,300,0.5714285714285714,10,4,6,384.9648440423484,0.4255229419703104,0.20911443858673984,0.2310294931329049,132253.17166829002,2382.5643210778503,134635.73598936785,1165,3,364.38461538461536,36,3,18,32.94969345303263,0.6429398148148149,42.84909909909911,1028.6036036036046,28.57232232232235,0
1386,4,0,0,38,0.0,0.0,1.0,38,1100,900,200,0.8181818181818182,13,9,4,385.08859058534443,0.4255275011853959,0.21012965484577584,0.23162635793665168,132338.45191400888,2592.405585562411,134930.85749957128,1166,4,372.6578947368421,35,3,18,32.86042369703787,0.6458333333333333,42.7662037037037,1028.935185185185,29.39814814814814,0
1387,4,0,1,37,0.0,0.02631578947368421,0.9736842105263158,38,800,500,300,0.625,11,5,6,380.23608737584084,0.42500889046941676,0.20209114367788095,0.22962860919177874,132489.9092970522,2475.502341497301,134965.4116385495,1167,5,373.6578947368421,34,4,19,32.83249498920753,0.6495098039215687,42.61904761904762,1029.5238095238096,30.28011204481793,0
1388,4,0,0,37,0.0,0.0,1.0,37,900,700,200,0.7777777777777778,11,7,4,385.6315192743762,0.42551926926926925,0.21132561132561123,0.2327086754241926,132461.0726643599,2816.232939254135,135277.30560361405,1168,6,382.4054054054054,33,4,21,32.72271825396824,0.6515151515151515,42.64705882352941,1029.4117647058827,31.19429590017826,0
1389,4,0,0,37,0.0,0.0,1.0,37,800,700,100,0.875,9,7,2,385.15582029839254,0.42505005005005003,0.20661861433014628,0.23300679323019396,132555.70461180803,2810.920228998474,135366.6248408065,1169,7,383.4054054054054,33,4,21,32.63950870720775,0.6524621212121212,42.555147058823536,1029.7794117647065,31.20543672014262,0
1390,4,0,0,37,0.0,0.0,1.0,37,1250,1100,150,0.88,14,11,3,387.0006002167299,0.42436186186186187,0.20249697842466663,0.2351084571258864,132713.4996155326,2872.040801614785,135585.5404171474,1170,8,384.4054054054054,33,4,18,32.43290120520142,0.654040404040404,42.40196078431374,1030.392156862746,31.224004753416548,0
1391,4,0,1,36,0.0,0.02702702702702703,0.972972972972973,37,1200,800,400,0.6666666666666666,16,8,8,387.0006002167299,0.4245182682682683,0.20249697842466663,0.2351084571258864,132713.4996155326,2872.040801614785,135585.5404171474,1171,9,385.4054054054054,33,4,18,32.43290120520142,0.654040404040404,42.40196078431374,1030.392156862746,31.224004753416548,0
1392,4,0,0,36,0.0,0.0,1.0,36,1150,900,250,0.782608695652174,14,9,5,392.6731935832447,0.4237433862433862,0.19293865905848806,0.23935992061030842,132839.80320069214,3232.5259515571106,136072.32915224927,1172,10,378.3333333333333,33,3,18,32.15941512125536,0.6553030303030303,42.27941176470589,1030.8823529411773,31.238859180035675,0
1393,4,0,0,36,0.0,0.0,1.0,36,850,800,50,0.9411764705882353,9,8,1,390.3841430592465,0.42308201058201056,0.1943916224282285,0.23836663132804786,132902.9775206651,3176.64299788543,136079.62051855054,1173,11,379.3333333333333,33,3,18,32.15474209650582,0.6559343434343434,42.21813725490196,1031.127450980392,31.246286393345212,0
1394,4,0,0,36,0.0,0.0,1.0,36,900,500,400,0.5555555555555556,13,5,8,393.08095915064337,0.4225694444444445,0.19959935580109067,0.24062272241243376,132997.76715986634,3255.777976018837,136253.5451358852,1174,12,380.3333333333333,33,3,18,31.989698427785058,0.6568813131313131,42.12622549019608,1031.4950980392152,31.25742721330955,0
1395,4,0,0,36,0.0,0.0,1.0,36,950,900,50,0.9473684210526315,10,9,1,392.0047053763244,0.42194113756613755,0.20462160486498648,0.24118740930495103,133187.44781153876,3242.0212478373614,136429.46905937613,1175,13,381.3333333333333,33,3,19,31.82642269183586,0.6587752525252526,41.94240196078431,1032.230392156862,31.279708853238244,0
1396,4,1,0,37,0.02702702702702703,0.0,1.0,37,1100,800,300,0.7272727272727273,14,8,6,380.89707484470057,0.4216716716716717,0.20260695584419008,0.23657234102266467,133537.46588358338,2773.414267065563,136310.88015064894,1176,0,372.0,32,5,21,31.761289600130294,0.6647135416666667,41.60353535353536,1033.5858585858591,32.2995580808081,0
1397,4,0,0,37,0.0,0.0,1.0,37,1150,900,250,0.782608695652174,14,9,5,378.87288555823255,0.42170295295295296,0.19952276125191037,0.23593840759211926,133635.36126734532,2726.162987195207,136361.52425454053,1177,1,373.0,32,5,22,31.715309154556945,0.6656901041666667,41.508838383838395,1033.9646464646476,32.311395202020236,0
1398,4,0,1,36,0.0,0.02702702702702703,0.972972972972973,37,1150,1000,150,0.8695652173913043,13,10,3,380.39727940182877,0.42185935935935936,0.2014148376564484,0.23814787660030465,133831.2596450618,2781.8094135802585,136613.06905864205,1178,2,374.0,32,5,17,31.479306487695744,0.6676432291666667,41.31944444444445,1034.7222222222229,32.335069444444464,0
1399,4,0,0,36,0.0,0.0,1.0,36,1100,800,300,0.7272727272727273,14,8,6,386.9603522811513,0.42114748677248676,0.1938748525163756,0.24182808285579507,133765.9442435721,3152.4233815427006,136918.3676251148,1179,3,381.94444444444446,32,4,17,31.37510679848652,0.6669921875,41.38257575757576,1034.469696969697,32.32717803030303,0
1400,4,0,0,36,0.0,0.0,1.0,36,1050,800,250,0.7619047619047619,13,8,5,387.4135566193234,0.4208498677248677,0.1943834241857183,0.24232570098768969,133798.5999515355,3167.078295582074,136965.67824711755,1180,4,382.94444444444446,32,4,17,31.33059759173378,0.6673177083333333,41.3510101010101,1034.5959595959591,32.33112373737372,0
1401,4,0,0,36,0.0,0.0,1.0,36,1000,600,400,0.6,14,6,8,387.0580288707389,0.41987433862433865,0.19503380346570154,0.24361188754941904,134027.3015030354,3175.2686269258234,137202.57012996124,1181,5,383.94444444444446,32,4,20,31.110281266512203,0.6695963541666667,41.130050505050505,1035.4797979797981,32.35874368686869,0
1402,4,0,0,36,0.0,0.0,1.0,36,1050,800,250,0.7619047619047619,13,8,5,391.7168266997316,0.41908068783068786,0.2033211456429007,0.2474239078576827,134158.07578627186,3310.395144628106,137468.47093089996,1182,6,384.94444444444446,32,4,20,30.8584704448507,0.6708984375,41.00378787878788,1035.984848484849,32.37452651515153,0
1403,4,0,0,36,0.0,0.0,1.0,36,1200,900,300,0.75,15,9,6,393.83160790367214,0.41879960317460313,0.20492476509626134,0.24905357104155174,134201.36072964725,3370.5475358035346,137571.9082654508,1183,7,385.94444444444446,33,3,20,30.76027498521585,0.6688762626262627,40.96200980392157,1036.1519607843136,31.398544266191323,0
1404,4,0,0,36,0.0,0.0,1.0,36,1000,700,300,0.7,13,7,6,372.56650237045596,0.41866732804232804,0.10855131821284614,0.22120655305918285,131847.23816609988,2631.975869391893,134479.21403549178,1184,8,386.94444444444446,34,2,14,33.67818090491095,0.6430759803921569,43.24404761904763,1027.0238095238105,30.20658263305325,8
1405,4,0,1,35,0.0,0.027777777777777776,0.9722222222222222,36,900,500,400,0.5555555555555556,13,5,8,356.1382190208205,0.4184193121693122,0.06869360584548945,0.19840659841929126,129383.0002834465,2069.2495748299043,131452.2498582764,1185,9,387.94444444444446,34,2,20,36.59655589359542,0.6182598039215687,45.65476190476189,1017.3809523809507,29.922969187675022,8
1406,4,0,0,35,0.0,0.0,1.0,35,750,500,250,0.6666666666666666,10,5,5,357.8371499214033,0.41810224089635856,0.035514895613417474,0.1963268687406617,128778.12499999991,2216.3194444444307,130994.44444444435,1186,10,396.74285714285713,34,1,20,37.16988232074438,0.6121323529411764,46.24999999999999,1014.9999999999993,29.85294117647057,8
1407,4,0,1,34,0.0,0.02857142857142857,0.9714285714285714,35,1050,800,250,0.7619047619047619,13,8,5,358.20308293605547,0.4176470588235294,0.04708207043220525,0.19727763076355626,128929.21095521527,2236.5681689342227,131165.7791241495,1187,11,397.74285714285713,34,1,21,37.0064568436682,0.6136642156862745,46.10119047619047,1015.5952380952369,29.870448179271676,0
1408,4,0,0,34,0.0,0.0,1.0,34,1100,800,300,0.7272727272727273,14,8,6,365.9043448946728,0.4160539215686274,0.06812583848550924,0.20147835921210303,128921.21006644063,2634.5661824778786,131555.7762489185,1188,26,410.11764705882354,33,1,21,36.81908913559391,0.6158459595959596,46.109068627450974,1015.5637254901948,30.77465834818772,0
1409,4,0,0,34,0.0,0.0,1.0,34,950,800,150,0.8421052631578947,11,8,3,365.1860118939354,0.4162210338680927,0.07595969630312949,0.20155739271642634,129014.56921616684,2622.863201653207,131637.43241782006,1189,27,411.11764705882354,33,1,24,36.74205870526739,0.6167929292929293,46.0171568627451,1015.9313725490194,30.785799168152103,0
1410,4,0,0,34,0.0,0.0,1.0,34,950,800,150,0.8421052631578947,11,8,3,369.75580645486355,0.4162396019013666,0.08161738106553407,0.20456203488526903,129107.96215698282,2747.683733419833,131855.64589040264,1190,28,412.11764705882354,33,1,24,36.53068350817959,0.617739898989899,45.92524509803921,1016.2990196078426,30.796939988116442,0
1411,4,1,0,35,0.02857142857142857,0.0,1.0,35,750,500,250,0.6666666666666666,10,5,5,359.8285400433189,0.4165266106442577,0.0919816999759211,0.2011262351009292,129513.05537533647,2320.532517541339,131833.5878928778,1191,0,401.3142857142857,33,2,17,36.37029456617706,0.6218434343434344,45.52696078431373,1017.8921568627455,30.84521687462865,0
1412,4,0,0,35,0.0,0.0,1.0,35,700,500,200,0.7142857142857143,9,5,4,359.648941834694,0.41621148459383756,0.09491711947176573,0.20134524317807545,129575.43372741257,2320.3335255670954,131895.76725297965,1192,1,402.3142857142857,33,2,19,36.31138661531055,0.6224747474747474,45.46568627450981,1018.1372549019611,30.852644087938216,0
1413,4,0,0,35,0.0,0.0,1.0,35,1150,800,350,0.6956521739130435,15,8,7,360.8417529626566,0.415546218487395,0.09540767221229185,0.2026565304476758,129700.23548635142,2360.2520665128814,132060.4875528643,1193,2,403.3142857142857,33,2,20,36.15405437921077,0.6237373737373737,45.34313725490196,1018.6274509803923,30.86749851455734,0
1414,4,0,0,35,0.0,0.0,1.0,35,1100,900,200,0.8181818181818182,13,9,4,359.9447450624812,0.4152310924369748,0.0950388954716399,0.20328447618294512,129918.78311526822,2352.716653450604,132271.49976871882,1194,3,404.3142857142857,33,2,23,35.95471711343512,0.6259469696969697,45.12867647058824,1019.4852941176474,30.89349376114083,0
1415,4,0,0,35,0.0,0.0,1.0,35,800,600,200,0.75,10,6,4,361.3565526286838,0.4149509803921569,0.096462470606409,0.20473591473985955,130043.75007509133,2398.432243608232,132442.18231869958,1195,4,405.3142857142857,33,2,23,35.79175677840522,0.627209595959596,45.006127450980394,1019.9754901960786,30.908348187759955,0
1416,4,1,0,36,0.027777777777777776,0.0,1.0,36,300,100,200,0.3333333333333333,5,1,4,353.20767939617457,0.41641865079365076,0.10143508786392452,0.20158013431735117,130327.04132550265,2006.8703132541057,132333.91163875675,1196,0,395.02777777777777,32,4,24,35.712151189151314,0.6324869791666667,44.728535353535364,1021.0858585858598,31.90893308080812,0
1417,4,0,0,36,0.0,0.0,1.0,36,800,600,200,0.75,10,6,4,353.11957928660087,0.416468253968254,0.10356907352456268,0.20169711562641465,130359.27456382025,2006.4824380165546,132365.7570018368,1197,1,396.02777777777777,32,4,24,35.68171983184965,0.6328125,44.69696969696971,1021.2121212121231,31.912878787878846,0
1418,4,0,0,36,0.0,0.0,1.0,36,850,500,350,0.5882352941176471,12,5,7,340.3468241551817,0.4163690476190476,0.06383570792520032,0.18287535096950655,127945.07345183,1509.1398831263468,129454.21333495635,1198,2,397.02777777777777,36,0,16,38.463750371029995,0.599537037037037,47.07207207207206,1011.71171171171,28.103103103103056,8
1419,4,0,0,36,0.0,0.0,1.0,36,800,500,300,0.625,11,5,6,340.22591407136457,0.41582341269841266,0.06207133058984926,0.18372199359853666,128144.53124999988,1519.6180555555402,129664.14930555542,1199,3,398.02777777777777,36,0,16,38.26303155006858,0.6015625,46.87499999999999,1012.4999999999991,28.124999999999975,0
1420,4,0,1,35,0.0,0.027777777777777776,0.9722222222222222,36,1000,700,300,0.7,13,7,6,335.74539789849337,0.416385582010582,0.06134452224815701,0.18207964707008678,128315.61872260745,1416.2756929226214,129731.89441553007,1200,4,399.02777777777777,36,0,16,38.201854321810984,0.6032986111111112,46.70608108108107,1013.1756756756733,28.143768768768705,0
1421,4,0,0,35,0.0,0.0,1.0,35,900,600,300,0.6666666666666666,12,6,6,342.5901714285716,0.41439075630252103,0.06653387755102091,0.18526971569839296,128203.13169795931,1784.2265732167123,129987.35827117602,1201,10,411.3142857142857,35,0,16,38.14333333333334,0.6041666666666667,46.81712962962962,1012.7314814814797,28.935185185185134,0
1422,4,1,1,35,0.027777777777777776,0.027777777777777776,0.9722222222222222,36,850,700,150,0.8235294117647058,10,7,3,339.39889516556906,0.4170634920634921,-0.01584729981377997,0.17805510619764622,126978.48820103891,1419.2717210453711,128397.75992208428,1202,0,400.8611111111111,36,0,18,39.4774208566108,0.5896990740740741,48.02927927927928,1007.8828828828831,27.99674674674675,8
1423,4,0,0,35,0.0,0.0,1.0,35,1150,800,350,0.6956521739130435,15,8,7,346.938433534593,0.4158963585434174,-0.001382542867258918,0.18292528608205358,127182.05959467092,1824.919632297735,129006.97922696866,1203,1,409.62857142857143,34,1,20,39.078543609111286,0.5958946078431373,47.827380952380935,1008.6904761904739,29.667366946778643,0
1424,4,2,0,37,0.05405405405405406,0.0,1.0,37,1100,800,300,0.7272727272727273,14,8,6,332.59527800223964,0.4207019519519519,0.02181783163856421,0.17833063831272303,127859.63909433063,1105.102441968973,128964.74153629961,1204,0,388.43243243243245,36,1,17,38.74707716289946,0.5986689814814814,47.15653153153152,1011.3738738738724,28.093718718718677,0
1425,4,1,0,38,0.02631578947368421,0.0,1.0,38,1000,700,300,0.7,13,7,6,326.9279211536163,0.42250474158368895,0.03419115133003636,0.1767860819540276,128200.0471298857,782.4349799938043,128982.48210987951,1205,0,379.1842105263158,37,1,18,38.543020066406825,0.6002252252252251,46.82017543859647,1012.7192982456106,27.370791844475963,0
1426,4,1,0,39,0.02564102564102564,0.0,1.0,39,1100,900,200,0.8181818181818182,13,9,4,320.2226902528234,0.4241734143049933,0.0401112219006623,0.17433121674176927,128469.25593770528,427.7541502300887,128897.01008793537,1206,0,370.43589743589746,38,1,17,38.438586784698046,0.6011513157894737,46.55448717948717,1013.7820512820499,26.678475033738156,0
1427,4,1,0,40,0.025,0.0,1.0,40,950,600,350,0.631578947368421,13,6,7,313.55070763937755,0.42701655982905984,0.04495073891625645,0.17202917202917203,128778.125,75.69444444444446,128853.81944444444,1207,0,362.15,39,1,18,38.29365079365079,0.6025641025641026,46.25,1015.0,26.025641025641026,0
1428,4,0,1,39,0.0,0.025,0.975,40,1150,900,250,0.782608695652174,14,9,5,310.9031798277345,0.4264556623931624,0.03783839212469231,0.17148912950679093,128989.6701388887,20.659722222202276,129010.3298611109,1208,1,363.15,39,1,18,38.146021328958156,0.6047008547008548,46.04166666666666,1015.8333333333318,26.047008547008506,0
1429,4,3,1,41,0.07142857142857142,0.023809523809523808,0.9761904761904762,42,650,400,250,0.6153846153846154,9,4,5,307.3998429003539,0.43064024390243905,0.0740173700033413,0.1722244534677526,129605.14298311897,-431.8798815822763,129173.2631015367,1209,0,346.6904761904762,41,1,17,37.61123018965965,0.6077235772357723,45.43650793650793,1018.2539682539666,24.835462640340648,0
1430,4,1,0,42,0.023809523809523808,0.0,1.0,42,750,500,250,0.6666666666666666,10,5,5,313.7416529053016,0.43139034068912113,0.07195823002707646,0.16736632727106854,127654.44839740694,-389.89647181660484,127264.55192559033,1210,0,347.6666666666667,42,0,15,39.43311119634352,0.5865575396825398,47.359496124031004,1010.5620155038755,24.061000369139894,8
1431,4,1,1,42,0.023255813953488372,0.023255813953488372,0.9767441860465116,43,1050,700,350,0.6666666666666666,14,7,7,308.31382099685777,0.43362403100775193,0.08618907183510904,0.16579432196031343,127976.79498285423,-708.5970679809348,127268.1979148733,1211,0,340.5581395348837,43,0,16,39.241635470285445,0.5884205426356589,47.0407196969697,1011.8371212121222,23.531095842142374,0
1432,4,1,0,43,0.023255813953488372,0.0,1.0,43,1600,1400,200,0.875,18,14,4,310.77729300694045,0.433047249907715,0.08678810280535232,0.1681436754672727,128221.71512492541,-629.9909375381724,127591.72418738724,1212,0,341.4186046511628,40,3,18,38.92986152919927,0.5953125,46.79878048780487,1012.8048780487786,25.320121951219466,0
1433,4,2,1,44,0.044444444444444446,0.022222222222222223,0.9777777777777777,45,1450,1300,150,0.896551724137931,16,13,3,301.4194566634404,0.43825757575757573,0.10439542951717184,0.16518921871461045,128733.8700818007,-1239.421365152357,127494.44871664834,1213,0,327.2,42,3,15,38.64640026735416,0.5974702380952381,46.29360465116278,1014.8255813953467,24.16251384274635,0
1434,4,0,1,43,0.0,0.022727272727272728,0.9772727272727273,44,1550,1400,150,0.9032258064516129,17,14,3,310.975277780085,0.4366301092318534,0.11230460221814731,0.16399456138250676,127189.73938615463,-888.57969397873,126301.1596921759,1214,1,335.6136363636364,42,2,19,39.9775856548191,0.5818452380952381,47.81976744186046,1008.7209302325576,24.017165005537088,8
1435,4,1,1,43,0.022727272727272728,0.022727272727272728,0.9772727272727273,44,1200,800,400,0.6666666666666666,16,8,8,312.6195011070543,0.43528673361522197,0.1338335369045538,0.1658602444773682,127434.21744486534,-832.3157036836506,126601.90174118169,1215,0,336.47727272727275,42,2,15,39.686300383877146,0.5843253968253967,47.57751937984497,1009.6899224806222,24.040236249538623,0
1436,4,0,0,43,0.0,0.0,1.0,43,1250,700,550,0.56,18,7,11,321.3165272338907,0.43247046880767814,0.13679245283018826,0.17029775943396247,127392.29024943343,-413.35034013602143,126978.9399092974,1216,1,345.1162790697674,41,2,16,39.509630503144656,0.5853658536585367,47.619047619047635,1009.5238095238121,24.622531939605175,0
1437,4,4,0,47,0.0851063829787234,0.0,1.0,47,1500,900,600,0.6,21,9,12,302.88883064310477,0.4412195497995683,0.1580802650484816,0.1643288286429102,128332.09983710581,-1623.7136418353157,126708.38619527049,1217,0,316.6595744680851,44,3,21,39.01733223674193,0.5906723484848485,46.689814814814824,1013.2407407407422,23.028198653198686,0
1438,4,0,3,44,0.0,0.06382978723404255,0.9361702127659575,47,1200,600,600,0.5,18,6,12,302.4956213578747,0.44110391612704286,0.16059194299808133,0.16450171718850773,128425.93557098795,-1630.3433641975025,126795.59220679045,1218,1,317.6595744680851,44,3,16,38.93189915045218,0.5916193181818181,46.597222222222236,1013.6111111111135,23.036616161616216,0
1439,4,3,1,46,0.06382978723404255,0.02127659574468085,0.9787234042553191,47,900,500,400,0.5555555555555556,13,5,8,308.8037455378545,0.4411231884057971,0.1778420562199099,0.1692244525547447,128731.1385459537,-1449.4684499313807,127281.67009602231,1219,0,295.5531914893617,44,3,19,38.46183090024332,0.5946969696969697,46.29629629629631,1014.8148148148175,23.063973063973126,0
1440,4,1,2,45,0.02127659574468085,0.0425531914893617,0.9574468085106383,47,1350,900,450,0.6666666666666666,18,9,9,308.30332829486844,0.44229879740980577,0.1830136348649114,0.169954146301242,128966.15655006896,-1447.8609396433128,127518.29561042564,1220,0,296.17021276595744,44,3,21,38.235908538438174,0.5970643939393939,46.06481481481483,1015.7407407407438,23.085016835016905,0
1441,4,0,0,45,0.0,0.0,1.0,45,800,400,400,0.5,12,4,8,316.31987923250665,0.4415824915824916,0.1737227206209837,0.1738929535466006,128856.81918905124,-848.0053031668692,128008.81388588437,1221,1,309.3333333333333,42,3,21,38.14341159254309,0.5987103174603174,46.17248062015504,1015.3100775193807,24.17404946474716,0
1442,4,1,0,46,0.021739130434782608,0.0,1.0,46,1000,700,300,0.7,13,7,6,315.17354291871624,0.4435386473429952,0.1800105303659305,0.1746715530837594,129177.3211966971,-1057.3452027375977,128119.9759939595,1222,0,303.5869565217391,43,3,22,37.847092842726305,0.6005329457364341,45.85700757575758,1016.5719696969697,23.64120859760395,0
1443,4,0,1,45,0.0,0.021739130434782608,0.9782608695652174,46,1200,700,500,0.5833333333333334,17,7,10,313.4151651952956,0.44309581320450886,0.1785337220467409,0.17414467285448776,129278.89034511535,-1096.4003196071776,128182.49002550817,1223,1,304.5869565217391,40,6,22,37.78875620399053,0.6059895833333333,45.75711382113821,1016.9715447154472,25.42428861788618,0
1444,4,0,0,45,0.0,0.0,1.0,45,1450,800,650,0.5517241379310345,21,8,13,315.22495229267423,0.44276094276094274,0.17039256152497662,0.17595667069447257,129459.81744497319,-838.2070444180063,128621.61040055519,1224,2,305.44444444444446,40,5,18,37.55929199121232,0.6078125,45.579268292682926,1017.6829268292679,25.442073170731696,0
1445,4,1,1,45,0.021739130434782608,0.021739130434782608,0.9782608695652174,46,1500,1200,300,0.8,18,12,6,309.00874897101465,0.44412238325281805,0.17715799829691625,0.17417760030424037,129842.52467549997,-1175.504777357151,128667.01989814281,1225,0,299.7826086956522,42,4,19,37.33005324206125,0.6086309523809523,45.20348837209301,1019.1860465116255,24.26633444075299,0
1446,4,0,1,44,0.0,0.022222222222222223,0.9777777777777777,45,1350,900,450,0.6666666666666666,18,9,9,306.1462752669129,0.4414141414141414,0.12522479585676605,0.16966616871765353,129176.76150959973,-1089.2463456222656,128087.51516397747,1226,1,307.31111111111113,42,3,15,38.07708194325294,0.6019345238095238,45.85755813953488,1016.5697674418601,24.20404208194905,8
1447,4,0,2,42,0.0,0.045454545454545456,0.9545454545454546,44,1650,1300,350,0.7878787878787878,20,13,7,317.11905401773697,0.4395811310782241,0.13114754098360648,0.17585692995529076,129201.3888888891,-605.5555555555359,128595.83333333356,1227,5,315.27272727272725,41,3,16,37.77322404371585,0.6036585365853658,45.83333333333334,1016.6666666666683,24.796747967479714,0
1448,4,1,1,42,0.023255813953488372,0.023255813953488372,0.9767441860465116,43,1000,600,400,0.6,14,6,8,319.7286292402152,0.4386766334440753,0.1442403402407022,0.17801994259748827,129360.29188368074,-327.9622395833138,129032.32964409742,1228,0,322.9767441860465,39,4,17,37.54565158031265,0.608440170940171,45.67708333333334,1017.2916666666681,26.084401709401746,0
1449,4,0,1,41,0.0,0.023809523809523808,0.9761904761904762,42,850,700,150,0.8235294117647058,10,7,3,338.24276651438316,0.43671360820751065,0.0315882842764561,0.17928619178456662,127396.2436158239,460.749701831307,127856.9933176552,1229,1,331.4047619047619,37,5,15,39.078395966836815,0.5920608108108107,47.615131578947356,1009.5394736842088,27.284850640113753,8
1450,4,4,0,45,0.08888888888888889,0.0,1.0,45,950,400,550,0.42105263157894735,15,4,11,312.44342304147546,0.44530723905723907,0.07132763893282745,0.16940543057188745,128306.84222961866,-975.7006657772251,127331.14156384143,1230,0,309.9555555555556,38,7,21,38.80101233786776,0.5995065789473684,46.71474358974359,1013.1410256410255,26.661605937921724,0
1451,4,1,5,41,0.021739130434782608,0.10869565217391304,0.8913043478260869,46,650,300,350,0.46153846153846156,10,3,7,305.36488586147146,0.44624597423510465,0.08115520854664293,0.16660668102851953,128556.44710696333,-1348.6750404851755,127207.77206647815,1231,0,304.19565217391306,40,6,11,38.72653405484852,0.5986979166666666,46.46849593495934,1014.1260162601617,25.353150406504042,0
1452,4,2,1,42,0.046511627906976744,0.023255813953488372,0.9767441860465116,43,1250,600,650,0.48,19,6,13,327.45750478805934,0.43950719822812845,0.09558990050477334,0.17781211863990862,128366.66690712528,-193.0743113265611,128173.59259579872,1232,0,325.90697674418607,37,6,21,38.3597525788069,0.6019144144144144,46.655701754385966,1013.3771929824563,27.38857278330963,0
1453,4,0,0,42,0.0,0.0,1.0,42,950,600,350,0.631578947368421,13,6,7,331.17677683164203,0.43777826171118855,0.1062179903339826,0.17983171395288106,128366.66690712525,102.41179978454966,128469.0787069098,1233,1,334.3809523809524,37,5,21,38.2655269422203,0.6019144144144144,46.655701754385966,1013.3771929824561,27.388572783309623,0
1454,4,0,0,42,0.0,0.0,1.0,42,1200,1000,200,0.8333333333333334,14,10,4,331.0338866871808,0.43741531165311653,0.11172557258197457,0.1805071570803682,128533.39489073544,109.78185595566339,128643.1767466911,1234,2,335.3809523809524,37,5,16,38.099228662053065,0.6036036036036037,46.49122807017543,1014.0350877192968,27.40635372214316,0
1455,4,0,0,42,0.0,0.0,1.0,42,1200,900,300,0.75,15,9,6,335.4991588276713,0.4369918699186992,0.10897623936638334,0.18358212398772583,128672.41753472232,233.8975694444543,128906.31510416677,1235,3,336.3809523809524,37,5,16,37.844370294318956,0.6050112612612613,46.35416666666667,1014.5833333333342,27.421171171171192,0
1456,4,0,0,42,0.0,0.0,1.0,42,850,300,550,0.35294117647058826,14,3,11,334.49115488824947,0.43718544328300424,0.10791455735276023,0.1834152920406182,128755.86718990456,213.53974299784755,128969.4069329024,1236,4,337.3809523809524,37,5,16,37.78495030250651,0.6058558558558558,46.271929824561404,1014.9122807017542,27.43006164058795,0
1457,4,1,0,43,0.023255813953488372,0.0,1.0,43,1350,900,450,0.6666666666666666,18,9,9,325.00326860350555,0.4378460686600221,0.11641844327131623,0.17961104518814297,129065.65176647305,-210.64826229089243,128855.00350418215,1237,0,330.51162790697674,38,5,17,37.710720919636906,0.6071820175438596,45.96688034188034,1016.1324786324784,26.740328385065222,0
1458,4,0,1,42,0.0,0.023255813953488372,0.9767441860465116,43,1050,900,150,0.8571428571428571,12,9,3,321.4969957057291,0.43747692875599853,0.11386015236736302,0.1785302453399725,129255.70371283505,-288.93591569874025,128966.76779713632,1238,1,331.51162790697674,38,5,19,37.60681515724593,0.6091008771929824,45.77991452991453,1016.8803418803412,26.760008996851084,0
1459,4,0,0,42,0.0,0.0,1.0,42,1100,1000,100,0.9090909090909091,12,10,2,329.88368286578515,0.43593931475029035,0.11474101336125742,0.1835831389289675,129340.77222077946,133.48205697907184,129474.25427775853,1239,2,339.76190476190476,37,5,20,37.307206891595705,0.6117680180180181,45.69627192982456,1017.2149122807016,27.492294926505448,0
1460,4,0,0,42,0.0,0.0,1.0,42,1350,1000,350,0.7407407407407407,17,10,7,332.6732711880436,0.4357336430507162,0.11921178727901416,0.1857926175190987,129480.23069598337,214.92237996306224,129695.15307594642,1240,3,340.76190476190476,37,5,16,37.094645550527886,0.6131756756756757,45.55921052631579,1017.7631578947367,27.507112375533424,0
1461,4,1,0,43,0.023255813953488372,0.0,1.0,43,1150,1000,150,0.8695652173913043,13,10,3,325.4415947959351,0.43625415282392027,0.12166829570300042,0.183621422587109,129881.14458917727,-146.25463419535626,129734.88995498192,1241,0,333.8139534883721,38,5,17,36.87222688048073,0.6154057017543859,45.16559829059828,1019.3376068376054,26.824673864147513,0
1462,4,0,2,41,0.0,0.046511627906976744,0.9534883720930233,43,900,700,200,0.7777777777777778,11,7,4,326.54924249804003,0.4363233665559247,0.11228087273258858,0.1847606709925188,129990.07100819999,-110.36815600117282,129879.70285219881,1242,1,334.8139534883721,38,5,17,36.73367382573772,0.6165021929824561,45.05876068376068,1019.764957264957,26.835919928025184,0
1463,4,0,0,41,0.0,0.0,1.0,41,750,400,350,0.5333333333333333,11,4,7,344.3692529423278,0.43434959349593494,0.11797018401170845,0.19391396203329975,129803.15778193748,740.0432949841904,130543.20107692167,1243,2,351.4634146341463,36,5,18,36.46903893616236,0.6183449074074074,45.242117117117125,1019.0315315315327,28.306431431431463,0
1464,4,1,0,42,0.023809523809523808,0.0,1.0,42,1400,1100,300,0.7857142857142857,17,11,6,336.7846559022287,0.4358183313975997,0.12616898929748088,0.19161317708667155,130206.6260772546,370.31875192367596,130576.94482917828,1244,0,344.07142857142856,37,5,20,36.253312562670104,0.6204954954954955,44.84649122807018,1020.6140350877198,27.584163110478915,0
1465,4,1,0,43,0.023255813953488372,0.0,1.0,43,1300,800,500,0.6153846153846154,18,8,10,332.5438424522021,0.4372923588039867,0.1429422043566071,0.19134768661606288,130644.58832137135,89.01067919499587,130733.59900056635,1245,0,337.04651162790697,38,5,17,35.91850419758247,0.6230811403508771,44.41773504273505,1022.3290598290613,26.903396311291086,0
1466,4,0,0,43,0.0,0.0,1.0,43,1400,1100,300,0.7857142857142857,17,11,6,336.2857627785863,0.4365079365079365,0.14978230304678597,0.19459871601997109,130863.12601587042,201.48123036744988,131064.60724623788,1246,1,338.04651162790697,38,5,18,35.602006543454806,0.6252741228070176,44.20405982905983,1023.1837606837607,26.925888439046336,0
1467,4,0,0,43,0.0,0.0,1.0,43,550,200,350,0.36363636363636365,9,2,7,336.4232023856089,0.43662329272794387,0.15255406041946862,0.19481628974905457,130890.45606874133,206.91727847176264,131097.37334721308,1247,2,339.04651162790697,38,5,19,35.57088292615021,0.6255482456140351,44.177350427350426,1023.2905982905984,26.928699955015748,0
1468,4,1,0,44,0.022727272727272728,0.0,1.0,44,700,400,300,0.5714285714285714,10,4,6,330.37790759596885,0.4390085447498238,0.15121470963447758,0.19270085072946389,131168.01757812515,-132.99696180554105,131035.0206163196,1248,0,332.3181818181818,39,5,20,35.44547827265948,0.6266025641025641,43.90625000000001,1024.3750000000011,26.26602564102567,0
1469,4,0,0,44,0.0,0.0,1.0,44,1450,900,550,0.6206896551724138,20,9,11,333.1350386674598,0.43825977801268495,0.15613451589061333,0.19512195121951217,131328.12500000003,-49.90234374999898,131278.22265625003,1249,1,333.3181818181818,38,6,20,35.21341463414634,0.6299342105263157,43.75,1025.0000000000002,26.973684210526322,0
1470,4,0,2,42,0.0,0.045454545454545456,0.9545454545454546,44,1650,1000,650,0.6060606060606061,23,10,13,335.44962448590803,0.43794045102184637,0.15884001439094186,0.19760658247323223,131547.2334082109,25.494009788876554,131572.72741799976,1250,2,334.3181818181818,38,6,21,34.933260431854485,0.6321271929824561,43.53632478632478,1025.8547008547,26.99617633828158,0
1471,4,0,0,42,0.0,0.0,1.0,42,1200,900,300,0.75,15,9,6,339.3201520062931,0.43667731320170344,0.14920261757192788,0.20021172651165736,131609.2511638194,531.5342220683066,132140.7853858877,1251,3,341.7857142857143,37,5,18,34.77149675856664,0.634572072072072,43.475877192982445,1026.0964912280683,27.732337600758605,0
1472,4,0,0,42,0.0,0.0,1.0,42,1300,1200,100,0.9230769230769231,14,12,2,337.5033284045238,0.43668941153697255,0.14729551686073483,0.19958109015759593,131693.64762474975,489.40888061709643,132183.05650536684,1252,4,342.7857142857143,37,5,18,34.733090303742486,0.6354166666666667,43.393640350877185,1026.4254385964898,27.7412280701754,0
1473,4,0,0,42,0.0,0.0,1.0,42,1050,900,150,0.8571428571428571,12,9,3,329.16271046492636,0.4362780681378242,0.07032923767595722,0.18795170585897403,130346.55044100148,244.2463065559084,130590.7967475574,1253,5,343.7857142857143,37,5,20,36.30621622105302,0.6219031531531531,44.709429824561425,1021.1622807017577,27.598980559506966,8
1474,4,0,1,41,0.0,0.023809523809523808,0.9761904761904762,42,1400,1100,300,0.7857142857142857,17,11,6,333.70203908710744,0.4356368563685637,0.06724913141222122,0.1915088056829956,130542.57079101293,312.4644121268386,130855.03520313976,1254,6,344.7857142857143,37,5,18,35.992042203147335,0.6238738738738738,44.51754385964914,1021.929824561406,27.619724988146107,0
1475,4,0,2,39,0.0,0.04878048780487805,0.9512195121951219,41,1150,700,450,0.6086956521739131,16,7,9,339.0762227593409,0.4330538617886179,0.07820568622077495,0.19506552282695167,130636.47050766986,659.1441948705493,131295.61470254042,1255,7,353.5609756097561,36,5,18,35.75975802305942,0.6267361111111112,44.42567567567568,1022.2972972972975,28.39714714714715,0
1476,4,1,0,40,0.025,0.0,1.0,40,1050,700,350,0.6666666666666666,14,7,7,346.4608223341771,0.43035523504273504,0.10335755173932215,0.20020675000532204,130809.21292914524,1064.0534960636198,131873.26642520886,1256,0,362.95,36,4,19,35.39625532071042,0.6284722222222222,44.25675675675675,1022.972972972972,28.41591591591589,0
1477,4,0,1,39,0.0,0.025,0.975,40,1400,1100,300,0.7857142857142857,17,11,6,351.18651184765116,0.43015491452991456,0.10139454285399951,0.20369714142841716,130953.25213304501,1197.803166341996,132151.055299387,1257,1,363.95,36,4,19,35.12968973484431,0.6299189814814814,44.11599099099098,1023.5360360360345,28.431556556556515,0
1478,4,0,0,39,0.0,0.0,1.0,39,1200,900,300,0.75,15,9,6,360.10728691058785,0.43198942869995505,0.10632323935491406,0.20833432043780048,130854.01663237282,1624.2969821673216,132478.31361454015,1258,2,371.84615384615387,35,4,19,35.001885369532445,0.6309523809523809,44.21296296296295,1023.1481481481458,29.232804232804163,0
1479,4,0,0,39,0.0,0.0,1.0,39,1300,1000,300,0.7692307692307693,16,10,6,361.1951344793246,0.43120220422852,0.11321017291166613,0.20960694024508797,130972.46334876514,1661.323302469105,132633.78665123426,1259,3,372.84615384615387,35,4,19,34.85413839891451,0.6321428571428571,44.09722222222221,1023.6111111111088,29.24603174603168,0
1480,4,0,0,39,0.0,0.0,1.0,39,1150,900,250,0.782608695652174,14,9,5,363.3377190092548,0.43114597390913184,0.11508605946770101,0.21117512893271123,131031.70680084001,1721.7522933813211,132753.45909422133,1260,4,373.84615384615387,35,4,20,34.73933604642398,0.6327380952380952,44.03935185185184,1023.8425925925911,29.25264550264546,0
1481,4,0,0,39,0.0,0.0,1.0,39,1000,700,300,0.7,13,7,6,364.05357193301046,0.4309772829509672,0.11737338095941618,0.21240858043368974,131179.87403817286,1751.3003418638343,132931.17438003668,1261,5,374.84615384615387,35,4,21,34.57107012390314,0.6342261904761906,43.89467592592592,1024.4212962962952,29.26917989417986,0
1482,4,0,1,38,0.0,0.02564102564102564,0.9743589743589743,39,650,400,250,0.6153846153846154,9,4,5,362.5834631105541,0.43094916779127307,0.11924495954312997,0.21204187466187868,131268.81456832984,1719.1802769204312,132987.99484525027,1262,6,375.84615384615387,35,4,21,34.51876741209246,0.6351190476190476,43.80787037037037,1024.768518518518,29.279100529100514,0
1483,4,0,0,38,0.0,0.0,1.0,38,950,700,250,0.7368421052631579,12,7,5,364.93582807523205,0.43020981507823614,0.13124873878666654,0.2132384706207415,131236.6230867347,1978.589143990931,133215.21223072562,1263,7,385.94736842105266,34,4,21,34.4910634754657,0.6369485294117647,43.839285714285715,1024.6428571428573,30.136554621848745,0
1484,4,0,0,38,0.0,0.0,1.0,38,1000,500,500,0.5,15,5,10,365.777960299228,0.42985419630156474,0.13788813420471868,0.21407086745180517,131297.62081916095,2005.1551870748299,133302.77600623577,1264,8,386.94736842105266,34,4,21,34.407790296976046,0.6375612745098039,43.779761904761905,1024.880952380952,30.143557422969177,0
1485,4,1,0,39,0.02564102564102564,0.0,1.0,39,1000,700,300,0.7,13,7,6,356.2122939562993,0.4318488529014845,0.13723214976406006,0.2099752085715038,131572.28599773237,1573.5367063492,133145.82270408157,1265,0,378.0,34,5,18,34.375483484180386,0.6403186274509804,43.51190476190476,1025.9523809523805,30.17507002801119,0
1486,4,0,0,39,0.0,0.0,1.0,39,1450,1100,350,0.7586206896551724,18,11,7,354.74964007338247,0.43114597390913184,0.13956116171122557,0.2099523779240066,131725.0017715419,1545.879393424027,133270.88116496592,1266,1,379.0,34,5,19,34.25891027871196,0.6418504901960784,43.363095238095234,1026.5476190476186,30.192577030812313,0
1487,4,0,0,39,0.0,0.0,1.0,39,1550,1300,250,0.8387096774193549,18,13,5,353.5707840208682,0.4292622582096266,0.1424026798862401,0.21057309617535264,131963.74584043506,1531.7050158266438,133495.4508562617,1267,2,380.0,36,3,19,34.04848019874324,0.6400462962962963,43.130630630630634,1027.4774774774778,28.54104104104105,0
1488,4,0,0,39,0.0,0.0,1.0,39,1700,1100,600,0.6470588235294118,23,11,12,353.358837891779,0.42872807017543857,0.1363739753839408,0.21157505237966145,132166.31063073225,1540.426786583896,133706.73741731615,1268,3,381.0,36,3,19,33.84988865768626,0.6420717592592593,42.933558558558566,1028.2657657657671,28.562937937937974,0
1489,4,0,0,39,0.0,0.0,1.0,39,1250,1000,250,0.8,15,10,5,357.9474300362031,0.4280251911830859,0.14572004197742894,0.21547586400993596,132369.03077063567,1676.2308761464412,134045.2616467821,1269,4,382.0,36,3,19,33.527805136061886,0.6440972222222222,42.7364864864865,1029.0540540540555,28.584834834834876,0
1490,4,0,0,39,0.0,0.0,1.0,39,600,300,300,0.5,9,3,6,357.16041895458017,0.42771592442645073,0.145541368213433,0.2151673743458084,132398.0034722224,1657.465277777797,134055.4687500002,1270,5,383.0,36,3,19,33.518893387314435,0.6443865740740741,42.70833333333334,1029.166666666668,28.587962962963005,0
1491,4,0,0,39,0.0,0.0,1.0,39,1500,1000,500,0.6666666666666666,20,10,10,354.2438302460825,0.4270973909131804,0.14836711969371108,0.21466614226519976,132618.81134960096,1595.8791390330462,134214.69048863402,1271,6,384.0,33,6,20,33.371876859012474,0.6530934343434344,42.4938725490196,1030.0245098039204,31.212863933452134,0
1492,4,0,1,38,0.0,0.02564102564102564,0.9743589743589743,39,1000,700,300,0.7,13,7,6,354.51217465569596,0.4261414754835808,0.1499797225805073,0.21555263027330057,132745.06987997398,1611.948679594379,134357.01855956836,1272,7,385.0,33,6,18,33.23807329448607,0.6543560606060606,42.37132352941176,1030.5147058823525,31.227718360071286,0
1493,4,0,0,38,0.0,0.0,1.0,38,1250,800,450,0.64,17,8,9,363.28035677697545,0.4247718112849692,0.1541712605659682,0.22113777422598457,132788.1262913224,2047.863578971545,134835.98987029394,1273,8,395.07894736842104,32,6,18,32.96888398872963,0.6572265625,42.32954545454546,1030.681818181819,32.20880681818184,0
1494,4,0,0,38,0.0,0.0,1.0,38,1300,1100,200,0.8461538461538461,15,11,4,363.5951867953771,0.4250385253674727,0.15832012065431744,0.22190719696345687,132885.74667125815,2063.323576675863,134949.07024793403,1274,9,396.07894736842104,32,6,19,32.86263164339946,0.658203125,42.23484848484849,1031.060606060607,32.220643939393966,0
1495,4,0,0,38,0.0,0.0,1.0,38,1200,900,300,0.75,15,9,6,360.686862414045,0.4237790422000948,0.15470670067238546,0.22128626423780617,133081.09504132246,2000.1205234159952,135081.21556473846,1275,10,397.07894736842104,32,6,19,32.74137298091042,0.66015625,42.045454545454554,1031.8181818181831,32.24431818181822,0
1496,4,0,1,37,0.0,0.02631578947368421,0.9736842105263158,38,850,400,450,0.47058823529411764,13,4,9,359.80836194511386,0.4231418918918919,0.15677013045434074,0.22156620182935982,133219.07439446382,1986.667387543271,135205.7417820071,1276,11,398.07894736842104,33,5,19,32.625534188034194,0.6590909090909092,41.91176470588236,1032.3529411764719,31.283422459893085,0
1497,4,0,0,37,0.0,0.0,1.0,37,800,700,100,0.875,9,7,2,361.2734373117022,0.4222972972972973,0.1449223309688421,0.2232267250486092,133345.61827181865,2234.8459727028203,135580.46424452146,1277,12,402.7567567567568,33,4,19,32.46074592627749,0.6603535353535354,41.78921568627452,1032.843137254903,31.298276886512213,0
1498,4,0,0,37,0.0,0.0,1.0,37,1000,700,300,0.7,13,7,6,361.2911334596785,0.4222972972972973,0.1455375432365109,0.22380937150613928,133440.56560277322,2242.1786392253234,135682.74424199853,1278,13,403.7567567567568,33,4,19,32.36505653738188,0.661300505050505,41.69730392156864,1033.2107843137273,31.309417706476587,0
1499,4,0,0,37,0.0,0.0,1.0,37,1000,900,100,0.9,11,9,2,364.2016096535708,0.421265015015015,0.14285006883028117,0.22640232180970296,133570.09369260812,2329.2923794507938,135899.3860720589,1279,14,404.7567567567568,32,5,20,32.15997923537316,0.6650390625,41.57196969696971,1033.7121212121228,32.30350378787884,0
1500,4,0,0,37,0.0,0.0,1.0,37,1150,800,350,0.6956521739130435,15,8,7,362.28674883051707,0.4208896396396396,0.1374605228599064,0.2257736770038336,133662.24078479453,2284.8117310650073,135947.05251585954,1280,15,405.7567567567568,33,4,21,32.11710910958365,0.663510101010101,41.48284313725492,1034.0686274509821,31.335412953060064,0
1501,4,0,0,37,0.0,0.0,1.0,37,1000,700,300,0.7,13,7,6,363.51842619014184,0.41985735735735735,0.1381381381381377,0.22732018917756924,133788.99491782044,2326.952974817421,136115.94789263787,1281,16,406.7567567567568,33,4,17,31.958264234383645,0.6647727272727273,41.36029411764708,1034.5588235294147,31.35026737967923,0
1502,4,0,0,37,0.0,0.0,1.0,37,1200,800,400,0.6666666666666666,16,8,8,363.07165135456495,0.41973223223223227,0.13885163144904955,0.22723602315690106,133820.69283749058,2317.299986783956,136137.99282427455,1282,17,407.7567567567568,33,4,17,31.938069998815603,0.6650883838383839,41.32965686274511,1034.681372549021,31.35398098633397,0
1503,4,0,0,37,0.0,0.0,1.0,37,1550,1300,250,0.8387096774193549,18,13,5,365.7248549928141,0.4186061061061061,0.14736080937098994,0.22968608551110092,133947.5220618275,2397.5876165417517,136345.10967836925,1283,18,408.7567567567568,33,4,18,31.742408547413284,0.6663510101010102,41.20710784313727,1035.1715686274536,31.36883541295314,0
1504,4,0,0,37,0.0,0.0,1.0,37,900,400,500,0.4444444444444444,14,4,10,367.7703161654002,0.418262012012012,0.14862625939549012,0.2315692378239668,134042.68340301822,2459.384010957342,136502.06741397557,1284,19,409.7567567567568,33,4,19,31.59418145956608,0.6672979797979798,41.11519607843138,1035.5392156862756,31.379976232917443,0
1505,4,0,0,37,0.0,0.0,1.0,37,1200,800,400,0.6666666666666666,16,8,8,368.0206906059287,0.4177615115115115,0.1530734274097103,0.23220797889501005,134118.83680555565,2471.7013888888987,136590.53819444455,1285,20,410.7567567567568,34,3,19,31.51146419951729,0.6657475490196079,41.04166666666667,1035.8333333333342,30.465686274509828,0
1506,4,0,0,37,0.0,0.0,1.0,37,1250,800,450,0.64,17,8,9,368.0302106057628,0.41647897897897895,0.15512296862779174,0.2335865214252905,134334.72222222236,2487.8472222222413,136822.5694444446,1286,21,411.7567567567568,34,3,21,31.295217041800637,0.6678921568627452,40.83333333333334,1036.6666666666679,30.49019607843141,0
1507,4,0,0,37,0.0,0.0,1.0,37,600,500,100,0.8333333333333334,7,5,2,368.0302106057628,0.41613488488488487,0.15512296862779174,0.2335865214252905,134334.72222222236,2487.8472222222413,136822.5694444446,1287,22,412.7567567567568,34,3,21,31.295217041800637,0.6678921568627452,40.83333333333334,1036.6666666666679,30.49019607843141,0
1508,4,0,0,37,0.0,0.0,1.0,37,700,500,200,0.7142857142857143,9,5,4,369.4240753923032,0.41591591591591587,0.15538445783020327,0.23466916649099723,134365.5771683675,2527.575821995484,136893.15299036299,1288,23,413.7567567567568,34,3,21,31.228231331572694,0.6681985294117647,40.80357142857144,1036.7857142857156,30.493697478991635,0
1509,4,0,0,37,0.0,0.0,1.0,37,750,400,350,0.5333333333333333,11,4,7,367.53992591639826,0.41475850850850854,0.16113432435624486,0.23486494737616193,134582.56927924365,2493.021059526765,137075.59033877042,1289,24,414.7567567567568,33,4,21,31.060169875201765,0.6726641414141414,40.594362745098046,1037.6225490196086,31.443107546048747,0
1510,4,0,0,37,0.0,0.0,1.0,37,1150,800,350,0.6956521739130435,15,8,7,365.7656929310895,0.414258008008008,0.16325983598710891,0.2343445854104636,134677.95589436762,2452.1151720492217,137130.07106641686,1290,25,415.7567567567568,33,4,22,31.01092089728454,0.6736111111111112,40.50245098039216,1037.9901960784318,31.454248366013086,0
1511,4,0,0,37,0.0,0.0,1.0,37,1350,1200,150,0.8888888888888888,15,12,3,364.76985037295486,0.41341341341341337,0.16695902888964032,0.2345265335402443,134805.19061178397,2434.5738417916236,137239.7644535756,1291,26,416.7567567567568,33,4,17,30.909743529226667,0.6748737373737373,40.379901960784316,1038.480392156863,31.469102792632214,0
1512,4,0,0,37,0.0,0.0,1.0,37,800,500,300,0.625,11,5,6,361.3682605843657,0.41288163163163166,0.16393463527221486,0.23315678182909094,134932.48540224927,2352.063509227235,137284.5489114765,1292,27,417.7567567567568,33,4,17,30.871078084453885,0.6761363636363636,40.25735294117648,1038.970588235295,31.483957219251366,0
1513,4,0,0,37,0.0,0.0,1.0,37,650,400,250,0.6153846153846154,9,4,5,361.3682605843657,0.4128190690690691,0.16393463527221486,0.23315678182909094,134932.48540224927,2352.063509227235,137284.5489114765,1293,28,418.7567567567568,33,4,17,30.871078084453885,0.6761363636363636,40.25735294117648,1038.970588235295,31.483957219251366,0
1514,4,0,0,37,0.0,0.0,1.0,37,1450,1100,350,0.7586206896551724,18,11,7,359.87807277882393,0.4121934434434435,0.1622704869197853,0.23321968612549782,135091.68836805565,2323.3072916666765,137414.99565972234,1294,29,419.7567567567568,33,4,19,30.751085504342015,0.6777146464646464,40.10416666666667,1039.5833333333342,31.502525252525277,0
1515,4,0,0,37,0.0,0.0,1.0,37,1050,800,250,0.7619047619047619,13,8,5,361.2857749707079,0.41200575575575576,0.15821196019215833,0.23433857147182602,135123.54022491345,2363.642589388691,137487.18281430213,1295,30,420.7567567567568,33,4,19,30.682755775577565,0.678030303030303,40.0735294117647,1039.7058823529408,31.506238859180023,0
1516,4,0,0,37,0.0,0.0,1.0,37,900,600,300,0.6666666666666666,12,6,6,361.8226001606727,0.4115365365365365,0.16222586008115147,0.23510157618403293,135187.25520232608,2382.7608371780157,137570.0160395041,1296,31,421.7567567567568,33,4,19,30.605310707832512,0.6786616161616161,40.01225490196079,1039.9509803921571,31.51366607248961,0
1517,4,0,0,37,0.0,0.0,1.0,37,1050,800,250,0.7619047619047619,13,8,5,360.3464854642556,0.41050425425425424,0.15700051871016196,0.23559836035780757,135410.37589208476,2358.930609621297,137769.30650170607,1297,32,422.7567567567568,33,4,19,30.421499077671807,0.6808712121212122,39.79779411764706,1040.8088235294117,31.539661319073083,0
1518,4,0,0,37,0.0,0.0,1.0,37,1250,1000,250,0.8,15,10,5,359.4288946542189,0.4095970970970971,0.15204094290830783,0.23583531412176809,135537.95602953187,2343.251543877348,137881.20757340922,1298,33,423.7567567567568,33,4,20,30.31842120748499,0.6821338383838385,39.67524509803921,1041.2990196078429,31.554515745692207,0
1519,4,0,0,37,0.0,0.0,1.0,37,1150,800,350,0.6956521739130435,15,8,7,360.672956118769,0.4092842842842843,0.14891418068262396,0.23707343032122333,135601.76862564884,2381.5781490292256,137983.34677467807,1299,34,424.7567567567568,33,4,20,30.2225506922383,0.6827651515151515,39.6139705882353,1041.5441176470592,31.561942959001794,0
1520,4,0,1,36,0.0,0.02702702702702703,0.972972972972973,37,800,500,300,0.625,11,5,6,362.51691141853263,0.40843968968968974,0.1466536528293969,0.23871078729426362,135665.59624002778,2436.214586937704,138101.8108269655,1300,35,425.7567567567568,33,4,20,30.11104085793828,0.6833964646464646,39.55269607843137,1041.7892156862738,31.569370172311327,0
1521,4,0,0,36,0.0,0.0,1.0,36,1200,900,300,0.75,15,9,6,364.5547582700909,0.40788690476190476,0.14144719125329885,0.24028002118568592,135699.4503111926,2693.9760611161987,138393.4263723088,1301,36,430.0,32,4,20,30.024287041525284,0.6861979166666667,39.520202020202014,1041.919191919191,32.55997474747472,0
1522,4,0,0,36,0.0,0.0,1.0,36,950,800,150,0.8421052631578947,11,8,3,386.8190382717385,0.4077876984126984,0.15866035182679328,0.22868741542625165,131684.26890432087,3003.9213154269837,134688.19021974786,1302,37,431.0,32,4,16,33.47710870545782,0.6461588541666667,43.40277777777777,1026.388888888888,32.07465277777775,8
1523,4,1,0,37,0.02702702702702703,0.0,1.0,37,800,400,400,0.5,12,4,8,376.0297695355749,0.4107545045045045,0.15884825665360025,0.2239086354961832,131956.93963860045,2523.9475201845366,134480.887158785,1303,0,420.3243243243243,33,4,17,33.47845101781171,0.6464646464646464,43.13725490196078,1027.4509803921562,31.134878193701702,0
1524,4,0,0,37,0.0,0.0,1.0,37,650,200,450,0.3076923076923077,11,2,9,371.7644633020248,0.41041041041041043,0.1578375800386056,0.22192089350278152,132051.39136690204,2418.4029279603883,134469.79429486243,1304,1,421.3243243243243,33,4,17,33.49268212710146,0.6474116161616161,43.045343137254896,1027.8186274509796,31.14601901366605,0
1525,4,0,0,37,0.0,0.0,1.0,37,600,500,100,0.8333333333333334,7,5,2,372.5148149739996,0.4104416916916917,0.1558210571086105,0.22255372279215843,132082.88278546694,2440.5661284121225,134523.44891387905,1305,2,422.3243243243243,33,4,17,33.44162295342553,0.6477272727272727,43.01470588235293,1027.9411764705867,31.14973262032081,0
1526,4,1,0,38,0.02631578947368421,0.0,1.0,38,900,600,300,0.6666666666666666,12,6,6,362.73336720811716,0.4130512091038407,0.1509695290858728,0.21852473585464588,132398.00347222202,2005.0347222221985,134403.0381944442,1306,0,412.1842105263158,34,4,18,33.37550607287451,0.6485906862745099,42.70833333333332,1029.166666666665,30.269607843137205,0
1527,4,0,1,37,0.0,0.02631578947368421,0.9736842105263158,38,1550,1100,450,0.7096774193548387,20,11,9,370.40685525932855,0.4135846372688478,0.11435233653754628,0.21561577995621953,131090.96364883392,2111.398319615896,133202.3619684498,1307,1,413.1842105263158,35,3,20,34.49838004822181,0.6333333333333333,43.981481481481474,1024.0740740740732,29.259259259259235,6
1528,4,1,0,38,0.02631578947368421,0.0,1.0,38,800,700,100,0.875,9,7,2,365.5592270136908,0.4126659554291133,0.12246026179068625,0.21378212655080706,131268.81456832995,1997.305276920446,133266.1198452504,1308,0,414.13157894736844,35,3,21,34.4425306829305,0.6351190476190476,43.807870370370374,1024.768518518519,29.279100529100543,0
1529,4,0,0,38,0.0,0.0,1.0,38,1400,1100,300,0.7857142857142857,17,11,6,364.7012057314043,0.41186581318160265,0.1118718949934916,0.21412211894782482,131419.65880102068,1985.7950002274845,133405.45380124816,1309,1,415.13157894736844,34,4,21,34.31198962808158,0.6387867647058824,43.6607142857143,1025.357142857145,30.157563025210145,0
1530,4,0,0,38,0.0,0.0,1.0,38,1100,900,200,0.8181818181818182,13,9,4,365.42574280104384,0.4120139876718824,0.11349543330176859,0.2148902917563818,131480.6990504536,2009.286422902506,133489.98547335612,1310,2,416.13157894736844,34,4,22,34.23171793383632,0.6393995098039216,43.60119047619048,1025.5952380952388,30.164565826330552,0
1531,4,0,0,38,0.0,0.0,1.0,38,950,600,350,0.631578947368421,13,6,7,366.7563766503338,0.41214734471313413,0.11310690579564087,0.21636366942842084,131602.82206632663,2053.234835600917,133656.05690192754,1311,3,417.13157894736844,34,4,18,34.074186873960635,0.640625,43.48214285714286,1026.0714285714294,30.178571428571452,0
1532,4,0,0,38,0.0,0.0,1.0,38,750,500,250,0.6666666666666666,10,5,5,366.9917885772941,0.4115694642010432,0.11158724926442742,0.21702353917101724,131694.4515306123,2066.156462585042,133760.60799319734,1312,4,418.13157894736844,34,4,18,33.97558571097193,0.6415441176470589,43.392857142857146,1026.428571428572,30.18907563025212,0
1533,4,0,1,37,0.0,0.02631578947368421,0.9736842105263158,38,1150,800,350,0.6956521739130435,15,8,7,364.75493535119864,0.41097676623992413,0.11354900118369193,0.21639450291192847,131816.6737528345,2016.1564625850385,133832.83021541953,1313,5,419.13157894736844,34,4,18,33.909595022799294,0.6427696078431373,43.273809523809526,1026.9047619047622,30.203081232493005,0
1534,4,0,1,36,0.0,0.02702702702702703,0.972972972972973,37,750,400,350,0.5333333333333333,11,4,7,369.48672707982985,0.40972222222222227,0.11590200847780174,0.21892219232495141,131768.13755526714,2337.315575740085,134105.45313100723,1314,6,428.7567567567568,33,4,19,33.83713296729528,0.6445707070707071,43.32107843137254,1026.7156862745092,31.112596553773006,0
1535,4,0,0,36,0.0,0.0,1.0,36,1450,1100,350,0.7586206896551724,18,11,7,382.129210249076,0.4070767195767196,0.12791579551510712,0.22629953448909207,131749.0741537852,2869.0339314865682,134618.10808527176,1315,12,441.5,32,4,19,33.531904644775146,0.6468098958333333,43.33964646464646,1026.6414141414132,32.08254419191916,0
1536,4,0,0,36,0.0,0.0,1.0,36,600,400,200,0.6666666666666666,8,4,4,381.25267808169644,0.4074239417989418,0.1266396130513201,0.22597279724200808,131781.48275686137,2848.4086445260436,134629.8914013874,1316,13,442.5,32,4,19,33.52163264469584,0.6471354166666667,43.308080808080796,1026.7676767676753,32.08648989898985,0
1537,4,0,0,36,0.0,0.0,1.0,36,900,800,100,0.8888888888888888,10,8,2,384.4879490194849,0.4063988095238095,0.125742675681213,0.22847402960361649,131878.73247946642,2941.156674063877,134819.8891535303,1317,14,443.5,32,4,19,33.34024790002049,0.6481119791666667,43.21338383838384,1027.146464646465,32.09832702020203,0
1538,4,0,0,36,0.0,0.0,1.0,36,950,700,250,0.7368421052631579,12,7,5,382.8391259346821,0.4057539682539682,0.13286032276015614,0.22834202774454068,132019.90370290264,2908.47690792002,134928.38061082267,1318,15,444.5,33,3,19,33.2399236823277,0.6470959595959596,43.07598039215686,1027.6960784313717,31.142305407011264,0
1539,4,0,0,36,0.0,0.0,1.0,36,1100,600,500,0.5454545454545454,16,6,10,382.30722254887104,0.4062003968253968,0.13171274229424879,0.22916587225929458,132208.8860053825,2908.8824009996124,135117.7684063821,1319,16,445.5,33,3,19,33.062738322211636,0.648989898989899,42.8921568627451,1028.4313725490192,31.164587046939975,0
1540,4,0,1,35,0.0,0.027777777777777776,0.9722222222222222,36,1450,1300,150,0.896551724137931,16,13,3,384.99357073747086,0.40572089947089945,0.1377364589481973,0.23234802826339257,132465.01498752163,2999.9061522874267,135464.92113980907,1320,17,446.5,31,5,19,32.73515895100767,0.6565860215053764,42.643229166666664,1029.4270833333328,33.207325268817186,0
1541,4,0,0,35,0.0,0.0,1.0,35,1050,500,550,0.47619047619047616,16,5,11,392.3037620075952,0.4050770308123249,0.15441555049807865,0.2365560794845801,132432.58794369307,3390.760492542514,135823.3484362356,1321,18,458.42857142857144,30,5,19,32.5797640811352,0.6590277777777778,42.67473118279571,1029.3010752688185,34.31003584229395,0
1542,4,0,0,35,0.0,0.0,1.0,35,850,500,350,0.5882352941176471,12,5,7,394.76346417106134,0.4038865546218487,0.15356164128185568,0.23913616015358444,132605.57804731763,3469.5674716730286,136075.14551899067,1322,19,459.42857142857144,30,5,19,32.3418265257297,0.6607638888888889,42.50672043010753,1029.97311827957,34.33243727598566,0
1543,4,0,0,35,0.0,0.0,1.0,35,1000,700,300,0.7,13,7,6,395.7128998183965,0.40308123249299715,0.15272632402817665,0.2403752052304142,132709.4263065094,3502.966383396925,136212.39268990635,1323,20,460.42857142857144,30,5,18,32.2125837029307,0.6618055555555555,42.405913978494624,1030.3763440860214,34.34587813620071,0
1544,4,2,1,36,0.05405405405405406,0.02702702702702703,0.972972972972973,37,1150,900,250,0.782608695652174,14,9,5,370.7126717752584,0.4091591591591592,0.1384060852499387,0.22905912006758652,133345.61827181865,2486.582083813932,135832.20035563258,1324,0,436.4864864864865,33,4,20,32.21701471286189,0.6603535353535354,41.78921568627452,1032.843137254903,31.298276886512213,0
1545,4,0,0,36,0.0,0.0,1.0,36,950,700,250,0.7368421052631579,12,7,5,376.86766578392064,0.40820105820105823,0.13329258353708262,0.23283818021997496,133341.78272625234,2850.4412815018763,136192.2240077542,1325,1,442.6388888888889,32,4,20,32.06193969030156,0.6627604166666667,41.79292929292929,1032.828282828282,32.27588383838381,0
1546,4,0,1,35,0.0,0.027777777777777776,0.9722222222222222,36,1100,1000,100,0.9090909090909091,12,10,2,395.3168660450595,0.40800264550264553,0.0952551263710062,0.2311846454400894,131268.81456832972,3178.555276920418,134447.36984525013,1326,2,443.6388888888889,35,1,17,33.6801633913109,0.6351190476190476,43.80787037037036,1024.768518518517,29.27910052910049,8
1547,4,1,0,36,0.027777777777777776,0.0,1.0,36,750,500,250,0.6666666666666666,10,5,5,391.74499585337065,0.40800264550264553,0.10972388158768087,0.2305840798377435,131516.61169982693,3104.2216928377434,134620.83339266467,1327,0,444.55555555555554,33,3,18,33.52050975706889,0.6420454545454546,43.56617647058823,1025.7352941176466,31.082887700534744,0
1548,4,0,3,33,0.0,0.08333333333333333,0.9166666666666666,36,700,300,400,0.42857142857142855,11,3,8,385.7803254437871,0.40706018518518516,0.002230235042735229,0.2180497491638797,129950.01922337565,2843.8082708573693,132793.82749423303,1328,1,445.55555555555554,33,3,21,35.26442307692308,0.6262626262626263,45.09803921568628,1019.6078431372551,30.89720736779561,8
1549,4,1,0,34,0.029411764705882353,0.0,1.0,34,750,200,550,0.26666666666666666,13,2,11,386.6249044487674,0.4008467023172906,0.0653215210781184,0.21934874195192566,130096.48852878154,3259.708489312072,133356.1970180936,1329,0,471.8529411764706,31,3,22,35.09373005743457,0.632728494623656,44.954427083333336,1020.1822916666673,32.90910618279572,0
1550,4,1,0,35,0.02857142857142857,0.0,1.0,35,900,700,200,0.7777777777777778,11,7,4,375.74948696068327,0.40112044817927167,0.049960273319561654,0.21515846418958867,130455.99819214873,2803.7548783287407,133259.75307047748,1330,0,459.34285714285716,32,3,24,35.00571622790755,0.6337890625,44.60227272727273,1021.5909090909089,31.924715909090903,0
1551,4,0,1,34,0.0,0.02857142857142857,0.9714285714285714,35,950,700,250,0.7368421052631579,12,7,5,379.62251890359164,0.40042016806722686,0.05551242236024834,0.21828294836956522,130617.28395061727,2917.0524691358005,133534.3364197531,1331,1,460.34285714285716,32,3,17,34.742980072463766,0.6354166666666667,44.44444444444444,1022.2222222222222,31.944444444444443,0
1552,4,1,0,35,0.02857142857142857,0.0,1.0,35,500,300,200,0.6,7,3,4,381.46502057613196,0.4044117647058823,0.06679365079365107,0.2200759734093067,130746.38429752058,2975.0344352616976,133721.41873278227,1332,0,461.2857142857143,32,3,18,34.56481481481482,0.63671875,44.31818181818181,1022.7272727272721,31.960227272727252,0
1553,4,0,1,34,0.0,0.02857142857142857,0.9714285714285714,35,1250,1100,150,0.88,14,11,3,373.43663078613986,0.40427170868347334,-0.00922902221228128,0.20823669210324502,129419.51600646375,2665.997603085336,132085.5136095491,1333,1,462.2857142857143,33,2,19,36.119349431932214,0.6208964646464646,45.6188725490196,1017.5245098039206,30.834076054664262,8
1554,4,1,0,35,0.02857142857142857,0.0,1.0,35,1400,1000,400,0.7142857142857143,18,10,8,372.8209383385397,0.40297619047619043,-0.0002062919030423327,0.20905141684165043,129637.82709775063,2666.3392685505332,132304.16636630116,1334,0,463.14285714285717,33,2,17,35.91255515443241,0.6231060606060606,45.40441176470587,1018.3823529411745,30.860071301247714,0
1555,4,0,1,34,0.0,0.02857142857142857,0.9714285714285714,35,300,200,100,0.6666666666666666,4,2,2,373.3620107422728,0.4029411764705882,0.0037196830362515865,0.20952138226056888,129669.02941476816,2682.6979106593367,132351.7273254275,1335,1,464.14285714285717,33,2,17,35.866998556130426,0.6234217171717171,45.37377450980391,1018.5049019607827,30.863784907902506,0
1556,4,0,1,33,0.0,0.029411764705882353,0.9705882352941176,34,1050,900,150,0.8571428571428571,12,9,3,398.4158903434973,0.40359477124183,0.039339125480700954,0.21481170066823035,128082.49831795464,3407.3759191176496,131489.87423707228,1336,2,466.97058823529414,33,1,20,36.85381355932202,0.6073232323232323,46.93627450980392,1012.2549019607844,30.674390968508618,8
1557,4,1,3,31,0.029411764705882353,0.08823529411764706,0.9117647058823529,34,800,600,200,0.75,10,6,4,393.5217769197941,0.40305629827688655,0.03569858436648232,0.21403745427588822,128432.33471074392,3308.1991321281585,131740.53384287207,1337,0,460.4117647058824,32,2,17,36.618709516691595,0.61328125,46.5909090909091,1013.6363636363645,31.67613636363639,0
1558,4,2,1,32,0.06060606060606061,0.030303030303030304,0.9696969696969697,33,1150,1000,150,0.8695652173913043,13,10,3,399.63817931761463,0.4131155303030303,0.029972423503420886,0.21849691614480932,128639.3928527831,3681.842549641912,132321.23540242502,1338,0,454.42424242424244,31,2,18,36.2513637530484,0.6179435483870968,46.38671874999999,1014.4531249999992,32.72429435483868,0
1559,4,0,0,32,0.0,0.0,1.0,32,1050,700,350,0.6666666666666666,14,7,7,409.4893413755579,0.40566196236559143,0.03807390353782947,0.22378103253883677,128621.28434284314,4133.80900248584,132755.093345329,1339,1,469.625,30,2,19,36.02010732741488,0.6204861111111111,46.40456989247312,1014.3817204301077,33.81272401433692,0
1560,4,0,0,32,0.0,0.0,1.0,32,1000,700,300,0.7,13,7,6,411.74241302915334,0.40517893145161293,0.03633345476221983,0.2253983666393821,128689.46419022432,4197.382103422359,132886.84629364667,1340,2,470.625,30,2,19,35.892999072724855,0.6211805555555556,46.33736559139785,1014.6505376344087,33.82168458781362,0
1561,4,1,0,33,0.030303030303030304,0.0,1.0,33,750,500,250,0.6666666666666666,10,5,5,400.9046679815911,0.40991950757575757,0.034871794871794926,0.22083731710850354,128936.767578125,3738.2703993055566,132675.03797743056,1341,0,457.3333333333333,31,2,20,35.91452991452992,0.6209677419354839,46.09375,1015.625,32.76209677419355,0
1562,4,0,0,33,0.0,0.0,1.0,33,800,600,200,0.75,10,6,4,405.85803627087364,0.4092881944444444,0.04813542212645361,0.2245019116296365,129102.12410820869,3879.426913791252,132981.55102199994,1342,1,458.3333333333333,31,2,20,35.619394618834086,0.6226478494623655,45.93098958333334,1016.2760416666679,32.78309811827961,0
1563,4,0,0,33,0.0,0.0,1.0,33,900,600,300,0.6666666666666666,12,6,6,408.96960026529587,0.4092881944444444,0.04692758247260609,0.22660224764167264,129168.29639010968,3965.1813083224934,133133.47769843217,1343,2,459.3333333333333,31,2,20,35.47257269117458,0.6233198924731183,45.86588541666667,1016.536458333334,32.791498655914005,0
1564,4,1,1,33,0.029411764705882353,0.029411764705882353,0.9705882352941176,34,950,800,150,0.8421052631578947,11,8,3,398.1903784533169,0.41185754604872254,0.04625610315746709,0.22286689829108708,129565.68611992738,3518.366156684039,133084.05227661142,1344,0,446.79411764705884,31,3,17,35.34033017862471,0.6273521505376345,45.47526041666667,1018.098958333334,32.84190188172045,0
1565,4,0,0,33,0.0,0.0,1.0,33,1300,800,500,0.6153846153846154,18,8,10,407.2832486244398,0.40873579545454547,0.05257007475707942,0.22742984945311634,129474.83090530694,3946.585949242683,133421.41685454964,1345,4,461.3333333333333,30,3,17,35.201785085402356,0.6291666666666667,45.564516129032256,1017.7419354838707,33.92473118279569,0
1566,4,0,0,33,0.0,0.0,1.0,33,550,300,250,0.5454545454545454,8,3,5,406.9149618257621,0.4084201388888889,0.05947009695689731,0.22801684547277923,129611.6603075501,3948.184761244088,133559.84506879418,1346,5,462.3333333333333,30,3,17,35.071277719113,0.6305555555555555,45.43010752688173,1018.2795698924739,33.94265232974913,0
1567,4,0,0,33,0.0,0.0,1.0,33,850,500,350,0.5882352941176471,12,5,7,410.3831775050296,0.40806502525252525,0.06214919644998762,0.23076442770683422,129748.5619724824,4049.3254277951232,133797.88740027754,1347,6,463.3333333333333,30,3,18,34.84306288478451,0.6319444444444444,45.295698924731184,1018.8172043010757,33.96057347670252,0
1568,4,0,0,33,0.0,0.0,1.0,33,1000,600,400,0.6,14,6,8,409.874460753756,0.4077099116161616,0.06138142170851246,0.23088173561924052,129817.03990345701,4041.73784541565,133858.77774887267,1348,7,464.3333333333333,30,3,18,34.78606128550074,0.6326388888888889,45.22849462365591,1019.086021505376,33.9695340501792,0
1569,4,0,1,32,0.0,0.030303030303030304,0.9696969696969697,33,800,500,300,0.625,11,5,6,409.10221227688714,0.4071575126262626,0.06174097562730019,0.23064848146435946,129851.28564357152,4024.489644756619,133875.77528832815,1349,8,465.3333333333333,30,3,18,34.77075915424854,0.6329861111111111,45.19489247311828,1019.2204301075269,33.97401433691756,0
1570,4,1,0,33,0.030303030303030304,0.0,1.0,33,900,600,300,0.6666666666666666,12,6,6,408.0570387581048,0.4049873737373737,0.06876303238022197,0.23066473144701807,129954.04996242339,4005.7329604578563,133959.78292288125,1350,0,466.06060606060606,30,3,19,34.6924707795061,0.6340277777777779,45.094086021505376,1019.6236559139784,33.98745519713261,0
1571,4,0,0,33,0.0,0.0,1.0,33,1100,900,200,0.8181818181818182,13,9,4,407.06636740319493,0.40581597222222227,0.06202738850960188,0.23091432949105006,130091.13228407913,3991.144930049719,134082.27721412884,1351,1,467.06060606060606,30,3,20,34.57784365393061,0.6354166666666667,44.95967741935484,1020.161290322581,34.00537634408603,0
1572,4,0,0,33,0.0,0.0,1.0,33,800,700,100,0.875,9,7,2,409.89937788929876,0.4046322601010101,0.06173135090701587,0.23334151991689175,130228.28686842414,4076.0987541912405,134304.38562261537,1352,2,468.06060606060606,30,3,20,34.36567246071459,0.6368055555555556,44.825268817204304,1020.6989247311831,34.023297491039436,0
1573,4,1,1,33,0.029411764705882353,0.029411764705882353,0.9705882352941176,34,550,300,250,0.5454545454545454,8,3,5,399.3839530867444,0.4087566844919786,0.05498553012365193,0.22896808532167653,130502.81282518215,3624.1503714302344,134126.96319661237,1353,0,455.2647058823529,30,4,15,34.35444619836886,0.6395833333333334,44.55645161290323,1021.7741935483875,34.059139784946254,0
1574,4,0,0,33,0.0,0.0,1.0,33,900,500,400,0.5555555555555556,13,5,8,412.2318325241935,0.4042376893939394,0.05078250550102581,0.23573506192713245,130404.40779321009,4151.369598765462,134555.77739197554,1354,4,470.06060606060606,29,4,20,34.12655244311486,0.6415229885057472,44.65277777777779,1021.3888888888906,35.22030651341002,0
1575,4,0,0,33,0.0,0.0,1.0,33,850,700,150,0.8235294117647058,10,7,3,423.78921215790353,0.4046717171717172,0.05290709631854451,0.23520753075629475,129234.4856262206,4368.759626223704,133603.2452524443,1355,5,471.06060606060606,31,2,18,35.02809258547829,0.623991935483871,45.80078124999999,1016.7968749999992,32.79989919354836,8
1576,4,1,1,33,0.029411764705882353,0.029411764705882353,0.9705882352941176,34,800,500,300,0.625,11,5,6,411.15675176674,0.4088495246583482,0.0514003691517535,0.23005946491986284,129554.63927469132,3853.4529320987576,133408.09220679008,1356,0,458.1764705882353,32,2,17,35.02160072760345,0.6246744791666667,45.48611111111111,1018.0555555555553,31.814236111111104,0
1577,4,0,0,33,0.0,0.0,1.0,33,650,500,150,0.7692307692307693,8,5,3,417.0329031386163,0.40636837121212116,0.058372879253125065,0.23282351220938735,129466.28146701383,4198.339843749996,133664.62131076382,1357,1,472.8787878787879,31,2,17,34.9624701467076,0.6263440860215054,45.572916666666664,1017.7083333333328,32.8293010752688,0
1578,4,0,0,33,0.0,0.0,1.0,33,1550,1100,450,0.7096774193548387,20,11,9,415.92179421827944,0.406289457070707,0.0541367055128521,0.23329799667348006,129651.06398581783,4184.940631058063,133836.0046168759,1358,2,473.8787878787879,32,1,19,34.801688156045955,0.6256510416666667,45.391414141414145,1018.4343434343439,31.826073232323246,0
1579,4,0,0,33,0.0,0.0,1.0,33,550,300,250,0.5454545454545454,8,3,5,413.13098700706814,0.4060921717171717,0.051974880185093,0.23211286930174302,129715.36705438237,4117.88752423224,133833.2545786146,1359,3,474.8787878787879,32,1,19,34.80700504048917,0.6263020833333333,45.32828282828284,1018.6868686868701,31.83396464646469,0
1580,4,0,0,33,0.0,0.0,1.0,33,750,600,150,0.8,9,6,3,411.04485880107427,0.405697601010101,0.05170776029405677,0.2315103318481139,129811.85154894915,4071.6988381287683,133883.55038707794,1360,4,475.8787878787879,32,1,20,34.7615433857845,0.6272786458333333,45.23358585858586,1019.065656565657,31.845801767676782,0
1581,4,0,0,33,0.0,0.0,1.0,33,1050,900,150,0.8571428571428571,12,9,3,407.9226545440897,0.4046322601010101,0.05175829618623107,0.2306991147127499,129972.73875114789,4003.764921946745,133976.50367309464,1361,5,476.8787878787879,32,1,20,34.67682020802376,0.62890625,45.07575757575758,1019.69696969697,31.86553030303031,0
1582,4,1,0,34,0.029411764705882353,0.0,1.0,34,1350,1100,250,0.8148148148148148,16,11,5,397.15912738532865,0.4101307189542484,0.04627955989229826,0.22686955834545747,130362.29663425017,3555.5608561982526,133917.85749044843,1362,0,463.8235294117647,31,3,21,34.554300012750225,0.6354166666666667,44.694010416666664,1021.2239583333329,32.94270833333332,0
1583,4,0,1,33,0.0,0.029411764705882353,0.9705882352941176,34,1200,900,300,0.75,15,9,6,396.92969288814976,0.4104092394533571,0.04186586736605458,0.2281038132629557,130595.10125054247,3567.414686414922,134162.51593695738,1363,1,464.8235294117647,31,3,15,34.32324840764331,0.637768817204301,44.46614583333333,1022.1354166666661,32.972110215053746,0
1584,4,1,1,33,0.029411764705882353,0.029411764705882353,0.9705882352941176,34,950,600,350,0.631578947368421,13,6,7,393.0475595914544,0.4067699049316696,0.07850868660870614,0.22822303644815453,130994.67807345913,3497.427707248254,134492.10578070738,1364,0,464.88235294117646,31,3,17,34.0164716357161,0.6418010752688172,44.07552083333333,1023.6979166666661,33.022513440860195,0
1585,4,0,0,33,0.0,0.0,1.0,33,1100,1000,100,0.9090909090909091,12,10,2,403.75108438418454,0.40092329545454547,0.08149262522784961,0.23395439547193161,130915.14373048903,3971.426248699263,134886.5699791883,1365,1,479.90909090909093,30,3,18,33.82338455476753,0.64375,44.15322580645161,1023.3870967741932,34.11290322580644,0
1586,4,0,0,33,0.0,0.0,1.0,33,950,800,150,0.8421052631578947,11,8,3,403.8537873124005,0.4020280934343434,0.0781402897443857,0.23485176730884474,131052.73189096998,3985.2284223609604,135037.96031333093,1366,2,480.90909090909093,30,3,19,33.680920189026004,0.6451388888888889,44.01881720430107,1023.9247311827951,34.13082437275984,0
1587,4,0,0,33,0.0,0.0,1.0,33,900,400,500,0.4444444444444444,14,4,10,404.3062112482034,0.4010416666666667,0.08278746288658634,0.236190465947447,131228.0464172363,4011.262851291233,135239.30926852752,1367,3,481.90909090909093,31,2,20,33.491257889609024,0.6441532258064516,43.84765625,1024.6093749999998,33.05191532258064,0
1588,4,0,0,33,0.0,0.0,1.0,33,850,400,450,0.47058823529411764,13,4,9,413.86038363393294,0.40187026515151514,0.0489379199056621,0.23027616217580374,129333.80126953125,4105.265469021268,133439.06673855253,1368,4,482.90909090909093,31,2,20,35.17878477555897,0.625,45.703125,1017.1875,32.8125,8
1589,4,0,0,33,0.0,0.0,1.0,33,700,400,300,0.5714285714285714,10,4,6,415.005862509735,0.40131786616161613,0.04825679035329644,0.2311076838053141,129366.91496107307,4137.605624728728,133504.5205858018,1369,5,483.90909090909093,31,2,20,35.115752591834124,0.6253360215053764,45.670572916666664,1017.3177083333328,32.816700268817186,0
1590,4,0,1,32,0.0,0.030303030303030304,0.9696969696969697,33,1000,800,200,0.8,12,8,4,417.70339088702394,0.4012784090909091,0.04745510374988382,0.233197835940927,129466.28146701386,4215.700954861106,133681.98242187497,1370,6,484.90909090909093,31,2,16,34.94541112248378,0.6263440860215054,45.572916666666664,1017.708333333333,32.82930107526881,0
1591,4,0,0,32,0.0,0.0,1.0,32,950,700,250,0.7368421052631579,12,7,5,420.338223921402,0.39917254704301075,0.07614273927392756,0.235333484567969,129577.44618236208,4493.270717713025,134070.71690007512,1371,7,497.78125,30,2,16,34.76457645764576,0.6302083333333333,45.46370967741935,1018.1451612903222,33.93817204301074,0
1592,4,0,0,32,0.0,0.0,1.0,32,900,600,300,0.6666666666666666,12,6,6,419.54976418033283,0.3991095430107527,0.07595176827659023,0.23550726762656035,129680.10210718008,4481.451251589788,134161.55335876986,1372,8,498.78125,30,2,16,34.67960983548869,0.63125,45.362903225806456,1018.5483870967747,33.95161290322582,0
1593,4,1,0,33,0.030303030303030304,0.0,1.0,33,800,400,400,0.5,12,4,8,405.9748587755839,0.40261994949494945,0.06871265301386575,0.2303267935196742,130096.4885287815,3963.180711534293,134059.6692403158,1373,0,484.6363636363636,31,2,18,34.60021803871517,0.632728494623656,44.954427083333336,1020.182291666667,32.90910618279571,0
1594,4,1,0,34,0.029411764705882353,0.0,1.0,34,800,400,400,0.5,12,4,8,395.2602509834865,0.4065470885323827,0.07661448567566365,0.22689620364966964,130552.75769054191,3520.4631542699863,134073.2208448119,1374,0,471.3529411764706,32,2,15,34.40897578453175,0.634765625,44.507575757575765,1021.9696969696979,31.93655303030306,0
1595,4,1,2,33,0.02857142857142857,0.05714285714285714,0.9428571428571428,35,450,200,250,0.4444444444444444,7,2,5,375.13318090908183,0.409873949579832,0.04085553621636073,0.2073922818808243,129080.38548752853,2684.467120181429,131764.85260770997,1375,0,458.85714285714283,34,1,19,36.42221180880975,0.6151960784313726,45.95238095238096,1016.1904761904777,29.887955182072876,8
1596,4,1,0,34,0.029411764705882353,0.0,1.0,34,1300,900,400,0.6923076923076923,17,9,8,379.21143572923404,0.4072155377302436,0.06864636377820954,0.20995858797985784,129139.10064638618,2994.2047529796446,132133.30539936584,1376,0,472.70588235294116,33,1,20,36.258640784502866,0.6180555555555556,45.894607843137265,1016.4215686274524,30.800653594771287,0
1597,4,1,0,35,0.02857142857142857,0.0,1.0,35,1200,1000,200,0.8333333333333334,14,10,4,354.2566753682992,0.41313025210084037,0.0533695349484824,0.18356936814539154,126474.91349480973,1960.9314926951215,128435.84498750485,1377,0,460.1714285714286,33,2,19,39.620898310591286,0.5909090909090908,48.529411764705884,1005.8823529411768,30.481283422459903,8
1598,4,4,1,38,0.10256410256410256,0.02564102564102564,0.9743589743589743,39,800,400,400,0.5,12,4,8,323.84303592521997,0.42794084570400365,0.08161493379639695,0.17247917531878487,127590.03371229625,463.8287742382449,128053.86248653449,1378,0,413.87179487179486,37,2,18,39.24372331958615,0.5940315315315315,47.423245614035096,1010.307017543861,27.305595068753,0
1599,4,2,0,40,0.05,0.0,1.0,40,1200,1000,200,0.8333333333333334,14,10,4,317.1446762911611,0.42793803418803417,0.08480992608236537,0.17045176415875699,127955.29827781445,116.06833041129576,128071.36660822574,1379,0,404.475,38,2,21,39.04017071453714,0.5959429824561404,47.06196581196582,1011.752136752138,26.62505623031942,0
1600,4,0,0,40,0.0,0.0,1.0,40,950,700,250,0.7368421052631579,12,7,5,314.0310142501262,0.42852564102564106,0.07887903736542068,0.16923377866926634,128063.4142833665,43.176775147956306,128106.59105851444,1380,1,405.475,38,2,21,39.00873443107451,0.5970394736842105,46.95512820512822,1012.1794871794896,26.636302294197094,0
1601,4,1,1,40,0.024390243902439025,0.024390243902439025,0.975609756097561,41,1300,900,400,0.6923076923076923,17,9,8,310.39818260501755,0.4290904471544716,0.10011448589502026,0.16901893971531176,128477.80687326874,-224.09308405773032,128253.713789211,1381,0,396.5609756097561,37,4,17,38.67888816785634,0.6030405405405406,46.546052631578945,1013.8157894736846,27.400426742532016,0
1602,4,0,0,40,0.0,0.0,1.0,40,1050,800,250,0.7619047619047619,13,8,5,320.66906951631006,0.4266025641025641,0.10598200399911106,0.17452617677060606,128458.27880245117,238.51934704975466,128696.79814950093,1382,1,407.3,36,4,17,38.43844886321557,0.6047453703703703,46.56531531531532,1013.7387387387394,28.159409409409427,0
1603,4,1,0,41,0.024390243902439025,0.0,1.0,41,800,600,200,0.75,10,6,4,310.995130948497,0.4297510162601626,0.10949130124335715,0.17065097375164393,128783.68975309699,-189.77990824100948,128593.90984485598,1383,0,398.3414634146341,37,4,18,38.35284559432503,0.6061373873873874,46.244517543859644,1015.0219298245604,27.433025130393524,0
1604,4,1,2,40,0.023809523809523808,0.047619047619047616,0.9523809523809523,42,1200,900,300,0.75,15,9,6,306.2286511977965,0.43253968253968256,0.11935299771716945,0.16935156570892074,129092.79348381892,-493.61759441889836,128599.17588940002,1384,0,389.8333333333333,38,4,20,38.16013106251752,0.6074561403508771,45.94017094017093,1016.2393162393146,26.743139901034596,0
1605,4,1,2,39,0.024390243902439025,0.04878048780487805,0.9512195121951219,41,650,400,250,0.6153846153846154,9,4,5,317.8568394642799,0.43056402439024394,0.13839555871286935,0.1760174971226924,129145.65659626023,9.96604724529243,129155.62264350553,1385,0,400.0731707317073,37,4,21,37.81103919453436,0.6097972972972974,45.888157894736835,1016.4473684210514,27.471550497866254,0
1606,4,1,0,40,0.025,0.0,1.0,40,1550,900,650,0.5806451612903226,22,9,13,324.88193008772873,0.43084935897435894,0.1592079043507142,0.18081691155159907,129344.54038075234,404.34078504179297,129748.88116579413,1386,0,410.35,36,4,22,37.430578619137236,0.6137152777777778,45.692567567567565,1017.2297297297293,28.25638138138137,0
1607,4,0,1,39,0.0,0.025,0.975,40,550,300,250,0.5454545454545454,8,3,5,353.61501192343314,0.4309027777777778,0.1289259099254778,0.19430987509786782,128839.34389667996,1214.6261898538244,130053.97008653378,1387,1,411.35,37,3,13,37.21457950822623,0.6067004504504505,46.18969298245615,1015.2412280701772,27.438952110004788,8
1608,4,0,0,39,0.0,0.0,1.0,39,1450,1000,450,0.6896551724137931,19,10,9,366.512722329779,0.4279689608636977,0.1369474211089119,0.20149260393446883,128858.14868922981,1645.6301740930166,130503.77886332283,1388,3,422.87179487179486,36,3,13,36.868021665187804,0.6087962962962963,46.171171171171174,1015.3153153153157,28.203203203203216,0
1609,4,0,1,38,0.0,0.02564102564102564,0.9743589743589743,39,1250,800,450,0.64,17,8,9,365.329539295579,0.42695681511470984,0.12763103297352885,0.201713776225503,129029.71172185717,1627.6730277575064,130657.38474961468,1389,4,423.87179487179486,36,3,14,36.7229642355723,0.6105324074074074,46.00225225225226,1015.9909909909925,28.221971971972014,0
1610,4,1,0,39,0.02564102564102564,0.0,1.0,39,1150,900,250,0.782608695652174,14,9,5,367.18747198210804,0.42498875393612234,0.14105499272386846,0.2041050790341269,129294.84941188476,1695.432182385483,130990.28159427024,1390,0,424.71794871794873,33,6,17,36.405365104229425,0.6196338383838385,45.741421568627445,1017.0343137254895,30.819221628045135,0
1611,4,1,2,38,0.025,0.05,0.95,40,1050,800,250,0.7619047619047619,13,8,5,358.26692512544895,0.4249465811965812,0.1395027462895868,0.2012928482139506,129716.28578514738,1294.6109693877472,131010.89675453513,1391,0,415.075,34,6,18,36.20330333839739,0.6216299019607843,45.32738095238095,1018.6904761904761,29.961484593837532,0
1612,4,0,1,37,0.0,0.02631578947368421,0.9736842105263158,38,1300,900,400,0.6923076923076923,17,9,8,361.45356421843115,0.4210674490279753,0.10870355175243196,0.19366664717670137,127831.16731596475,1668.4438506349813,129499.61116659973,1392,1,436.2105263157895,36,2,16,38.046585003711954,0.5983796296296297,47.18468468468469,1011.2612612612623,28.090590590590622,8
1613,4,0,1,36,0.0,0.02702702702702703,0.972972972972973,37,1150,900,250,0.782608695652174,14,9,5,373.69491172975785,0.42173423423423423,0.11000658592467327,0.200766270647192,127939.5351750043,2162.0706607938987,130101.6058357982,1393,2,435.05405405405406,35,2,17,37.62596289516838,0.6014880952380952,47.0775462962963,1011.689814814815,28.905423280423285,0
1614,4,0,0,36,0.0,0.0,1.0,36,1150,800,350,0.6956521739130435,15,8,7,380.6089852326914,0.4191964285714285,0.1221856123009335,0.20445102127101222,127933.68055555562,2538.541666666673,130472.22222222229,1394,3,448.05555555555554,34,2,18,37.45709774848985,0.6035539215686274,47.083333333333336,1011.6666666666672,29.75490196078433,0
1615,4,0,0,36,0.0,0.0,1.0,36,600,500,100,0.8333333333333334,7,5,2,381.11236718518717,0.41904761904761906,0.12382175680799024,0.20487501636349822,127963.79145408167,2553.7166950113433,130517.50814909302,1395,4,449.05555555555554,34,2,18,37.413470212181835,0.6038602941176471,47.05357142857143,1011.7857142857147,29.75840336134455,0
1616,4,0,0,36,0.0,0.0,1.0,36,600,400,200,0.6666666666666666,8,4,4,384.3792830055803,0.41825396825396827,0.12967645406196526,0.20725282456540564,128084.27047902485,2646.58801020407,130730.85848922892,1396,5,450.05555555555554,34,2,18,37.20721118036772,0.6050857843137255,46.9345238095238,1012.261904761904,29.772408963585413,0
1617,4,0,2,34,0.0,0.05555555555555555,0.9444444444444444,36,1500,1200,300,0.8,18,12,6,383.9427119882582,0.4181382275132275,0.12871333709707788,0.20797316233911814,128268.64216887734,2649.576239809646,130918.21840868698,1397,6,451.05555555555554,33,3,18,37.029195902895395,0.6092171717171717,46.752450980392155,1012.9901960784313,30.69667260843731,0
1618,4,0,0,34,0.0,0.0,1.0,34,1300,1000,300,0.7692307692307693,16,10,6,399.4707470845729,0.40862670825906117,0.14463780912437607,0.2155472136946869,128113.51290669446,3435.5201424932598,131549.0330491877,1398,7,477.44117647058823,33,1,18,36.79525783803413,0.6076388888888888,46.905637254901954,1012.3774509803916,30.67810457516338,0
1619,4,1,1,34,0.02857142857142857,0.02857142857142857,0.9714285714285714,35,1050,900,150,0.8571428571428571,12,9,3,393.96909184108773,0.4140056022408964,0.13072274595117261,0.21473651290468776,128517.04422577855,3126.3523945117277,131643.39662029027,1399,0,464.77142857142854,33,2,18,36.52052614616067,0.6117424242424243,46.50735294117647,1013.9705882352941,30.72638146167558,0
1620,4,0,0,34,0.0,0.0,1.0,34,1350,1000,350,0.7407407407407407,17,10,7,399.7889330092354,0.40938799762329176,0.13835508048031753,0.21762070122923044,128464.33280086212,3471.7237080399923,131936.0565089021,1400,9,479.44117647058823,32,2,18,36.42706646738906,0.6136067708333333,46.55934343434343,1013.7626262626259,31.68008207070706,0
1621,4,0,0,34,0.0,0.0,1.0,34,800,500,300,0.625,11,5,6,398.73164798591847,0.410427807486631,0.13811776422258193,0.21774380205784372,128592.36501696249,3454.7691243240383,132047.13414128651,1401,10,480.44117647058823,32,2,18,36.32256525167018,0.6149088541666667,46.4330808080808,1014.2676767676762,31.695864898989882,0
1622,4,1,0,35,0.02857142857142857,0.0,1.0,35,1250,900,350,0.72,16,9,7,389.66345474755235,0.41123949579831937,0.1303414163349017,0.21489822863622504,128983.44574502602,3052.0270148500713,132035.4727598761,1402,0,467.6857142857143,33,2,19,36.15220472915912,0.6164772727272727,46.047794117647065,1015.8088235294124,30.782085561497347,0
1623,4,0,0,35,0.0,0.0,1.0,35,850,500,350,0.5882352941176471,12,5,7,386.22834676593425,0.4113445378151261,0.12611669049628804,0.21367522880119372,129107.96215698293,2973.03095564207,132080.993112625,1403,1,468.6857142857143,33,2,19,36.112157843964795,0.617739898989899,45.92524509803922,1016.2990196078435,30.79693998811647,0
1624,4,1,0,36,0.027777777777777776,0.0,1.0,36,1150,700,450,0.6086956521739131,16,7,9,376.91980285270665,0.41412037037037036,0.13096958022313188,0.21067939989869344,129513.05537533657,2563.2408508746853,132076.29622621124,1404,0,456.6388888888889,33,3,16,35.935368007063175,0.6218434343434344,45.52696078431374,1017.8921568627463,30.845216874628676,0
1625,4,1,0,37,0.02702702702702703,0.0,1.0,37,1050,600,450,0.5714285714285714,15,6,9,372.3480605903837,0.4153528528528529,0.13612304351531246,0.21017906676568582,129898.25857426296,2273.472930838991,132171.73150510195,1405,0,445.27027027027026,34,3,17,35.65947487251351,0.623468137254902,45.14880952380952,1019.4047619047612,29.98249299719886,0
1626,4,1,1,37,0.02631578947368421,0.02631578947368421,0.9736842105263158,38,800,700,100,0.875,9,7,2,371.3452728029989,0.41900782361308675,0.1401718582169711,0.2115804461319412,130262.58680555549,2074.479166666662,132337.06597222216,1406,0,434.5263157894737,35,3,18,35.31462585034013,0.625,44.791666666666664,1020.8333333333328,29.16666666666665,0
1627,4,0,0,37,0.0,0.0,1.0,37,650,400,250,0.6153846153846154,9,4,5,379.8294108203252,0.4179804804804805,0.1435697751069276,0.2155953803207449,130114.93866008664,2484.2960980366997,132599.23475812335,1407,1,447.1621621621622,35,2,18,35.2482747211193,0.6235119047619048,44.936342592592595,1020.2546296296301,29.15013227513229,0
1628,4,1,0,38,0.02631578947368421,0.0,1.0,38,1350,1000,350,0.7407407407407407,17,10,7,374.15318414248804,0.42100817923186346,0.12780571676710983,0.19891997086982685,127518.18700034512,1942.3508649454548,129460.53786529058,1408,0,436.36842105263156,36,2,17,38.04679079793363,0.5951967592592593,47.49436936936938,1010.022522522524,28.056181181181223,8
1629,4,2,1,39,0.05,0.025,0.975,40,700,300,400,0.42857142857142855,11,3,8,358.1306140659183,0.4264957264957265,0.13371683811586377,0.19352464721467255,128172.2876870768,1182.0184927841217,129354.30617986091,1409,0,415.5,37,3,20,37.781424833062644,0.5999436936936937,46.84758771929825,1012.609649122807,27.36782835467046,0
1630,4,0,1,38,0.0,0.02564102564102564,0.9743589743589743,39,1100,700,400,0.6363636363636364,15,7,8,363.25763349082956,0.4252980206927575,0.13970665822517647,0.19615912208504802,128144.53125,1509.895833333333,129654.42708333333,1410,1,426.6923076923077,36,3,20,37.68004115226338,0.6015625,46.875,1012.5,28.125,0
1631,4,1,1,38,0.02564102564102564,0.02564102564102564,0.9743589743589743,39,1250,800,450,0.64,17,8,9,359.22634131665154,0.42659131803868644,0.16091150837555057,0.19574342829434754,128505.59937913588,1432.5192607340698,129938.11863986995,1411,0,426.9230769230769,37,2,16,37.41292220900471,0.603322072072072,46.51864035087719,1013.9254385964912,27.4033902323376,0
1632,4,0,0,38,0.0,0.0,1.0,38,950,600,350,0.631578947368421,13,6,7,367.1542046870791,0.42690552394499764,0.1632093167302624,0.20054323357286366,128601.01814229775,1843.280907596793,130444.29904989454,1412,1,433.7368421052632,36,2,17,37.11442026571927,0.6061921296296297,46.42454954954955,1014.3018018018022,28.17505005005006,0
1633,4,0,0,38,0.0,0.0,1.0,38,450,300,150,0.6666666666666666,6,3,3,382.39547275001985,0.4269203413940256,0.1434646374216655,0.19866778747059202,126581.5477639804,2080.842159727322,128662.38992370773,1413,2,434.7368421052632,36,2,18,38.80324903014027,0.5856481481481481,48.423423423423436,1006.306306306308,27.952952952952998,8
1634,4,3,0,41,0.07317073170731707,0.0,1.0,41,1150,1100,50,0.9565217391304348,12,11,1,362.3397202864991,0.4339939024390244,0.16604399488810917,0.19277504691399175,127546.62390430988,1046.123234721225,128592.7471390311,1414,0,403.8536585365854,36,5,19,38.31591415830546,0.5954861111111112,47.466216216216225,1010.1351351351365,28.059309309309345,0
1635,4,0,0,41,0.0,0.0,1.0,41,1000,500,500,0.5,15,5,10,364.6820329179176,0.4344766260162602,0.16859545461957848,0.194569355731593,127660.40322417022,1111.091074182302,128771.49429835253,1415,1,404.8536585365854,36,5,19,38.14004345888122,0.5966435185185186,47.35360360360361,1010.5855855855864,28.071821821821842,0
1636,4,0,0,41,0.0,0.0,1.0,41,950,600,350,0.631578947368421,13,6,7,364.50508860181964,0.4345782520325203,0.16841464772816805,0.19516345799378315,127802.69870799867,1116.9468032221562,128919.64551122084,1416,2,405.8536585365854,36,5,21,37.9986171437057,0.5980902777777778,47.212837837837846,1011.1486486486497,28.08746246246249,0
1637,4,1,0,42,0.023809523809523808,0.0,1.0,42,1100,700,400,0.6363636363636364,15,7,8,354.95812456779515,0.43681039488966317,0.1727843726357845,0.19181770425223219,128173.82979948979,700.1815240971277,128874.01132358692,1417,0,397.1666666666667,35,7,23,37.86016020878577,0.6038690476190476,46.84606481481481,1012.61574074074,28.931878306878286,0
1638,4,1,1,42,0.023255813953488372,0.023255813953488372,0.9767441860465116,43,1550,900,650,0.5806451612903226,22,9,13,345.69689675148095,0.4381229235880399,0.16702348824296598,0.18855242612035644,128543.91289515868,287.4463568298057,128831.35925198848,1418,0,388.90697674418607,36,7,18,37.71677771608365,0.6056134259259259,46.48085585585586,1014.0765765765766,28.168793793793796,0
1639,4,0,0,42,0.0,0.0,1.0,42,1400,1000,400,0.7142857142857143,18,10,8,346.63046182258233,0.43840737514518,0.15767087122323287,0.18967307292988486,128672.41753472216,520.3559027777734,129192.77343749993,1419,1,365.5238095238095,37,5,19,37.56202943189597,0.6050112612612613,46.354166666666664,1014.5833333333328,27.421171171171157,0
1640,4,1,1,42,0.023255813953488372,0.023255813953488372,0.9767441860465116,43,1500,1200,300,0.8,18,12,6,357.03870128831215,0.43865356220007384,0.10276604148463742,0.19216792149672884,128012.72922092032,560.6309678819632,128573.36018880228,1420,0,358.0,39,4,18,37.97231514839596,0.5948183760683761,47.00520833333334,1011.9791666666681,25.948183760683797,8
1641,4,0,3,39,0.0,0.07142857142857142,0.9285714285714286,42,1000,800,200,0.8,12,8,4,398.7634507867121,0.4368829849012776,0.12155084201945954,0.21122923113377132,127370.19903702888,1941.8318393916861,129312.03087642057,1421,1,367.45238095238096,33,9,15,37.57777406822873,0.6000631313131313,47.64093137254901,1009.4362745098027,30.588978015448568,8
1642,4,1,1,39,0.025,0.025,0.975,40,1450,1100,350,0.7586206896551724,18,11,7,410.47255966388445,0.43242521367521364,0.14728884590586744,0.21787917181337607,127453.32717895508,2463.2186889648447,129916.54586791992,1422,0,386.1,31,9,16,37.1965667311412,0.6058467741935484,47.55859375,1009.765625,32.57308467741935,0
1643,4,3,0,42,0.07142857142857142,0.0,1.0,42,1550,1300,250,0.8387096774193549,18,13,5,385.63300713302857,0.43777826171118855,0.15685816865775726,0.20840323989144643,128175.55334787101,1485.744815695886,129661.2981635669,1423,0,368.64285714285717,33,9,19,37.081845778369434,0.608270202020202,46.84436274509804,1012.6225490196078,30.685531788472964,0
1644,4,0,0,42,0.0,0.0,1.0,42,1200,1000,200,0.8333333333333334,14,10,4,387.9826444993013,0.43810491676345337,0.16367139573865108,0.21032475554594893,128299.67928501042,1555.6097714821033,129855.28905649253,1424,1,369.64285714285717,33,9,20,36.895059675013094,0.6095328282828283,46.721813725490186,1013.1127450980381,30.700386215092063,0
1645,4,0,2,40,0.0,0.047619047619047616,0.9523809523809523,42,1150,800,350,0.6956521739130435,15,8,7,387.85955852142547,0.43806862175764616,0.1636379340127827,0.21074891911775204,128392.81316080339,1559.675965974602,129952.48912677799,1425,2,370.64285714285717,33,9,17,36.80270052398226,0.610479797979798,46.6299019607843,1013.4803921568615,30.71152703505641,0
1646,4,1,0,41,0.024390243902439025,0.0,1.0,41,1000,800,200,0.8,12,8,4,359.62840870992267,0.4380589430894309,0.07134898800817413,0.19473899411853837,128255.57503270231,1024.8696714373596,129280.44470413968,1426,0,379.3414634146341,37,4,14,37.658313487767906,0.6007882882882882,46.76535087719298,1012.9385964912276,27.37671882408723,8
1647,4,0,3,38,0.0,0.07317073170731707,0.926829268292683,41,1050,700,350,0.6666666666666666,14,7,7,326.6955029305417,0.4385670731707317,0.025941485023963207,0.1768932074976848,128252.7271554714,179.91784005404043,128432.64499552544,1427,1,380.3414634146341,38,3,17,38.49519213866326,0.5989583333333333,46.768162393162385,1012.9273504273492,26.655982905982874,8
1648,4,1,1,38,0.02564102564102564,0.02564102564102564,0.9743589743589743,39,1150,800,350,0.6956521739130435,15,8,7,342.59590152978683,0.43347953216374274,0.0579132527097832,0.18539756548489203,128230.06071950334,986.218651083516,129216.27937058685,1428,0,400.5128205128205,36,3,18,38.11568823660215,0.6024305555555556,46.79054054054054,1012.8378378378383,28.134384384384397,0
1649,4,0,0,38,0.0,0.0,1.0,38,800,500,300,0.625,11,5,6,345.36766600085673,0.4298986486486487,0.06319767850038605,0.18716430863516317,128287.09621783951,1261.2429997565182,129548.33921759603,1429,1,412.0,36,2,18,37.98725359419001,0.6030092592592593,46.734234234234236,1013.0630630630635,28.140640640640655,0
1650,4,0,0,38,0.0,0.0,1.0,38,1150,900,250,0.782608695652174,14,9,5,345.2239961321774,0.43003200568990047,0.062109240207975924,0.18748767297486213,128372.67324334478,1263.4654502475494,129636.13869359232,1430,2,413.0,36,2,17,37.90351705745081,0.6038773148148149,46.64977477477478,1013.4009009009015,28.150025025025045,0
1651,4,0,0,38,0.0,0.0,1.0,38,1000,600,400,0.6,14,6,8,344.5181275208208,0.43003200568990047,0.06044650009648023,0.18737206439969248,128429.74044568226,1249.2747392663023,129679.01518494856,1431,3,414.0,36,2,17,37.86315409398956,0.6044560185185186,46.59346846846847,1013.6261261261268,28.1562812812813,0
1652,4,0,1,37,0.0,0.02631578947368421,0.9736842105263158,38,1000,700,300,0.7,13,7,6,378.5495367331114,0.42949857752489334,0.1421972720603779,0.198562600866327,126972.00255102025,2028.3357293793906,129000.33828039965,1432,4,415.0,34,4,17,38.49761792267108,0.59375,48.03571428571428,1007.8571428571416,29.642857142857107,8
1653,4,0,0,37,0.0,0.0,1.0,37,1300,800,500,0.6153846153846154,18,8,10,366.3511054456606,0.42670795795795796,0.15083937569921102,0.18097356022103545,124494.55959467117,1721.743905895689,126216.30350056686,1433,13,427.1081081081081,34,3,15,41.36571036621736,0.5683210784313726,50.50595238095238,997.9761904761903,29.352240896358538,8
1654,4,6,2,41,0.13953488372093023,0.046511627906976744,0.9534883720930233,43,700,500,200,0.7142857142857143,9,5,4,321.5516955702944,0.44437523071244,0.16021386932683113,0.16445172454452464,125936.57687057133,-498.9281320954781,125437.64873847585,1434,0,368.3720930232558,38,5,15,40.996318963987946,0.5753837719298245,49.065170940170944,1003.7393162393168,26.4141925326136,0
1655,4,3,0,44,0.06818181818181818,0.0,1.0,44,1150,1000,150,0.8695652173913043,13,10,3,325.7537115090341,0.44222383720930236,0.15654733867169135,0.16810285112631965,126305.47417534713,-492.7769973267815,125812.69717802035,1435,0,360.9318181818182,39,5,17,40.5116580310881,0.5774572649572649,48.697916666666664,1005.2083333333326,25.77457264957263,8
1656,4,2,0,46,0.043478260869565216,0.0,1.0,46,1200,800,400,0.6666666666666666,16,8,8,313.97962401495664,0.4471417069243156,0.16188618485005457,0.16406768515820136,126817.07180846865,-1236.4046949798594,125580.66711348879,1436,0,346.19565217391306,41,5,19,40.283147017301935,0.5795223577235773,48.18948412698412,1007.2420634920627,24.566879597367382,0
1657,4,1,0,47,0.02127659574468085,0.0,1.0,47,1100,700,400,0.6363636363636364,15,7,8,307.356054914282,0.44771430773974713,0.1601899068049939,0.16169601149838292,127092.0138888887,-1587.2022825334038,125504.8116063553,1437,0,339.8085106382979,41,6,20,40.168732782369155,0.5823170731707317,47.91666666666666,1008.3333333333318,24.59349593495931,0
1658,4,0,1,46,0.0,0.02127659574468085,0.9787234042553191,47,1000,600,400,0.6,14,6,8,308.74653678312427,0.44781066913351836,0.1638670411593086,0.16262783901229227,127142.0353442302,-1549.0673815822736,125592.96796264793,1438,1,340.8085106382979,41,6,21,40.08254639648499,0.5828252032520325,47.86706349206349,1008.5317460317453,24.59833526906696,0
1659,4,2,2,46,0.041666666666666664,0.041666666666666664,0.9583333333333334,48,1350,800,550,0.5925925925925926,19,8,11,296.6674247931111,0.44878472222222227,0.16837169150964004,0.15783298854205063,127545.97757582922,-2032.2526579717753,125513.72491785744,1439,0,333.9791666666667,43,5,14,39.97502031186522,0.5840600775193798,47.466856060606055,1010.1325757575751,23.491455250176163,0
1660,4,1,0,47,0.02127659574468085,0.0,1.0,47,850,400,450,0.47058823529411764,13,4,9,303.76106089486,0.44942954054887446,0.18473725128502338,0.16184550750897828,127605.49175417642,-1647.6840897482134,125957.8076644282,1440,0,342.06382978723406,42,5,15,39.73518269876283,0.5860615079365079,47.40794573643411,1010.3682170542634,24.056386120339603,0
1661,4,2,2,47,0.04081632653061224,0.04081632653061224,0.9591836734693877,49,1150,700,450,0.6086956521739131,16,7,9,292.8248260072927,0.45154832766439906,0.19289084218446284,0.15775594741674331,128050.79839677662,-2300.70944787378,125750.08894890283,1441,0,329.0612244897959,44,5,18,39.55817552526453,0.5878314393939394,46.9675925925926,1012.1296296296314,23.002946127946167,0
1662,4,1,2,46,0.020833333333333332,0.041666666666666664,0.9583333333333334,48,1350,600,750,0.4444444444444444,21,6,15,298.2028568441871,0.4474179964539007,0.19256620739017638,0.1609373892297191,128121.60428645511,-1958.754315663722,126162.84997079139,1442,0,336.6875,45,3,19,39.35006039187617,0.5872685185185185,46.897644927536234,1012.4094202898556,22.497987117552345,0
1663,4,1,0,47,0.02127659574468085,0.0,1.0,47,1450,900,550,0.6206896551724138,20,9,11,301.1769222968896,0.4459990749306198,0.18245585368984996,0.1629215220614926,128214.85339506176,-1676.9290123456763,126537.92438271608,1443,0,344.48936170212767,44,3,22,39.1799232035107,0.5894886363636364,46.80555555555556,1012.7777777777779,23.01767676767677,0
1664,4,0,1,46,0.0,0.02127659574468085,0.9787234042553191,47,1700,1100,600,0.6470588235294118,23,11,12,301.70241119910656,0.4463459759481961,0.17995708921866638,0.16416689849939464,128449.39986282583,-1649.3012688614494,126800.09859396437,1444,1,345.48936170212767,44,3,15,38.928152782852266,0.5918560606060606,46.574074074074076,1013.703703703704,23.038720538720547,0
1665,4,0,1,45,0.0,0.021739130434782608,0.9782608695652174,46,1400,1200,200,0.8571428571428571,16,12,4,303.32178183532517,0.44625603864734303,0.1821992591148367,0.16497745694945748,128432.33471074386,-1408.7350780532543,127023.5996326906,1445,2,353.4782608695652,43,3,15,38.904459392127556,0.5930232558139534,46.59090909090909,1013.6363636363641,23.572938689217768,0
1666,4,2,2,45,0.0425531914893617,0.0425531914893617,0.9574468085106383,47,1050,800,250,0.7619047619047619,13,8,5,296.43165034424624,0.44854301572617944,0.18721618915289473,0.1628294896981121,128825.12002743497,-1762.4314128943658,127062.6886145406,1446,0,346.0851063829787,44,3,17,38.680378207466866,0.5956439393939394,46.20370370370371,1015.1851851851861,23.072390572390592,0
1667,4,1,1,45,0.021739130434782608,0.021739130434782608,0.9782608695652174,46,950,300,650,0.3157894736842105,16,3,13,303.29917117709215,0.4468900966183575,0.18957081597299696,0.16626379629181087,128744.48609855685,-1390.3808145373944,127354.10528401946,1447,0,354.4347826086956,43,3,18,38.58793272371001,0.596172480620155,46.28314393939395,1014.8674242424263,23.60156800563782,0
1668,4,0,0,45,0.0,0.0,1.0,45,1200,700,500,0.5833333333333334,17,7,10,308.6132571905328,0.44537037037037036,0.18101281572726124,0.16907462495162343,128720.46100206637,-1055.0318526170568,127665.42914944931,1448,1,363.1777777777778,43,2,18,38.477510265024264,0.5959302325581395,46.306818181818194,1014.7727272727293,23.599365750528587,0
1669,4,1,1,45,0.021739130434782608,0.021739130434782608,0.9782608695652174,46,1400,1200,200,0.8571428571428571,16,12,4,363.8984837278112,0.4470008051529791,0.23757943143812765,0.19075323743796513,126945.49606393818,76.18022327728927,127021.67628721546,1449,0,356.2608695652174,42,4,19,38.894030448717956,0.5793650793650793,48.062015503875955,1007.7519379844938,23.994093761535567,8
1670,4,0,1,44,0.0,0.022222222222222223,0.9777777777777777,45,1750,1400,350,0.8,21,14,7,369.668296368718,0.4463594276094276,0.2547060688554348,0.1943579356438322,127067.00685193042,394.528789525053,127461.53564145547,1450,1,365.1333333333333,41,4,20,38.62366345239267,0.5820630081300813,47.941468253968246,1008.2341269841256,24.591076267905503,0
1671,4,1,0,45,0.022222222222222223,0.0,1.0,45,1400,1000,400,0.7142857142857143,18,10,8,373.8340569789502,0.44703282828282825,0.26739595831274854,0.19771760930700807,127307.56104353863,518.3877872250738,127825.94883076371,1451,0,364.46666666666664,38,7,21,38.27127002611334,0.5893640350877193,47.702991452991455,1009.1880341880344,26.557579847053535,0
1672,4,0,0,45,0.0,0.0,1.0,45,950,600,350,0.631578947368421,13,6,7,373.12995124203195,0.4472222222222222,0.270946049212899,0.1980039960240565,127442.37075617294,510.51311728396126,127952.8838734569,1452,1,365.46666666666664,38,7,19,38.15050435580009,0.590734649122807,47.56944444444445,1009.7222222222231,26.571637426900608,0
1673,4,3,1,47,0.0625,0.020833333333333332,0.9791666666666666,48,1950,1500,450,0.7692307692307693,24,15,9,334.45633164860817,0.4503638445626477,0.19059162450815115,0.17867802222308493,127713.43136621873,-1024.2936387231116,126689.13772749562,1453,0,343.5625,43,5,18,38.849462869277374,0.5857558139534884,47.30113636363635,1010.7954545454523,23.50687103594075,8
1674,4,1,0,48,0.020833333333333332,0.0,1.0,48,1150,900,250,0.782608695652174,14,9,5,331.29661336010685,0.4498651743498818,0.22249251497006073,0.1784726917133474,128048.66850321362,-1115.5819559228955,126933.08654729072,1454,0,344.3958333333333,43,5,19,38.586888722554896,0.5891472868217054,46.969696969696955,1012.1212121212093,23.537702607469985,0
1675,4,2,1,49,0.04,0.02,0.98,50,1050,600,450,0.5714285714285714,15,6,9,326.23851838472444,0.45140306122448975,0.2373677172874884,0.17845962839540533,128660.12878582993,-1605.1144317517828,127055.01435407816,1455,0,331.58,42,8,13,38.091770136899086,0.5967261904761905,46.36627906976743,1014.5348837209282,24.15559246954591,0
1676,4,0,1,48,0.0,0.02040816326530612,0.9795918367346939,49,1700,1400,300,0.8235294117647058,20,14,6,342.44463450785935,0.4499185090702948,0.26263075620802345,0.1786879348782717,126759.1951405414,-1086.3736500135205,125672.82149052787,1456,1,339.3469387755102,40,9,14,39.62580314192484,0.58046875,48.2469512195122,1007.0121951219517,25.17530487804879,8
1677,4,2,3,47,0.04,0.06,0.94,50,1550,1100,450,0.7096774193548387,20,11,9,343.03289485599134,0.45142857142857146,0.2893425061425068,0.18169493519831875,127367.25368677522,-1261.7684515936394,126105.48523518158,1457,0,333.46,41,9,15,38.98720311220311,0.5851117886178862,47.64384920634919,1009.4246031745998,24.620112272551214,0
1678,4,2,2,47,0.04081632653061224,0.04081632653061224,0.9591836734693877,49,1250,900,350,0.72,16,9,7,345.2524607992713,0.4521860827664399,0.28682697301835947,0.18383260379247726,127579.22620670544,-990.5916410536261,126588.63456565181,1458,0,339.3673469387755,40,9,16,38.714037823156616,0.5888020833333334,47.43394308943088,1010.2642276422747,25.25660569105687,0
1679,4,0,0,47,0.0,0.0,1.0,47,1450,1100,350,0.7586206896551724,18,11,7,349.93820020155755,0.44898627813752695,0.2996280161961091,0.1858986767646082,127486.19927300343,-477.5417751736168,127008.6574978298,1459,1,354.3191489361702,39,8,16,38.6910134089737,0.5894764957264957,47.526041666666664,1009.8958333333329,25.894764957264947,0
1680,4,1,1,47,0.020833333333333332,0.020833333333333332,0.9791666666666666,48,1250,700,550,0.56,18,7,11,340.8251547463028,0.449468085106383,0.2781257502486536,0.18392446857186673,128118.1654188369,-851.969401041655,127266.19601779524,1460,0,347.9166666666667,39,9,17,38.27479250265802,0.5958867521367521,46.90104166666667,1012.3958333333342,25.958867521367544,8
1681,4,1,0,48,0.020833333333333332,0.0,1.0,48,1450,1200,250,0.8275862068965517,17,12,5,363.7651103523612,0.4492279846335698,0.2893625900544725,0.19749925997092987,128360.96871803998,-147.19687896646326,128213.77183907351,1461,0,348.75,38,10,19,37.44574767176243,0.6000548245614035,46.66132478632478,1013.3547008547004,26.667228969860535,8
1682,4,1,1,48,0.02040816326530612,0.02040816326530612,0.9795918367346939,49,1400,1000,400,0.7142857142857143,18,10,8,360.59328157919174,0.4503791099773243,0.29945236175537415,0.19797079036559015,128804.55864800354,-510.7883029513828,128293.77034505217,1462,0,342.61224489795916,39,10,19,37.07296476825722,0.6028311965811965,46.223958333333336,1015.1041666666672,26.02831196581198,0
1683,4,1,0,49,0.02040816326530612,0.0,1.0,49,1550,1200,350,0.7741935483870968,19,12,7,360.8278587541055,0.4508042800453515,0.3100877385712817,0.19915982492522868,129016.12548828126,-489.47753906249983,128526.64794921876,1463,0,343.40816326530614,39,10,20,36.85116118117502,0.6049679487179487,46.015625,1015.9375000000001,26.04967948717949,0
1684,4,1,1,49,0.02,0.02,0.98,50,1450,1100,350,0.7586206896551724,18,11,7,352.5723230210582,0.45054421768707487,0.3071596192162942,0.1963710460032207,129373.18019032548,-876.7877807072218,128496.39240961826,1464,0,337.52,36,14,22,36.697245590731306,0.6140046296296297,45.664414414414416,1017.3423423423425,28.259509509509513,0
1685,4,0,1,48,0.0,0.02040816326530612,0.9795918367346939,49,1250,800,450,0.64,17,8,9,338.68794712028154,0.4504499716553288,0.2751287979251502,0.18122410462835994,127776.88108436999,-1080.7741430019842,126696.10694136801,1465,1,322.81632653061223,42,7,17,38.677640406363814,0.5877976190476191,47.23837209302326,1011.0465116279074,24.072535991140654,8
1686,4,0,0,48,0.0,0.0,1.0,48,1700,1200,500,0.7058823529411765,22,12,10,315.10890732446177,0.4493480348699764,0.1757161692436775,0.16503161417501452,126909.41044423415,-1601.942869145164,125307.46757508899,1466,2,330.1458333333333,45,3,15,40.16016420951696,0.575,48.09782608695651,1007.6086956521718,22.39130434782604,8
1687,4,1,2,47,0.02040816326530612,0.04081632653061224,0.9591836734693877,49,1850,1300,550,0.7027027027027027,24,13,11,314.9711847571703,0.4523455215419501,0.19326657022065574,0.16641932052806094,127267.1320408948,-1782.2477533752517,125484.88428751954,1467,0,324.38775510204084,41,8,17,39.79768869006653,0.5840955284552846,47.74305555555554,1009.0277777777756,24.610433604335988,0
1688,4,0,1,46,0.0,0.02127659574468085,0.9787234042553191,47,1750,1400,350,0.8,21,14,7,326.28231098320214,0.44902482269503546,0.19196093646173185,0.17208704669602876,127194.50744431218,-1099.7364333399503,126094.77101097224,1468,1,338.1489361702128,40,7,17,39.58669151722749,0.5848958333333334,47.8150406504065,1008.7398373983734,25.218495934959336,0
1689,4,0,0,46,0.0,0.0,1.0,46,1300,700,600,0.5384615384615384,19,7,12,330.65949326325637,0.44986916264090177,0.18956674436255705,0.1740682193736586,127118.27392578109,-793.427191840292,126324.8467339408,1469,2,338.10869565217394,39,7,17,39.55438918155838,0.5857371794871795,47.89062499999999,1008.4374999999987,25.857371794871764,0
1690,4,4,2,48,0.08,0.04,0.96,50,1500,1200,300,0.8,18,12,6,316.8931139228919,0.4559948979591837,0.22406147091108752,0.1708222643690853,128074.22839506147,-1882.8317901234773,126191.39660493798,1470,0,311.98,44,6,17,38.92528814489573,0.5880681818181819,46.944444444444436,1012.2222222222201,23.00505050505046,0
1691,4,2,1,49,0.04,0.02,0.98,50,1550,1000,550,0.6451612903225806,21,10,11,328.17310111873013,0.4567517006802721,0.2497395731349128,0.17810627283882607,128345.50284234055,-1576.033793146898,126769.46904919365,1471,0,312.94,41,9,19,38.3631943084655,0.595020325203252,46.6765873015873,1013.29365079365,24.71447928765,0
1692,4,1,0,50,0.02,0.0,1.0,50,1400,700,700,0.5,21,7,14,314.26379489382873,0.45710884353741493,0.20999905687069687,0.161050701655837,126020.06504139409,-2073.6026074250626,123946.46243396902,1472,0,313.76,43,7,16,41.093420887170296,0.5685562015503876,48.98200757575758,1004.07196969697,23.350510923185347,8
1693,4,6,3,53,0.10714285714285714,0.05357142857142857,0.9464285714285714,56,1500,1100,400,0.7333333333333333,19,11,8,292.23795518624877,0.465915854978355,0.25531838097748927,0.1541666987512439,127203.7775152787,-3760.701344625304,123443.0761706534,1473,0,281.0357142857143,46,10,14,40.435780824325505,0.5767663043478262,47.8058510638298,1008.7765957446833,21.929925994449636,0
1694,4,4,6,51,0.07017543859649122,0.10526315789473684,0.8947368421052632,57,2000,1500,500,0.75,25,15,10,292.68808114961934,0.4665831244778613,0.27795450163871194,0.15667420814479652,127793.20987654352,-3919.290123456762,123873.91975308675,1474,0,276.35087719298247,47,10,15,39.823717948717956,0.5815602836879432,47.222222222222236,1011.1111111111136,21.513002364066246,0
1695,4,2,2,51,0.03773584905660377,0.03773584905660377,0.9622641509433962,53,2350,2000,350,0.851063829787234,27,20,7,309.0853794014692,0.4618257135945815,0.26663069811839457,0.16458909588333023,127582.64853395087,-2713.2137345678852,124869.43479938299,1475,0,296.811320754717,44,9,16,39.6240032994226,0.5830965909090908,47.430555555555564,1010.2777777777798,22.96085858585863,0
1696,4,0,0,51,0.0,0.0,1.0,51,1650,1100,550,0.6666666666666666,22,11,11,317.3383368347711,0.4589052287581699,0.26864068958416043,0.1685306784863547,127474.24529384775,-2109.50700183653,125364.73829201121,1476,1,308.6666666666667,43,8,17,39.52628782195549,0.5833333333333333,47.537878787878796,1009.8484848484864,23.48484848484852,0
1697,4,2,2,51,0.03773584905660377,0.03773584905660377,0.9622641509433962,53,1800,1500,300,0.8333333333333334,21,15,6,306.86500235208797,0.46076741654571846,0.27605730462383105,0.1650726964660031,127990.76880937726,-2744.8224856529855,125245.94632372427,1477,0,297.9811320754717,47,6,19,39.264050927911676,0.583554964539007,47.026909722222214,1011.89236111111,21.529624704491702,0
1698,4,1,1,51,0.019230769230769232,0.019230769230769232,0.9807692307692307,52,1150,700,450,0.6086956521739131,16,7,9,327.15858693280427,0.46091000502765206,0.3135025831814553,0.17755567518234133,128345.50284234068,-2001.671798909807,126343.83104343087,1478,0,303.7692307692308,41,11,20,38.38889432804647,0.595020325203252,46.676587301587304,1013.2936507936511,24.714479287650025,0
1699,4,0,1,50,0.0,0.0196078431372549,0.9803921568627451,51,1500,800,700,0.5333333333333333,22,8,14,328.6635287952196,0.4600816993464052,0.31119443167124516,0.17920244209391803,128530.68300118975,-1751.3304332738478,126779.3525679159,1479,1,310.4117647058824,40,11,15,38.16208157947484,0.5984375,46.49390243902439,1014.0243902439023,25.35060975609756,0
1700,4,1,1,50,0.0196078431372549,0.0196078431372549,0.9803921568627451,51,1300,800,500,0.6153846153846154,18,8,10,333.556256384331,0.4600980392156863,0.32546106792990925,0.18309804803242863,128798.26467624068,-1607.7066011590011,127190.55807508167,1480,0,303.5882352941176,41,10,17,37.76550690643731,0.5995934959349594,46.23015873015872,1015.0793650793636,24.758033294618624,0
1701,4,0,0,50,0.0,0.0,1.0,50,1300,900,400,0.6923076923076923,17,9,8,343.163545271314,0.45817176870748294,0.33445679383198157,0.1882028735104124,128762.65290377742,-1162.670306200027,127599.98259757739,1481,1,310.6,40,10,17,37.557992056339906,0.60078125,46.26524390243902,1014.939024390243,25.373475609756078,0
1702,4,0,1,49,0.0,0.02,0.98,50,1500,900,600,0.6,21,9,12,345.8170906513288,0.45817176870748294,0.33178460614553074,0.19015181908076115,128865.81776926777,-1087.199562925491,127778.61820634227,1482,2,311.6,40,10,17,37.385521969772796,0.6018229166666667,46.16361788617887,1015.3455284552857,25.38363821138214,0
1703,4,0,0,49,0.0,0.0,1.0,49,1300,800,500,0.6153846153846154,18,8,10,364.26620861277917,0.4568629535147392,0.31225420865717535,0.1929479123411535,127368.57133925836,-439.0237001949275,126929.54763906343,1483,3,318.7755102040816,37,12,14,38.450014483307996,0.5917792792792793,47.64254385964913,1009.4298245614045,27.28188715030823,8
1704,4,2,1,50,0.0392156862745098,0.0196078431372549,0.9803921568627451,51,1500,900,600,0.6,21,9,12,354.2824108628327,0.4587581699346405,0.3230610201246886,0.1903092242422476,127933.68055555575,-1135.0694444444264,126798.61111111133,1484,0,307.2352941176471,39,12,17,38.12294069192752,0.594017094017094,47.08333333333334,1011.6666666666682,25.94017094017098,0
1705,4,2,1,51,0.038461538461538464,0.019230769230769232,0.9807692307692307,52,2200,1700,500,0.7727272727272727,27,17,10,340.8201591306033,0.4616641528406234,0.31751006059484577,0.18583079496203145,128530.68300119037,-1638.8304332737903,126891.85256791658,1485,0,301.38461538461536,40,12,15,37.853903587893356,0.5984375,46.49390243902442,1014.0243902439073,25.350609756097683,0
1706,4,0,1,50,0.0,0.0196078431372549,0.9803921568627451,51,1850,1300,550,0.7027027027027027,24,13,11,342.3949880739588,0.4588725490196079,0.3019166786519001,0.1871185864808252,128622.09590143971,-1392.0878015557616,127230.00809988394,1486,1,308.29411764705884,41,10,17,37.72076202118991,0.5978150406504066,46.40376984126986,1014.3849206349241,24.741095625242053,0
1707,4,1,2,49,0.0196078431372549,0.0392156862745098,0.9607843137254902,51,1250,700,550,0.56,18,7,11,344.6766831250709,0.4577614379084967,0.3171902068098542,0.18920235095148794,128798.26467624123,-1321.2482678256104,127477.01640841563,1487,0,309.05882352941177,41,10,18,37.48330401355227,0.5995934959349594,46.23015873015875,1015.079365079368,24.75803329461873,0
1708,4,0,1,48,0.0,0.02040816326530612,0.9795918367346939,49,1300,800,500,0.6153846153846154,18,8,10,357.60740057254264,0.4550028344671202,0.3236765288310619,0.19554960551240838,128645.99745008686,-599.0478515624943,128046.94959852436,1488,1,322.40816326530614,39,10,18,37.310576890166686,0.6012286324786325,46.380208333333336,1014.4791666666671,26.012286324786334,0
1709,4,0,1,47,0.0,0.020833333333333332,0.9791666666666666,48,2050,1800,250,0.8780487804878049,23,18,5,366.4417422765099,0.4537806589834515,0.3425099989474796,0.20113015559613626,128794.39153928321,-160.87175378042377,128633.5197855028,1489,2,329.8333333333333,38,10,19,36.93492790232606,0.6044407894736843,46.23397435897435,1015.0641025641014,26.71221322537109,0
1710,4,0,0,47,0.0,0.0,1.0,47,1850,1300,550,0.7027027027027027,24,13,11,369.03951479103955,0.45278291705211227,0.3396555814692632,0.20324968873717378,128929.98598327112,116.05189385637243,129046.0378771275,1490,3,337.2340425531915,38,9,19,36.73052984080231,0.6058114035087719,46.100427350427346,1015.5982905982896,26.72627080521815,0
1711,4,2,1,48,0.04081632653061224,0.02040816326530612,0.9795918367346939,49,1350,900,450,0.6666666666666666,18,9,9,350.62320019231475,0.4545068027210884,0.33316399908785277,0.19599771840063912,129516.4267941929,-716.5657645657986,128799.8610296271,1491,0,324.42857142857144,36,13,17,36.60111738024118,0.6154513888888888,45.52364864864865,1017.9054054054059,28.275150150150164,0
1712,4,0,1,47,0.0,0.020833333333333332,0.9791666666666666,48,1150,800,350,0.6956521739130435,15,8,7,355.8382050554286,0.45481493794326244,0.3264128249317826,0.19901216239365038,129536.03512619255,-381.2259541397489,129154.8091720528,1492,1,331.0208333333333,37,11,18,36.4484597156398,0.6137387387387387,45.504385964912274,1017.9824561403499,27.513039355144592,0
1713,4,0,0,47,0.0,0.0,1.0,47,1350,900,450,0.6666666666666666,18,9,9,354.66994002231155,0.45528831329016345,0.32264805967071153,0.19849972230905136,129563.94184989601,-209.51290300862982,129354.42894688739,1493,2,337.1914893617021,37,10,18,36.4498070364387,0.6140202702702703,45.47697368421052,1018.092105263157,27.51600284495019,0
1714,4,1,0,48,0.020833333333333332,0.0,1.0,48,1550,1200,350,0.7741935483870968,19,12,7,351.9589573016358,0.45611702127659576,0.32152588555858364,0.19872144204569267,129908.37191358018,-455.5169753086477,129452.85493827153,1494,0,331.1458333333333,38,10,20,36.16882379654859,0.6156798245614035,45.138888888888886,1019.4444444444439,26.827485380116944,0
1715,4,0,0,48,0.0,0.0,1.0,48,1500,600,900,0.4,24,6,18,350.533865259095,0.45547059692671393,0.31243454812022264,0.19888579199994616,130099.0430843193,-479.1759122288189,129619.86717209048,1495,1,332.1458333333333,38,10,21,36.01162425384857,0.6175986842105263,44.951923076923066,1020.1923076923059,26.847165991902788,0
1716,4,0,0,48,0.0,0.0,1.0,48,1350,800,550,0.5925925925925926,19,8,11,351.56330565731525,0.45535054669030733,0.31097758045859725,0.2000358460412528,130209.42382812499,-444.62890624999915,129764.79492187499,1496,2,333.1458333333333,39,9,21,35.87339252908758,0.6169871794871795,44.84375,1020.6249999999999,26.169871794871792,0
1717,4,2,1,49,0.04,0.02,0.98,50,950,600,350,0.631578947368421,13,6,7,341.7944088092146,0.4548979591836735,0.3163317317735532,0.19736668696860185,130781.152978669,-1059.9140747703452,129721.23890389864,1497,0,320.78,38,12,16,35.543964556785745,0.6244517543859649,44.284188034188034,1022.8632478632478,26.9174538911381,0
1718,4,0,0,49,0.0,0.0,1.0,49,1150,800,350,0.6956521739130435,15,8,7,351.29271904463627,0.4551977040816326,0.31813458580988363,0.20292320594225466,130794.81336805562,-610.5468749999943,130184.26649305562,1498,1,328.3265306122449,37,12,19,35.28725390359809,0.6264076576576576,44.270833333333336,1022.9166666666672,27.646396396396412,0
1719,4,1,1,49,0.02,0.02,0.98,50,1400,900,500,0.6428571428571429,19,9,10,345.87088673120934,0.45413265306122447,0.3272118493793681,0.20157229125179962,131136.55495516476,-928.736690956241,130207.81826420852,1499,0,322.74,38,12,20,35.08049094259587,0.628015350877193,43.93696581196581,1024.252136752137,26.954003598740446,0
1720,4,0,1,48,0.0,0.02040816326530612,0.9795918367346939,49,1850,1400,450,0.7567567567567568,23,14,9,354.4835745449427,0.4531781462585034,0.32747414034106814,0.20701840753424663,131215.75869498315,-497.233764235142,130718.524930748,1500,1,328.59183673469386,37,12,20,34.77989440639269,0.6306306306306306,43.85964912280702,1024.5614035087724,27.690848743480334,0
1721,4,0,1,47,0.0,0.020833333333333332,0.9791666666666666,48,1650,1400,250,0.8484848484848485,19,14,5,359.8232323128156,0.4510841459810875,0.33075090986940703,0.20982950288803523,131159.59357686984,-161.14621806709397,130998.44735880275,1501,2,336.3125,37,11,20,34.69992150146293,0.6300675675675675,43.91447368421053,1024.3421052631581,27.684921763869138,0
1722,4,0,0,47,0.0,0.0,1.0,47,1450,800,650,0.5517241379310345,21,8,13,362.4763019204539,0.450431699044095,0.3152913822341148,0.2126367604245947,131387.4488275891,125.18372669985257,131512.63255428895,1502,3,322.9148936170213,35,12,20,34.401576729133744,0.6363095238095238,43.692129629629626,1025.231481481481,29.29232804232803,0
1723,4,0,2,45,0.0,0.0425531914893617,0.9574468085106383,47,1450,1000,450,0.6896551724137931,19,10,9,362.9553784412109,0.44979571384520506,0.31075400721623025,0.21374574877903324,131535.81700370798,148.32644783093082,131684.14345153893,1503,4,323.9148936170213,35,12,20,34.23937060438527,0.6377976190476191,43.5474537037037,1025.810185185185,29.30886243386243,0
1724,4,0,0,45,0.0,0.0,1.0,45,1900,1400,500,0.7368421052631579,24,14,10,379.5629472533272,0.448526936026936,0.31820116877588145,0.22284769357143178,131419.6588010203,976.4066043083742,132396.06540532867,1504,5,337.9555555555556,34,11,20,33.93102480746157,0.6387867647058824,43.66071428571428,1025.357142857142,30.15756302521006,0
1725,4,0,0,45,0.0,0.0,1.0,45,950,600,350,0.631578947368421,13,6,7,380.94079991807985,0.44859006734006734,0.3232862578190503,0.22401399257981253,131480.69905045335,1017.2725340135894,132497.97158446693,1505,6,338.9555555555556,34,11,21,33.83391371638616,0.6393995098039216,43.60119047619047,1025.5952380952367,30.16456582633049,0
1726,4,0,0,45,0.0,0.0,1.0,45,1000,400,600,0.4,16,4,12,371.4494312860338,0.4483164983164983,0.3065911761563942,0.2196549669152598,131693.6476247499,783.5061028393329,132477.15372758923,1506,7,339.9555555555556,37,8,19,33.86201171527258,0.6354166666666667,43.39364035087719,1026.425438596491,27.74122807017543,0
1727,4,0,0,45,0.0,0.0,1.0,45,1000,700,300,0.7,13,7,6,373.59686602174554,0.44793771043771047,0.302692056712345,0.22157914188053487,131806.21831957903,848.4780172745379,132654.69633685358,1507,8,340.9555555555556,37,8,19,33.69316159458979,0.6365427927927928,43.28399122807017,1026.8640350877188,27.753082029397806,0
1728,4,0,0,45,0.0,0.0,1.0,45,1150,900,250,0.782608695652174,14,9,5,373.59686602174554,0.44806397306397305,0.302692056712345,0.22157914188053487,131806.21831957903,848.4780172745379,132654.69633685358,1508,9,341.9555555555556,37,8,19,33.69316159458979,0.6365427927927928,43.28399122807017,1026.8640350877188,27.753082029397806,0
1729,4,0,1,44,0.0,0.022222222222222223,0.9777777777777777,45,1350,800,550,0.5925925925925926,19,8,11,368.41437489098877,0.44772727272727275,0.29992604917729704,0.21922479139552878,131931.11257213814,721.0636733873833,132652.1762455255,1509,10,342.9555555555556,38,7,19,33.70012652523572,0.6359649122807017,43.16239316239316,1027.3504273504268,27.035537561853335,0
1730,4,0,1,43,0.0,0.022727272727272728,0.9772727272727273,44,900,600,300,0.6666666666666666,12,6,6,372.3753344366377,0.446694415081043,0.2993645095566124,0.22167451611634623,131946.9993170973,1026.7615997229627,132973.76091682026,1510,11,350.52272727272725,37,7,19,33.5823550337958,0.6379504504504505,43.14692982456139,1027.4122807017523,27.767899478425736,0
1731,4,0,0,43,0.0,0.0,1.0,43,1650,1200,450,0.7272727272727273,21,12,9,373.9386481003836,0.44587486157253603,0.28406444148841237,0.22304340539634657,132021.60564280508,1273.5961468225091,133295.20178962758,1511,12,355.6744186046512,36,7,19,33.466880341880334,0.640625,43.07432432432433,1027.7027027027036,28.547297297297323,0
1732,4,0,0,43,0.0,0.0,1.0,43,1300,1000,300,0.7692307692307693,16,10,6,376.51848634855037,0.44504429678848284,0.28137576029576183,0.22564644622767133,132200.59447378048,1355.193545129276,133555.78801890975,1512,13,356.6744186046512,37,6,20,33.219937271208735,0.6404842342342343,42.90021929824562,1028.399122807018,27.794570886676166,0
1733,4,0,1,42,0.0,0.023255813953488372,0.9767441860465116,43,1200,800,400,0.6666666666666666,16,8,8,375.5111133337273,0.4451827242524917,0.2814498933901919,0.22521062935232491,132228.78674207444,1330.6757848568727,133559.4625269313,1513,14,357.6744186046512,37,6,20,33.21739516702202,0.6407657657657657,42.872807017543856,1028.5087719298242,27.797534376481735,0
1734,4,0,0,42,0.0,0.0,1.0,42,1400,1200,200,0.8571428571428571,16,12,4,388.42271304269775,0.44294425087108014,0.28358675927664145,0.23274778316967942,132195.26113951782,1869.5283966398815,134064.7895361577,1514,15,366.23809523809524,36,6,21,32.919267411300936,0.6423611111111112,42.9054054054054,1028.3783783783779,28.566066066066053,0
1735,4,0,0,42,0.0,0.0,1.0,42,1000,700,300,0.7,13,7,6,386.7221166203026,0.4427990708478513,0.2769785672587777,0.23244034588441337,132311.09487866235,1833.525332765189,134144.62021142754,1515,16,367.23809523809524,36,6,21,32.846021234676,0.6435185185185186,42.79279279279279,1028.8288288288281,28.578578578578558,0
1736,4,0,0,42,0.0,0.0,1.0,42,1100,700,400,0.6363636363636364,15,7,8,387.9755445917818,0.4417707123499806,0.2796414112203587,0.2337316085711463,132398.00347222204,1873.494567202315,134271.49803942436,1516,17,368.23809523809524,34,8,21,32.72604588394063,0.6485906862745099,42.70833333333332,1029.1666666666652,30.26960784313721,0
1737,4,1,1,42,0.023255813953488372,0.023255813953488372,0.9767441860465116,43,1450,1000,450,0.6896551724137931,19,10,9,376.6682892452109,0.4403608342561831,0.2727386698426635,0.22908841854093936,132755.59413580227,1400.9645061728177,134156.55864197508,1517,0,360.6511627906977,35,8,17,32.65667115902965,0.65,42.3611111111111,1030.5555555555538,29.444444444444397,0
1738,4,0,0,42,0.0,0.0,1.0,42,1450,1000,450,0.6896551724137931,19,10,9,384.48498095570415,0.44024632210607817,0.27805473934431646,0.23333331172445043,132673.8166099773,1802.217970521541,134476.03458049885,1518,19,370.23809523809524,34,8,18,32.53769932978969,0.6513480392156863,42.44047619047619,1030.2380952380952,30.30112044817927,0
1739,4,0,0,42,0.0,0.0,1.0,42,1100,800,300,0.7272727272727273,14,8,6,387.1642881585873,0.43972609368950827,0.23756929323529752,0.21881307521771867,129946.64216581461,1694.7929037697577,131641.43506958438,1519,20,371.23809523809524,36,6,20,35.23258596568737,0.6197916666666667,45.10135135135136,1019.5945945945958,28.322072072072107,8
1740,4,0,0,42,0.0,0.0,1.0,42,1800,1400,400,0.7777777777777778,22,14,8,392.1257407362683,0.438939701897019,0.24198818980372372,0.22325550967547358,130233.84871357858,1813.6088791494344,132047.45759272802,1520,21,372.23809523809524,36,6,20,34.813548102383066,0.6226851851851851,44.81981981981983,1020.7207207207218,28.353353353353384,0
1741,4,1,1,42,0.023255813953488372,0.023255813953488372,0.9767441860465116,43,1200,1000,200,0.8333333333333334,14,10,4,379.31490477526427,0.44040697674418605,0.23891935239168594,0.2176496753068761,130536.16780045342,1302.8723229917614,131839.0401234452,1521,0,364.5581395348837,34,9,18,34.83321683752719,0.6299019607843137,44.52380952380952,1021.9047619047611,30.056022408963564,0
1742,4,0,0,42,0.0,0.0,1.0,42,1250,800,450,0.64,17,8,9,390.8982330708425,0.43856465350367785,0.2460793555574603,0.2236195451369575,130419.0113928536,1796.112222462504,132215.12361531612,1522,23,374.23809523809524,33,9,20,34.65644371125776,0.6309974747474747,44.63848039215686,1021.4460784313717,30.952911467617323,0
1743,4,0,1,41,0.0,0.023809523809523808,0.9761904761904762,42,1200,900,300,0.75,15,9,6,389.62228650542136,0.43795973674022454,0.24428061065992135,0.22356401787182725,130536.16780045339,1771.960034013594,132308.12783446698,1523,24,375.23809523809524,34,8,18,34.56988777570675,0.6299019607843137,44.52380952380952,1021.9047619047609,30.056022408963557,0
1744,4,0,0,41,0.0,0.0,1.0,41,1350,900,450,0.6666666666666666,18,9,9,394.22836129061767,0.4369918699186992,0.25673155814126947,0.22616258621409113,130528.56445312499,2091.6124131944443,132620.17686631944,1524,25,384.609756097561,35,6,19,34.45994733265376,0.6276785714285714,44.53125,1021.8749999999999,29.19642857142857,0
1745,4,0,0,41,0.0,0.0,1.0,41,1100,800,300,0.7272727272727273,14,8,6,391.7331359496716,0.43653455284552845,0.2552996460460417,0.22559129876006506,130676.44702717767,2038.0588777434882,132714.50590492116,1525,26,385.609756097561,35,6,19,34.37334918119388,0.6291666666666667,44.386574074074076,1022.4537037037039,29.21296296296297,0
1746,4,2,0,43,0.046511627906976744,0.0,1.0,43,1200,800,400,0.6666666666666666,16,8,8,381.18409415536405,0.4380998523440384,0.2675040683988672,0.22293783128761152,131271.93583602645,1407.7547899353588,132679.6906259618,1526,0,368.6279069767442,37,6,21,34.0390719737499,0.6311936936936937,43.80482456140351,1024.7807017543857,27.696775723091505,0
1747,4,0,0,43,0.0,0.0,1.0,43,1250,1100,150,0.88,14,11,3,383.0300804343378,0.43710778885197493,0.2703623903584986,0.22453024686988346,131359.53006355732,1462.9783649327683,132822.50842849008,1527,1,369.6279069767442,33,10,21,33.90304343494721,0.6404671717171717,43.719362745098046,1025.1225490196082,31.064319667260854,0
1748,4,0,0,43,0.0,0.0,1.0,43,800,500,300,0.625,11,5,6,388.8353426257832,0.436531007751938,0.27070000861429366,0.2286832735372579,131485.18786344194,1625.2176146193847,133110.40547806132,1528,2,370.6279069767442,33,10,21,33.62695164695106,0.641729797979798,43.5968137254902,1025.6127450980393,31.07917409387998,0
1749,4,0,1,42,0.0,0.023255813953488372,0.9767441860465116,43,1000,600,400,0.6,14,6,8,385.5663016815222,0.43627722406792174,0.27195086737300334,0.22807226997771418,131705.23356401396,1556.2199634755998,133261.45352748956,1529,3,371.6279069767442,33,10,18,33.488041228907996,0.6439393939393939,43.38235294117648,1026.470588235295,31.105169340463487,0
1750,4,0,0,42,0.0,0.0,1.0,42,550,500,50,0.9090909090909091,6,5,1,389.15595846275573,0.43541908633372045,0.28148823334438156,0.2297619425992437,131633.3616780047,1845.1814058957125,133478.5430839004,1530,4,380.57142857142856,34,8,18,33.46867749419955,0.6409313725490196,43.45238095238096,1026.1904761904775,30.18207282913169,0
1751,4,0,0,42,0.0,0.0,1.0,42,1000,600,400,0.6,14,6,8,391.0000037412685,0.43521341463414637,0.23740443953209867,0.21763768415972204,129348.5179424941,1777.1467452400286,131125.66468773413,1531,5,381.57142857142856,35,7,16,35.74508381689232,0.6157738095238094,45.68865740740741,1017.2453703703712,29.064153439153465,8
1752,4,2,0,44,0.045454545454545456,0.0,1.0,44,1100,600,500,0.5454545454545454,16,6,10,381.5683215650881,0.43768719168428466,0.2653632649870017,0.21616008082816396,130038.81602993236,1123.738554170521,131162.55458410288,1532,0,365.1818181818182,37,7,16,35.281391098688445,0.6188063063063063,45.010964912280706,1019.9561403508778,27.566382171645348,0
1753,4,0,0,44,0.0,0.0,1.0,44,1450,900,550,0.6206896551724138,20,9,11,382.21776150694654,0.4378523608174771,0.26711689707390907,0.2169942813192274,130122.70752779703,1147.0419984995367,131269.74952629657,1533,1,366.1818181818182,37,7,16,35.17945101200071,0.6196509009009009,44.92872807017544,1020.2850877192984,27.57527264106212,0
1754,4,1,1,44,0.022222222222222223,0.022222222222222223,0.9777777777777777,45,1000,500,500,0.5,15,5,10,374.1875984806952,0.43882575757575754,0.2656794600584267,0.21384918192964078,130380.76560356647,757.5985437945718,131138.36414736105,1534,0,359.02222222222224,35,10,17,35.12201571471744,0.6261904761904762,44.675925925925924,1021.2962962962958,29.179894179894166,0
1755,4,0,0,44,0.0,0.0,1.0,44,1000,700,300,0.7,13,7,6,380.45763402243483,0.43686134601832277,0.2622300380032341,0.21792988549747097,130469.43486636212,1127.6185003000464,131597.05336666218,1535,1,364.6363636363636,35,9,17,34.8718184736226,0.6270833333333333,44.58912037037036,1021.643518518517,29.18981481481477,0
1756,4,0,1,43,0.0,0.022727272727272728,0.9772727272727273,44,1250,500,750,0.4,20,5,15,379.73328213610614,0.4359694326990839,0.2660573122529646,0.2183466372282608,130617.28395061711,1119.9459876543028,131737.22993827143,1536,2,365.6363636363636,35,9,15,34.74014945652174,0.6285714285714286,44.444444444444436,1022.2222222222208,29.206349206349167,0
1757,4,1,0,44,0.022727272727272728,0.0,1.0,44,1150,700,450,0.6086956521739131,16,7,9,380.7769401319477,0.43613460183227626,0.27281986913041734,0.21961782265051455,130735.62349965678,1156.2221364883078,131891.8456361451,1537,0,366.5681818181818,35,9,16,34.59333031537649,0.6297619047619047,44.32870370370369,1022.685185185183,29.219576719576654,0
1758,4,0,0,44,0.0,0.0,1.0,44,1300,1000,300,0.7692307692307693,16,10,6,376.5842539368026,0.43572718463706833,0.261669511217125,0.21820170205171707,130913.23329260944,1059.9724579903602,131973.2057505998,1538,1,367.5681818181818,35,9,16,34.520376234637695,0.631547619047619,44.155092592592574,1023.3796296296273,29.239417989417923,0
1759,4,0,0,44,0.0,0.0,1.0,44,1300,800,500,0.6153846153846154,18,8,10,374.48035684656577,0.43573819591261453,0.25751661752211485,0.2181869856194437,131126.20380092927,1020.8375182614959,132147.04131919076,1539,2,368.5681818181818,36,8,17,34.358392889866224,0.6316550925925926,43.94707207207207,1024.2117117117114,28.450325325325316,0
1760,4,1,0,45,0.022222222222222223,0.0,1.0,45,1500,1000,500,0.6666666666666666,20,10,10,366.658683611127,0.4371632996632997,0.24902934537246058,0.21542413373969355,131446.78605109715,639.531806894453,132086.3178579916,1540,0,361.35555555555555,35,10,18,34.23438675696011,0.6369047619047619,43.634259259259245,1025.462962962961,29.298941798941744,0
1761,4,0,2,43,0.0,0.044444444444444446,0.9555555555555556,45,1000,600,400,0.6,14,6,8,346.3549488798333,0.4375841750841751,0.2105004484745716,0.19417779310107489,129631.08114448939,-20.32670339254865,129610.75444109684,1541,1,362.35555555555555,36,9,19,36.59322127612517,0.6166087962962963,45.41103603603605,1018.3558558558583,28.28766266266273,8
1762,4,0,0,43,0.0,0.0,1.0,43,1300,900,400,0.6923076923076923,17,9,8,361.19881328726535,0.43593115540789956,0.22756794849818096,0.20138070823002333,129413.28125000001,748.7847222222227,130162.06597222223,1542,5,378.7674418604651,34,9,21,36.437005187005184,0.6185661764705883,45.625,1017.5000000000001,29.926470588235297,0
1763,4,1,0,44,0.022727272727272728,0.0,1.0,44,900,600,300,0.6666666666666666,12,6,6,357.0222509860149,0.43713662790697677,0.24094006504568788,0.20112481893358006,129819.89354263098,469.71812307097,130289.61166570194,1543,0,371.1363636363636,35,9,20,36.12968483816015,0.6205357142857143,45.225694444444436,1019.0972222222206,29.117063492063444,0
1764,4,0,0,44,0.0,0.0,1.0,44,1200,800,400,0.6666666666666666,16,8,8,358.789884044251,0.43700449260042284,0.24521666890267202,0.20273124365271358,129937.8714018561,524.0787626457452,130461.95016450185,1544,1,372.1363636363636,35,9,20,35.964756688235525,0.6217261904761905,45.1099537037037,1019.5601851851849,29.130291005290996,0
1765,4,1,0,45,0.022222222222222223,0.0,1.0,45,1000,700,300,0.7,13,7,6,351.0204081632654,0.4384469696969697,0.24961451247165578,0.20000000000000007,130262.58680555549,144.9652777777734,130407.55208333326,1545,0,364.84444444444443,36,9,21,35.83333333333333,0.622974537037037,44.791666666666664,1020.8333333333328,28.356481481481467,0
1766,4,1,0,46,0.021739130434782608,0.0,1.0,46,1150,900,250,0.782608695652174,14,9,5,341.0401354278803,0.43942230273752014,0.23923304385138455,0.1960034613106472,130598.60365689437,-292.1269044321417,130306.47675246223,1546,0,357.89130434782606,37,9,18,35.74787241650574,0.6244369369369369,44.46271929824561,1022.1491228070171,27.625651967757218,0
1767,4,0,0,46,0.0,0.0,1.0,46,1200,500,700,0.4166666666666667,19,5,14,340.64738866006803,0.4388989533011272,0.22975971803932915,0.1963459546751416,130710.70545744829,-294.74790320100044,130415.95755424729,1547,1,358.89130434782606,37,9,18,35.64452426906857,0.6255630630630631,44.35307017543859,1022.5877192982443,27.63750592697958,0
1768,4,0,1,45,0.0,0.021739130434782608,0.9782608695652174,46,1350,600,750,0.4444444444444444,21,6,15,343.27266273480893,0.4382648953301127,0.237164315399095,0.19872335537476638,130878.94833025528,-214.5669821483706,130664.38134810691,1548,2,359.89130434782606,37,9,18,35.40729032718959,0.6272522522522522,44.18859649122806,1023.2456140350863,27.655286865813142,0
1769,4,0,1,44,0.0,0.022222222222222223,0.9777777777777777,45,1150,500,650,0.43478260869565216,18,5,13,364.5296651987322,0.4368055555555555,0.2346447087526684,0.1962713911636522,128027.37054183801,386.29071884415055,128413.66126068216,1549,3,368.53333333333336,35,10,17,37.76780268374505,0.6023809523809525,46.99074074074073,1012.037037037036,28.915343915343886,8
1770,4,2,1,45,0.043478260869565216,0.021739130434782608,0.9782608695652174,46,1050,700,350,0.6666666666666666,14,7,7,356.21584128569106,0.43879830917874396,0.2497952884076169,0.19420080805873913,128525.6736137902,-43.37022569445446,128482.30338809575,1550,0,361.3478260869565,35,11,16,37.46872978731499,0.6074404761904761,46.49884259259259,1014.0046296296289,28.971560846560823,0
1771,4,1,0,46,0.021739130434782608,0.0,1.0,46,1450,1100,350,0.7586206896551724,18,11,7,374.6610056874395,0.44129428341384863,0.28173690251899774,0.20031756093246822,127745.77100326665,375.8150278735123,128121.58603114016,1551,0,361.17391304347825,36,10,16,37.800304481823915,0.5975115740740741,47.269144144144136,1010.9234234234224,28.081206206206176,8
1772,4,0,1,45,0.0,0.021739130434782608,0.9782608695652174,46,1250,1000,250,0.8,15,10,5,375.68915509834085,0.4411634460547504,0.27467979437135104,0.2015794498860989,127888.11404309706,409.23550239427254,128297.34954549132,1552,1,362.17391304347825,36,10,16,37.628265790840935,0.5989583333333333,47.12837837837837,1011.4864864864858,28.096846846846827,0
1773,4,0,0,45,0.0,0.0,1.0,45,1400,1200,200,0.8571428571428571,16,12,4,377.76283694348064,0.4407407407407407,0.2704208156880701,0.2023613676502258,127822.46823827556,657.3156453617551,128479.78388363731,1553,2,371.1777777777778,35,10,16,37.64318892831252,0.600297619047619,47.19328703703702,1011.2268518518491,28.892195767195687,0
1774,4,1,1,45,0.021739130434782608,0.021739130434782608,0.9782608695652174,46,1700,1200,500,0.7058823529411765,22,12,10,369.964523821095,0.4433977455716586,0.2767884190400518,0.20080839467164777,128349.69142500391,297.37172067896665,128647.06314568289,1554,0,364.0869565217391,35,11,18,37.30023320007614,0.6056547619047619,46.67245370370368,1013.3101851851821,28.95171957671949,0
1775,4,1,0,46,0.021739130434782608,0.0,1.0,46,1600,1300,300,0.8125,19,13,6,373.75159712375853,0.44303542673107893,0.26145789775655603,0.19498756017973476,126751.58900454534,288.871205199375,127040.46020974472,1555,0,364.89130434782606,36,10,17,38.845476403489144,0.5873842592592593,48.25450450450452,1006.9819819819841,27.971721721721778,8
1776,4,0,1,45,0.0,0.021739130434782608,0.9782608695652174,46,1800,1500,300,0.8333333333333334,21,15,6,372.55466433631915,0.44304549114331726,0.2671168326451301,0.19544925239214875,126978.48820103897,261.2856099342736,127239.77381097325,1556,1,365.89130434782606,36,10,17,38.64199255121044,0.5896990740740741,48.02927927927929,1007.8828828828837,27.99674674674677,0
1777,4,1,0,46,0.021739130434782608,0.0,1.0,46,1550,1100,450,0.7096774193548387,20,11,9,367.1254563593328,0.44532004830917876,0.26704548287847185,0.19411563699193563,127296.33012099171,146.84611051161096,127443.17623150333,1557,0,364.3695652173913,35,11,18,38.452063501166045,0.5949404761904762,47.71412037037036,1009.1435185185167,28.832671957671906,0
1778,4,1,1,46,0.02127659574468085,0.02127659574468085,0.9787234042553191,47,1050,700,350,0.6666666666666666,14,7,7,359.4486457993153,0.4465386987357385,0.26804906043387966,0.19150672506600114,127603.50722343972,-226.6184258582833,127376.88879758144,1558,0,357.59574468085106,36,11,17,38.33059332738891,0.5960648148148149,47.40990990990991,1010.3603603603609,28.06556556556558,0
1779,4,3,1,48,0.061224489795918366,0.02040816326530612,0.9795918367346939,49,950,600,350,0.631578947368421,13,6,7,346.91449523456475,0.4485012755102041,0.2754637136552591,0.1884057659997493,128372.67324334457,-890.8427430809287,127481.83050026365,1559,0,343.7755102040816,36,13,16,37.86068822461755,0.6038773148148149,46.64977477477477,1013.4009009008998,28.150025025024995,0
1780,4,1,0,49,0.02040816326530612,0.0,1.0,49,1150,900,250,0.782608695652174,14,9,5,344.0275872589584,0.44848356009070295,0.2797509617018654,0.18746158511394131,128505.59937913569,-958.1057392659459,127547.49363986975,1560,0,344.7551020408163,37,12,17,37.798182293356405,0.603322072072072,46.518640350877185,1013.9254385964896,27.403390232337557,0
1781,4,0,0,49,0.0,0.0,1.0,49,1500,1200,300,0.8,18,12,6,344.47676238871696,0.4478812358276644,0.2753469740684862,0.1883628253912769,128644.60699445961,-936.984456755946,127707.62253770366,1561,1,345.7551020408163,37,12,17,37.64501369073353,0.6047297297297297,46.38157894736841,1014.4736842105245,27.418207681365526,0
1782,4,1,1,49,0.02,0.02,0.98,50,1300,900,400,0.6923076923076923,17,9,8,332.7745479188218,0.4483673469387755,0.2664315012305172,0.1835530198701555,128989.6701388888,-1415.104166666672,127574.56597222213,1562,0,339.82,39,11,18,37.590579710144944,0.6047008547008548,46.041666666666664,1015.8333333333326,26.047008547008527,0
1783,4,0,1,48,0.0,0.02040816326530612,0.9795918367346939,49,1800,1200,600,0.6666666666666666,24,12,12,344.12720654153344,0.44678287981859416,0.2614186539902006,0.1900688999210706,129042.58355034681,-918.587239583374,128123.99631076344,1563,1,347.6734693877551,39,10,19,37.24839382133825,0.6052350427350428,45.989583333333314,1016.0416666666633,26.05235042735034,0
1784,4,1,0,49,0.02040816326530612,0.0,1.0,49,1350,1000,350,0.7407407407407407,17,10,7,345.114331543584,0.4482355442176871,0.2661631398889359,0.19181022335695586,129289.65627411265,-875.6667148919759,128413.98955922067,1564,0,348.53061224489795,35,14,20,36.97187606691703,0.6151785714285714,45.74652777777778,1017.0138888888889,29.057539682539684,0
1785,4,1,0,50,0.02,0.0,1.0,50,1850,1600,250,0.8648648648648649,21,16,5,340.4280207157257,0.4494897959183673,0.2635894125242091,0.1917538196686036,129815.2376211913,-1161.4511195752334,128653.78650161608,1565,0,342.54,37,13,20,36.55718743275233,0.6165540540540541,45.23026315789475,1019.0789473684224,27.542674253200605,0
1786,4,1,0,51,0.0196078431372549,0.0,1.0,51,1800,1400,400,0.7777777777777778,22,14,8,332.63577665783055,0.4506862745098039,0.26378003983625153,0.18887927144135946,130129.69970703125,-1542.8412543402778,128586.85845269097,1566,0,336.80392156862746,39,12,22,36.437063978220166,0.6161858974358974,44.921875,1020.3125,26.161858974358974,0
1787,4,0,0,51,0.0,0.0,1.0,51,1850,1400,450,0.7567567567567568,23,14,9,332.93294059977904,0.44993464052287585,0.267745508245139,0.19036117895537646,130398.95171305457,-1517.1108941685293,128881.84081888605,1567,1,337.80392156862746,38,13,22,36.15694735006974,0.6206140350877193,44.65811965811967,1021.3675213675238,26.878092667566413,0
1788,4,0,0,51,0.0,0.0,1.0,51,1400,1100,300,0.7857142857142857,17,11,6,335.52236475541093,0.45040849673202615,0.2659049821057422,0.19265347786616233,130562.68376981535,-1438.659918547719,129124.02385126763,1568,2,338.80392156862746,38,13,17,35.925195135549515,0.6222587719298245,44.49786324786326,1022.0085470085484,26.894961763382852,0
1789,4,0,0,51,0.0,0.0,1.0,51,1450,900,550,0.6206896551724138,20,9,11,334.31734479787445,0.45044117647058823,0.26071598396848006,0.19232065778700722,130635.03146701408,-1465.2886284722013,129169.74283854188,1569,3,339.80392156862746,39,12,18,35.882837443108485,0.6212606837606838,44.42708333333334,1022.2916666666682,26.212606837606877,0
1790,4,0,1,50,0.0,0.0196078431372549,0.9803921568627451,51,1200,900,300,0.75,15,9,6,339.97404213188423,0.4497549019607843,0.2655466749747355,0.19611428587842816,130741.54188368095,-1310.2539062499613,129431.287977431,1570,4,340.80392156862746,39,12,18,35.63055951653424,0.6223290598290598,44.322916666666686,1022.7083333333366,26.22329059829068,0
1791,4,0,1,49,0.0,0.02,0.98,50,1150,500,650,0.43478260869565216,18,5,13,349.4111272098989,0.44837585034013605,0.2639866276640199,0.20147971744898535,130726.51855504441,-864.5399590912166,129861.9785959532,1571,6,348.54,38,12,19,35.404478339601624,0.6239035087719298,44.33760683760685,1022.6495726495743,26.911830859199323,0
1792,4,0,1,48,0.0,0.02040816326530612,0.9795918367346939,49,1450,900,550,0.6206896551724138,20,9,11,352.72717395226437,0.4471371882086168,0.2711942287368463,0.20345617510530442,130738.73842191833,-576.9788540704815,130161.75956784785,1572,7,356.1224489795918,37,12,19,35.307329080447445,0.6258445945945945,44.32565789473684,1022.697368421053,27.64046941678522,0
1793,4,0,0,48,0.0,0.0,1.0,48,900,700,200,0.7777777777777778,11,7,4,360.0073990945087,0.44784278959810875,0.27943930381141224,0.2071069181863088,130636.47050766999,-193.98080512943432,130442.48970254055,1573,8,352.9166666666667,36,12,19,35.22481089814202,0.6267361111111112,44.425675675675684,1022.2972972972985,28.39714714714718,0
1794,4,0,0,48,0.0,0.0,1.0,48,850,500,350,0.5882352941176471,12,5,7,362.5677459193653,0.44739952718676124,0.2842817420988877,0.20904620321865125,130722.82745160705,-120.8238221329405,130602.00362947411,1574,9,353.9166666666667,36,12,19,35.07185332011893,0.6276041666666667,44.34121621621622,1022.6351351351354,28.40653153153154,0
1795,4,0,0,48,0.0,0.0,1.0,48,1500,1200,300,0.8,18,12,6,367.72704679615765,0.44689162234042556,0.2886970280682444,0.21265437429300407,130838.01442912518,22.53533093905901,130860.54976006424,1575,10,354.9166666666667,36,12,19,34.82319757842598,0.6287615740740741,44.22860360360361,1023.0855855855864,28.419044044044067,0
1796,4,1,1,48,0.02040816326530612,0.02040816326530612,0.9795918367346939,49,1300,800,500,0.6153846153846154,18,8,10,358.83048500564286,0.4468005952380953,0.28609876834484593,0.2092505861999197,131159.5935768697,-387.1878847337764,130772.40569213592,1576,0,348.6530612244898,37,12,20,34.72534432312853,0.6300675675675675,43.91447368421052,1024.342105263157,27.68492176386911,0
1797,4,0,1,47,0.0,0.020833333333333332,0.9791666666666666,48,1200,800,400,0.6666666666666666,16,8,8,368.6788557656407,0.44590351654846333,0.29319273353864217,0.21432405093485968,131039.71370018662,62.31434136838709,131102.02804155502,1577,1,356.625,36,12,20,34.59451532482768,0.630787037037037,44.03153153153153,1023.8738738738734,28.44094094094093,0
1798,4,0,0,47,0.0,0.0,1.0,47,1000,500,500,0.5,15,5,10,352.80348454379595,0.4440525747764416,0.19318391932252488,0.19843420829918756,129757.97661675367,-236.8662865515226,129521.11033020215,1578,2,364.82978723404256,39,8,17,36.30007582728419,0.6124465811965811,45.28645833333334,1018.8541666666683,26.124465811965855,8
1799,4,0,0,47,0.0,0.0,1.0,47,1450,1100,350,0.7586206896551724,18,11,7,354.93566456536564,0.44366712920135676,0.19247871796823257,0.20017553186006348,129864.1289605034,-181.31781684028198,129682.81114366312,1579,3,365.82978723404256,39,8,17,36.13790240163516,0.6135149572649572,45.182291666666664,1019.2708333333327,26.135149572649556,0
1800,4,1,0,48,0.020833333333333332,0.0,1.0,48,1050,900,150,0.8571428571428571,12,9,3,349.8671084446612,0.4444998522458629,0.20472520997244703,0.1988124298750901,130158.86423631757,-492.3389062396761,129666.5253300779,1580,0,359.1875,40,8,18,35.96794807954057,0.61484375,44.89329268292683,1020.4268292682918,25.510670731707297,0
1801,4,2,0,50,0.04,0.0,1.0,50,1550,1100,450,0.7096774193548387,20,11,9,341.1824140302422,0.44684523809523813,0.22677400581959306,0.1969535659939415,130769.44464128233,-1076.711727789916,129692.73291349242,1581,0,345.78,41,9,19,35.57145166505012,0.619410569105691,44.29563492063492,1022.8174603174594,24.946767324816083,0
1802,4,0,2,48,0.0,0.04,0.96,50,1450,1000,450,0.6896551724137931,19,10,9,341.4224417851882,0.4465816326530612,0.2220011634671324,0.19761117085142665,130870.93431122415,-1063.5452097506,129807.38910147354,1582,1,346.78,41,9,19,35.462720573977116,0.6204268292682926,44.196428571428555,1023.2142857142829,24.95644599303129,0
1803,4,0,0,48,0.0,0.0,1.0,48,1700,1200,500,0.7058823529411765,22,12,10,323.94731171900935,0.44622672872340424,0.18596362481546325,0.17367225010932447,127854.65630425366,-1314.7711721407115,126539.88513211295,1583,2,358.1666666666667,39,9,17,38.970821746146186,0.593215811965812,47.16145833333334,1011.3541666666682,25.93215811965816,8
1804,4,0,1,47,0.0,0.020833333333333332,0.9791666666666666,48,1450,1200,250,0.8275862068965517,17,12,5,340.63413152476124,0.4464945330969267,0.16948487809896084,0.18406361270440277,128170.89979383687,-792.0518663194405,127378.84792751743,1584,3,359.1666666666667,39,9,18,38.22576981106196,0.5964209401709402,46.848958333333336,1012.6041666666672,25.964209401709414,8
1805,4,0,0,47,0.0,0.0,1.0,47,1150,700,450,0.6086956521739131,16,7,9,355.90268633414206,0.44545945112550106,0.1666116240878388,0.1833308142200954,126231.6515541676,-414.7632222952694,125816.88833187234,1585,4,367.74468085106383,38,9,16,39.8300730030477,0.5783991228070176,48.77136752136752,1004.9145299145301,26.44511920827711,8
1806,4,3,1,49,0.06,0.02,0.98,50,1500,1200,300,0.8,18,12,6,339.451718560797,0.4491921768707483,0.18943793680480314,0.17803252497982125,126967.0033088467,-1380.1665052595145,125586.83680358718,1586,0,346.62,41,9,17,39.487872001837445,0.5810467479674797,48.0406746031746,1007.8373015873017,24.581397599690284,0
1807,4,3,3,49,0.057692307692307696,0.057692307692307696,0.9423076923076923,52,1500,1200,300,0.8,18,12,6,323.4804058262963,0.4549553795877325,0.22623901422488024,0.17272632990347506,127692.92091836728,-2138.6454002897494,125554.27551807753,1587,0,333.63461538461536,41,11,17,39.14777188849628,0.5884146341463414,47.32142857142857,1010.7142857142851,24.651567944250857,0
1808,4,1,0,50,0.02,0.0,1.0,50,1200,800,400,0.6666666666666666,16,8,8,340.09478964923966,0.4524319727891157,0.23059107358262954,0.181895858464013,127758.96044021433,-1309.9686446559433,126448.99179555838,1588,0,347.38,40,10,18,38.660409127462806,0.590625,47.25609756097562,1010.975609756099,25.274390243902474,0
1809,4,0,1,49,0.0,0.02,0.98,50,1600,1200,400,0.75,20,12,8,339.2352887624023,0.4521938775510204,0.22482447538733052,0.18227194282397144,127943.7171280549,-1319.3952349458366,126624.32189310905,1589,1,348.38,41,9,19,38.493250310518384,0.5909552845528455,47.073412698412696,1011.706349206349,24.675764614789003,0
1810,4,1,0,50,0.02,0.0,1.0,50,1050,900,150,0.8571428571428571,12,9,3,336.7460186015855,0.45369047619047614,0.23088783022953696,0.1820952124007169,128200.04712988615,-1365.1990273127797,126834.84810257338,1590,0,348.76,37,13,21,38.29444564746644,0.6002252252252251,46.82017543859649,1012.7192982456143,27.37079184447606,0
1811,4,1,5,46,0.0196078431372549,0.09803921568627451,0.9019607843137255,51,1000,800,200,0.8,12,8,4,326.5705027691265,0.45439542483660134,0.23458358377586852,0.17827106283998376,128577.58881446782,-1802.0704352034445,126775.51837926437,1591,0,342.9019607843137,38,13,15,38.167377716914224,0.6022478070175439,46.447649572649574,1014.2094017094016,26.68972109761583,0
1812,4,1,0,47,0.02127659574468085,0.0,1.0,47,1350,1100,250,0.8148148148148148,16,11,5,338.9534365591328,0.4476757631822386,0.22481087726245108,0.18405450415273236,128366.6669071252,-697.9354224376866,127668.73148468751,1592,0,339.51063829787233,37,10,21,38.068509702084654,0.6019144144144144,46.65570175438596,1013.3771929824555,27.38857278330961,0
1813,4,0,1,46,0.0,0.02127659574468085,0.9787234042553191,47,1400,700,700,0.5,21,7,14,337.6103355457094,0.44713613937712,0.22559588043505752,0.18396480688221423,128505.59937913589,-723.0362948214866,127782.5630843144,1593,1,340.51063829787233,37,10,17,37.96084766230488,0.603322072072072,46.51864035087719,1013.9254385964913,27.403390232337603,0
1814,4,0,0,46,0.0,0.0,1.0,46,1450,1100,350,0.7586206896551724,18,11,7,342.2454030670115,0.4446356682769726,0.24225515578966195,0.18727360819509478,128672.41753472203,-392.4913194444654,128279.92621527756,1594,2,348.2826086956522,37,9,17,37.6732546201232,0.6050112612612613,46.35416666666666,1014.5833333333318,27.421171171171128,0
1815,4,0,0,46,0.0,0.0,1.0,46,1550,1100,450,0.7096774193548387,20,11,9,344.5193819352854,0.44457528180354267,0.2417272031442963,0.18931186690438,128839.34389667957,-322.46977435366995,128516.8741223259,1595,3,349.2826086956522,37,9,17,37.44543597220723,0.6067004504504505,46.18969298245613,1015.241228070174,27.438952110004703,0
1816,4,0,1,45,0.0,0.021739130434782608,0.9782608695652174,46,1450,1000,450,0.6896551724137931,19,10,9,340.6891649887663,0.44419283413848626,0.23947307896305525,0.18773371417554666,128950.68825263533,-413.579538896598,128537.10871373874,1596,4,350.2826086956522,37,9,18,37.42926607650508,0.6078265765765766,46.080043859649116,1015.6798245614027,27.4508060692271,0
1817,4,2,1,46,0.0425531914893617,0.02127659574468085,0.9787234042553191,47,1050,600,450,0.5714285714285714,15,6,9,337.04337332553354,0.44572926302806043,0.24860394429914456,0.18717722393170766,129258.63997443387,-686.3594616388735,128572.280512795,1597,0,343.6170212765957,36,11,20,37.208610188261325,0.6128472222222222,45.777027027027025,1016.8918918918918,28.246996996996995,0
1818,4,1,0,47,0.02127659574468085,0.0,1.0,47,1100,900,200,0.8181818181818182,13,9,4,339.9918352321675,0.44659651557200125,0.251782076793557,0.1895019266701194,129401.8231702988,-600.8873315883314,128800.93583871047,1598,0,344.3829787234043,36,11,21,36.988101826231315,0.6142939814814814,45.63626126126127,1017.454954954956,28.262637637637667,0
1819,4,0,0,47,0.0,0.0,1.0,47,1250,900,350,0.72,16,9,7,337.9203810176691,0.4464616096207215,0.24000274980235847,0.1891254212024748,129563.94184989601,-643.540680786409,128920.40116910961,1599,1,345.3829787234043,37,10,18,36.87612188117034,0.6140202702702703,45.47697368421052,1018.092105263157,27.51600284495019,0
1820,4,1,2,46,0.020833333333333332,0.041666666666666664,0.9583333333333334,48,1600,1200,400,0.75,20,12,8,331.89153086713134,0.448119828605201,0.24871878819626336,0.187783323184752,129990.07100819985,-971.4792671123002,129018.59174108756,1600,0,339.1666666666667,38,10,19,36.59747686397764,0.6165021929824561,45.058760683760674,1019.764957264956,26.83591992802516,0
1821,4,0,1,45,0.0,0.021739130434782608,0.9782608695652174,46,850,300,550,0.35294117647058826,14,3,11,339.040478085592,0.4460748792270532,0.2448633179645925,0.19151873421870205,129927.00277970145,-389.89737226839117,129537.10540743306,1601,1,347.10869565217394,37,9,19,36.479171147917114,0.6176801801801801,45.12061403508772,1019.5175438596492,27.55452821242295,0
1822,4,2,0,47,0.0425531914893617,0.0,1.0,47,1400,1100,300,0.7857142857142857,17,11,6,323.9807184239988,0.44917900092506935,0.22842236234984137,0.18511247384429175,130371.67302441732,-951.9855167973678,129419.68750761995,1602,0,308.25531914893617,38,9,22,36.41310980925479,0.6203399122807017,44.684829059829056,1021.2606837606829,26.87528115159692,0
1823,4,0,2,45,0.0,0.0425531914893617,0.9574468085106383,47,1050,600,450,0.5714285714285714,15,6,9,324.6394315833367,0.4493717237126118,0.21987076108596293,0.18627331512265236,130535.38795976693,-924.6131702461877,129610.77478952074,1603,1,309.25531914893617,38,9,14,36.23083289771736,0.621984649122807,44.52457264957265,1021.901709401709,26.892150247413394,0
1824,4,0,0,45,0.0,0.0,1.0,45,800,600,200,0.75,10,6,4,341.99494559648167,0.44699074074074074,0.22316305279921567,0.19557970722320833,130406.32482144285,-80.33920745072612,130325.98561399212,1604,2,315.2888888888889,36,9,23,35.918090775450175,0.6244212962962963,44.650900900900886,1021.3963963963946,28.37212212212207,0
1825,4,0,0,45,0.0,0.0,1.0,45,1600,1100,500,0.6875,21,11,10,338.61300290526316,0.4470749158249158,0.2110841721156913,0.1942208842201233,130521.37230135506,-160.75323634448813,130360.61906501057,1605,3,316.2888888888889,36,9,15,35.88802255528616,0.6255787037037037,44.53828828828827,1021.8468468468441,28.38463463463456,0
1826,4,0,0,45,0.0,0.0,1.0,45,850,500,350,0.5882352941176471,12,5,7,339.40766037535394,0.44694865319865323,0.2125056626874806,0.1948212851300653,130550.1420973336,-138.05634181481543,130412.0857555188,1606,4,317.2888888888889,36,9,15,35.83861340679521,0.6258680555555556,44.51013513513512,1021.9594594594578,28.387762762762716,0
1827,4,0,2,43,0.0,0.044444444444444446,0.9555555555555556,45,1700,1200,500,0.7058823529411765,22,12,10,340.44227087056,0.4467171717171717,0.20684795772321896,0.19658214534757099,130780.41459956561,-95.36373366612156,130685.0508658995,1607,5,318.2888888888889,36,9,15,35.579287313295886,0.6281828703703703,44.2849099099099,1022.8603603603591,28.412787787787753,0
1828,4,0,0,43,0.0,0.0,1.0,43,1450,800,650,0.5517241379310345,21,8,13,361.32878788100754,0.4426218161683278,0.22036414065081567,0.20765521905932588,130597.00255102031,837.6913265305969,131434.69387755092,1608,8,333.86046511627904,34,9,17,35.23104472396925,0.6305147058823529,44.46428571428571,1022.1428571428564,30.063025210084014,0
1829,4,1,0,44,0.022727272727272728,0.0,1.0,44,850,600,250,0.7058823529411765,11,6,5,354.2359744388948,0.44310473925299504,0.23359442457135815,0.20556843556020898,130972.46334876539,479.0316358024661,131451.49498456786,1609,0,327.25,35,9,18,35.03222523744912,0.6321428571428571,44.09722222222222,1023.6111111111109,29.24603174603174,0
1830,4,1,0,45,0.022222222222222223,0.0,1.0,45,1350,1000,350,0.7407407407407407,17,10,7,345.4252809170962,0.44396043771043775,0.22722124585042014,0.20262575756889453,131385.8453047641,76.79850458565568,131462.64380934977,1610,0,320.9555555555556,36,9,19,34.84022590802578,0.6342592592592593,43.69369369369369,1025.2252252252244,28.478478478478458,0
1831,4,0,0,45,0.0,0.0,1.0,45,1550,1300,250,0.8387096774193549,18,13,5,345.1091657828208,0.4436026936026936,0.22981017908554136,0.20305260219314836,131501.32395909447,76.46244217193049,131577.7864012664,1611,1,321.9555555555556,36,9,19,34.73182916117699,0.6354166666666667,43.581081081081095,1025.6756756756777,28.490990990991047,0
1832,4,0,2,43,0.0,0.044444444444444446,0.9555555555555556,45,1650,1100,550,0.6666666666666666,22,11,11,346.8334603904634,0.4436447811447812,0.2283666154633901,0.20499611919576433,131674.6370525932,133.83400292185425,131808.47105551505,1612,2,322.9555555555556,36,9,18,34.51283739302174,0.6371527777777778,43.41216216216217,1026.351351351352,28.509759759759774,0
1833,4,0,0,43,0.0,0.0,1.0,43,850,700,150,0.8235294117647058,10,7,3,362.8792385484828,0.4421142488002953,0.2367177160143692,0.2125435540069687,131328.12500000015,931.2500000000153,132259.37500000017,1613,3,338.13953488372096,35,8,20,34.45121951219511,0.6357142857142857,43.75000000000001,1025.0000000000011,29.285714285714317,0
1834,4,0,0,43,0.0,0.0,1.0,43,1350,800,550,0.5925925925925926,19,8,11,363.0873095018831,0.44130675526024365,0.24425354074761985,0.2133447533457862,131450.1771541952,945.5782312925433,132395.75538548775,1614,4,339.13953488372096,34,9,20,34.32251760699636,0.639093137254902,43.630952380952394,1025.4761904761922,30.16106442577036,0
1835,4,0,0,43,0.0,0.0,1.0,43,1250,700,550,0.56,18,7,11,359.064043581957,0.4408222591362126,0.242611871379397,0.21161859589830262,131565.50068587132,848.0881344307572,132413.58882030207,1615,5,340.13953488372096,35,8,18,34.309190734055356,0.638095238095238,43.51851851851853,1025.925925925928,29.31216931216937,0
1836,4,0,0,43,0.0,0.0,1.0,43,1000,700,300,0.7,13,7,6,358.5528783824932,0.4410068290882245,0.24522071647944643,0.21181135060743325,131654.5718262391,841.0251361025653,132495.59696234166,1616,6,341.13953488372096,35,8,18,34.23238318108342,0.6389880952380953,43.431712962962976,1026.27314814815,29.322089947090003,0
1837,4,0,0,43,0.0,0.0,1.0,43,1800,1500,300,0.8333333333333334,21,15,6,356.41147503189785,0.44040697674418605,0.24448825223083892,0.21145844117214585,131819.15181651272,796.3716672754158,132615.52348378813,1617,7,342.13953488372096,36,7,18,34.12129436707242,0.638599537037037,43.27139639639641,1026.9144144144166,28.52540040040046,0
1838,4,1,0,44,0.022727272727272728,0.0,1.0,44,1350,900,450,0.6666666666666666,18,9,9,347.96202703232757,0.440197762508809,0.2373481536060189,0.20822207578060895,132144.21895439003,396.23405759467585,132540.4530119847,1618,0,335.34090909090907,37,7,19,34.01085546194592,0.6399211711711712,42.95504385964914,1028.1798245614054,27.788643907065012,0
1839,4,0,0,44,0.0,0.0,1.0,44,1600,1000,600,0.625,22,10,12,349.69063011885135,0.43910764622973925,0.23608030222308285,0.21050972185153471,132369.79316953314,457.6952764312289,132827.48844596435,1619,1,336.34090909090907,37,7,20,33.73945569170663,0.6421734234234234,42.735745614035096,1029.057017543861,27.812351825509758,0
1840,4,0,0,44,0.0,0.0,1.0,44,1150,900,250,0.782608695652174,14,9,5,348.6842768710633,0.4383148343904158,0.23193849243832831,0.21070854880582518,132513.92598257054,441.1074970481882,132955.03347961872,1620,2,337.34090909090907,36,8,20,33.62043822231944,0.6455439814814814,42.59572072072073,1029.6171171171181,28.600475475475506,0
1841,4,0,0,44,0.0,0.0,1.0,44,1350,900,450,0.6666666666666666,18,9,9,352.5128822553063,0.4378853946441155,0.23448572308854398,0.21368027395555267,132629.89921932083,550.7496094067286,133180.64882872754,1621,3,338.34090909090907,36,8,16,33.405305929084236,0.6467013888888888,42.48310810810812,1030.0675675675689,28.612987987988024,0
1842,4,0,0,44,0.0,0.0,1.0,44,900,600,300,0.6666666666666666,12,6,6,352.7346255894608,0.4375330338266385,0.2352989397748384,0.2141452614145974,132687.90486009684,560.7236882152717,133248.62854831212,1622,4,339.34090909090907,36,8,16,33.341303238969644,0.6472800925925926,42.426801801801815,1030.292792792795,28.619244244244303,0
1843,4,0,0,44,0.0,0.0,1.0,44,1200,900,300,0.75,15,9,6,351.76129641345176,0.43715865045806906,0.23122821131670657,0.2142163104505873,132803.95418645008,543.0582186916731,133347.01240514175,1623,5,340.34090909090907,36,8,16,33.249799701372936,0.6484375,42.31418918918919,1030.743243243244,28.63175675675678,0
1844,4,0,0,44,0.0,0.0,1.0,44,1250,700,550,0.56,18,7,11,351.91695004180724,0.43705954897815363,0.22905000198578218,0.21481010630551928,132891.02447041642,553.32080391203,133444.34527432846,1624,6,341.34090909090907,36,8,17,33.158356997233156,0.6493055555555556,42.22972972972973,1031.0810810810815,28.64114114114115,0
1845,4,0,2,42,0.0,0.045454545454545456,0.9545454545454546,44,1000,600,400,0.6,14,6,8,352.3091424622864,0.43676224453840734,0.2245142981881687,0.216054642787113,133065.2506391527,576.0208688418205,133641.27150799453,1625,7,342.34090909090907,36,8,18,32.97337735574475,0.6510416666666667,42.060810810810814,1031.756756756757,28.65990990990992,0
1846,4,1,0,43,0.023255813953488372,0.0,1.0,43,1300,800,500,0.6153846153846154,18,8,10,357.723748089093,0.4358850129198966,0.23321003323670175,0.22077603273283614,133302.32018505692,937.0811211141877,134239.40130617112,1626,0,348.95348837209303,37,6,19,32.59582713952006,0.6514639639639639,41.83114035087719,1032.6754385964912,27.910146989094358,0
1847,4,0,1,42,0.0,0.023255813953488372,0.9767441860465116,43,750,500,250,0.6666666666666666,10,5,5,361.6834173811297,0.434985234403839,0.23923156847792026,0.2240725076911494,133443.8977016965,1052.888989881481,134496.78669157796,1627,1,349.95348837209303,37,6,20,32.35158212175881,0.6528716216216216,41.69407894736841,1033.2236842105249,27.924964438122295,0
1848,4,0,0,42,0.0,0.0,1.0,42,1050,700,350,0.6666666666666666,14,7,7,381.02347567994843,0.43189847077042204,0.17679902631979294,0.23023233182977593,132510.87474030483,1697.950811788255,134208.8255520931,1628,2,358.5952380952381,37,5,16,32.791089811856594,0.6435810810810811,42.59868421052632,1029.6052631578957,27.82716927453772,8
1849,4,0,1,41,0.0,0.023809523809523808,0.9761904761904762,42,1150,700,450,0.6086956521739131,16,7,9,383.90757611527283,0.43191056910569103,0.1821290423973272,0.23249799242106786,132595.55975155835,1780.8879895737343,134376.44774113208,1629,3,359.5952380952381,37,5,16,32.631458710387165,0.6444256756756757,42.51644736842106,1029.9342105263172,27.836059743954518,0
1850,4,0,0,41,0.0,0.0,1.0,41,1200,800,400,0.6666666666666666,16,8,8,380.6261536228968,0.4291666666666667,0.16775880585863923,0.23207828121676247,132849.7770948754,1913.219933056334,134762.99702793173,1630,4,343.6585365853659,37,4,15,32.45984896830462,0.6469594594594594,42.26973684210527,1030.9210526315794,27.862731152204848,0
1851,4,0,0,41,0.0,0.0,1.0,41,1500,1200,300,0.8,18,12,6,380.3853852921193,0.42830284552845527,0.1667517961455791,0.23280971499303624,132991.1141529125,1917.5752394967735,134908.68939240926,1631,5,344.6585365853659,37,4,15,32.32377927784273,0.6483671171171171,42.13267543859649,1031.4692982456145,27.877548601232824,0
1852,4,0,0,41,0.0,0.0,1.0,41,750,500,250,0.6666666666666666,10,5,5,380.767634434726,0.42794715447154474,0.16907250705160104,0.23322017609126983,133019.39058171754,1929.8957371498987,134949.28631886744,1632,6,345.6585365853659,37,4,15,32.28546626984126,0.6486486486486487,42.10526315789474,1031.5789473684217,27.880512091038426,0
1853,4,0,0,41,0.0,0.0,1.0,41,1300,1100,200,0.8461538461538461,15,11,4,383.8369297886126,0.42787093495934964,0.1734267618919283,0.23581417644715524,133132.52635426272,2020.2360341643432,135152.76238842707,1633,7,346.6585365853659,37,4,15,32.0924528970109,0.6497747747747749,41.99561403508771,1032.0175438596482,27.89236605026076,0
1854,4,0,0,41,0.0,0.0,1.0,41,1800,1200,600,0.6666666666666666,24,12,12,388.17549940515687,0.4264735772357724,0.16417396527218697,0.2401182783910687,133387.2576778429,2155.533072676182,135542.79075051908,1634,8,347.6585365853659,37,4,16,31.724228673530767,0.6523085585585586,41.74890350877192,1033.0043859649102,27.919037458511085,0
1855,4,0,1,40,0.0,0.024390243902439025,0.975609756097561,41,1300,900,400,0.6923076923076923,17,9,8,390.5437044745056,0.42604166666666665,0.1579464988198267,0.24213709677419354,133472.22222222228,2225.37427381503,135697.5964960373,1635,9,348.6585365853659,36,5,16,31.57762096774194,0.6550925925925926,41.66666666666667,1033.333333333334,28.70370370370372,0
1856,4,0,0,40,0.0,0.0,1.0,40,1050,600,450,0.5714285714285714,15,6,9,398.6739976407025,0.4246661324786325,0.16521916912005263,0.2462113961187128,133326.80389426593,2630.7859802370003,135957.58987450294,1636,10,357.15,36,4,16,31.513966125104503,0.6536458333333333,41.807432432432435,1032.7702702702707,28.688063063063073,0
1857,4,0,0,40,0.0,0.0,1.0,40,1300,1000,300,0.7692307692307693,16,10,6,400.58755065036445,0.42450587606837603,0.16620885110093675,0.24797504653619765,133414.04537983952,2688.8011322133143,136102.84651205284,1637,11,358.15,36,4,16,31.376716808371484,0.6545138888888888,41.72297297297298,1033.1081081081097,28.69744744744749,0
1858,4,0,0,40,0.0,0.0,1.0,40,1200,600,600,0.5,18,6,12,394.3217933856623,0.4239983974358974,0.16728215767634858,0.24510717223346065,133567.21460796322,2533.730765149492,136100.9453731127,1638,12,359.15,33,7,16,31.384484291641957,0.6625631313131313,41.57475490196078,1033.7009803921565,31.32427213309565,0
1859,4,0,0,40,0.0,0.0,1.0,40,1000,500,500,0.5,15,5,10,394.1092904641759,0.4233440170940171,0.17387414079165708,0.24560518411644855,133662.2407847942,2535.506175509407,136197.74696030363,1639,13,360.15,33,7,16,31.294441810855645,0.663510101010101,41.482843137254896,1034.0686274509796,31.33541295305999,0
1860,4,0,0,40,0.0,0.0,1.0,40,1250,1000,250,0.8,15,10,5,394.7820366293389,0.4226095085470085,0.1693845515934136,0.24665841385553267,133757.30075271518,2560.9959210399693,136318.29667375516,1640,14,361.15,33,7,16,31.181509892192874,0.6644570707070707,41.39093137254901,1034.4362745098028,31.34655377302433,0
1861,4,0,0,40,0.0,0.0,1.0,40,1550,1100,450,0.7096774193548387,20,11,9,396.66240380798416,0.42175480769230766,0.17677640928469907,0.24847309627259775,133852.39451172625,2618.8425124951896,136471.23702422142,1641,15,362.15,33,7,16,31.03732433285962,0.6654040404040404,41.299019607843135,1034.8039215686274,31.357694592988707,0
1862,4,0,2,38,0.0,0.05,0.95,40,1050,800,250,0.7619047619047619,13,8,5,392.4951708850091,0.42053952991452986,0.17509466335344914,0.24735098353088847,134074.41135921294,2524.7117995482677,136599.1231587612,1642,16,363.15,33,7,16,30.92225279059678,0.6676136363636364,41.08455882352942,1035.6617647058833,31.383689839572224,0
1863,4,0,0,38,0.0,0.0,1.0,38,850,600,250,0.7058823529411765,11,6,5,409.9904727761905,0.4193338074917022,0.17575318061102196,0.2567528989087774,133842.48733520505,3374.8289320203994,137217.31626722545,1643,17,367.94736842105266,31,7,16,30.70249255484251,0.6703629032258065,41.30859375,1034.7656249999998,33.37953629032258,0
1864,4,0,0,38,0.0,0.0,1.0,38,900,700,200,0.7777777777777778,11,7,4,409.68611019437105,0.4186818397344713,0.1736948057108041,0.2567969403647367,133876.17323133687,3369.4417317708426,137245.6149631077,1644,18,368.94736842105266,31,7,17,30.676480456299274,0.6706989247311828,41.27604166666667,1034.895833333334,33.383736559139805,0
1865,4,0,1,37,0.0,0.02631578947368421,0.9736842105263158,38,1050,400,650,0.38095238095238093,17,4,13,407.0384969004606,0.41777797534376476,0.16637548227414967,0.25630856420026654,134044.66629028332,3312.267896864164,137356.93418714748,1645,19,369.94736842105266,31,7,17,30.57559516325076,0.6723790322580645,41.11328125000001,1035.546875000001,33.404737903225836,0
1866,4,0,0,37,0.0,0.0,1.0,37,850,500,350,0.5882352941176471,12,5,7,407.9147277603711,0.4177302302302302,0.16312025413219633,0.2573324075601707,134112.09318372942,3541.2595960829035,137653.35277981233,1646,20,375.7837837837838,31,6,17,30.48515084852294,0.6730510752688172,41.048177083333336,1035.807291666667,33.41313844086022,0
1867,4,0,0,37,0.0,0.0,1.0,37,900,700,200,0.7777777777777778,11,7,4,406.4003775539099,0.41701076076076077,0.16375158772746157,0.25708538987074836,134213.26531304256,3508.8643391927135,137722.12965223528,1647,21,376.7837837837838,31,6,18,30.422740219485643,0.6740591397849462,40.950520833333336,1036.1979166666667,33.42573924731183,0
1868,4,0,0,37,0.0,0.0,1.0,37,1250,900,350,0.72,16,9,7,409.23230377986727,0.41638513513513514,0.16327527929737884,0.2603135836503884,134415.72401258684,3601.4512803819493,138017.17529296878,1648,22,377.7837837837838,31,6,18,30.14607399966516,0.6760752688172043,40.755208333333336,1036.979166666667,33.45094086021506,0
1869,4,0,0,37,0.0,0.0,1.0,37,950,600,350,0.631578947368421,13,6,7,408.65088330746556,0.4156969469469469,0.17102423747993356,0.2606735758737686,134518.03387409466,3594.1826726864842,138112.21654678116,1649,23,378.7837837837838,32,5,19,30.058473304122046,0.6744791666666667,40.65656565656567,1037.3737373737388,32.41792929292934,0
1870,4,0,0,37,0.0,0.0,1.0,37,950,800,150,0.8421052631578947,11,8,3,414.5829168037606,0.41450825825825827,0.17300010173284952,0.2651866650823413,134618.33530002175,3762.0964063526335,138380.4317063744,1650,24,379.7837837837838,31,6,19,29.80395232120451,0.6780913978494624,40.559895833333336,1037.760416666667,33.47614247311829,0
1871,4,0,1,36,0.0,0.02702702702702703,0.972972972972973,37,850,600,250,0.7058823529411765,11,6,5,417.7561895251987,0.4135072572572573,0.17449432374805518,0.2679621962256163,134719.69816419817,3855.99755181207,138575.69571601023,1651,25,380.7837837837838,31,6,19,29.619889000376272,0.6790994623655914,40.462239583333336,1038.151041666667,33.4887432795699,0
1872,4,0,0,36,0.0,0.0,1.0,36,900,800,100,0.8888888888888888,10,8,2,425.9959998926147,0.4111441798941799,0.18719055843408183,0.2722424767525649,134585.64573939177,4266.5893455890755,138852.23508498084,1652,26,391.22222222222223,30,6,19,29.540695164075995,0.6805555555555556,40.59139784946236,1037.63440860215,34.587813620071664,0
1873,4,0,0,36,0.0,0.0,1.0,36,1150,900,250,0.782608695652174,14,9,5,419.8630964534801,0.4097056878306878,0.18160180631058198,0.26987207014971587,134794.9275205225,4119.083130997789,138914.01065152028,1653,27,392.22222222222223,30,6,16,29.489710069893857,0.6826388888888889,40.38978494623655,1038.440860215053,34.61469534050176,0
1874,4,0,0,36,0.0,0.0,1.0,36,1400,1000,400,0.7142857142857143,18,10,8,439.88761231297207,0.40965608465608466,0.12556951114394765,0.25830276931262797,131425.20732897148,4424.289377074105,135849.49670604558,1654,28,393.22222222222223,32,4,16,32.37901736239378,0.6435546875,43.655303030303024,1025.3787878787873,32.0430871212121,8
1875,4,1,0,37,0.02702702702702703,0.0,1.0,37,1200,600,600,0.5,18,6,12,429.25577316392526,0.41159909909909914,0.12300733346453785,0.2541254849324521,131736.68368235763,3909.746401624361,135646.430083982,1655,0,383.56756756756755,33,4,17,32.33493991484621,0.6442550505050505,43.3517156862745,1026.593137254901,31.10888294711821,0
1876,4,1,0,38,0.02631578947368421,0.0,1.0,38,750,400,350,0.5333333333333333,11,4,7,418.9492116008456,0.41287339971550496,0.11784208088540038,0.25055716006820633,132122.47732426287,3470.521541950096,135592.99886621296,1656,0,374.44736842105266,34,4,18,32.208198239925885,0.6458333333333333,42.97619047619047,1028.095238095237,30.238095238095205,0
1877,4,0,0,38,0.0,0.0,1.0,38,650,300,350,0.46153846153846156,10,3,7,418.9832177402071,0.41214734471313413,0.1205762119153655,0.25118639958762284,132214.2874858275,3479.1135204081447,135693.40100623562,1657,1,375.44736842105266,34,4,18,32.114297565304625,0.6467524509803921,42.88690476190475,1028.4523809523796,30.24859943977587,0
1878,4,0,0,38,0.0,0.0,1.0,38,1650,1500,150,0.9090909090909091,18,15,3,418.3428182516812,0.411643551446183,0.11395615909642509,0.2518270817248269,132368.2260186255,3475.059343921441,135843.2853625469,1658,2,376.44736842105266,35,3,18,31.97486690660967,0.6461309523809524,42.737268518518505,1029.0509259259243,29.40145502645498,0
1879,4,1,1,38,0.02564102564102564,0.02564102564102564,0.9743589743589743,39,900,700,200,0.7777777777777778,11,7,4,405.7490150178964,0.41303981106612686,0.10566923254697724,0.24623786647719992,132673.8166099771,2966.4607795921584,135640.27738956927,1659,0,367.7692307692308,34,5,14,31.990023881056917,0.6513480392156863,42.440476190476176,1030.2380952380934,30.301120448179216,0
1880,4,1,0,39,0.02564102564102564,0.0,1.0,39,1100,900,200,0.8181818181818182,13,9,4,402.26216941393704,0.41278677462887986,0.10992649454187964,0.24492164998494104,132796.4923469385,2883.801020408131,135680.29336734663,1660,0,368.7435897435897,34,5,15,31.955994455994443,0.6525735294117647,42.321428571428555,1030.7142857142835,30.315126050420105,0
1881,4,0,1,38,0.0,0.02564102564102564,0.9743589743589743,39,1150,900,250,0.782608695652174,14,9,5,403.73606238997576,0.41278677462887986,0.10524571046330267,0.2468288996813238,132949.91673752829,2935.3351757369546,135885.25191326524,1661,1,369.7435897435897,34,5,15,31.763197891415604,0.6541053921568627,42.172619047619044,1031.3095238095234,30.332633053221276,0
1882,4,0,0,38,0.0,0.0,1.0,38,850,500,350,0.5882352941176471,12,5,7,412.75853569756646,0.41085822664770033,0.11059139347596192,0.25139116899002384,132808.22167255374,3363.545421232209,136171.76709378595,1662,2,380.3157894736842,33,5,15,31.6736763365434,0.6549873737373737,42.31004901960784,1030.759803921568,31.235145573380848,0
1883,4,0,0,38,0.0,0.0,1.0,38,1250,800,450,0.64,17,8,9,412.539170365337,0.40989509246088196,0.11167950770462243,0.25232046931647356,132966.16685890045,3370.75043252595,136336.9172914264,1663,3,381.3157894736842,33,5,16,31.519823352344734,0.6565656565656566,42.15686274509804,1031.372549019608,31.253713606654788,0
1884,4,0,1,37,0.0,0.02631578947368421,0.9736842105263158,38,1100,800,300,0.7272727272727273,14,8,6,414.1643678474089,0.40946538643907066,0.10678468104250882,0.2548215098888769,133187.44781153888,3432.299025615154,136619.74683715403,1664,4,382.3157894736842,33,5,17,31.254575764771065,0.6587752525252526,41.942401960784316,1032.230392156863,31.279708853238272,0
1885,4,0,0,37,0.0,0.0,1.0,37,1150,900,250,0.782608695652174,14,9,5,425.17191407996114,0.40734484484484484,0.10744029845954262,0.2604874215957141,133029.3712153979,3912.07047770088,136941.44169309878,1665,5,393.43243243243245,33,4,17,31.130216995327462,0.6571969696969697,42.095588235294116,1031.6176470588234,31.261140819964346,0
1886,4,1,0,38,0.02631578947368421,0.0,1.0,38,1250,1100,150,0.88,14,11,3,410.93097485244664,0.40990990990990994,0.10818646062032244,0.2543551355042462,133410.72137188204,3364.5195578231246,136775.24092970518,1666,0,384.05263157894734,34,4,18,31.112919643543066,0.6587009803921569,41.726190476190474,1033.0952380952378,30.385154061624643,0
1887,4,0,0,38,0.0,0.0,1.0,38,700,400,300,0.5714285714285714,10,4,6,407.77835587929223,0.4099691797060218,0.10823429541595919,0.25282258064516133,133472.22222222228,3285.416666666676,136757.63888888896,1667,1,385.05263157894734,34,4,18,31.132392473118287,0.6593137254901961,41.66666666666667,1033.333333333334,30.392156862745114,0
1888,4,0,0,38,0.0,0.0,1.0,38,600,300,300,0.5,9,3,6,407.2239560442055,0.4094357515410147,0.10731415639024267,0.25292377118193204,133537.46588358324,3275.931027446171,136813.3969110294,1668,2,386.05263157894734,32,6,18,31.081012297418354,0.6647135416666667,41.60353535353535,1033.585858585858,32.29955808080806,0
1889,4,0,1,37,0.0,0.02631578947368421,0.9736842105263158,38,1150,1100,50,0.9565217391304348,12,11,1,407.9203111005119,0.40913940256045517,0.1329539734570857,0.23223829663849843,130232.20663265292,3024.8724489795736,133257.0790816325,1669,3,387.05263157894734,34,4,18,34.412176347095865,0.6268382352941176,44.82142857142856,1020.7142857142845,30.02100840336131,8
1890,4,0,0,37,0.0,0.0,1.0,37,800,600,200,0.75,10,6,4,410.6432151158873,0.40872122122122123,0.12506166108471573,0.23359540269707033,130200.04325259516,3293.1528738946545,133493.1961264898,1670,4,386.1081081081081,33,4,18,34.37550032020492,0.6287878787878788,44.85294117647059,1020.5882352941177,30.92691622103387,0
1891,4,0,1,36,0.0,0.02702702702702703,0.972972972972973,37,1100,800,300,0.7272727272727273,14,8,6,412.94569099456623,0.4085022522522523,0.13242691869836953,0.23585170959956975,130356.43029423786,3366.0252366878185,133722.45553092568,1671,5,387.1081081081081,33,4,18,34.157241289651594,0.6303661616161615,44.69975490196079,1021.2009803921574,30.9454842543078,0
1892,4,0,0,36,0.0,0.0,1.0,36,800,500,300,0.625,11,5,6,412.60396435556237,0.4089616402116402,0.11875867089737757,0.23586950301569948,130391.51178770041,3560.010936384059,133951.52272408447,1672,6,382.72222222222223,32,4,18,34.13019738739852,0.6331380208333333,44.66540404040405,1021.3383838383852,31.916824494949537,0
1893,4,0,0,36,0.0,0.0,1.0,36,900,400,500,0.4444444444444444,14,4,10,413.67734566579895,0.40839947089947093,0.11969060272731036,0.23687639092583007,130455.99819214875,3593.338211662074,134049.33640381083,1673,7,383.72222222222223,32,4,18,34.03704733654677,0.6337890625,44.60227272727273,1021.590909090909,31.924715909090907,0
1894,4,0,0,36,0.0,0.0,1.0,36,750,600,150,0.8,9,6,3,420.4366430631003,0.40874669312169315,0.17326573314019011,0.23096134954474243,128827.88470780439,3632.7926758938497,132460.67738369823,1674,8,384.72222222222223,33,3,19,35.53033961049411,0.6148989898989898,46.20098039215684,1015.1960784313701,30.763517528223336,8
1895,4,0,0,36,0.0,0.0,1.0,36,800,400,400,0.5,12,4,8,418.5180509384182,0.4088955026455026,0.17630577005577064,0.23063015998521308,128952.32602845036,3593.7752306804796,132546.10125913084,1675,9,385.72222222222223,33,3,19,35.45135537323036,0.6161616161616161,46.078431372549005,1015.686274509802,30.778371954842488,0
1896,4,0,1,35,0.0,0.027777777777777776,0.9722222222222222,36,750,600,150,0.8,9,6,3,420.7582697645958,0.408614417989418,0.16662311207601332,0.23241217952153637,129045.69644187317,3659.408791089949,132705.1052329631,1676,10,386.72222222222223,33,3,19,35.29869235717446,0.6171085858585859,45.98651960784313,1016.0539215686262,30.789512774806852,0
1897,4,1,1,35,0.027777777777777776,0.027777777777777776,0.9722222222222222,36,900,600,300,0.6666666666666666,12,6,6,422.61521638268704,0.40922619047619047,0.1695618153364633,0.23475283356676968,129267.5866021049,3726.2775449008313,132993.86414700572,1677,0,387.4166666666667,31,5,21,35.02400768245838,0.6243279569892473,45.76822916666666,1016.9270833333322,32.804099462365556,0
1898,4,1,0,36,0.027777777777777776,0.0,1.0,36,1000,900,100,0.9,11,9,2,416.6146453195323,0.4132440476190476,0.16313182987310126,0.23317894858650104,129565.68611992715,3595.7924736870477,133161.47859361419,1678,0,384.5,31,5,19,34.871387006011,0.6273521505376345,45.47526041666666,1018.0989583333321,32.84190188172039,0
1899,4,0,1,35,0.0,0.027777777777777776,0.9722222222222222,36,1150,800,350,0.6956521739130435,15,8,7,416.7285658208347,0.41278108465608465,0.1673876600036941,0.23363685399890655,129631.9770812987,3604.269578721775,133236.24666002046,1679,1,385.5,31,5,19,34.80067020415123,0.6280241935483871,45.41015624999999,1018.359374999999,32.850302419354804,0
1900,4,1,0,36,0.027777777777777776,0.0,1.0,36,1500,1200,300,0.8,18,12,6,412.77606506157304,0.4123181216931217,0.1776102878555612,0.23279618424365933,129864.12896050334,3520.9608289930366,133385.0897894964,1680,0,386.4166666666667,31,5,21,34.66402657128256,0.6303763440860215,45.18229166666666,1019.2708333333322,32.879704301075236,0
1901,4,1,0,37,0.02702702702702703,0.0,1.0,37,850,700,150,0.8235294117647058,10,7,3,400.8412656683248,0.4159784784784785,0.17650835690924782,0.22781990922161754,130165.93491735536,3035.1756198347052,133201.11053719008,1681,0,376.94594594594594,32,5,22,34.660356347438736,0.630859375,44.88636363636363,1020.4545454545454,31.889204545454543,0
1902,4,0,1,36,0.0,0.02702702702702703,0.972972972972973,37,1050,800,250,0.7619047619047619,13,8,5,401.99263564225964,0.4165102602602602,0.17895143312360307,0.2288582817679,130231.31315179243,3070.4057634082874,133301.71891520073,1682,1,377.94594594594594,33,4,22,34.56434846119983,0.6291035353535354,44.82230392156862,1020.7107843137243,30.930629827688616,0
1903,4,0,0,36,0.0,0.0,1.0,36,950,700,250,0.7368421052631579,12,7,5,411.0804555819267,0.4166501322751323,0.18363466151775754,0.23442696250753117,130296.89125910512,3512.508593071443,133809.39985217658,1683,2,385.1111111111111,30,6,23,34.265567403896775,0.6375,44.75806451612903,1020.967741935484,34.032258064516135,0
1904,4,0,0,36,0.0,0.0,1.0,36,950,800,150,0.8421052631578947,11,8,3,406.9752910614041,0.416385582010582,0.17312702660606338,0.23327502622051402,130495.30241224496,3421.672736273862,133916.97514851883,1684,3,386.1111111111111,31,5,18,34.16817998385794,0.636760752688172,44.56380208333333,1021.7447916666662,32.95950940860214,0
1905,4,1,0,37,0.02702702702702703,0.0,1.0,37,850,600,250,0.7058823529411765,11,6,5,397.4974873221749,0.419263013013013,0.17214424645606008,0.22951725907319587,130778.6693481532,2996.8384922456835,133775.50784039887,1685,0,376.64864864864865,32,5,19,34.12207340657532,0.6370442708333333,44.28661616161616,1022.853535353535,31.96417297979797,0
1906,4,1,0,38,0.02631578947368421,0.0,1.0,38,1350,1100,250,0.8148148148148148,16,11,5,389.4430782235983,0.4230233522996681,0.1738126877562458,0.22679970764561744,131108.39468293442,2611.8513612552797,133720.2460441897,1686,0,367.7105263157895,33,5,20,33.993333931634155,0.6379419191919191,43.96446078431372,1024.1421568627447,31.034610814022567,0
1907,4,0,1,37,0.0,0.02631578947368421,0.9736842105263158,38,1300,1000,300,0.7692307692307693,16,10,6,387.65646415507877,0.42235656709340924,0.17231460617580785,0.22668415057795574,131265.326136582,2577.1704392541205,133842.49657583612,1687,1,368.7105263157895,33,5,20,33.87995296181136,0.639520202020202,43.811274509803916,1024.7549019607836,31.053178847296472,0
1908,4,0,1,36,0.0,0.02702702702702703,0.972972972972973,37,900,600,300,0.6666666666666666,12,6,6,398.52846447296884,0.4190753253253254,0.18092417574729902,0.2324415120251041,131166.40082963486,3054.708862616076,134221.10969225093,1688,2,379.43243243243245,32,5,20,33.70182628702904,0.6409505208333333,43.90782828282829,1024.368686868688,32.0115214646465,0
1909,4,0,1,35,0.0,0.027777777777777776,0.9722222222222222,36,800,500,300,0.625,11,5,6,403.4412235024833,0.41909722222222223,0.17405242049370173,0.23548038178913497,131194.69536675353,3385.8696831597263,134580.56504991325,1689,3,382.27777777777777,31,5,20,33.54728012201321,0.6438172043010753,43.880208333333336,1024.479166666667,33.04771505376345,0
1910,4,0,0,35,0.0,0.0,1.0,35,950,600,350,0.631578947368421,13,6,7,403.17613571231357,0.41827731092436976,0.16676710836812503,0.23573522942465888,131261.40170627178,3584.2929416232732,134845.69464789506,1690,4,387.77142857142854,31,4,21,33.48634053367216,0.644489247311828,43.81510416666667,1024.739583333334,33.05611559139787,0
1911,4,0,1,34,0.0,0.02857142857142857,0.9714285714285714,35,800,500,300,0.625,11,5,6,404.0194186394731,0.4181372549019608,0.16735575439679073,0.23643396610492887,131294.76123385967,3609.1266208224874,134903.88785468217,1691,5,388.77142857142854,31,4,21,33.43086964807521,0.6448252688172043,43.782552083333336,1024.8697916666672,33.06031586021507,0
1912,4,0,0,34,0.0,0.0,1.0,34,1400,1000,400,0.7142857142857143,18,10,8,412.3689760816986,0.4158496732026144,0.16547348119575722,0.24131338776845362,131293.68505390795,4028.2884943346003,135321.97354824256,1692,6,383.44117647058823,30,4,21,33.21803278688524,0.6475694444444444,43.78360215053763,1024.8655913978491,34.16218637992831,0
1913,4,1,0,35,0.02857142857142857,0.0,1.0,35,800,400,400,0.5,12,4,8,399.89306399131306,0.4188025210084034,0.1669437463754111,0.2364167794316645,131684.2689043211,3531.9341871571705,135216.20309147827,1693,0,373.45714285714286,29,6,20,33.14163283716735,0.6544540229885057,43.402777777777786,1026.3888888888898,35.39272030651344,0
1914,4,0,0,35,0.0,0.0,1.0,35,1100,800,300,0.7272727272727273,14,8,6,400.4616179876595,0.41845238095238096,0.16919479816815142,0.23741882452147298,131791.2061149692,3555.4639274691417,135346.67004243832,1694,1,374.45714285714286,29,6,20,33.01870575769872,0.6555316091954023,43.298611111111114,1026.8055555555559,35.40708812260537,0
1915,4,0,0,35,0.0,0.0,1.0,35,950,700,250,0.7368421052631579,12,7,5,399.7913430517079,0.4179621848739496,0.16558866414925055,0.23757429576991862,131879.7783703319,3544.8787432073186,135424.6571135392,1695,2,375.45714285714286,30,5,20,32.946218267469256,0.6534722222222222,43.212365591397855,1027.1505376344091,34.23835125448031,0
1916,4,0,0,35,0.0,0.0,1.0,35,850,600,250,0.7058823529411765,11,6,5,397.38854014457735,0.4180672268907563,0.16526793891702996,0.23636113714591472,131914.29509553127,3484.2458304428274,135398.54092597408,1696,3,376.45714285714286,30,5,20,32.97298181342405,0.6538194444444445,43.178763440860216,1027.284946236559,34.242831541218635,0
1917,4,0,2,33,0.0,0.05714285714285714,0.9428571428571428,35,800,500,300,0.625,11,5,6,396.50001860691117,0.4174719887955182,0.15860226104830444,0.23626209214729818,131983.34209518437,3466.2795193085863,135449.62161449296,1697,4,377.45714285714286,30,5,20,32.92593198168738,0.6545138888888888,43.111559139784944,1027.55376344086,34.251792114695334,0
1918,4,0,0,33,0.0,0.0,1.0,33,550,500,50,0.9090909090909091,6,5,1,418.5712449827722,0.4084201388888889,0.18482175811029267,0.24729978518709195,131659.69177318664,4421.792219910156,136081.4839930968,1698,5,400.6363636363636,28,5,20,32.6873045872416,0.6573660714285714,43.42672413793103,1026.2931034482756,36.6533251231527,0
1919,4,0,0,33,0.0,0.0,1.0,33,1150,800,350,0.6956521739130435,15,8,7,417.99741902673935,0.407394255050505,0.18837225076732644,0.24815992950192134,131844.07616593997,4422.09671026555,136266.17287620553,1699,6,401.6363636363636,28,5,20,32.514922589069194,0.6592261904761905,43.247126436781606,1027.0114942528733,36.678981937602614,0
1920,4,0,0,33,0.0,0.0,1.0,33,900,700,200,0.7777777777777778,11,7,4,418.1178342579065,0.4066445707070707,0.18921495113302766,0.24944093982041743,132028.58958003033,4440.701587065656,136469.29116709597,1700,7,402.6363636363636,28,5,21,32.32472389207326,0.6610863095238095,43.06752873563218,1027.729885057471,36.70463875205253,0
1921,4,0,0,33,0.0,0.0,1.0,33,1000,700,300,0.7,13,7,6,402.15194339373016,0.40672348484848486,0.11692567188545744,0.22776978832994133,130030.07888793947,3866.2194430300488,133896.29833096953,1701,8,403.6363636363636,31,2,19,34.765442146474314,0.6320564516129032,45.01953125,1019.9218750000001,32.900705645161295,8
1922,4,0,0,33,0.0,0.0,1.0,33,1000,700,300,0.7,13,7,6,405.62068282308473,0.4079861111111111,0.12260394194561064,0.23071516052012625,130196.13477918842,3962.049018012159,134158.1837972006,1702,9,404.6363636363636,31,2,19,34.507633750106315,0.633736559139785,44.856770833333336,1020.5729166666671,32.921706989247326,0
1923,4,1,0,34,0.029411764705882353,0.0,1.0,34,1250,1100,150,0.88,14,11,3,410.45370172277416,0.4134543969102793,0.14630596928044204,0.23060256525996348,129714.32978162226,3996.5082068679935,133710.83798849027,1703,0,393.70588235294116,30,4,18,34.87624796587061,0.6315972222222221,45.32930107526882,1018.6827956989256,33.956093189964186,8
1924,4,0,0,34,0.0,0.0,1.0,34,1200,700,500,0.5833333333333334,17,7,10,411.72123558037043,0.41306446821152704,0.14733043613223673,0.23151683721804217,129748.56197248238,3884.0476500173454,133632.60962249973,1704,1,394.70588235294116,30,4,18,34.808981970096745,0.6319444444444444,45.295698924731184,1018.8172043010754,33.960573476702514,0
1925,4,0,1,33,0.0,0.029411764705882353,0.9705882352941176,34,1150,800,350,0.6956521739130435,15,8,7,409.2057846260296,0.4131387403446227,0.14937855912610365,0.23050507125070996,129817.03990345701,3824.3767343045397,133641.41663776155,1705,2,395.70588235294116,30,4,19,34.803097247867754,0.6326388888888889,45.22849462365591,1019.086021505376,33.9695340501792,0
1926,4,0,1,32,0.0,0.030303030303030304,0.9696969696969697,33,700,500,200,0.7142857142857143,9,5,4,415.0466058308648,0.4129971590909091,0.155558584344192,0.23370659608450162,129802.20148533952,4174.792631172843,133976.99411651236,1706,3,404.7878787878788,29,4,20,34.66945504520467,0.6354166666666667,45.24305555555556,1019.0277777777778,35.13888888888889,0
1927,4,1,0,33,0.030303030303030304,0.0,1.0,33,950,400,550,0.42105263157894735,15,4,11,404.6398221521029,0.41485164141414144,0.1386648191220865,0.23013106913108758,130191.70524691354,3936.1496913580163,134127.85493827154,1707,0,386.72727272727275,29,4,22,34.537175648702586,0.639367816091954,44.86111111111111,1020.5555555555552,35.19157088122604,0
1928,4,0,1,32,0.0,0.030303030303030304,0.9696969696969697,33,1050,800,250,0.7619047619047619,13,8,5,402.56352104186635,0.414614898989899,0.1371525556721167,0.22958397917524073,130299.25724996686,3890.7648476607637,134190.02209762763,1708,1,387.72727272727275,28,5,22,34.480544610188566,0.6436011904761905,44.75574712643677,1020.977011494252,36.463464696223284,0
1929,4,0,0,32,0.0,0.0,1.0,32,1150,900,250,0.782608695652174,14,9,5,402.51925085660014,0.41189936155913975,0.14095248980166009,0.23020992392112377,130409.29954832203,4098.4507117849025,134507.75026010693,1709,2,393.65625,28,4,22,34.36957846860788,0.6447172619047619,44.64798850574712,1021.4080459770109,36.47885878489325,0
1930,4,0,0,32,0.0,0.0,1.0,32,1050,900,150,0.8571428571428571,12,9,3,398.7368308020872,0.4109963037634408,0.13582727334511357,0.22864433859789215,130510.82417052473,4007.8944830246974,134518.71865354944,1710,3,394.65625,29,3,18,34.3628233881564,0.6426005747126438,44.548611111111114,1021.8055555555559,35.23467432950193,0
1931,4,0,0,32,0.0,0.0,1.0,32,850,500,350,0.5882352941176471,12,5,7,396.4585302457465,0.41026125672043007,0.1322180706521736,0.2279636548913044,130617.28395061738,3956.8672839506276,134574.151234568,1711,4,395.65625,29,3,19,34.31272644927535,0.6436781609195402,44.44444444444445,1022.222222222223,35.2490421455939,0
1932,4,0,0,32,0.0,0.0,1.0,32,1200,900,300,0.75,15,9,6,398.0530612735994,0.41026125672043007,0.12508059590063847,0.23035796562471392,130865.85889274692,4018.311149691366,134884.1700424383,1712,5,396.65625,29,3,20,34.01924686665762,0.6461925287356323,44.20138888888889,1023.1944444444446,35.282567049808435,0
1933,4,1,0,33,0.030303030303030304,0.0,1.0,33,750,600,150,0.8,9,6,3,386.57620867269475,0.414614898989899,0.12537868848548483,0.22561132178432466,131190.39231414034,3543.0168950167617,134733.4092091571,1713,0,385.6060606060606,30,3,21,33.98358917169597,0.6465277777777778,43.884408602150536,1024.4623655913977,34.14874551971325,0
1934,4,0,0,33,0.0,0.0,1.0,33,800,600,200,0.75,10,6,4,387.80480318957416,0.414614898989899,0.12994848802823622,0.22673495548445646,131259.24962423395,3580.593493467444,134839.8431177014,1714,1,386.6060606060606,30,3,21,33.88231243441762,0.6472222222222221,43.817204301075265,1024.7311827956985,34.15770609318995,0
1935,4,0,0,33,0.0,0.0,1.0,33,600,400,200,0.6666666666666666,8,4,4,388.736653194405,0.41433869949494945,0.13396585495707036,0.22789350145378373,131362.5694625101,3613.0891215747383,134975.65858408483,1715,2,387.6060606060606,30,3,21,33.75371487260172,0.6482638888888889,43.71639784946236,1025.1344086021502,34.17114695340501,0
1936,4,0,1,32,0.0,0.030303030303030304,0.9696969696969697,33,1400,1100,300,0.7857142857142857,17,11,6,388.6125744157084,0.4136679292929293,0.1344754053442303,0.2286432193805913,131500.39247673136,3620.5412114117185,135120.93368814306,1716,3,388.6060606060606,30,3,22,33.617262918796136,0.6496527777777779,43.581989247311824,1025.672043010752,34.189068100358405,0
1937,4,0,1,31,0.0,0.03125,0.96875,32,750,400,350,0.5333333333333333,11,4,7,401.28391848543043,0.41040826612903225,0.1505635662063367,0.23635430796916967,131541.75347222213,4157.118055555551,135698.8715277777,1717,4,401.03125,29,3,23,33.250406173842414,0.6530172413793103,43.541666666666664,1025.8333333333328,35.373563218390785,0
1938,4,0,0,31,0.0,0.0,1.0,31,850,600,250,0.7058823529411765,11,6,5,400.4459740828496,0.4085125448028674,0.12807167682554077,0.236301506112148,131613.00154320986,4340.779320987654,135953.7808641975,1718,5,382.93548387096774,29,2,20,33.199670637069126,0.6537356321839081,43.47222222222222,1026.111111111111,35.383141762452105,0
1939,4,0,0,31,0.0,0.0,1.0,31,950,600,350,0.631578947368421,13,6,7,388.1045422243195,0.408826164874552,0.04875291891015676,0.22377554772103853,130723.78713348755,3949.2332175925794,134673.02035108014,1719,6,383.93548387096774,29,2,20,34.41800783195256,0.6447557471264368,44.34027777777777,1022.6388888888881,35.263409961685795,8
1940,4,0,0,31,0.0,0.0,1.0,31,700,400,300,0.5714285714285714,10,4,6,392.26763352456544,0.4085125448028674,0.04841775200791787,0.22680089392009006,130830.33371913574,4064.1010802469054,134894.43479938264,1720,7,384.93548387096774,29,2,20,34.20332156756267,0.6458333333333333,44.23611111111111,1023.0555555555551,35.277777777777764,0
1941,4,0,0,31,0.0,0.0,1.0,31,650,500,150,0.7692307692307693,8,5,3,393.02134183276024,0.40730286738351257,0.05313790693241316,0.2279404050309572,130949.5339959821,4093.1923126951037,135042.7263086772,1721,8,385.93548387096774,30,1,20,34.06297876997156,0.6440972222222222,44.119623655913976,1023.5215053763434,34.11738351254478,0
1942,4,1,0,32,0.03125,0.0,1.0,32,950,500,450,0.5263157894736842,14,5,9,381.2073972495009,0.4112693212365592,0.053724764027268224,0.22368077124763014,131397.01844143827,3618.449567869111,135015.46800930737,1722,0,374.84375,30,2,21,33.911794266736585,0.6486111111111111,43.68279569892473,1025.2688172043006,34.175627240143356,0
1943,4,0,0,32,0.0,0.0,1.0,32,1050,600,450,0.5714285714285714,15,6,9,379.9937818743357,0.41118531586021506,0.05079456094364376,0.22337076700317238,131465.92994854876,3591.2471817550904,135057.17713030384,1723,1,375.84375,30,2,21,33.87314329401485,0.6493055555555556,43.61559139784945,1025.5376344086005,34.18458781362002,0
1944,4,0,0,32,0.0,0.0,1.0,32,1050,800,250,0.7619047619047619,13,8,5,381.0622266335838,0.4108282930107527,0.04322923490108721,0.2246060213045669,131569.33108235037,3627.220451786306,135196.55153413667,1724,2,376.84375,30,2,17,33.74110223153849,0.6503472222222222,43.514784946236546,1025.9408602150522,34.198028673835076,0
1945,4,0,0,32,0.0,0.0,1.0,32,1000,700,300,0.7,13,7,6,381.0622266335838,0.4108282930107527,0.04322923490108721,0.2246060213045669,131569.33108235037,3627.220451786306,135196.55153413667,1725,3,377.84375,30,2,17,33.74110223153849,0.6503472222222222,43.514784946236546,1025.9408602150522,34.198028673835076,0
1946,4,0,0,32,0.0,0.0,1.0,32,450,300,150,0.6666666666666666,6,3,3,380.73641429702883,0.4105132728494623,0.042908370447996225,0.2246168305056813,131603.80715978716,3621.272329170993,135225.07948895814,1726,4,378.84375,30,2,18,33.71457732949087,0.6506944444444445,43.48118279569892,1026.0752688172036,34.202508960573454,0
1947,4,0,0,32,0.0,0.0,1.0,32,850,500,350,0.5882352941176471,12,5,7,382.949024670339,0.40971522177419356,0.0385817622414244,0.22674144576992628,131741.75663371486,3690.075442247654,135431.8320759625,1727,5,379.84375,30,2,20,33.51826394344068,0.6520833333333333,43.346774193548384,1026.6129032258063,34.22043010752688,0
1948,4,0,0,32,0.0,0.0,1.0,32,600,300,300,0.5,9,3,6,381.36125782112515,0.40971522177419356,0.05048580214603504,0.22662229644393786,131879.77837033191,3658.7676320962078,135538.54600242813,1728,6,380.84375,30,2,20,33.419480066300274,0.6534722222222222,43.212365591397855,1027.1505376344094,34.238351254480314,0
1949,4,0,0,32,0.0,0.0,1.0,32,600,300,300,0.5,9,3,6,382.6883008724715,0.40923219086021506,0.044959941137998616,0.22803211692673783,131983.34209518452,3701.696185975267,135685.0382811598,1729,7,381.84375,30,2,20,33.28073904512753,0.6545138888888888,43.11155913978495,1027.553763440861,34.25179211469537,0
1950,4,1,0,33,0.030303030303030304,0.0,1.0,33,900,800,100,0.8888888888888888,10,8,2,370.71256250075044,0.4088541666666667,0.05806899141918742,0.22392851273441064,132498.5271030003,3223.7737019856822,135722.30080498598,1730,0,371.24242424242425,31,2,22,33.06893153745625,0.6569220430107527,42.610677083333336,1029.5572916666672,33.21152553763442,0
1951,4,0,0,33,0.0,0.0,1.0,33,900,600,300,0.6666666666666666,12,6,6,366.9791365280986,0.4081439393939394,0.05980941875785217,0.2226640282369873,132666.15125868045,3137.141927083328,135803.29318576376,1731,1,372.24242424242425,31,2,20,32.99629255139874,0.6586021505376345,42.447916666666664,1030.2083333333326,33.2325268817204,0
1952,4,0,0,33,0.0,0.0,1.0,33,450,400,50,0.8888888888888888,5,4,1,366.78792853347846,0.40822285353535354,0.061632243588270574,0.22294621093809133,132733.23059082034,3136.9893391927085,135870.21993001306,1732,2,373.24242424242425,31,2,20,32.933725044225405,0.6592741935483871,42.3828125,1030.4687500000002,33.24092741935485,0
1953,4,0,0,33,0.0,0.0,1.0,33,700,500,200,0.7142857142857143,9,5,4,366.84003162151254,0.40790719696969696,0.06438101801336193,0.22317746735467103,132766.7766147189,3140.83370632595,135907.61032104483,1733,3,374.24242424242425,31,2,20,32.89863655506422,0.6596102150537635,42.350260416666664,1030.5989583333328,33.245127688172026,0
1954,4,0,0,33,0.0,0.0,1.0,33,1150,800,350,0.6956521739130435,15,8,7,379.7547211968174,0.4086568813131313,0.10858554430427514,0.2077147164612954,128656.40503838893,3171.5754451076427,131827.98048349656,1734,4,375.24242424242425,32,1,18,36.73822858328148,0.6155598958333333,46.369949494949495,1014.5202020202019,31.703756313131308,8
1955,4,0,0,33,0.0,0.0,1.0,33,700,400,300,0.5714285714285714,10,4,6,379.36707974515167,0.4078677398989899,0.11024740155174984,0.20774863890805928,128703.50346020765,3165.1744521338032,131868.67791234146,1735,5,376.24242424242425,33,0,18,36.69987922705314,0.6136363636363636,46.32352941176471,1014.7058823529414,30.748663101604286,0
1956,4,0,0,33,0.0,0.0,1.0,33,1100,800,300,0.7272727272727273,14,8,6,373.86723137484586,0.4083017676767677,0.03072548738690073,0.1998723779397995,127741.58564314217,2951.678591166874,130693.26423430904,1736,6,377.24242424242425,33,0,18,37.82466056491697,0.6038510101010102,47.2732843137255,1010.9068627450989,30.633541295306028,8
1957,4,0,0,33,0.0,0.0,1.0,33,1000,600,400,0.6,14,6,8,377.15184704065916,0.4071969696969697,0.03120995487407696,0.20225043493349973,127865.50132461081,3044.941999471367,130910.44332408218,1737,7,378.24242424242425,33,0,19,37.61447857344804,0.6051136363636364,47.15073529411765,1011.3970588235301,30.648395721925155,0
1958,4,2,0,35,0.05714285714285714,0.0,1.0,35,1250,900,350,0.72,16,9,7,358.41247059713686,0.41474089635854344,-0.0028237042541332524,0.1870333799371487,126762.11911848072,2108.8856774327387,128871.00479591347,1738,0,357.57142857142856,34,1,18,39.2208003310084,0.5916053921568627,48.24404761904762,1007.0238095238095,29.618347338935575,8
1959,4,1,0,36,0.027777777777777776,0.0,1.0,36,750,400,350,0.5333333333333333,11,4,7,350.38590260228153,0.41870039682539684,0.0036730945821858985,0.18433345310815674,127092.0138888888,1706.6787131519209,128798.69260204073,1739,0,348.6111111111111,34,2,19,39.08402203856751,0.5949754901960784,47.916666666666664,1008.3333333333326,29.656862745098017,0
1960,4,3,1,38,0.07692307692307693,0.02564102564102564,0.9743589743589743,39,800,400,400,0.5,12,4,8,328.81635153337874,0.42757534862798025,0.025746681569713825,0.1760943318142168,127811.6884522158,605.3146160356773,128417.00306825148,1740,0,322.71794871794873,37,2,19,38.8915997975855,0.5962837837837838,47.20394736842104,1011.1842105263137,27.329302987197668,0
1961,4,2,0,40,0.05,0.0,1.0,40,1000,500,500,0.5,15,5,10,323.9409471681233,0.4296073717948718,0.045224778387505715,0.17481004643309403,128117.48940755322,300.500173496942,128417.98958105016,1741,0,315.6,38,2,21,38.70281940340511,0.5975877192982456,46.90170940170939,1012.3931623931601,26.64192532613579,0
1962,4,0,0,40,0.0,0.0,1.0,40,1100,700,400,0.6363636363636364,15,7,8,322.613422750597,0.4294471153846154,0.04660493827160517,0.17421124828532228,128144.53124999985,268.23202023520867,128412.76327023507,1742,1,316.6,37,3,21,38.708847736625515,0.5996621621621622,46.87499999999999,1012.4999999999989,27.364864864864835,0
1963,4,1,2,39,0.024390243902439025,0.04878048780487805,0.9512195121951219,41,900,400,500,0.4444444444444444,14,4,10,314.3929442672172,0.4316819105691057,0.04630805212161726,0.1712737681455735,128496.3348765432,-120.33179012345704,128376.00308641975,1743,0,309.8536585365854,38,3,12,38.558789954337904,0.6014254385964912,46.52777777777778,1013.8888888888888,26.6812865497076,0
1964,4,1,0,40,0.025,0.0,1.0,40,1050,700,350,0.6666666666666666,14,7,7,321.3983312175027,0.43075587606837606,0.05177084459824788,0.17513084082311417,128505.5993791359,260.29703851184564,128765.89641764775,1744,0,317.0,37,3,13,38.37179175228,0.603322072072072,46.51864035087719,1013.9254385964914,27.403390232337607,0
1965,4,0,2,38,0.0,0.05,0.95,40,1000,400,600,0.4,16,4,12,325.00822763325266,0.42935363247863245,0.05761556280930824,0.1779021981459941,128685.96734832699,364.7996338300662,129050.76698215706,1745,1,318.0,38,2,14,38.0966796532238,0.6033442982456141,46.34081196581196,1014.636752136751,26.70096716149345,0
1966,4,1,1,38,0.02564102564102564,0.02564102564102564,0.9743589743589743,39,800,400,400,0.5,12,4,8,338.1860250316045,0.42889676113360325,0.0717948717948722,0.1859621491563335,128867.17547706979,916.215566328094,129783.39104339789,1746,0,326.43589743589746,37,2,15,37.5778437724982,0.6069819819819819,46.16228070175438,1015.3508771929818,27.44191559981032,0
1967,4,1,1,38,0.02564102564102564,0.02564102564102564,0.9743589743589743,39,1450,1200,250,0.8275862068965517,17,12,5,336.193831654557,0.4286999550157445,0.08281784440724893,0.1860507225439093,129119.93805473374,881.8653435239987,130001.80339825773,1747,0,327.2307692307692,38,1,16,37.371228844738795,0.6077302631578947,45.91346153846154,1016.3461538461539,26.74595141700405,0
1968,4,0,0,38,0.0,0.0,1.0,38,1300,1000,300,0.7692307692307693,16,10,6,342.77086427853675,0.4268166192508298,0.08218501141695134,0.1892797871516639,129034.22807979371,1245.8347760849401,130280.06285587866,1748,1,336.6578947368421,37,1,16,37.291351895819844,0.6086711711711712,45.997807017543856,1016.008771929824,27.45969653864389,0
1969,4,0,0,38,0.0,0.0,1.0,38,1200,900,300,0.75,15,9,6,341.6846728608073,0.4268610715979137,0.08013386394472866,0.18934600132053486,129173.52123970853,1227.3224694136825,130400.84370912221,1749,2,337.6578947368421,37,1,17,37.17719681443931,0.6100788288288288,45.860745614035096,1016.5570175438609,27.474513987671916,0
1970,4,0,1,37,0.0,0.02631578947368421,0.9736842105263158,38,1050,800,250,0.7619047619047619,13,8,5,342.43187510648204,0.42601647700331907,0.09414297139550998,0.19083635850528832,129396.54659366365,1261.9004164743185,130658.44701013797,1750,3,338.6578947368421,37,1,18,36.93139975572079,0.6123310810810811,45.64144736842106,1017.4342105263175,27.49822190611669,0
1971,4,0,0,37,0.0,0.0,1.0,37,1300,900,400,0.6923076923076923,17,9,8,351.1864696413481,0.42573823823823825,0.09033322671194544,0.19659918712244165,129573.74762854094,1700.909397573276,131274.6570261142,1751,4,315.2432432432432,36,1,16,36.52849979722008,0.6160300925925926,45.467342342342356,1018.1306306306326,28.28140640640646,0
1972,4,1,0,38,0.02631578947368421,0.0,1.0,38,650,200,450,0.3076923076923077,11,2,9,343.99493376517165,0.4266091749644381,0.09246616056113188,0.19417856097236194,129899.05698147517,1336.9235005001653,131235.98048197533,1752,0,307.92105263157896,37,1,18,36.38124753504714,0.6173986486486487,45.14802631578948,1019.4078947368429,27.551564722617375,0
1973,4,0,1,37,0.0,0.02631578947368421,0.9736842105263158,38,1200,1000,200,0.8333333333333334,14,10,4,343.19639903071413,0.4264017306780465,0.09650820052388287,0.19456161488011817,130066.77685682155,1327.6898901585353,131394.4667469801,1753,1,308.92105263157896,37,1,18,36.23147998853417,0.6190878378378378,44.98355263157896,1020.065789473686,27.569345661450974,0
1974,4,0,1,36,0.0,0.02702702702702703,0.972972972972973,37,900,500,400,0.5555555555555556,13,5,8,344.8438318186044,0.42511261261261263,0.10219503836525123,0.1959167703848555,130150.67737188366,1576.331659741461,131727.00903162512,1754,2,316.3243243243243,37,0,18,36.10439501396948,0.6199324324324325,44.901315789473685,1020.3947368421054,27.578236130867715,0
1975,4,0,0,36,0.0,0.0,1.0,36,1200,800,400,0.6666666666666666,16,8,8,357.66775202349356,0.4242063492063492,0.09209396993550589,0.20333658524698264,130176.38204082483,2111.9787862186768,132288.3608270435,1755,3,318.25,36,0,18,35.751167880526744,0.6221064814814814,44.87612612612614,1020.4954954954973,28.347097097097148,0
1976,4,2,0,38,0.05263157894736842,0.0,1.0,38,1100,800,300,0.7272727272727273,14,8,6,356.63796340045815,0.4286539829302987,0.09525053570904407,0.18907506457037895,127404.47108848715,1528.6852731109477,128933.1563615981,1756,0,302.44736842105266,36,2,16,38.60568878973786,0.5940393518518519,47.60698198198198,1009.5720720720722,28.043668668668673,8
1977,4,0,0,38,0.0,0.0,1.0,38,900,600,300,0.6666666666666666,12,6,6,354.64185873292365,0.427868658131816,0.09815014789426724,0.18841399224625943,127489.75326678029,1442.640613586557,128932.39388036684,1757,1,303.44736842105266,36,2,16,38.568614332441264,0.5949074074074074,47.52252252252252,1009.90990990991,28.053053053053056,0
1978,4,0,0,38,0.0,0.0,1.0,38,1050,800,250,0.7619047619047619,13,8,5,353.12250148002045,0.42816500711237554,0.09461250630476359,0.18840198146740206,127660.40322417008,1415.9521852933985,129076.35540946347,1758,2,304.44736842105266,36,2,17,38.43209085506278,0.5966435185185186,47.3536036036036,1010.5855855855852,28.071821821821814,0
1979,4,0,1,37,0.0,0.02631578947368421,0.9736842105263158,38,1300,1000,300,0.7692307692307693,16,10,6,348.17262765563845,0.428520625889047,0.09441381593215326,0.18646039327760133,127811.68845221597,1300.1062827023595,129111.79473491832,1759,3,305.44736842105266,37,1,18,38.40228077785009,0.5962837837837838,47.20394736842105,1011.1842105263149,27.3293029871977,0
1980,4,0,0,37,0.0,0.0,1.0,37,1050,800,250,0.7619047619047619,13,8,5,353.3047951151039,0.42648898898898896,0.09280683801841993,0.18930054058076556,127831.16731596454,1632.672875578277,129463.84019154283,1760,4,313.18918918918916,36,1,18,38.252598366740905,0.5983796296296297,47.18468468468468,1011.2612612612606,28.090590590590573,0
1981,4,1,0,38,0.02631578947368421,0.0,1.0,38,1400,1000,400,0.7142857142857143,18,10,8,342.9993884935964,0.42666844476055,0.10022583136364682,0.18588087342701162,128287.0962178394,1200.8627292833266,129487.95894712272,1761,0,305.92105263157896,36,2,19,38.047233955832205,0.6030092592592593,46.73423423423423,1013.0630630630626,28.140640640640626,0
1982,4,0,0,38,0.0,0.0,1.0,38,650,500,150,0.7692307692307693,8,5,3,344.03061728395096,0.4264610004741584,0.09195906432748546,0.1869731615673644,128401.2052593132,1234.7891810729477,129635.99444038614,1762,1,306.92105263157896,36,2,16,37.904629629629625,0.6041666666666667,46.621621621621614,1013.5135135135122,28.153153153153117,0
1983,4,0,0,38,0.0,0.0,1.0,38,1150,700,450,0.6086956521739131,16,7,9,342.34416975656796,0.42542377904220013,0.08610603706801889,0.18680479209902598,128561.1934080675,1202.4350040396607,129763.62841210717,1763,2,307.92105263157896,37,1,16,37.78415234079359,0.6038851351351351,46.463815789473664,1014.1447368421022,27.40931721194871,0
1984,4,1,0,39,0.02564102564102564,0.0,1.0,39,1100,800,300,0.7272727272727273,14,8,6,339.64847538644244,0.4293747188484031,0.09216201998947926,0.18693449673121762,128902.86138733623,956.3320686317124,129859.19345596795,1764,0,301.0,38,1,17,37.504383657723984,0.6055372807017544,46.127136752136735,1015.4914529914504,26.723459289248694,0
1985,4,0,1,38,0.0,0.02564102564102564,0.9743589743589743,39,1600,1300,300,0.8125,19,13,6,338.8829765492444,0.4281376518218623,0.08556711867970157,0.18753890377620477,129119.93805473362,951.30978796843,130071.24784270205,1765,1,302.0,38,1,17,37.302901292967526,0.6077302631578947,45.91346153846153,1016.346153846153,26.745951417004026,0
1986,4,0,0,38,0.0,0.0,1.0,38,1250,1100,150,0.88,14,11,3,349.1618257315539,0.42697961119013755,0.09430629238756305,0.19280890805891393,129034.22807979361,1410.7653316404824,130444.99341143409,1766,2,310.60526315789474,37,1,18,37.12902007338656,0.6086711711711712,45.99780701754385,1016.0087719298231,27.45969653864387,0
1987,4,0,1,37,0.0,0.02631578947368421,0.9736842105263158,38,1200,800,400,0.6666666666666666,16,8,8,334.0599787127326,0.42733522996680895,0.09844964703779757,0.17412506855026505,126715.24581780998,866.0984640952577,127581.34428190523,1767,3,311.60526315789474,38,0,18,39.88199455291451,0.5833333333333333,48.29059829059829,1006.8376068376073,26.495726495726508,8
1988,4,1,0,38,0.02631578947368421,0.0,1.0,38,1150,900,250,0.782608695652174,14,9,5,322.19290306372255,0.427275960170697,0.08205316590969858,0.17154595109068455,127577.25180802093,620.8970249835527,128198.14883300448,1768,0,311.8157894736842,38,0,16,39.29846129441624,0.5921052631578947,47.43589743589743,1010.2564102564094,26.585695006747613,8
1989,4,0,0,38,0.0,0.0,1.0,38,1350,1000,350,0.7407407407407407,17,10,7,321.7524821697202,0.4266091749644381,0.0957663364794743,0.17211666132120174,127766.20513048783,621.8187276280102,128388.02385811583,1769,1,312.8157894736842,38,0,17,39.11660326182678,0.5940241228070176,47.24893162393162,1011.0042735042722,26.60537561853348,0
1990,4,1,0,39,0.02564102564102564,0.0,1.0,39,1150,1000,150,0.8695652173913043,13,10,3,316.2091746530808,0.42872807017543857,0.10371103735382659,0.1709838429284971,128198.62349559873,308.0754848783748,128506.6989804771,1770,0,305.7692307692308,38,1,19,38.81584731160108,0.5984100877192983,46.8215811965812,1012.7136752136759,26.650359874044103,0
1991,4,0,1,38,0.0,0.02564102564102564,0.9743589743589743,39,1150,800,350,0.6956521739130435,15,8,7,318.24226886716883,0.42844691857849754,0.10723790976955572,0.17219958383908443,128225.6738987508,361.3658777120321,128587.03977646283,1771,1,306.7692307692308,38,1,19,38.73681434599157,0.5986842105263157,46.794871794871796,1012.8205128205127,26.653171390013494,0
1992,4,2,0,40,0.05,0.0,1.0,40,850,500,350,0.5882352941176471,12,5,7,312.8886194540951,0.43095619658119655,0.12487675875526372,0.17086912437602508,128593.16541883702,47.0675998264133,128640.23301866344,1772,0,299.425,39,1,16,38.49844664681114,0.6006944444444444,46.43229166666668,1014.2708333333351,26.00694444444449,0
1993,4,0,0,40,0.0,0.0,1.0,40,900,600,300,0.6666666666666666,12,6,6,312.9835686788744,0.43112980769230774,0.12458932238193032,0.17126179544563153,128672.41753472244,54.47048611113536,128726.88802083358,1773,1,300.425,39,1,16,38.415468856947314,0.6014957264957265,46.35416666666668,1014.5833333333351,26.01495726495731,0
1994,4,0,0,40,0.0,0.0,1.0,40,1000,800,200,0.8,12,8,4,310.27439274392555,0.43056891025641025,0.11876282314320874,0.17068593569231325,128883.87586805575,-2.1267361110915317,128881.74913194466,1774,2,301.425,39,1,17,38.2693885925318,0.6036324786324787,46.14583333333334,1015.4166666666682,26.036324786324826,0
1995,4,1,1,40,0.024390243902439025,0.024390243902439025,0.975609756097561,41,900,800,100,0.8888888888888888,10,8,2,307.7129803816176,0.4348831300813008,0.11795281887245102,0.1706408345752609,129201.38888888908,-248.6111111110923,128952.77777777798,1775,0,295.0487804878049,40,1,18,38.012295081967224,0.6052083333333333,45.83333333333334,1016.6666666666682,25.416666666666707,0
1996,4,1,0,41,0.024390243902439025,0.0,1.0,41,950,600,350,0.631578947368421,13,6,7,307.88605571201344,0.43577235772357725,0.12384463738732743,0.17129691671048033,129330.57089240852,-236.18412899068676,129094.38676341783,1776,0,295.8536585365854,40,1,19,37.876952409498124,0.6065104166666666,45.70630081300813,1017.1747967479666,25.429369918699166,0
1997,4,0,0,41,0.0,0.0,1.0,41,1200,800,400,0.6666666666666666,16,8,8,304.7883352360998,0.4354166666666666,0.11181561530985351,0.17001925352195352,129433.96297053664,-310.00758063983545,129123.9553898968,1777,1,296.8536585365854,40,1,14,37.85100203069344,0.6075520833333333,45.604674796747965,1017.5813008130075,25.439532520325187,0
1998,4,0,0,41,0.0,0.0,1.0,41,1600,1000,600,0.625,22,10,12,305.2022066750098,0.435645325203252,0.1120952717265562,0.17047407138038062,129485.67450137157,-296.1372818758653,129189.5372194957,1778,2,297.8536585365854,40,1,14,37.78810950241304,0.6080729166666667,45.55386178861789,1017.7845528455288,25.44461382113822,0
1999,4,0,0,41,0.0,0.0,1.0,41,800,600,200,0.75,10,6,4,305.2022066750098,0.435645325203252,0.1120952717265562,0.17047407138038062,129485.67450137157,-296.1372818758653,129189.5372194957,1779,3,298.8536585365854,40,1,14,37.78810950241304,0.6080729166666667,45.55386178861789,1017.7845528455288,25.44461382113822,0
2000,4,1,2,40,0.023809523809523808,0.047619047619047616,0.9523809523809523,42,1050,600,450,0.5714285714285714,15,6,9,298.1311787198419,0.4374879016647309,0.1114897760467386,0.16767837926904577,129756.71315980091,-663.0956317712303,129093.61752802969,1780,0,292.7142857142857,41,1,16,37.69393054203181,0.6092479674796748,45.28769841269841,1018.8492063492059,24.84998064266356,0
2001,4,0,0,40,0.0,0.0,1.0,40,650,300,350,0.46153846153846156,10,3,7,328.10984314679155,0.43227831196581196,0.1423260500636403,0.17147558764899942,126822.836766747,348.97671264429016,127171.81347939129,1781,1,307.625,38,2,16,39.92142200537407,0.5844298245614035,48.18376068376068,1007.264957264957,26.506972559604133,8
2002,4,1,0,41,0.024390243902439025,0.0,1.0,41,1000,800,200,0.8,12,8,4,321.85617915142547,0.43394308943089427,0.14811493291549294,0.16954360862590334,127144.53667534728,-15.549045138883685,127128.98763020839,1782,0,301.0975609756098,39,2,18,39.74944914962474,0.5860042735042735,47.864583333333336,1008.5416666666672,25.86004273504275,0
2003,4,1,3,39,0.023809523809523808,0.07142857142857142,0.9285714285714286,42,1350,900,450,0.6666666666666666,18,9,9,319.73726972843633,0.43529810298102983,0.14421515512955008,0.1702468236941823,127579.2262067056,-241.63330772028038,127337.59289898531,1783,0,294.9047619047619,40,2,15,39.35846494316466,0.5888020833333334,47.43394308943089,1010.264227642276,25.256605691056897,0
2004,4,0,1,38,0.0,0.02564102564102564,0.9743589743589743,39,1350,1000,350,0.7407407407407407,17,10,7,335.34684799938134,0.4302462887989204,0.14110844158488445,0.17724403913565498,127280.60766171737,736.6301181605609,128017.23777987793,1784,1,316.53846153846155,38,1,19,39.269895888477144,0.5890899122807017,47.72970085470085,1009.0811965811961,26.55476833108411,0
2005,4,1,0,39,0.02564102564102564,0.0,1.0,39,1050,800,250,0.7619047619047619,13,8,5,340.8649771595874,0.43052744039586144,0.13348039816441348,0.17662321188538874,126473.33311646206,856.5941403681722,127329.92725683024,1785,0,316.4102564102564,38,1,17,39.959284829173306,0.5808662280701755,48.5309829059829,1005.8760683760679,26.470422852001786,8
2006,4,1,1,39,0.025,0.025,0.975,40,1300,1000,300,0.7692307692307693,16,10,6,341.0861752441167,0.4341613247863248,0.1440414641712333,0.1784015360078883,126855.79562717024,653.7516276041767,127509.54725477441,1786,0,309.475,39,1,19,39.56082187295349,0.5830662393162394,48.15104166666667,1007.3958333333343,25.830662393162417,0
2007,4,2,0,41,0.04878048780487805,0.0,1.0,41,650,500,150,0.7692307692307693,8,5,3,336.42496768170065,0.4364329268292683,0.1482017362546506,0.1772238669037532,127145.88355614008,355.4494063721497,127501.33296251223,1787,0,302.5365853658537,38,3,21,39.3807379943503,0.5877192982456141,47.86324786324787,1008.5470085470095,26.54071075123709,0
2008,4,3,3,41,0.06818181818181818,0.06818181818181818,0.9318181818181819,44,850,500,350,0.5882352941176471,12,5,7,323.4631816629448,0.4430166490486258,0.1777702485823318,0.17358055790712557,127893.53820231798,-526.2298437893663,127367.30835852862,1788,0,282.84090909090907,41,3,18,38.94337648751145,0.5904471544715447,47.12301587301587,1011.5079365079366,24.67092528068138,0
2009,4,2,1,42,0.046511627906976744,0.023255813953488372,0.9767441860465116,43,1200,800,400,0.6666666666666666,16,8,8,332.1612247580205,0.4446520856404577,0.1931902865219064,0.17844927104512137,127938.82118985089,-100.73689189633035,127838.08429795456,1789,0,277.3720930232558,40,3,20,38.67717227523857,0.5924479166666667,47.07825203252034,1011.6869918699209,25.29217479674802,0
2010,4,2,1,43,0.045454545454545456,0.022727272727272728,0.9772727272727273,44,1000,700,300,0.7,13,7,6,326.3049336732919,0.4424440627202255,0.19486194455349293,0.17690310952655733,128302.78320312512,-426.5032762513073,127876.27992687382,1790,0,271.95454545454544,39,5,22,38.45405785180616,0.5977564102564102,46.71875000000001,1013.1250000000009,25.977564102564127,0
2011,4,1,1,43,0.022727272727272728,0.022727272727272728,0.9772727272727273,44,1100,800,300,0.7272727272727273,14,8,6,331.96611117276956,0.4418714763918252,0.20880419149373286,0.18092710672764528,128513.93771701412,-267.5455729166422,128246.39214409748,1791,0,272.77272727272725,39,5,18,38.09542154646941,0.5998931623931624,46.51041666666668,1013.9583333333353,25.998931623931675,0
2012,4,0,1,42,0.0,0.023255813953488372,0.9767441860465116,43,1150,700,450,0.6086956521739131,16,7,9,336.85933985309197,0.4410529715762274,0.20532177732460055,0.18326384269071883,128442.17985243625,53.38958287675791,128495.56943531301,1792,1,280.09302325581393,38,5,18,38.04454749859472,0.6008771929824561,46.58119658119658,1013.6752136752136,26.67566351776878,0
2013,4,1,1,42,0.023255813953488372,0.023255813953488372,0.9767441860465116,43,1550,1200,350,0.7741935483870968,19,12,7,332.55265896508536,0.4412836840162422,0.20280750162907624,0.18233317705665902,128751.69406467023,-36.656358506934026,128715.03770616329,1793,0,280.2325581395349,39,4,19,37.83838396797702,0.6022970085470085,46.27604166666667,1014.8958333333342,26.022970085470106,0
2014,4,0,0,42,0.0,0.0,1.0,42,1100,800,300,0.7272727272727273,14,8,6,348.53161691073296,0.4389880952380953,0.22332147512225697,0.18795950350380172,128091.80230034741,588.6691623264092,128680.47146267381,1794,1,287.8095238095238,39,3,20,38.10669204911848,0.5956196581196581,46.92708333333334,1012.2916666666682,25.95619658119662,8
2015,4,1,1,42,0.023255813953488372,0.023255813953488372,0.9767441860465116,43,1400,1000,400,0.7142857142857143,18,10,8,337.07458577915025,0.4394610557401255,0.2209792148026728,0.1835896442858687,128487.53390842034,61.98730468751904,128549.52121310786,1795,0,282.09302325581393,39,4,17,37.992846501592524,0.5996260683760684,46.53645833333334,1013.8541666666683,25.996260683760728,0
2016,4,0,0,42,0.0,0.0,1.0,42,750,500,250,0.6666666666666666,10,5,5,344.0964233319371,0.437862950058072,0.22472214692328518,0.18694723205766073,128388.0362426036,435.57281393820307,128823.6090565418,1796,3,289.8095238095238,38,4,17,37.91640312038793,0.600328947368421,46.63461538461539,1013.4615384615389,26.670040485829972,0
2017,4,1,1,42,0.023255813953488372,0.023255813953488372,0.9767441860465116,43,1100,600,500,0.5454545454545454,16,6,10,340.3060628805901,0.4384228497600591,0.22256646990445117,0.1865842414544509,128751.69406467023,162.9964192708424,128914.69048394107,1797,0,284.04651162790697,39,4,18,37.641661534777114,0.6022970085470085,46.27604166666667,1014.8958333333342,26.022970085470106,0
2018,4,1,0,43,0.023255813953488372,0.0,1.0,43,750,300,450,0.4,12,3,9,347.3504790258726,0.4372923588039867,0.2379969804894959,0.1917428348327802,129020.6425263567,363.0763971511761,129383.71892350788,1798,0,284.83720930232556,40,3,20,37.18886499283119,0.6033854166666667,46.01117886178862,1015.9552845528458,25.398882113821145,0
2019,4,1,1,43,0.022727272727272728,0.022727272727272728,0.9772727272727273,44,1550,1100,450,0.7096774193548387,20,11,9,358.0580589862276,0.4397352889358703,0.15872962774640764,0.19154696478365588,127768.13394628683,370.1337275999553,128138.26767388679,1799,0,279.34090909090907,41,3,16,38.19699980374842,0.5891768292682926,47.24702380952381,1011.0119047619046,24.658826945412308,8
2020,4,1,2,42,0.022727272727272728,0.045454545454545456,0.9545454545454546,44,1350,800,550,0.5925925925925926,19,8,11,354.3963795823444,0.4411777660324172,0.1581237911025144,0.19053709411493563,127968.81028163574,270.33661265431425,128239.14689429005,1800,0,280.1818181818182,41,3,17,38.084105467856325,0.5912093495934959,47.04861111111111,1011.8055555555551,24.678184281842807,0
2021,4,1,1,42,0.023255813953488372,0.023255813953488372,0.9767441860465116,43,1450,1200,250,0.8275862068965517,17,12,5,364.9511422716723,0.4393226282761167,0.198296487702172,0.1970736168267033,128144.53125000016,753.2986111111263,128897.82986111128,1801,0,287.27906976744185,40,3,18,37.637174211248286,0.59453125,46.87500000000001,1012.5000000000013,25.312500000000032,0
2022,4,0,1,41,0.0,0.023809523809523808,0.9761904761904762,42,1100,800,300,0.7272727272727273,14,8,6,363.5288402693412,0.4397381920247774,0.18184288211017896,0.19721388897378075,128329.1680230038,930.2707248264235,129259.43874783022,1802,1,278.1190476190476,39,3,18,37.484257736198224,0.5980235042735043,46.69270833333335,1013.2291666666694,25.98023504273511,0
2023,4,1,1,41,0.023809523809523808,0.023809523809523808,0.9761904761904762,42,1100,700,400,0.6363636363636364,15,7,8,360.6971870597253,0.4411295005807201,0.17997269090110457,0.19616105472920994,128427.65239771339,864.6985921079129,129292.35098982131,1803,0,278.8095238095238,40,2,16,37.455300447831036,0.5973958333333333,46.59552845528457,1013.617886178865,25.340447154471626,0
2024,4,0,0,41,0.0,0.0,1.0,41,1250,700,550,0.56,18,7,11,365.6946228420719,0.4394563008130081,0.17812802676763173,0.19862237358285126,128376.15258774573,1189.2937404984145,129565.44632824414,1804,3,286.609756097561,40,1,16,37.38133440299505,0.596875,46.64634146341465,1013.4146341463442,25.335365853658605,0
2025,4,2,0,43,0.046511627906976744,0.0,1.0,43,1250,900,350,0.72,16,9,7,352.57796130716196,0.44218346253229973,0.18760843616742728,0.19430716037968854,128955.22072742034,493.35376479779654,129448.57449221813,1805,0,274.2325581395349,42,1,18,37.1227660115754,0.5997023809523809,46.07558139534884,1015.6976744186056,24.183277962347752,0
2026,4,1,1,43,0.022727272727272728,0.022727272727272728,0.9772727272727273,44,1450,1000,450,0.6896551724137931,19,10,9,346.31668694310315,0.44465732910500355,0.18522715917039867,0.19242593482729767,129278.89034511523,154.99160868280245,129433.88195379803,1806,0,268.97727272727275,40,4,19,36.95225841910661,0.6059895833333333,45.757113821138205,1016.9715447154463,25.424288617886155,0
2027,4,0,0,43,0.0,0.0,1.0,43,1300,1000,300,0.7692307692307693,16,10,6,353.06369255576504,0.44130675526024365,0.18547464735036256,0.19578986587183286,129201.38888888853,523.2638888888506,129724.65277777737,1807,1,276.09302325581393,39,4,19,36.85963114754099,0.6068376068376069,45.833333333333314,1016.6666666666638,26.068376068375994,0
2028,4,0,2,41,0.0,0.046511627906976744,0.9534883720930233,43,1150,700,450,0.6086956521739131,16,7,9,318.64032473063537,0.4413298265042451,0.08931136624918756,0.17299696169165552,128360.35358019113,-419.84305053374237,127940.51052965739,1808,2,277.09302325581393,43,0,15,38.589559386973185,0.592296511627907,46.66193181818182,1013.3522727272729,23.566331923890065,8
2029,4,1,1,41,0.023809523809523808,0.023809523809523808,0.9761904761904762,42,800,400,400,0.5,12,4,8,321.8202983178861,0.43880662020905925,0.12075902813811479,0.17517606456824752,128463.58861396521,-131.56191785352152,128332.02669611169,1809,0,284.54761904761904,42,0,12,38.40386637354234,0.5947420634920635,46.56007751937983,1013.7596899224783,24.13713547434472,0
2030,4,0,1,40,0.0,0.024390243902439025,0.975609756097561,41,1350,900,450,0.6666666666666666,18,9,9,324.4973034701987,0.4369156504065041,0.12210876072354448,0.1765555616005583,128446.04768990904,136.07922335598926,128582.12691326503,1810,5,292.4878048780488,41,0,12,38.35388530045018,0.5960365853658536,46.57738095238094,1013.6904761904741,24.724157955865223,0
2031,4,0,0,40,0.0,0.0,1.0,40,1250,900,350,0.72,16,9,7,333.9606529527849,0.43524305555555554,0.12240800160433185,0.18150351999444816,128401.90120174826,576.2365531429641,128978.13775489123,1811,6,300.475,40,0,13,38.15907115879541,0.5971354166666667,46.62093495934959,1013.5162601626014,25.337906504065035,0
2032,4,1,0,41,0.024390243902439025,0.0,1.0,41,1100,700,400,0.6363636363636364,15,7,8,328.5758190425855,0.43709349593495933,0.1247815274124977,0.1800215347073704,128722.7490099048,259.036537068521,128981.78554697332,1812,0,294.1219512195122,41,0,15,37.96874490826735,0.5988313008130082,46.30456349206349,1014.7817460317453,24.750774293457205,0
2033,4,1,2,40,0.023809523809523808,0.047619047619047616,0.9523809523809523,42,850,500,350,0.5882352941176471,12,5,7,320.4482457738182,0.43884291521486646,0.12625519449553813,0.17692995560497543,129029.04652852894,-130.5736772129078,128898.47285131604,1813,0,288.0952380952381,42,0,17,37.86361468764903,0.6004464285714286,46.002906976744185,1015.9883720930233,24.190199335548172,0
2034,4,0,1,39,0.0,0.025,0.975,40,950,600,350,0.631578947368421,13,6,7,333.5241407597245,0.4327857905982906,0.14059779889945,0.18387058945909796,128969.02394614647,602.8565792517687,129571.88052539823,1814,1,302.25,40,0,17,37.592546273136584,0.6028645833333333,46.0619918699187,1015.7520325203252,25.39380081300813,0
2035,4,0,0,39,0.0,0.0,1.0,39,1050,800,250,0.7619047619047619,13,8,5,331.55987653579245,0.43137089518668464,0.14827784744733363,0.18300529008792213,129016.12548828124,755.3141276041665,129771.4396158854,1815,2,309.87179487179486,39,0,17,37.594522198297966,0.6049679487179487,46.015625,1015.9374999999999,26.049679487179485,0
2036,4,0,0,39,0.0,0.0,1.0,39,1450,1000,450,0.6896551724137931,19,10,9,334.8533450605752,0.4299932523616734,0.15470269389728375,0.18556693892368825,129174.91455078112,850.9304470485956,130025.84499782971,1816,3,310.87179487179486,39,0,17,37.34939116029648,0.6065705128205128,45.85937499999999,1016.562499999999,26.065705128205103,0
2037,4,0,0,39,0.0,0.0,1.0,39,950,400,550,0.42105263157894735,15,4,11,333.24964706722864,0.4297121007647324,0.15245607512890613,0.18505660097933943,129255.70371283492,814.8862414192993,130070.58995425422,1817,4,311.87179487179486,38,1,17,37.30803915388388,0.6091008771929824,45.77991452991452,1016.8803418803402,26.76000899685106,0
2038,4,0,0,39,0.0,0.0,1.0,39,1000,700,300,0.7,13,7,6,335.2340936374549,0.42968398560503823,0.15610859728506776,0.18641522029372487,129310.0299510555,869.8261377748429,130179.85608883035,1818,5,312.87179487179486,38,1,17,37.20238095238095,0.6096491228070176,45.72649572649572,1017.0940170940164,26.765632028789906,0
2039,4,0,0,39,0.0,0.0,1.0,39,1100,600,500,0.5454545454545454,16,6,10,334.78704662909047,0.42985267656320286,0.15549398621959787,0.18655219690162825,129391.54071015041,863.7223546277914,130255.2630647782,1819,6,313.87179487179486,38,1,18,37.130937379677256,0.6104714912280702,45.646367521367516,1017.4145299145293,26.77406657669814,0
2040,4,0,0,39,0.0,0.0,1.0,39,1150,1000,150,0.8695652173913043,13,10,3,354.99456472642413,0.42940283400809715,0.10529884143927037,0.19306985360136222,128429.74044568224,1381.6698192575354,129811.41026493978,1820,7,314.87179487179486,36,3,15,37.59767433248159,0.6044560185185186,46.59346846846847,1013.6261261261267,28.156281281281295,8
2041,4,1,0,40,0.025,0.0,1.0,40,1450,1000,450,0.6896551724137931,19,10,9,349.6603665337219,0.431784188034188,0.10566119273984453,0.19173319624621601,128755.86718990444,1004.1647429978316,129760.03193290228,1821,0,307.975,37,3,16,37.40006482281765,0.6058558558558558,46.2719298245614,1014.9122807017533,27.430061640587926,0
2042,4,1,1,40,0.024390243902439025,0.024390243902439025,0.975609756097561,41,1400,800,600,0.5714285714285714,20,8,12,341.0860890246694,0.4340447154471545,0.10825575132722953,0.18836984359027917,129038.5129026956,602.648339907956,129641.16124260356,1822,0,301.4390243902439,38,3,17,37.32978443743428,0.606907894736842,45.993589743589745,1016.0256410256411,26.737516869095817,0
2043,4,1,2,39,0.024390243902439025,0.04878048780487805,0.9512195121951219,41,1550,1300,250,0.8387096774193549,18,13,5,337.0175803647653,0.43622967479674796,0.10859390612017394,0.1874205680733549,129312.88954293616,516.2461572154034,129829.13570015156,1823,0,300.9268292682927,37,4,18,37.15412534138278,0.6114864864864865,45.72368421052631,1017.1052631578937,27.48933143669983,0
2044,4,0,1,38,0.0,0.02564102564102564,0.9743589743589743,39,600,200,400,0.3333333333333333,10,2,8,348.4657239084862,0.4329453441295547,0.12394776080179071,0.19283156984523916,129117.79495854478,1198.6251779393501,130316.42013648413,1824,1,316.1794871794872,37,2,18,37.061598698169526,0.6095157657657657,45.91557017543859,1016.3377192982443,27.46858700806066,0
2045,4,3,1,40,0.07317073170731707,0.024390243902439025,0.975609756097561,41,1200,900,300,0.75,15,9,6,353.4137677837781,0.4377286585365854,0.19381518142599918,0.189042820673074,127763.95486379012,895.6920724390544,128659.64693622917,1825,0,299.5853658536585,35,6,18,38.31866533104371,0.5997023809523809,47.2511574074074,1010.9953703703688,28.885582010581967,8
2046,4,1,0,41,0.024390243902439025,0.0,1.0,41,1150,700,450,0.6086956521739131,16,7,9,351.42978519022154,0.435619918699187,0.2130987019580819,0.1890800376564988,127998.08873724706,796.468165937925,128794.55690318499,1826,0,300.4634146341463,35,6,19,38.129193831255485,0.6020833333333333,47.019675925925924,1011.9212962962961,28.91203703703703,0
2047,4,2,1,42,0.046511627906976744,0.023255813953488372,0.9767441860465116,43,1150,700,450,0.6086956521739131,16,7,9,333.2288607824177,0.43962255444813586,0.20559859393975977,0.1818308987242821,128561.19340806788,-31.939995960293544,128529.25341210759,1827,0,287.4418604651163,37,6,17,38.01525840631419,0.6038851351351351,46.463815789473685,1014.1447368421054,27.409317211948796,0
2048,4,0,0,42,0.0,0.0,1.0,42,1450,1100,350,0.7586206896551724,18,11,7,338.6062589079236,0.43821380178087493,0.20161550461383926,0.18468500069447927,128543.9128951587,305.15469016313875,128849.06758532184,1828,1,295.2857142857143,36,6,17,37.89653895983712,0.6056134259259259,46.48085585585586,1014.0765765765768,28.1687937937938,0
2049,4,0,0,42,0.0,0.0,1.0,42,1000,500,500,0.5,15,5,10,338.19765652340755,0.4384315718157181,0.20020533880903502,0.1850587176706733,128672.41753472206,303.34201388886936,128975.75954861093,1829,2,296.2857142857143,37,5,18,37.77592402464066,0.6050112612612613,46.35416666666666,1014.583333333332,27.421171171171135,0
2050,4,1,0,43,0.023255813953488372,0.0,1.0,43,1150,700,450,0.6086956521739131,16,7,9,333.1110305048384,0.439484126984127,0.19928649102390494,0.18373861818343787,128989.67013888872,-6.423611111130896,128983.24652777759,1830,0,290.3720930232558,39,4,19,37.58203445447088,0.6047008547008548,46.04166666666666,1015.8333333333319,26.04700854700851,0
2051,4,1,1,43,0.022727272727272728,0.022727272727272728,0.9772727272727273,44,900,500,400,0.5555555555555556,13,5,8,331.12666037386,0.4402307963354475,0.21678142737508144,0.18486328410586333,129466.28146701372,-225.87890625001785,129240.4025607637,1831,0,284.75,39,5,15,37.14815762538382,0.6095085470085471,45.57291666666666,1017.7083333333319,26.095085470085433,0
2052,4,0,0,43,0.0,0.0,1.0,43,900,600,300,0.6666666666666666,12,6,6,336.0737594151941,0.4386997046880768,0.21939677485520082,0.18739850612823783,129418.71667031899,98.84693001677113,129517.56360033576,1832,1,291.95348837209303,38,5,21,37.07060233795322,0.6107456140350878,45.619658119658105,1017.5213675213655,26.776878092667513,0
2053,4,0,0,43,0.0,0.0,1.0,43,1250,900,350,0.72,16,9,7,339.07016607387806,0.4382152085640458,0.22049833547100595,0.1896813241579854,129545.80213758664,185.02332899303707,129730.82546657967,1833,2,292.95348837209303,39,4,15,36.86527934104164,0.610309829059829,45.49479166666666,1018.020833333332,26.103098290598258,0
2054,4,0,0,43,0.0,0.0,1.0,43,1600,1200,400,0.75,20,12,8,341.8265784601188,0.4379614248800295,0.22929466640977525,0.19174058850284456,129651.86767578126,263.6908637152783,129915.55853949655,1834,3,293.95348837209303,39,4,16,36.68739984998807,0.6113782051282051,45.390625,1018.4375000000001,26.113782051282055,0
2055,4,0,1,42,0.0,0.023255813953488372,0.9767441860465116,43,1350,1100,250,0.8148148148148148,16,11,5,344.052966814176,0.4378691399040236,0.2312650934606102,0.19390634949941787,129837.58680555543,334.20138888888044,130171.7881944443,1835,4,294.95348837209303,39,4,16,36.44215044971383,0.6132478632478633,45.20833333333333,1019.1666666666656,26.132478632478605,0
2056,4,1,2,41,0.023255813953488372,0.046511627906976744,0.9534883720930233,43,1100,800,300,0.7272727272727273,14,8,6,345.51969687039275,0.4374077150239941,0.24026336478921162,0.19566126963898287,130023.43885633671,385.13183593749545,130408.57069227421,1836,0,295.8139534883721,39,4,18,36.216189187348945,0.6151175213675213,45.026041666666664,1019.8958333333326,26.151175213675195,0
2057,4,1,1,41,0.023809523809523808,0.023809523809523808,0.9761904761904762,42,1150,900,250,0.782608695652174,14,9,5,352.67518699030273,0.43506823461091754,0.2500224476968669,0.19968192971586163,130017.30974687696,770.7758053911803,130788.08555226814,1837,0,303.3095238095238,38,4,19,36.03996438298764,0.6167763157894737,45.03205128205128,1019.871794871794,26.83873144399458,0
2058,4,0,0,41,0.0,0.0,1.0,41,1500,1100,400,0.7333333333333333,19,11,8,347.33789548036384,0.43569613821138214,0.23624298841125047,0.19762471206217502,130208.06081753607,845.238763788449,131053.29958132452,1838,1,305.4390243902439,38,3,19,35.98258836665618,0.6186951754385965,44.84508547008547,1020.6196581196589,26.858412055780498,0
2059,4,0,0,41,0.0,0.0,1.0,41,1200,600,600,0.5,18,6,12,345.5202303879936,0.4356707317073171,0.23457152132706405,0.19771907041121292,130430.54112803933,813.2895383123944,131243.8306663517,1839,2,306.4390243902439,37,4,20,35.80354587090311,0.6227477477477478,44.62719298245614,1021.4912280701749,27.607871028923647,0
2060,4,0,1,40,0.0,0.024390243902439025,0.975609756097561,41,1000,600,400,0.6,14,6,8,346.3871398818883,0.43470528455284557,0.11552923169067952,0.19381814773543843,129554.63927469145,775.2121913580331,130329.85146604948,1840,3,307.4390243902439,38,3,15,36.670077307867196,0.6121162280701755,45.486111111111114,1018.0555555555563,26.79093567251464,8
2061,4,1,0,41,0.024390243902439025,0.0,1.0,41,800,700,100,0.875,9,7,2,340.5130209320231,0.43711890243902435,0.13809420522908078,0.19178116774772505,129811.04736328138,640.4703776041827,130451.51774088557,1841,0,308.0731707317073,39,2,16,36.55927374016152,0.6129807692307692,45.23437500000001,1019.062500000001,26.12980769230772,0
2062,4,0,0,41,0.0,0.0,1.0,41,1150,900,250,0.782608695652174,14,9,5,339.8959071232311,0.4367632113821138,0.1317347358450589,0.19169345540062357,129864.12896050357,628.0571831597333,130492.1861436633,1842,1,309.0731707317073,39,2,17,36.52114205416453,0.6135149572649572,45.18229166666667,1019.2708333333342,26.135149572649595,0
2063,4,0,0,41,0.0,0.0,1.0,41,750,500,250,0.6666666666666666,10,5,5,340.5640817134893,0.43696646341463413,0.13217922556179262,0.1925928247194311,129970.3247070314,652.6448567708493,130622.96956380224,1843,2,310.0731707317073,39,2,17,36.39640157319441,0.6145833333333333,45.07812500000001,1019.6875000000011,26.145833333333364,0
2064,4,0,2,39,0.0,0.04878048780487805,0.9512195121951219,41,1350,900,450,0.6666666666666666,18,9,9,339.90075019444316,0.4371951219512195,0.0710645171189217,0.18287706208923182,127998.08873724708,509.36964163236985,128507.45837887944,1844,3,311.0731707317073,35,6,22,38.420855732204814,0.6020833333333333,47.019675925925924,1011.9212962962962,28.912037037037035,8
2065,4,2,2,39,0.04878048780487805,0.04878048780487805,0.9512195121951219,41,1600,1200,400,0.75,20,12,8,333.0201615906018,0.437525406504065,0.12270217671821149,0.17859174247161091,127867.13219452118,316.46660510924363,128183.59879963043,1845,0,311.4878048780488,37,4,18,38.72867880890431,0.5968468468468469,47.149122807017534,1011.4035087719282,27.335229966808868,8
2066,4,1,0,40,0.025,0.0,1.0,40,1150,800,350,0.6956521739130435,15,8,7,335.2583776124408,0.4345753205128205,0.14092275155832557,0.18014122395156504,127945.07345183015,578.931549793027,128524.00500162317,1846,0,319.525,36,4,19,38.59245139507269,0.599537037037037,47.07207207207207,1011.7117117117112,28.10310310310309,0
2067,4,1,0,41,0.024390243902439025,0.0,1.0,41,1150,800,350,0.6956521739130435,15,8,7,327.30470564687556,0.4358739837398374,0.1567274412604105,0.1777558869110582,128372.67324334478,203.5513554094663,128576.22459875424,1847,0,312.7073170731707,36,5,15,38.357502685483546,0.6038773148148149,46.64977477477478,1013.4009009009015,28.150025025025045,0
2068,4,0,0,41,0.0,0.0,1.0,41,1100,700,400,0.6363636363636364,15,7,8,328.102308697255,0.435645325203252,0.15951468779295652,0.17857176438287126,128458.27880245114,229.4915692719778,128687.77037172312,1848,1,313.7073170731707,36,5,16,38.25006480041472,0.6047453703703703,46.56531531531532,1013.7387387387391,28.15940940940942,0
2069,4,1,1,41,0.023809523809523808,0.023809523809523808,0.9761904761904762,42,1000,700,300,0.7,13,7,6,321.9487445572873,0.43678619821912507,0.178104701217348,0.17690940212794812,128839.34389667996,-104.06699657584807,128735.27690010412,1849,0,307.2142857142857,37,5,17,38.01830201245636,0.6067004504504505,46.18969298245615,1015.2412280701772,27.438952110004788,0
2070,4,0,0,41,0.0,0.0,1.0,41,950,600,350,0.631578947368421,13,6,7,331.08321696501883,0.4361280487804878,0.1794643509510654,0.18162221755969066,128772.40997331806,326.8767500608938,129099.28672337896,1850,1,315.6341463414634,36,5,17,37.85458042087355,0.6079282407407407,46.25563063063064,1014.9774774774787,28.193818818818855,0
2071,4,1,0,42,0.023809523809523808,0.0,1.0,42,1400,1000,400,0.7142857142857143,18,10,8,324.9471126791911,0.43886711188540456,0.17336662761781407,0.1796903246008798,129089.93632656205,-10.519582948602931,129079.41674361344,1851,0,309.0952380952381,37,5,18,37.68747302546393,0.6092342342342343,45.94298245614035,1016.2280701754388,27.465623518255104,0
2072,4,2,0,44,0.045454545454545456,0.0,1.0,44,1350,900,450,0.6666666666666666,18,9,9,315.0454584927216,0.4396141649048626,0.18381498321664047,0.17671827009083982,129651.86767578124,-630.753580729167,129021.11409505206,1852,0,296.0,39,5,18,37.36927227165798,0.6113782051282051,45.390625,1018.4374999999999,26.113782051282048,0
2073,4,0,1,43,0.0,0.022727272727272728,0.9772727272727273,44,900,600,300,0.6666666666666666,12,6,6,314.54098664648654,0.43959214235377025,0.1774326246409279,0.17667411306237762,129704.91672092023,-640.4975043402685,129064.41921657996,1853,1,297.0,39,5,18,37.328395030166696,0.6119123931623931,45.33854166666667,1018.645833333334,26.11912393162395,0
2074,4,0,0,43,0.0,0.0,1.0,43,900,500,400,0.5555555555555556,13,5,8,323.5988975624479,0.43736157253599117,0.17994710595399566,0.18144380538619156,129636.22708013754,-209.97196654245693,129426.25511359508,1854,2,304.86046511627904,38,5,18,37.16734858022102,0.6129385964912281,45.40598290598292,1018.37606837607,26.799370220422894,0
2075,4,0,0,43,0.0,0.0,1.0,43,1050,800,250,0.7619047619047619,13,8,5,325.33493127111666,0.43717700258397935,0.18522692347095493,0.18267039073844699,129690.63321827764,-161.4213510847989,129529.21186719283,1855,3,305.86046511627904,38,5,19,37.067993496958245,0.6134868421052632,45.35256410256411,1018.5897435897451,26.804993252361715,0
2076,4,0,1,42,0.0,0.023255813953488372,0.9767441860465116,43,850,700,150,0.8235294117647058,10,7,3,332.237620822218,0.43710778885197493,0.08992835591867188,0.17700925973972345,127603.50722343972,-46.17381704828915,127557.33340639144,1856,4,306.86046511627904,36,7,18,39.01791685242978,0.5960648148148149,47.40990990990991,1010.3603603603609,28.06556556556558,8
2077,4,1,0,43,0.023255813953488372,0.0,1.0,43,900,900,0,1.0,9,9,0,331.5696436540661,0.4392764857881137,0.09020107398259003,0.17790672277782682,127888.1140430971,-119.23671982795,127768.87732326915,1809,0,264.6744186046512,36,7,19,38.743923031247654,0.5989583333333333,47.12837837837837,1011.4864864864861,28.096846846846837,0
2078,4,1,1,43,0.022727272727272728,0.022727272727272728,0.9772727272727273,44,1000,500,500,0.5,15,5,10,323.8685969180985,0.44124383368569414,0.0969245389841471,0.17501360718074174,128173.03790276764,-497.49880792955594,127675.53909483808,1810,0,259.6363636363636,36,8,20,38.64801119513643,0.6018518518518519,46.846846846846844,1012.6126126126127,28.12812812812813,0
2079,4,0,0,43,0.0,0.0,1.0,43,1150,1000,150,0.8695652173913043,13,10,3,330.1564833500579,0.4404300479881875,0.10162195721344136,0.17815767018709597,128116.02776763239,-140.33256229203147,127975.69520534035,1811,1,266.5348837209302,36,7,20,38.54699666295885,0.6012731481481481,46.90315315315315,1012.3873873873865,28.121871871871846,0
2080,4,1,1,43,0.022727272727272728,0.022727272727272728,0.9772727272727273,44,1350,1100,250,0.8148148148148148,16,11,5,326.0750616479064,0.44323687455954897,0.10245198036799885,0.17746842230679893,128458.27880245114,-422.58859366122533,128035.6902087899,1812,0,261.45454545454544,36,8,16,38.301442272087684,0.6047453703703703,46.56531531531532,1013.7387387387391,28.15940940940942,0
2081,4,2,1,44,0.044444444444444446,0.022222222222222223,0.9777777777777777,45,1350,1100,250,0.8148148148148148,16,11,5,314.192536016937,0.4438131313131313,0.12159569863076158,0.1735353338793436,129042.58355034741,-891.1566840277571,128151.42686631966,1813,0,254.0222222222222,39,6,18,38.00876563461146,0.6052350427350428,45.98958333333334,1016.0416666666682,26.05235042735047,0
2082,4,0,2,42,0.0,0.045454545454545456,0.9545454545454546,44,1000,600,400,0.6,14,6,8,320.3256619501737,0.44165125088090207,0.11752345161938083,0.17654122134262631,128957.11343277465,-538.3454552925547,128418.7679774821,1814,1,260.72727272727275,38,6,18,37.9398075102556,0.6060855263157895,46.073717948717956,1015.7051282051295,26.72908232118762,0
2083,4,2,0,44,0.045454545454545456,0.0,1.0,44,1350,1000,350,0.7407407407407407,17,10,7,317.8031921344252,0.4424440627202255,0.13055993806775223,0.17686024075771248,129340.77222077968,-578.7868039676581,128761.98541681202,1815,0,260.1363636363636,37,7,20,37.61441827458589,0.6117680180180181,45.69627192982457,1017.2149122807034,27.492294926505497,0
2084,4,0,3,41,0.0,0.06818181818181818,0.9318181818181819,44,1550,1000,550,0.6451612903225806,21,10,11,312.57690104673213,0.4427413671599718,-0.009481710833325163,0.1732274475406091,129176.17517203628,-724.5022951310223,128451.67287690526,1816,1,261.1363636363636,41,3,19,37.91424725936049,0.6034044715447154,45.85813492063492,1016.5674603174593,24.79432830042584,8
2085,4,0,0,41,0.0,0.0,1.0,41,1550,1400,150,0.9032258064516129,17,14,3,325.7290512060018,0.43577235772357725,0.02163121294795789,0.1801357404111329,129092.79348381894,209.85462780332443,129302.64811162226,1817,2,281.0487804878049,38,3,20,37.66470423324923,0.6074561403508771,45.94017094017093,1016.2393162393147,26.743139901034596,0
2086,4,1,0,42,0.023809523809523808,0.0,1.0,42,1400,1000,400,0.7142857142857143,18,10,8,343.05939952306863,0.43539488966318235,0.10053311843288015,0.18321677548109172,127700.83703639566,542.6650839842508,128243.50212037991,1818,0,275.3333333333333,37,5,15,38.644951905691755,0.5951576576576576,47.31359649122806,1010.7456140350864,27.317449027975307,8
2087,4,1,0,43,0.023255813953488372,0.0,1.0,43,1400,1000,400,0.7142857142857143,18,10,8,335.83864830009605,0.4375922849760059,0.10429047439112371,0.1814754109799492,128171.575946015,8.993763240553221,128180.56970925555,1819,0,269.90697674418607,38,5,17,38.34647780825771,0.5981359649122807,46.848290598290596,1012.6068376068372,26.647548358074662,0
2088,4,0,0,43,0.0,0.0,1.0,43,1350,1100,250,0.8148148148148148,16,11,5,339.4197035576797,0.43791528239202654,0.11176030697184003,0.18428139028303353,128360.96871804017,113.64839013077085,128474.61710817093,1820,1,270.90697674418607,38,5,17,38.06251098225268,0.6000548245614035,46.66132478632479,1013.354700854702,26.667228969860577,0
2089,4,2,1,44,0.044444444444444446,0.022222222222222223,0.9777777777777777,45,1100,600,500,0.5454545454545454,16,6,10,329.41652171630716,0.44116161616161614,0.12027975138152258,0.18136965848545777,128917.41569378354,-506.4946666997078,128410.92102708382,1821,0,259.8222222222222,40,5,16,37.74934120551051,0.60234375,46.112804878048784,1015.5487804878055,25.388719512195138,0
2090,4,1,1,44,0.022222222222222223,0.022222222222222223,0.9777777777777777,45,2200,2000,200,0.9090909090909091,24,20,4,335.38474711257084,0.44154040404040407,0.14833611878531583,0.18761964130115397,129545.80213758702,-310.15036474080887,129235.6517728462,1822,0,258.64444444444445,39,6,13,36.95907517309596,0.610309829059829,45.49479166666668,1018.0208333333351,26.103098290598336,0
2091,4,1,1,44,0.022222222222222223,0.022222222222222223,0.9777777777777777,45,1300,1000,300,0.7692307692307693,16,10,6,336.97363867156207,0.44162457912457914,0.15347367720908545,0.18921494568095634,129692.62390318279,-259.40092289640586,129433.22298028639,1823,0,259.22222222222223,40,5,14,36.76959659449932,0.61015625,45.35060975609757,1018.597560975611,25.464939024390276,0
2092,4,0,2,42,0.0,0.045454545454545456,0.9545454545454546,44,850,600,250,0.7058823529411765,11,6,5,341.22086305433385,0.44108967582804787,0.14448651099523868,0.19185300909252398,129744.38707325362,54.29834671824716,129798.68541997187,1824,1,258.84090909090907,40,4,14,36.60889443059019,0.6106770833333333,45.29979674796749,1018.8008130081322,25.470020325203304,0
2093,4,1,0,43,0.023255813953488372,0.0,1.0,43,1250,1000,250,0.8,15,10,5,349.34220315396254,0.4391842008121078,0.1475396970727494,0.19622156258716847,129704.91672092024,462.2802734375105,130167.19699435776,1825,0,265.69767441860466,39,4,16,36.44214217540989,0.6119123931623931,45.33854166666667,1018.6458333333342,26.119123931623953,0
2094,4,0,0,43,0.0,0.0,1.0,43,1150,900,250,0.782608695652174,14,9,5,353.01530009283164,0.4386997046880768,0.14911108680870933,0.19868789790034966,129784.51063368046,563.1835937499955,130347.69422743046,1826,1,266.69767441860466,39,4,17,36.26771962107273,0.6127136752136753,45.260416666666664,1018.9583333333326,26.12713675213673,0
2095,4,0,1,42,0.0,0.023255813953488372,0.9767441860465116,43,1150,700,450,0.6086956521739131,16,7,9,352.77355184308186,0.4382152085640458,0.1496204829870864,0.19909123289137248,129890.673828125,564.3988715277779,130455.07269965278,1827,2,267.69767441860466,39,4,17,36.16603651474896,0.6137820512820513,45.15625,1019.375,26.137820512820515,0
2096,4,0,0,42,0.0,0.0,1.0,42,1000,400,600,0.4,16,4,12,353.26458040512847,0.4363385598141696,0.1504124388641508,0.19923307892012576,129864.1289605034,775.2794053819396,130639.40836588533,1828,3,274.35714285714283,39,3,17,36.18048458524953,0.6135149572649572,45.182291666666664,1019.2708333333327,26.135149572649556,0
2097,4,0,0,42,0.0,0.0,1.0,42,1200,900,300,0.75,15,9,6,331.8798881625499,0.4362175764614789,0.1552998310810807,0.17861172162929978,128009.35057345337,105.56197965179467,128114.91255310517,1829,4,275.35714285714283,38,4,18,38.612269496058545,0.5964912280701755,47.00854700854702,1011.9658119658138,26.63067926225826,8
2098,4,1,0,43,0.023255813953488372,0.0,1.0,43,1150,800,350,0.6956521739130435,15,8,7,329.65946563927,0.43717700258397935,0.1591438990853109,0.17860380520010605,128276.40109592021,-142.49403211804687,128133.90706380217,1830,0,269.93023255813955,39,4,19,38.39599400171378,0.5974893162393162,46.74479166666667,1013.020833333334,25.97489316239318,0
2099,4,1,2,42,0.022727272727272728,0.045454545454545456,0.9545454545454546,44,1350,700,650,0.5185185185185185,20,7,13,322.21676048734645,0.43794045102184637,0.16376797733876192,0.1760287622563879,128607.98306439626,-512.0704648357384,128095.91259956053,1831,0,264.77272727272725,40,4,15,38.246835654410035,0.59921875,46.41768292682927,1014.3292682926835,25.35823170731709,0
2100,4,1,0,43,0.023255813953488372,0.0,1.0,43,800,400,400,0.5,12,4,8,329.214687418965,0.43747692875599853,0.17231041196354546,0.1795464975923601,128540.3442382814,-136.52615017359608,128403.8180881078,1832,0,271.13953488372096,39,4,16,38.138268275980145,0.6001602564102564,46.48437500000001,1014.0625000000011,26.001602564102594,0
2101,4,1,0,44,0.022727272727272728,0.0,1.0,44,1150,600,550,0.5217391304347826,17,6,11,325.37646762019915,0.43981236786469347,0.17390127634798924,0.17914529151122044,128917.41569378352,-410.66133336637387,128506.75436041715,1833,0,265.95454545454544,40,4,17,37.8519130057707,0.60234375,46.112804878048784,1015.5487804878054,25.388719512195134,0
2102,4,0,0,44,0.0,0.0,1.0,44,1450,1100,350,0.7586206896551724,18,11,7,326.6674539148676,0.43943798449612403,0.1751804906435832,0.1804431604552956,129046.45568940457,-368.94457664087673,128677.51111276369,1834,1,266.95454545454544,40,4,17,37.687954257518165,0.6036458333333333,45.98577235772358,1016.0569105691067,25.401422764227668,0
2103,4,0,0,44,0.0,0.0,1.0,44,1700,1400,300,0.8235294117647058,20,14,6,329.664914537809,0.43954809725158567,0.17830269505131224,0.18305966414778704,129254.34570312522,-277.7824834031204,128976.5632197221,1835,2,267.95454545454544,39,5,18,37.40054975073415,0.6073717948717949,45.781250000000014,1016.8750000000017,26.07371794871799,0
2104,4,0,0,44,0.0,0.0,1.0,44,1350,900,450,0.6666666666666666,18,9,9,329.8049634816182,0.4390746124031008,0.18162039148524212,0.18375385500998148,129386.78521050389,-265.5192057291266,129121.26600477476,1836,3,268.95454545454544,39,5,19,37.26248677519538,0.6087072649572649,45.651041666666686,1017.3958333333367,26.087072649572736,0
2105,4,1,0,45,0.022222222222222223,0.0,1.0,45,1200,800,400,0.6666666666666666,16,8,8,329.11617108504095,0.43903619528619525,0.20178203337987832,0.18516940130744247,129770.27253123157,-458.10095677174957,129312.17157445982,1837,0,263.9555555555556,40,5,15,36.890958507879496,0.6109375,45.274390243902445,1018.9024390243916,25.472560975609788,0
2106,4,0,0,45,0.0,0.0,1.0,45,1200,800,400,0.6666666666666666,16,8,8,327.4525613529,0.43882575757575754,0.2011809746285127,0.1846458625323652,129857.80915375406,-495.5455561854359,129362.26359756863,1838,1,264.9555555555556,41,4,16,36.84462396989164,0.6102642276422765,45.18849206349206,1019.2460317460315,24.859659310878815,0
2107,4,1,1,45,0.021739130434782608,0.021739130434782608,0.9782608695652174,46,1450,1100,350,0.7586206896551724,18,11,7,338.4735981780983,0.439200885668277,0.20996551844850542,0.17965137134068293,127450.9220701963,-570.9857999923233,126879.93627020398,1839,0,260.17391304347825,40,6,15,39.01658111916267,0.5875,47.5609756097561,1009.7560975609756,25.24390243902439,8
2108,4,0,0,45,0.0,0.0,1.0,45,1750,1200,550,0.6857142857142857,23,12,11,341.0864795552651,0.43834175084175087,0.22401008538192713,0.18119635174182427,127486.1992730034,-303.23621961806157,127182.96305338533,1840,1,266.77777777777777,39,6,15,38.914496303936744,0.5894764957264957,47.526041666666664,1009.8958333333327,25.89476495726494,0
2109,4,0,1,44,0.0,0.022222222222222223,0.9777777777777777,45,1700,1300,400,0.7647058823529411,21,13,8,341.0512789562018,0.4372474747474748,0.23514793957271896,0.1819428067564628,127656.23967215265,-292.53523861459314,127363.70443353805,1841,2,267.77777777777777,40,5,15,38.7413264279968,0.5895833333333333,47.35772357723577,1010.5691056910555,25.26422764227639,0
2110,4,3,2,45,0.06382978723404255,0.0425531914893617,0.9574468085106383,47,1700,1400,300,0.8235294117647058,20,14,6,326.3481951418286,0.4410268270120259,0.2404686572644863,0.17656819287640946,128221.7151249256,-1029.1507617820107,127192.56436314358,1842,0,257.1489361702128,40,7,18,38.535604388253375,0.5953125,46.798780487804876,1012.8048780487802,25.320121951219505,0
2111,4,1,1,45,0.021739130434782608,0.021739130434782608,0.9782608695652174,46,1450,1200,250,0.8275862068965517,17,12,5,322.79917030902914,0.4420390499194847,0.235222527411179,0.17604761473156294,128540.34423828124,-901.4567057291665,127638.88753255206,1843,0,255.43478260869566,39,7,14,38.300911658962505,0.6001602564102564,46.484375,1014.0624999999999,26.001602564102562,0
2112,4,0,1,44,0.0,0.022222222222222223,0.9777777777777777,45,1650,1200,450,0.7272727272727273,21,12,9,330.31863421598763,0.44080387205387206,0.23909951254038386,0.1799099757596086,128487.53390842007,-511.6346571180651,127975.899251302,1844,1,262.0888888888889,39,6,15,38.16408524264528,0.5996260683760684,46.53645833333333,1013.8541666666661,25.996260683760667,0
2113,4,0,0,44,0.0,0.0,1.0,44,1450,1000,450,0.6896551724137931,19,10,9,330.02644222140316,0.4400325933756166,0.2421581806979216,0.18034778307250413,128619.580078125,-310.4275173611113,128309.15256076389,1845,2,267.79545454545456,39,5,16,38.0369856917916,0.6009615384615384,46.40625,1014.375,26.009615384615383,0
2114,4,1,0,45,0.022222222222222223,0.0,1.0,45,1400,1000,400,0.7142857142857143,18,10,8,321.4088284762692,0.44137205387205386,0.23607803901950963,0.1771914639062498,128969.02394614635,-709.6434207482454,128259.3805253981,1846,0,262.8222222222222,40,5,17,37.90020010005002,0.6028645833333333,46.06199186991869,1015.7520325203242,25.393800813008106,0
2115,4,0,0,45,0.0,0.0,1.0,45,1250,900,350,0.72,16,9,7,322.12034321509816,0.440993265993266,0.23808031298278354,0.1778154097803056,129020.64252635663,-687.9652695155061,128332.67725684113,1847,1,263.8222222222222,40,5,17,37.829682238004736,0.6033854166666667,46.011178861788615,1015.9552845528452,25.39888211382113,0
2116,4,0,1,44,0.0,0.022222222222222223,0.9777777777777777,45,1600,1200,400,0.75,20,12,8,324.58975111596357,0.441266835016835,0.24372014485991667,0.1797644900698708,129149.73416121358,-615.8639863837682,128533.8701748298,1848,2,264.8222222222222,40,5,18,37.6358061720989,0.6046875,45.88414634146341,1016.4634146341464,25.41158536585366,0
2117,4,0,1,43,0.0,0.022727272727272728,0.9772727272727273,44,900,800,100,0.8888888888888888,10,8,2,330.9897560006085,0.4399004580690627,0.24990682680033882,0.1831802069936438,129121.97401258688,-252.38986545138226,128869.58414713551,1849,3,271.3181818181818,39,5,18,37.50138789245327,0.6060363247863247,45.911458333333336,1016.3541666666673,26.060363247863265,0
2118,4,0,1,42,0.0,0.023255813953488372,0.9767441860465116,43,800,400,400,0.5,12,4,8,337.49653396957416,0.4407530454042082,0.2508459326774508,0.18664343204177836,129092.79348381906,113.67407224778489,129206.46755606684,1850,4,276.3953488372093,38,5,19,37.36573976731147,0.6074561403508771,45.94017094017094,1016.2393162393156,26.74313990103462,0
2119,4,2,1,43,0.045454545454545456,0.022727272727272728,0.9772727272727273,44,950,700,250,0.7368421052631579,12,7,5,345.12239143002137,0.44513081395348836,0.250636513404223,0.18538875362656906,127933.68055555562,49.7429505442372,127983.42350609986,1851,0,252.45454545454547,39,5,19,38.35461285008238,0.594017094017094,47.083333333333336,1011.6666666666672,25.940170940170955,8
2120,4,1,0,44,0.022727272727272728,0.0,1.0,44,1250,800,450,0.64,17,8,9,347.9183363872073,0.44380946088794926,0.27458758218827617,0.18813663670212158,128200.0471298857,120.97664666047132,128321.02377654618,1852,0,253.25,37,7,20,38.01158510177567,0.6002252252252251,46.82017543859647,1012.7192982456106,27.370791844475963,0
2121,4,1,0,45,0.022222222222222223,0.0,1.0,45,1000,700,300,0.7,13,7,6,342.89238445789493,0.4450126262626262,0.27391487568478756,0.1870537076594444,128550.50131492407,-184.20241617360836,128366.29889875047,1853,0,248.6,38,7,19,37.78115781710913,0.6019736842105263,46.47435897435896,1014.1025641025615,26.686909581646354,0
2122,4,1,2,44,0.021739130434782608,0.043478260869565216,0.9565217391304348,46,2250,1700,550,0.7555555555555555,28,17,11,339.04853618595035,0.44639694041867956,0.28442282760960924,0.1867944360883341,128943.21852898378,-456.39810132860913,128486.82042765517,1854,0,244.17391304347825,40,6,20,37.478528783937016,0.6026041666666666,46.087398373983724,1015.6504065040626,25.391260162601565,0
2123,4,0,0,44,0.0,0.0,1.0,44,1400,1100,300,0.7857142857142857,17,11,6,350.6723137905977,0.44471238548273434,0.2797837807585404,0.19265233202949042,128830.99500868033,235.49262152775697,129066.48763020808,1855,1,254.88636363636363,39,5,20,37.297780285929264,0.6030982905982907,46.19791666666666,1015.2083333333316,26.03098290598286,0
2124,4,0,0,44,0.0,0.0,1.0,44,950,600,350,0.631578947368421,13,6,7,350.6723137905977,0.4445031712473573,0.2797837807585404,0.19265233202949042,128830.99500868033,235.49262152775697,129066.48763020808,1856,2,255.88636363636363,39,5,20,37.297780285929264,0.6030982905982907,46.19791666666666,1015.2083333333316,26.03098290598286,0
2125,4,3,3,44,0.06382978723404255,0.06382978723404255,0.9361702127659575,47,1350,800,550,0.5925925925925926,19,8,11,327.8411217088704,0.4472517730496454,0.2666599434793877,0.18322390926089335,129508.13140822158,-905.7233656028957,128602.40804261868,1857,0,240.48936170212767,37,10,20,37.189284175374354,0.6134572072072072,45.53179824561403,1017.8728070175424,27.510075865338983,0
2126,4,0,0,44,0.0,0.0,1.0,44,1700,1400,300,0.8235294117647058,20,14,6,349.5087203437076,0.44434901338971106,0.27644136671202535,0.19304122640048227,129042.58355034699,220.3016493055298,129262.88519965252,1858,4,257.8863636363636,39,5,21,37.11169776501948,0.6052350427350428,45.98958333333332,1016.0416666666647,26.052350427350376,0
2127,4,1,0,45,0.022222222222222223,0.0,1.0,45,1500,1200,300,0.8,18,12,6,344.4699414087525,0.4444444444444444,0.26921501706484663,0.19188154530943838,129377.9538001544,-86.14848572529706,129291.8053144291,1859,0,253.13333333333333,35,10,22,36.89846416382253,0.6160714285714286,45.65972222222223,1017.3611111111118,29.067460317460338,0
2128,4,0,1,44,0.0,0.022222222222222223,0.9777777777777777,45,1150,800,350,0.6956521739130435,15,8,7,347.2720594256886,0.4442340067340067,0.2767218595960712,0.19412443692942485,129516.4267941929,-4.512747544835776,129511.91404664806,1860,1,254.13333333333333,36,9,21,36.68639598775676,0.6154513888888888,45.52364864864865,1017.9054054054059,28.275150150150164,0
2129,4,2,0,46,0.043478260869565216,0.0,1.0,46,1000,500,500,0.5,15,5,10,362.9233876259201,0.4460950080515298,0.30814637800049893,0.20018262874027007,128989.67013888896,249.48867786706484,129239.15881675603,1861,0,249.54347826086956,34,12,20,36.82492480175006,0.6142769607843137,46.04166666666667,1015.8333333333339,29.877450980392176,8
2130,4,0,0,46,0.0,0.0,1.0,46,1550,1200,350,0.7741935483870968,19,12,7,359.7823165815641,0.44593397745571656,0.30220955096222357,0.19951564828613993,129201.38888888882,96.87499999999,129298.2638888888,1862,1,250.54347826086956,34,12,21,36.68886612021858,0.616421568627451,45.83333333333333,1016.6666666666661,29.901960784313708,0
2131,4,1,0,47,0.02127659574468085,0.0,1.0,47,1100,600,500,0.5454545454545454,16,6,10,353.5942336351247,0.4463845205057046,0.30612654675649864,0.19770256101849454,129525.18332315233,-240.12841328019113,129285.05490987214,1863,0,246.19148936170214,35,12,17,36.51660507864316,0.6175595238095238,45.51504629629629,1017.9398148148141,29.083994708994688,0
2132,4,1,0,48,0.020833333333333332,0.0,1.0,48,1250,700,550,0.56,18,7,11,346.427495362875,0.4470209072104019,0.3032064737074678,0.1955025990040367,129889.23890106336,-600.5592585828913,129288.67964248048,1864,0,242.04166666666666,36,12,20,36.32921822065106,0.619212962962963,45.157657657657666,1019.3693693693705,28.315815815815846,0
2133,4,0,1,47,0.0,0.020833333333333332,0.9791666666666666,48,1600,1200,400,0.75,20,12,8,348.7038638264931,0.4465684101654846,0.303279593639576,0.1973663869257952,130004.05811216628,-533.4165246327298,129470.64158753355,1865,1,243.04166666666666,36,12,20,36.15466725559483,0.6203703703703703,45.04504504504505,1019.8198198198203,28.32832832832834,0
2134,4,0,0,47,0.0,0.0,1.0,47,1500,1000,500,0.6666666666666666,20,10,10,351.3328641978421,0.4460568917668825,0.2998257864263678,0.19973515780180992,130176.38204082481,-252.95176933688083,129923.43027148793,1866,2,247.27659574468086,36,11,20,35.91278599279042,0.6221064814814814,44.87612612612614,1020.4954954954972,28.347097097097144,0
2135,4,0,1,46,0.0,0.02127659574468085,0.9787234042553191,47,950,700,250,0.7368421052631579,12,7,5,349.83492683161575,0.44623034227567066,0.2920545024325416,0.1994760109619703,130292.12648158852,-283.8241595144149,130008.3023220741,1867,3,248.27659574468086,35,12,20,35.83364036579375,0.625297619047619,44.762731481481474,1020.949074074073,29.169973544973516,0
2136,4,0,1,45,0.0,0.021739130434782608,0.9782608695652174,46,1450,1200,250,0.8275862068965517,17,12,5,356.6847147022074,0.4455213365539452,0.2953859804791483,0.20322733744660657,130262.5868055555,92.53472222221671,130355.12152777772,1868,4,254.32608695652175,34,12,21,35.68877551020408,0.6271446078431373,44.791666666666664,1020.8333333333329,30.024509803921557,0
2137,4,0,0,45,0.0,0.0,1.0,45,1300,800,500,0.6153846153846154,18,8,10,357.88956453040925,0.4455176767676768,0.3055568508587858,0.2043925888509887,130353.7485827664,330.44926303854226,130684.19784580494,1869,5,259.97777777777776,34,11,22,35.565545581720684,0.6280637254901961,44.70238095238095,1021.1904761904759,30.035014005602232,0
2138,4,0,1,44,0.0,0.022222222222222223,0.9777777777777777,45,1700,1400,300,0.8235294117647058,20,14,6,360.6682827685055,0.4447180134680135,0.3123334498698678,0.20646394492572012,130444.94224773237,409.4706632652975,130854.41291099766,1870,6,260.97777777777776,34,11,23,35.40209959989123,0.6289828431372548,44.613095238095234,1021.5476190476186,30.0455182072829,0
2139,4,0,0,44,0.0,0.0,1.0,44,1350,1000,350,0.7407407407407407,17,10,7,362.44687383796173,0.4441838442565187,0.3056706426219493,0.20784608212248468,130512.91120001936,660.7993319877124,131173.71053200707,1871,7,257.75,33,11,19,35.28773886623492,0.6319444444444444,44.54656862745099,1021.8137254901972,30.964052287581733,0
2140,4,0,0,44,0.0,0.0,1.0,44,1250,500,750,0.4,20,5,15,361.64090647297866,0.4432148520084567,0.30118607869416936,0.20822429832326178,130669.48596993955,651.0862709054304,131320.57224084498,1872,8,258.75,33,11,19,35.14960146230372,0.6335227272727273,44.39338235294118,1022.4264705882362,30.98262032085564,0
2141,4,0,1,43,0.0,0.022727272727272728,0.9772727272727273,44,900,600,300,0.6666666666666666,12,6,6,361.64090647297866,0.44326990838618746,0.30118607869416936,0.20822429832326178,130669.48596993955,651.0862709054304,131320.57224084498,1873,9,259.75,33,11,19,35.14960146230372,0.6335227272727273,44.39338235294118,1022.4264705882362,30.98262032085564,0
2142,4,0,0,43,0.0,0.0,1.0,43,1550,1400,150,0.9032258064516129,17,14,3,365.61933552802566,0.441422111480251,0.30168804241070135,0.2105821749008503,130681.82615294371,955.9604887256626,131637.78664166937,1874,10,266.5581395348837,32,11,20,35.035399687165565,0.6360677083333333,44.38131313131314,1022.4747474747486,31.952335858585894,0
2143,4,0,0,43,0.0,0.0,1.0,43,1000,400,600,0.4,16,4,12,364.3095232649532,0.4412606127722407,0.2965640187975642,0.21035434411756146,130778.66934815333,928.7829366901433,131707.4522848435,1875,11,267.5581395348837,32,11,20,34.97073406575319,0.6370442708333333,44.286616161616166,1022.853535353536,31.964172979798,0
2144,4,0,0,43,0.0,0.0,1.0,43,1000,600,400,0.6,14,6,8,365.0613345017849,0.4413528977482466,0.2973083840838091,0.21185055395890984,130972.46334876554,962.5964506172977,131935.05979938284,1876,12,268.5581395348837,32,11,20,34.7552012663953,0.6389973958333333,44.09722222222223,1023.611111111112,31.98784722222225,0
2145,4,0,1,42,0.0,0.023255813953488372,0.9767441860465116,43,1250,800,450,0.64,17,8,9,368.77533323885865,0.4410068290882245,0.3026610431426746,0.21472625469493065,131101.73906042756,1069.4175020406126,132171.15656246818,1877,13,269.5581395348837,32,11,20,34.52924012657708,0.6402994791666667,43.9709595959596,1024.116161616162,32.00363005050506,0
2146,4,0,0,42,0.0,0.0,1.0,42,1350,800,550,0.5925925925925926,19,8,11,377.47493797386784,0.43953252032520324,0.3107351818875608,0.21918079485602263,130994.67807345912,1489.441596137143,132484.11966959626,1878,14,276.5952380952381,31,11,20,34.415013143390155,0.6418010752688172,44.07552083333333,1023.697916666666,33.022513440860195,0
2147,4,0,0,42,0.0,0.0,1.0,42,1450,1000,450,0.6896551724137931,19,10,9,375.28639077503465,0.43906068524970965,0.3106620652075205,0.21847723637643565,131094.6676466199,1439.6089341905279,132534.27658081043,1879,15,277.5952380952381,31,11,20,34.369702267429545,0.6428091397849462,43.97786458333333,1024.0885416666658,33.0351142473118,0
2148,4,0,1,41,0.0,0.023809523809523808,0.9761904761904762,42,1100,700,400,0.6363636363636364,15,7,8,376.7540341008986,0.4387461285327139,0.3135187976296405,0.21971267503867797,131161.34855482302,1483.113437228713,132644.46199205174,1880,16,278.5952380952381,31,11,20,34.264570357188255,0.643481182795699,43.91276041666666,1024.3489583333323,33.043514784946204,0
2149,4,0,0,41,0.0,0.0,1.0,41,1100,900,200,0.8181818181818182,13,9,4,378.3767027410154,0.4369410569105691,0.3202776830817864,0.2212351151984987,131261.40170627178,1733.2512749566065,132994.65298122837,1881,17,283.8780487804878,31,10,21,34.12166454891995,0.644489247311828,43.81510416666667,1024.739583333334,33.05611559139787,0
2150,4,0,0,41,0.0,0.0,1.0,41,900,700,200,0.7777777777777778,11,7,4,377.5881080784409,0.43671239837398373,0.3240962474403102,0.22135153945655717,131361.49300469283,1720.1075236002557,133081.6005282931,1882,18,284.8780487804878,31,10,21,34.040523519200654,0.645497311827957,43.717447916666664,1025.1302083333328,33.06871639784944,0
2151,4,0,0,41,0.0,0.0,1.0,41,900,400,500,0.4444444444444444,14,4,10,377.4143032157034,0.43610264227642276,0.32457547841925005,0.2214426396065907,131394.86524793826,1718.0603027343661,133112.92555067263,1883,19,285.8780487804878,31,10,21,34.01119718906105,0.6458333333333333,43.68489583333333,1025.2604166666658,33.07291666666664,0
2152,4,0,0,41,0.0,0.0,1.0,41,1100,700,400,0.6363636363636364,15,7,8,377.36515791621315,0.4358231707317073,0.3229570538468207,0.22180059580209677,131461.62245008687,1721.8071831597329,133183.4296332466,1884,20,286.8780487804878,31,10,21,33.94489588623667,0.646505376344086,43.61979166666667,1025.520833333334,33.081317204301094,0
2153,4,0,0,41,0.0,0.0,1.0,41,1200,700,500,0.5833333333333334,17,7,10,376.78728677769874,0.434984756097561,0.3165450355290955,0.22256737405008242,131651.87225793282,1720.9503494541334,133372.82260738694,1885,21,287.8780487804878,32,9,21,33.76727567257219,0.6458333333333333,43.43434343434343,1026.2626262626259,32.07070707070706,0
2154,4,0,2,39,0.0,0.04878048780487805,0.9512195121951219,41,1150,800,350,0.6956521739130435,15,8,7,374.8816366532528,0.4348069105691057,0.31327859951825454,0.22200747178642374,131749.0741537853,1678.0617092643588,133427.13586304965,1886,22,288.8780487804878,32,9,21,33.71792112491289,0.6468098958333333,43.339646464646464,1026.641414141414,32.08254419191919,0
2155,4,0,0,39,0.0,0.0,1.0,39,800,400,400,0.5,12,4,8,385.0183097305954,0.4348571749887539,0.3020795733541455,0.22808935929569843,131762.23966810445,2346.1749606662424,134108.4146287707,1887,23,290.12820512820514,31,8,22,33.44443563728598,0.6495295698924731,43.32682291666667,1026.692708333334,33.11911962365593,0
2156,4,0,0,39,0.0,0.0,1.0,39,850,600,250,0.7058823529411765,11,6,5,384.7163388865594,0.43451979307242466,0.29746189594098316,0.22891492562707075,131929.39758300805,2351.07896592885,134280.4765489369,1888,24,291.12820512820514,31,8,22,33.28316434305027,0.6512096774193548,43.164062500000014,1027.3437500000018,33.14012096774199,0
2157,4,0,0,39,0.0,0.0,1.0,39,1100,700,400,0.6363636363636364,15,7,8,385.262957943657,0.43415429599640126,0.2973553327031093,0.22984735654189614,132029.74319458017,2373.23387993708,134402.97707451726,1889,25,292.12820512820514,31,8,22,33.16770661767812,0.6522177419354839,43.06640625000001,1027.7343750000007,33.15272177419357,0
2158,4,0,1,38,0.0,0.02564102564102564,0.9743589743589743,39,1100,800,300,0.7272727272727273,14,8,6,384.3933674524924,0.4335076473234368,0.2950748453510883,0.2303814553274875,132203.15728305807,2363.603363177257,134566.7606462353,1890,26,293.12820512820514,32,7,22,33.01488643339472,0.6513671875,42.89772727272729,1028.4090909090928,32.13778409090915,0
2159,4,0,0,38,0.0,0.0,1.0,38,1200,700,500,0.5833333333333334,17,7,10,384.82918304884873,0.43373636794689424,0.28588986071050315,0.23121942017254415,132297.51798841698,2582.3891533745846,134879.90714179157,1891,27,293.1842105263158,31,7,22,32.90841349196306,0.6549059139784946,42.80598958333334,1028.7760416666677,33.18632392473121,0
2160,4,0,0,38,0.0,0.0,1.0,38,950,600,350,0.631578947368421,13,6,7,405.7798060805256,0.4330547652916074,0.2547775597694708,0.22798803681096935,129716.28578514761,2932.442085110436,132648.72787025804,1892,28,294.1842105263158,34,4,15,34.99328035526469,0.6216299019607843,45.32738095238096,1018.690476190478,29.961484593837586,8
2161,4,1,0,39,0.02564102564102564,0.0,1.0,39,1000,800,200,0.8,12,8,4,398.3448120437248,0.4343229869545659,0.25064822817631804,0.2254217173357267,129996.88042534742,2556.7165798611322,132553.59700520855,1893,0,287.61538461538464,35,4,16,34.89636533878106,0.6223214285714286,45.05208333333334,1019.7916666666682,29.136904761904805,0
2162,4,2,1,40,0.04878048780487805,0.024390243902439025,0.975609756097561,41,1150,800,350,0.6956521739130435,15,8,7,381.252939884108,0.43704268292682924,0.24518971643267173,0.21911466742291358,130598.60365689461,1758.2203177901113,132356.82397468472,1894,0,274.5365853658537,37,4,15,34.72028534649217,0.6244369369369369,44.462719298245624,1022.149122807019,27.62565196775727,0
2163,4,0,0,40,0.0,0.0,1.0,40,1500,1200,300,0.8,18,12,6,392.14459950318707,0.43584401709401704,0.2545306819433737,0.225427265971528,130607.69120049097,2243.4201515704854,132851.11135206145,1895,1,282.4,36,4,15,34.43272373397967,0.6264467592592593,44.453828828828826,1022.1846846846842,28.394019019019005,0
2164,4,0,1,39,0.0,0.025,0.975,40,1200,1100,100,0.9166666666666666,13,11,2,376.13735264300965,0.43584401709401704,0.21836303939962454,0.20668165872033417,128838.54875283445,1735.458239023634,130574.00699185808,1896,2,283.4,34,6,15,36.643751954346456,0.6127450980392157,46.19047619047619,1015.2380952380952,29.859943977591033,8
2165,4,0,0,39,0.0,0.0,1.0,39,1400,1100,300,0.7857142857142857,17,11,6,384.5592842383899,0.43370445344129555,0.21951219512195097,0.21130937989594004,128838.54875283447,2109.2120181405885,130947.76077097506,1897,3,291.5897435897436,34,5,16,36.42999530956847,0.6127450980392157,46.19047619047619,1015.2380952380953,29.859943977591037,0
2166,4,1,0,40,0.025,0.0,1.0,40,1200,700,500,0.5833333333333334,17,7,10,383.5975555996383,0.4347355769230769,0.21919014084507027,0.2095032803659564,128596.93877551025,1971.5773809523848,130568.51615646263,1898,0,285.275,34,6,13,36.70163341158059,0.6102941176470589,46.42857142857143,1014.2857142857147,29.831932773109255,8
2167,4,0,0,40,0.0,0.0,1.0,40,1250,600,650,0.48,19,6,13,382.9780534096893,0.43490918803418804,0.21727475363678983,0.20980108787044965,128717.71541950128,1859.2120181406049,130576.92743764189,1899,1,286.275,34,6,15,36.59373533552321,0.6115196078431373,46.30952380952382,1014.7619047619061,29.84593837535018,0
2168,4,1,0,41,0.024390243902439025,0.0,1.0,41,1050,600,450,0.5714285714285714,15,6,9,373.99189662404217,0.4370172764227642,0.22196538857973103,0.20662522721601426,129054.34355977798,1453.0557430984225,130507.3993028764,1900,0,280.2682926829268,35,6,18,36.47779264912479,0.612797619047619,45.97800925925926,1016.0879629629632,29.031084656084662,0
2169,4,0,1,40,0.0,0.024390243902439025,0.975609756097561,41,1050,800,250,0.7619047619047619,13,8,5,372.70309101004534,0.4371951219512195,0.21990383894272836,0.20621964978949006,129113.15164448298,1424.1741415895003,130537.32578607247,1901,1,281.2682926829268,35,6,18,36.45050392893747,0.6133928571428571,45.920138888888886,1016.319444444444,29.0376984126984,0
2170,4,0,0,40,0.0,0.0,1.0,40,800,500,300,0.625,11,5,6,373.5571004250273,0.4352964743589744,0.23828854475062666,0.20684605649007504,129142.56071030519,1648.4241040809306,130790.98481438612,1902,2,288.05,35,5,18,36.39878919000987,0.6136904761904762,45.8912037037037,1016.435185185185,29.041005291005284,0
2171,4,1,1,40,0.024390243902439025,0.024390243902439025,0.975609756097561,41,1250,1100,150,0.88,14,11,3,341.91984691806834,0.4368140243902439,0.1152495079598399,0.19349105788022442,129996.880425347,708.041704175216,130704.92212952222,1903,0,282.0,35,6,18,36.33490806945863,0.6223214285714286,45.05208333333332,1019.7916666666648,29.13690476190471,8
2172,4,0,0,40,0.0,0.0,1.0,40,800,600,200,0.75,10,6,4,349.1030964897368,0.4351095085470085,0.1256073334090133,0.1972578048093707,129937.871401856,1072.3426515346207,131010.21405339062,1904,1,289.975,35,5,18,36.211663261058774,0.6217261904761905,45.109953703703695,1019.5601851851841,29.130291005290974,0
2173,4,0,0,40,0.0,0.0,1.0,40,1250,900,350,0.72,16,9,7,349.8324510648522,0.43514957264957266,0.12742850658193383,0.1981184806416115,130026.38996056226,1097.4901406035472,131123.8801011658,1905,2,290.975,35,5,18,36.103230443334844,0.6226190476190476,45.02314814814814,1019.9074074074061,29.140211640211604,0
2174,4,0,0,40,0.0,0.0,1.0,40,1000,700,300,0.7,13,7,6,348.66897671615084,0.4348824786324786,0.13101179673321295,0.198058356876906,130144.46159122066,1075.4672496570452,131219.92884087772,1906,3,291.975,35,5,19,36.0131200846945,0.6238095238095238,44.9074074074074,1020.3703703703688,29.15343915343911,0
2175,4,0,0,40,0.0,0.0,1.0,40,1250,700,550,0.56,18,7,11,349.8007013380967,0.4341880341880342,0.12727272727272743,0.19915788674174034,130233.84871357834,1111.1783235938497,131345.0270371722,1907,4,292.975,36,4,20,35.89359922035893,0.6226851851851851,44.81981981981981,1020.7207207207199,28.35335335335333,0
2176,4,0,0,40,0.0,0.0,1.0,40,1200,1000,200,0.8333333333333334,14,10,4,351.23033481900296,0.4342815170940171,0.1345243646537655,0.20058946818091922,130353.74858276639,1156.8444927276903,131510.59307549408,1908,5,293.975,34,6,20,35.73555413072201,0.6280637254901961,44.70238095238095,1021.1904761904758,30.03501400560223,0
2177,4,2,0,42,0.047619047619047616,0.0,1.0,42,1000,600,400,0.6,14,6,8,336.5147384186979,0.43570944638017806,0.15678989070609006,0.1957727777633536,131068.5405633673,421.2991285203988,131489.8396918877,1909,0,280.92857142857144,36,6,15,35.38871476227134,0.6310763888888888,44.00337837837837,1023.9864864864857,28.444069069069045,0
2178,4,0,1,41,0.0,0.023809523809523808,0.9761904761904762,42,1350,900,450,0.6666666666666666,18,9,9,338.5739162895729,0.43555216802168023,0.1508700858620604,0.19787199798161684,131243.84576263823,487.1485697521955,131730.99433239043,1910,1,281.92857142857144,37,5,17,35.15906456215443,0.6309121621621622,43.832236842105246,1024.6710526315767,27.693812233285858,0
2179,4,0,0,41,0.0,0.0,1.0,41,1550,1100,450,0.7096774193548387,20,11,9,337.3634746159382,0.43470528455284557,0.14084198388245528,0.19774364414949236,131356.22409058546,662.9584343259337,132019.1825249114,1911,2,282.5365853658537,37,4,18,35.07672389203837,0.6320382882882882,43.72258771929824,1025.109649122806,27.70566619250827,0
2180,4,1,0,42,0.023809523809523808,0.0,1.0,42,1350,1200,150,0.8888888888888888,15,12,3,332.4397891542647,0.43587882307394504,0.14377918562803038,0.19639708576973344,131656.8560979619,353.595496383964,132010.45159434585,1912,0,276.7857142857143,38,4,14,34.9000624609619,0.6332236842105263,43.42948717948718,1026.2820512820515,27.00742240215925,0
2181,4,1,0,43,0.023255813953488372,0.0,1.0,43,1100,800,300,0.7272727272727273,14,8,6,323.3003724949664,0.4371539313399779,0.14025160791414382,0.1925745697035236,131969.53125000012,-66.84027777776322,131902.69097222236,1913,0,271.3255813953488,39,4,16,34.82022168153556,0.6346153846153846,43.12500000000001,1027.500000000001,26.346153846153868,0
2182,4,0,0,43,0.0,0.0,1.0,43,1350,900,450,0.6666666666666666,18,9,9,328.474833422127,0.43620801033591733,0.1527296717796469,0.19648767308341777,132130.126953125,80.28428819444503,132210.41124131944,1914,1,272.3255813953488,39,4,16,34.5259202971969,0.6362179487179487,42.96875,1028.125,26.362179487179485,0
2183,4,0,1,42,0.0,0.023255813953488372,0.9767441860465116,43,1700,1400,300,0.8235294117647058,20,14,6,330.9347801144095,0.43528516057585825,0.15629413426231076,0.19936802606892462,132398.00347222213,163.29210069443474,132561.29557291657,1915,2,273.3255813953488,38,5,18,34.19365721997301,0.640625,42.70833333333333,1029.1666666666658,27.08333333333331,0
2184,4,0,0,42,0.0,0.0,1.0,42,1500,1200,300,0.8,18,12,6,369.8964854502671,0.43308410762679056,0.15092001283060674,0.21046723370741718,130209.42382812529,1237.1419270833621,131446.56575520866,1916,3,280.54761904761904,39,3,22,35.40560998843302,0.6169871794871795,44.843750000000014,1020.6250000000023,26.169871794871852,8
2185,4,0,1,41,0.0,0.023809523809523808,0.9761904761904762,42,1000,800,200,0.8,12,8,4,369.15582655971076,0.4331808943089431,0.14940806840818155,0.21049279548049202,130292.12648158878,1219.6629318844443,131511.78941347322,1917,4,281.54761904761904,35,7,22,35.34049899860183,0.625297619047619,44.76273148148149,1020.9490740740752,29.169973544973576,0
2186,4,1,0,42,0.023809523809523808,0.0,1.0,42,1500,1300,200,0.8666666666666667,17,13,4,357.79258144318794,0.43494725125822686,0.16206848503849258,0.20587595982139922,130644.58832137135,948.7329014172176,131593.32122278857,1918,0,280.9761904761905,38,4,21,35.27319120771937,0.6230811403508771,44.41773504273505,1022.3290598290613,26.903396311291086,0
2187,4,0,0,42,0.0,0.0,1.0,42,1150,900,250,0.782608695652174,14,9,5,356.7153920343998,0.4347415795586527,0.15817463634011886,0.2056915501538122,130726.51855504455,926.4322631310188,131652.95081817557,1919,1,281.9761904761905,38,4,21,35.217735757069235,0.6239035087719298,44.337606837606856,1022.6495726495755,26.911830859199355,0
2188,4,0,1,41,0.0,0.023809523809523808,0.9761904761904762,42,1150,700,450,0.6086956521739131,16,7,9,357.5517727982327,0.434245547812621,0.15544697252269035,0.20661184215709616,130808.47447083447,954.1603888158613,131762.63485965034,1920,2,282.9761904761905,38,4,21,35.11335944299392,0.6247258771929824,44.257478632478644,1022.9700854700872,26.920265407107557,0
2189,4,0,0,41,0.0,0.0,1.0,41,650,400,250,0.6153846153846154,9,4,5,361.433002585199,0.4329776422764227,0.14694265900970005,0.2090843984576872,130850.90033712306,1258.7667599646127,132109.6670970877,1921,3,278.780487804878,37,4,21,34.97113117565105,0.6269707207207207,44.21600877192983,1023.1359649122816,27.652323376007608,0
2190,4,0,0,41,0.0,0.0,1.0,41,1350,1000,350,0.7407407407407407,17,10,7,358.98587732363217,0.431885162601626,0.14819472482377494,0.20832487526576143,130972.46334876552,1203.4529320987776,132175.9162808643,1922,4,279.780487804878,38,3,21,34.91067390321122,0.6263706140350878,44.09722222222223,1023.6111111111119,26.937134502923996,0
2191,4,0,1,40,0.0,0.024390243902439025,0.975609756097561,41,1150,700,450,0.6086956521739131,16,7,9,351.21342228473947,0.4320884146341464,0.1360389511279343,0.20483176963905617,131163.9135437213,1013.3053911900181,132177.21893491133,1923,5,280.780487804878,38,3,21,34.9160408844389,0.6282894736842105,43.910256410256416,1024.358974358975,26.95681511470987,0
2192,4,0,0,40,0.0,0.0,1.0,40,900,700,200,0.7777777777777778,11,7,4,354.2782180940863,0.4318910256410256,0.14414294651235537,0.20706169346376474,131246.006430802,1299.5202580538953,132545.5266888559,1924,6,286.175,38,2,21,34.75458763424043,0.6291118421052632,43.8301282051282,1024.6794871794862,26.965249662618056,0
2193,4,0,1,39,0.0,0.025,0.975,40,1200,700,500,0.5833333333333334,17,7,10,353.8844952521002,0.431383547008547,0.14797571932827047,0.20742734458381695,131356.22409058534,1297.0118942207246,132653.23598480606,1925,7,287.175,37,3,21,34.6533274503512,0.6320382882882882,43.72258771929823,1025.1096491228052,27.70566619250825,0
2194,4,0,0,39,0.0,0.0,1.0,39,1450,1200,250,0.8275862068965517,17,12,5,362.2826022298801,0.430921052631579,0.1503457848809302,0.21203853995257885,131300.02891514672,1713.5432296475537,133013.57214479428,1926,8,295.12820512820514,37,2,21,34.49491369779964,0.6314752252252251,43.77741228070174,1024.890350877191,27.699739212897054,0
2195,4,0,0,39,0.0,0.0,1.0,39,1100,700,400,0.6363636363636364,15,7,8,361.9420127840817,0.42965587044534415,0.15455558933819757,0.2129565796148202,131501.32395909424,1719.1737812377683,133220.497740332,1927,9,296.12820512820514,36,3,21,34.30020311813789,0.6354166666666667,43.58108108108108,1025.6756756756758,28.490990990990994,0
2196,4,0,1,38,0.0,0.02564102564102564,0.9743589743589743,39,1250,900,350,0.72,16,9,7,361.1353223296316,0.4291497975708502,0.15107156525066956,0.21312597519867885,131616.85333982628,1706.2989509779993,133323.15229080428,1928,10,297.12820512820514,36,3,20,34.20420873573309,0.6365740740740741,43.468468468468465,1026.1261261261259,28.503503503503495,0
2197,4,0,0,38,0.0,0.0,1.0,38,1350,900,450,0.6666666666666666,18,9,9,359.029452069076,0.42809091986723563,0.13746924915976555,0.21220456719569136,131674.6370525931,1855.0145584773948,133529.6516110705,1929,11,296.7368421052632,36,2,20,34.19990307951138,0.6371527777777778,43.41216216216216,1026.3513513513512,28.509759759759756,0
2198,4,0,0,38,0.0,0.0,1.0,38,1200,900,300,0.75,15,9,6,356.2593386062205,0.4278242057847321,0.02605745988202912,0.2001648824985838,129716.28578514747,1668.8831723339526,131385.16895748142,1930,12,297.7368421052632,34,4,20,36.25443107007907,0.6216299019607843,45.327380952380956,1018.6904761904768,29.961484593837554,8
2199,4,0,0,38,0.0,0.0,1.0,38,900,500,400,0.5555555555555556,13,5,8,363.79783380774523,0.42743895211000477,0.04531611267185398,0.19110670326823725,127032.00113378673,1670.2310090702767,128702.23214285701,1931,13,298.7368421052632,34,4,20,38.807618878916685,0.5943627450980392,47.97619047619047,1008.0952380952372,29.649859943977564,7
2200,4,2,1,39,0.05,0.025,0.975,40,1100,800,300,0.7272727272727273,14,8,6,350.6679720553799,0.43186431623931626,0.044255212398261135,0.1864339680714109,127518.18700034496,943.3088071179361,128461.4958074629,1932,0,284.75,36,4,16,38.63980562678857,0.5951967592592593,47.49436936936937,1010.0225225225226,28.056181181181184,0
2201,4,1,0,40,0.025,0.0,1.0,40,1350,900,450,0.6666666666666666,18,9,9,349.7226392924035,0.4312633547008547,0.05141519946512174,0.1865880478602872,127660.4032241702,929.1466297378576,128589.54985390806,1933,0,285.725,36,4,18,38.517987148057365,0.5966435185185186,47.35360360360361,1010.5855855855862,28.07182182182184,0
2202,4,1,0,41,0.024390243902439025,0.0,1.0,41,1100,800,300,0.7272727272727273,14,8,6,341.993481362186,0.4340701219512195,0.05447709335721895,0.18429315974631294,128061.27997316488,559.2245931440519,128620.50456630894,1934,0,279.7317073170732,37,4,20,38.30333929151772,0.5988175675675675,46.95723684210527,1012.1710526315794,27.355974395448094,0
2203,4,3,3,41,0.06818181818181818,0.06818181818181818,0.9318181818181819,44,1250,1000,250,0.8,15,10,5,318.9168678945714,0.43670718816067655,0.06056269575548123,0.17524339939678554,128839.3438966798,-582.1108417974697,128257.23305488232,1935,0,261.59090909090907,37,7,16,38.09525416711669,0.6067004504504505,46.189692982456144,1015.2412280701758,27.438952110004752,0
2204,4,2,1,42,0.046511627906976744,0.023255813953488372,0.9767441860465116,43,1200,1000,200,0.8333333333333334,14,10,4,325.2383218479346,0.4363002953119232,0.06768250714655322,0.17859171907877686,128811.51532202208,-221.11178439520742,128590.40353762687,1936,0,268.5348837209302,37,6,18,37.96311298336574,0.6064189189189189,46.21710526315789,1015.1315789473678,27.43598862019913,0
2205,4,0,0,42,0.0,0.0,1.0,42,1200,900,300,0.75,15,9,6,331.55339767870436,0.43520131629887726,0.07285349053740564,0.18193181993549276,128783.689753097,139.7339806478809,128923.42373374489,1937,1,274.2142857142857,37,5,18,37.831168305066434,0.6061373873873874,46.244517543859644,1015.0219298245605,27.433025130393528,0
2206,4,0,0,42,0.0,0.0,1.0,42,600,300,300,0.5,9,3,6,332.1235813014009,0.4348746612466125,0.07956392060063755,0.1826285251099151,128867.17547706973,159.96556632808202,129027.14104339782,1938,2,275.2142857142857,37,5,18,37.73173146148308,0.6069819819819819,46.162280701754376,1015.3508771929813,27.441915599810308,0
2207,4,0,0,42,0.0,0.0,1.0,42,1050,500,550,0.47619047619047616,16,5,11,333.67538353959367,0.4340882694541231,0.08507439673116934,0.18412760145886423,129006.37846500825,209.2505626731061,129215.62902768135,1939,3,276.2142857142857,37,5,18,37.55070606224141,0.6083896396396397,46.0252192982456,1015.8991228070158,27.456733048838267,0
2208,4,2,2,42,0.045454545454545456,0.045454545454545456,0.9545454545454546,44,1200,900,300,0.75,15,9,6,323.0019968290569,0.4386341613812544,0.09838040029767692,0.1806476228048773,129536.03512619271,-431.62583679593723,129104.40928939678,1940,0,264.6136363636364,37,7,16,37.28412681315523,0.6137387387387387,45.50438596491228,1017.9824561403511,27.513039355144624,0
2209,4,1,0,43,0.023255813953488372,0.0,1.0,43,300,100,200,0.3333333333333333,5,1,4,326.4949866726061,0.4384920634920635,0.10665411125433177,0.18251009180789654,129516.42679419293,-142.70719198927878,129373.71960220365,1941,0,269.74418604651163,36,7,17,37.215123354353345,0.6154513888888888,45.52364864864865,1017.9054054054061,28.275150150150168,0
2210,4,1,0,44,0.022727272727272728,0.0,1.0,44,1400,1300,100,0.9285714285714286,15,13,2,317.7556147251054,0.4387002290345314,0.11103514973654338,0.1792848208215395,129881.14458917748,-545.9074119731196,129335.23717720436,1942,0,264.59090909090907,38,6,18,37.06809209377073,0.6154057017543859,45.16559829059829,1019.3376068376072,26.824673864147556,0
2211,4,1,0,45,0.022222222222222223,0.0,1.0,45,750,600,150,0.8,9,6,3,312.62369123436775,0.4412457912457912,0.11495661051556949,0.17751588728351508,130129.6997070314,-863.6745876735954,129266.0251193578,1943,0,259.68888888888887,39,6,19,36.947528500935846,0.6161858974358974,44.92187500000001,1020.3125000000011,26.161858974359003,0
2212,4,1,1,45,0.021739130434782608,0.021739130434782608,0.9782608695652174,46,900,700,200,0.7777777777777778,11,7,4,305.3067173193747,0.4424718196457327,0.12018373658359072,0.17456532401753724,130398.95171305432,-1237.5291884393912,129161.42252461493,1944,0,255.02173913043478,38,8,20,36.86236052998604,0.6206140350877193,44.65811965811966,1021.3675213675217,26.87809266756636,0
2213,4,0,5,40,0.0,0.1111111111111111,0.8888888888888888,45,1350,1000,350,0.7407407407407407,17,10,7,311.3486560638845,0.4406986531986532,0.06929496524476564,0.17549652542764957,129842.52467550035,-834.4700049120933,129008.05467058826,1945,1,261.5111111111111,42,3,16,37.27043322558155,0.6086309523809523,45.20348837209303,1019.1860465116285,24.26633444075306,8
2214,4,0,1,39,0.0,0.025,0.975,40,1500,1100,400,0.7333333333333333,19,11,8,335.98665994915353,0.4314770299145299,0.11486571548468305,0.18838969662560784,129636.22708013744,711.2085890130845,130347.43566915052,1946,2,293.1,38,2,16,36.85196356133726,0.6129385964912281,45.40598290598291,1018.3760683760692,26.799370220422873,0
2215,4,0,1,38,0.0,0.02564102564102564,0.9743589743589743,39,1500,1100,400,0.7333333333333333,19,11,8,334.64597858039195,0.43058367071524967,0.11092158648671013,0.18796016572018384,129703.52055440134,880.9523122499213,130584.47286665127,1947,3,295.71794871794873,37,2,17,36.81781485468245,0.615427927927928,45.33991228070175,1018.6403508771929,27.530820293978184,0
2216,4,2,0,40,0.05,0.0,1.0,40,950,600,350,0.631578947368421,13,6,7,338.6922115785089,0.4303151709401709,0.1433673469387755,0.19297579496915052,130262.58680555563,824.9870152354663,131087.5738207911,1948,0,288.975,38,2,19,36.147959183673464,0.6192434210526316,44.79166666666667,1020.833333333334,26.864035087719316,8
2217,4,0,0,40,0.0,0.0,1.0,40,1150,800,350,0.6956521739130435,15,8,7,341.8943225162668,0.4303952991452991,0.14722938144329922,0.19508087814163474,130318.5595567868,911.0351261926887,131229.59468297948,1949,1,289.975,37,3,19,36.00953966208478,0.6216216216216216,44.736842105263165,1021.0526315789482,27.596017069701304,0
2218,4,1,1,40,0.024390243902439025,0.024390243902439025,0.975609756097561,41,1550,1300,250,0.8387096774193549,18,13,5,339.63137274697556,0.43030995934959354,0.16081815471868244,0.19597897114567817,130753.8343400725,681.6208497699072,131435.4551898424,1950,0,283.8780487804878,38,3,15,35.62689334586858,0.6241776315789473,44.310897435897445,1022.7564102564118,26.91464237516873,0
2219,4,1,0,41,0.024390243902439025,0.0,1.0,41,1600,1200,400,0.75,20,12,8,333.80034574874475,0.42982723577235776,0.17698646457292244,0.19370933450143715,130972.46334876565,543.7307098765712,131516.19405864223,1951,0,284.609756097561,38,3,16,35.55517865219358,0.6263706140350878,44.097222222222236,1023.6111111111129,26.937134502924025,0
2220,4,0,0,41,0.0,0.0,1.0,41,750,700,50,0.9333333333333333,8,7,1,333.00375638017437,0.4296493902439025,0.17616052817107475,0.19352183125477365,131027.14913662462,526.5065700562834,131553.6557066809,1952,1,285.609756097561,38,3,17,35.52036592577133,0.6269188596491229,44.043803418803435,1023.8247863247889,26.942757534862864,0
2221,4,0,1,40,0.0,0.024390243902439025,0.975609756097561,41,1650,1300,350,0.7878787878787878,20,13,7,338.75338753387547,0.42822662601626016,0.17588736862978394,0.1984126984126984,131328.12499999997,697.5694444444438,132025.6944444444,1953,2,286.609756097561,38,3,18,35.06944444444444,0.6299342105263157,43.75,1024.9999999999998,26.97368421052631,0
2222,4,0,0,40,0.0,0.0,1.0,40,950,600,350,0.631578947368421,13,6,7,344.3572813071841,0.4271367521367522,0.17495308101344964,0.2012632958572337,131246.0064308022,1039.1035913872574,132285.11002218944,1954,3,294.325,38,2,20,35.00873214471901,0.6291118421052632,43.83012820512821,1024.679487179488,26.965249662618106,0
2223,4,1,0,41,0.024390243902439025,0.0,1.0,41,1100,800,300,0.7272727272727273,14,8,6,337.1711802969521,0.4275406504065041,0.17092223625079694,0.1984782649927063,131519.83486969478,668.9652732120801,132188.80014290687,1955,0,288.1219512195122,38,3,21,34.91671874457521,0.6318530701754386,43.563034188034194,1025.7478632478642,26.993364822312216,0
2224,4,0,3,38,0.0,0.07317073170731707,0.926829268292683,41,800,400,400,0.5,12,4,8,349.9012225723385,0.42721036585365857,0.1419054124643384,0.20540623027215615,131414.71021274655,1163.5099925976142,132578.22020534417,1956,1,289.1219512195122,36,5,18,34.69636646531209,0.6345486111111112,43.66554054054054,1025.337837837838,28.481606606606608,7
2225,4,0,0,38,0.0,0.0,1.0,38,1050,700,350,0.6666666666666666,14,7,7,364.732775352485,0.4215712422949265,0.1648750600255724,0.21282707231440368,131183.87972009153,1969.412106363101,133153.29182645463,1957,7,312.1842105263158,36,2,19,34.54962258620058,0.6322337962962963,43.89076576576576,1024.4369369369356,28.456581581581545,0
2226,4,0,0,38,0.0,0.0,1.0,38,1350,1000,350,0.7407407407407407,17,10,7,365.58918725634715,0.4197783309625415,0.16224351961077943,0.21430146299961925,131358.63272392302,2004.817675335304,133363.45039925832,1958,8,313.1842105263158,34,4,20,34.35092710873689,0.6381740196078431,43.7202380952381,1025.1190476190484,30.15056022408966,0
2227,4,1,0,39,0.02564102564102564,0.0,1.0,39,1700,1400,300,0.8235294117647058,20,14,6,357.2987751169656,0.4211088618983356,0.17097100569479373,0.2115647620352127,131743.67310742466,1614.3706061385544,133358.0437135632,1959,0,306.12820512820514,35,4,17,34.17465238632092,0.6398809523809523,43.34490740740741,1026.6203703703711,29.332010582010604,0
2228,4,0,0,39,0.0,0.0,1.0,39,1600,1400,200,0.875,18,14,4,355.9616928863407,0.42127755285650026,0.17084384491124038,0.2112674315037125,131832.80452942822,1585.4856556498682,133418.29018507808,1960,1,307.12820512820514,35,4,18,34.11907378188511,0.6407738095238096,43.258101851851855,1026.967592592593,29.34193121693123,0
2229,4,0,0,39,0.0,0.0,1.0,39,800,500,300,0.625,11,5,6,356.52529777164904,0.4211932073774179,0.1722948760107592,0.21217092573847088,131934.82069485044,1607.620246936152,133542.4409417866,1961,2,308.12820512820514,36,3,18,34.00174467463189,0.6397569444444444,43.1587837837838,1027.3648648648664,28.537912912912955,0
2230,4,0,0,39,0.0,0.0,1.0,39,1100,800,300,0.7272727272727273,14,8,6,357.5008924896817,0.4213337831758885,0.16714150047483356,0.21323876763796337,132021.6056428052,1639.5683690447454,133661.17401184994,1962,3,309.12820512820514,36,3,18,33.88920848856746,0.640625,43.07432432432434,1027.7027027027045,28.547297297297348,0
2231,4,0,0,39,0.0,0.0,1.0,39,750,400,350,0.5333333333333333,11,4,7,358.6719275788803,0.42068713450292394,0.170320442609599,0.21459205103507084,132137.36329234662,1678.7925594513633,133816.155851798,1963,4,310.12820512820514,36,3,18,33.74246987951808,0.6417824074074074,42.96171171171172,1028.1531531531548,28.559809809809856,0
2232,4,0,0,39,0.0,0.0,1.0,39,950,800,150,0.8421052631578947,11,8,3,360.76610317769695,0.4199561403508772,0.17555946735843797,0.21634122260813599,132224.21481870403,1740.402945174925,133964.61776387895,1964,5,311.12820512820514,36,3,19,33.60113507792254,0.642650462962963,42.87725225225226,1028.4909909909925,28.569194194194235,0
2233,4,0,0,39,0.0,0.0,1.0,39,1200,800,400,0.6666666666666666,16,8,8,360.91205055589865,0.4199842555105713,0.17226502743744132,0.2167607877599037,132282.1316882762,1748.4430799042386,134030.57476818044,1965,6,312.12820512820514,36,3,19,33.53904397007845,0.6432291666666667,42.82094594594595,1028.7162162162167,28.575450450450465,0
2234,4,1,0,40,0.025,0.0,1.0,40,1350,1000,350,0.7407407407407407,17,10,7,351.8583876348131,0.42094017094017094,0.17351863999125405,0.2132835435185977,132629.89921932085,1333.4392246976943,133963.33844401856,1966,0,305.3,36,4,18,33.42216027112716,0.6467013888888888,42.48310810810812,1030.067567567569,28.61298798798803,0
2235,4,0,0,40,0.0,0.0,1.0,40,950,700,250,0.7368421052631579,12,7,5,351.4262085842022,0.42123397435897436,0.16844737129740928,0.21335092119023685,132687.90486009672,1326.0014659930337,134013.90632608975,1967,1,306.3,36,4,18,33.37500455423179,0.6472800925925926,42.42680180180181,1030.2927927927938,28.61924424424427,0
2236,4,0,0,40,0.0,0.0,1.0,40,1350,1000,350,0.7407407407407407,17,10,7,351.54748862138547,0.4203525641025641,0.1669879847078104,0.21441820508519538,132861.99787202736,1341.4603370262134,134203.45820905358,1968,2,307.3,36,4,19,33.197023484434744,0.6490162037037037,42.25788288288288,1030.968468468468,28.638013013013,0
2237,4,1,1,40,0.024390243902439025,0.024390243902439025,0.975609756097561,41,1200,900,300,0.75,15,9,6,346.00227168995195,0.4216717479674797,0.18242182846547172,0.2135419000508492,133302.32018505663,1024.5811211141577,134326.9013061708,1969,0,300.780487804878,37,4,20,32.89843915905713,0.6514639639639639,41.83114035087718,1032.6754385964887,27.91014698909429,0
2238,4,0,0,40,0.0,0.0,1.0,40,1050,500,550,0.47619047619047616,16,5,11,361.47370906384174,0.4220886752136752,0.1915415951972559,0.2086526459249699,130766.77439212053,1453.858398738062,132220.6327908586,1970,1,305.45,37,3,19,35.05529945683249,0.6261261261261262,44.29824561403508,1022.8070175438586,27.64343290659077,8
2239,4,0,1,39,0.0,0.025,0.975,40,1500,1100,400,0.7333333333333333,19,11,8,360.8698130057471,0.421741452991453,0.19282767624020902,0.20852917679722538,130808.47447083409,1440.965944371375,132249.44041520546,1971,2,306.45,38,2,19,35.02850304612707,0.6247258771929824,44.25747863247862,1022.9700854700842,26.92026540710748,0
2240,4,0,0,39,0.0,0.0,1.0,39,1050,700,350,0.6666666666666666,14,7,7,363.6140907412025,0.4207152496626181,0.18703117721702078,0.21056201699632607,130890.45606874111,1718.7228340273055,132609.1789027684,1972,3,309.0769230769231,38,1,19,34.87527841581403,0.6255482456140351,44.17735042735042,1023.2905982905966,26.9286999550157,0
2241,4,0,0,39,0.0,0.0,1.0,39,1150,900,250,0.782608695652174,14,9,5,362.2333480118511,0.4200967161493477,0.18474701425452733,0.21065803442630915,131054.4963109063,1694.4617941412532,132748.95810504755,1973,4,310.0769230769231,38,1,19,34.744539510294935,0.6271929824561404,44.017094017094,1023.9316239316217,26.94556905083215,0
2242,4,0,0,39,0.0,0.0,1.0,39,1550,1100,450,0.7096774193548387,20,11,9,368.50772724097203,0.419646873594242,0.1407063071802963,0.2042138045834505,129174.23575726841,1727.1922255095135,130901.42798277792,1974,5,311.0769230769231,38,1,18,36.49478892976002,0.6082785087719298,45.860042735042725,1016.5598290598275,26.75157444894283,8
2243,4,0,1,38,0.0,0.02564102564102564,0.9743589743589743,39,750,400,350,0.5333333333333333,11,4,7,369.1416569173805,0.41945006747638325,0.14413033170645884,0.20515189560743757,129287.27027280649,1745.0691405029047,131032.3394133094,1975,6,312.0769230769231,36,3,18,36.363405676743085,0.6131365740740741,45.74887387387387,1017.0045045045036,28.250125125125102,0
2244,4,0,1,37,0.0,0.02631578947368421,0.9736842105263158,38,1150,800,350,0.6956521739130435,15,8,7,375.1156071707558,0.41841512565196776,0.15286707742886918,0.20816956466777845,129230.01284646135,2095.238946716988,131325.25179317835,1976,7,321.05263157894734,36,2,19,36.2699357625429,0.6125578703703703,45.80518018018018,1016.7792792792794,28.243868868868873,0
2245,4,1,0,38,0.02631578947368421,0.0,1.0,38,1000,1000,0,1.0,10,10,0,372.34270825801127,0.41967460881934565,0.1487383798140769,0.2076844883839129,129430.46932067198,2038.4982955928854,131468.96761626485,1977,0,316.2631578947368,36,2,14,36.13601150951749,0.6145833333333333,45.608108108108105,1017.5675675675672,28.265765765765753,0
2246,4,0,0,38,0.0,0.0,1.0,38,1150,900,250,0.782608695652174,14,9,5,368.3659939623592,0.41890410146989093,0.14575839066811014,0.20636712003764898,129602.41280131492,1948.2243222952775,131550.63712361018,1978,1,317.2631578947368,36,2,15,36.06203457937035,0.6163194444444444,45.43918918918919,1018.2432432432439,28.284534534534554,0
2247,4,0,1,37,0.0,0.02631578947368421,0.9736842105263158,38,1350,1100,250,0.8148148148148148,16,11,5,367.10667273489634,0.41826695116168805,0.13798267909801032,0.20671737906521928,129803.15778193723,1930.321072761939,131733.47885469918,1979,2,318.2631578947368,36,2,16,35.889785243304964,0.6183449074074074,45.24211711711711,1019.0315315315306,28.306431431431406,0
2248,4,0,1,36,0.0,0.02702702702702703,0.972972972972973,37,1350,1200,150,0.8888888888888888,15,12,3,376.65520504118234,0.4165728228228229,0.05480876864192563,0.20618062379999974,128687.51594387747,2303.881817214332,130991.39776109181,1980,3,326.2162162162162,34,3,13,36.785022879267856,0.6112132352941176,46.33928571428571,1014.6428571428565,29.842436974789898,8
2249,4,0,0,36,0.0,0.0,1.0,36,1100,800,300,0.7272727272727273,14,8,6,382.4021564097178,0.41671626984126986,0.060252281266774066,0.20941070470055972,128703.50346020758,2643.299452133788,131346.80291234137,1981,4,335.22222222222223,33,3,13,36.62288647342995,0.6136363636363636,46.3235294117647,1014.7058823529409,30.74866310160427,0
2250,4,2,1,37,0.05263157894736842,0.02631578947368421,0.9736842105263158,38,1000,700,300,0.7,13,7,6,369.52486183811453,0.42345305832147934,0.0761987172961418,0.2056842312029884,129348.51794249396,1959.4986443329856,131308.01658682694,1982,0,318.5263157894737,35,3,15,36.2912210338681,0.6157738095238094,45.688657407407405,1017.24537037037,29.06415343915343,0
2251,4,0,0,37,0.0,0.0,1.0,37,800,500,300,0.625,11,5,6,378.6140164960713,0.42354854854854856,0.07186545309643821,0.2109279911978766,129383.00028344685,2397.2434807256386,131780.24376417248,1983,1,320.02702702702703,34,3,15,36.02489468757314,0.6182598039215687,45.65476190476191,1017.3809523809535,29.922969187675104,0
2252,4,1,2,36,0.02631578947368421,0.05263157894736842,0.9473684210526316,38,900,600,300,0.6666666666666666,12,6,6,370.46263221662286,0.4256460407776197,0.06962638335017379,0.20838227165513937,129760.9247068973,2014.3147451560387,131775.23945205336,1984,0,312.57894736842104,35,3,14,35.84727271006097,0.6199404761904762,45.28356481481482,1018.8657407407409,29.110449735449738,0
2253,4,0,0,36,0.0,0.0,1.0,36,1050,800,250,0.7619047619047619,13,8,5,386.8822083055115,0.42061838624338627,0.06534983882401746,0.21641956258544676,129544.24267409164,2823.67253580353,132367.91520989517,1985,1,330.69444444444446,33,3,14,35.6500290919305,0.6221590909090908,45.49632352941176,1018.0147058823526,30.84893048128341,0
2254,4,1,0,37,0.02702702702702703,0.0,1.0,37,1400,1000,400,0.7142857142857143,18,10,8,378.3622109899277,0.42160910910910915,0.08110946750227832,0.21457218967390418,130080.35891439911,2443.4984410430848,132523.8573554422,1986,0,322.72972972972974,34,3,16,35.32087563698603,0.6253063725490196,44.970238095238095,1020.1190476190478,30.00350140056023,0
2255,4,0,0,37,0.0,0.0,1.0,37,1250,900,350,0.72,16,9,7,380.00165480149417,0.4198260760760761,0.08782810655110218,0.21686121834288,130325.14537677812,2504.8817321046,132830.02710888273,1987,1,323.72972972972974,33,4,16,35.030104816770674,0.630050505050505,44.73039215686274,1021.0784313725486,30.941770647652987,0
2256,4,0,0,37,0.0,0.0,1.0,37,800,500,300,0.625,11,5,6,384.19260539122683,0.41985735735735735,0.09381646521761655,0.2199608213283837,130450.30757401,2623.6087081891606,133073.91628219918,1988,2,324.72972972972974,33,4,16,34.795865323096606,0.6313131313131313,44.6078431372549,1021.5686274509806,30.95662507427214,0
2257,4,0,0,37,0.0,0.0,1.0,37,1050,700,350,0.6666666666666666,14,7,7,385.3129961564981,0.4203578578578579,0.0919677322123662,0.22113730729174358,130544.21864487202,2660.0768033929107,133204.29544826492,1989,3,325.72972972972974,33,4,15,34.67179817723949,0.632260101010101,44.51593137254901,1021.9362745098027,30.967765894236447,0
2258,4,0,0,37,0.0,0.0,1.0,37,1100,700,400,0.6363636363636364,15,7,8,381.30128904016084,0.420482982982983,0.08761355723608566,0.21990043241466092,130732.14215986647,2569.6668649077346,133301.8090247742,1990,4,326.72972972972974,33,4,16,34.583458158577976,0.6341540404040404,44.33210784313726,1022.6715686274516,30.9900475341652,0
2259,4,0,0,37,0.0,0.0,1.0,37,900,500,400,0.5555555555555556,13,5,8,394.6836036943296,0.42042042042042044,0.0936874541030106,0.20868200679838209,127295.38819516705,2821.8728475907806,130117.26104275783,1991,5,327.72972972972974,30,7,19,37.7577805895933,0.6069444444444445,47.71505376344086,1009.1397849462364,33.63799283154121,8
2260,4,0,0,37,0.0,0.0,1.0,37,900,600,300,0.6666666666666666,12,6,6,388.574271433636,0.4203265765765766,0.08605148868238888,0.20608788650454268,127420.45932345926,2502.4624294704918,129922.92175292975,1992,6,328.72972972972974,31,6,16,37.78318717221218,0.605510752688172,47.591145833333336,1009.6354166666672,32.568884408602166,0
2261,4,1,0,38,0.02631578947368421,0.0,1.0,38,1100,700,400,0.6363636363636364,15,7,8,378.164934281586,0.4251570649596965,0.08541297062881892,0.20275107922326022,127857.0506198349,2070.210629017471,129927.26124885237,1993,0,321.05263157894734,32,6,17,37.59753433208489,0.607421875,47.15909090909092,1011.363636363638,31.605113636363686,0
2262,4,2,1,39,0.05,0.025,0.975,40,800,600,200,0.75,10,6,4,359.73614315382065,0.4323717948717949,0.08935701702877274,0.1957286427447147,128446.04768990939,1241.337159863953,129687.38484977334,1994,0,305.95,34,6,16,37.46085339596789,0.6087622549019608,46.577380952380956,1013.6904761904769,29.814425770308144,0
2263,4,1,1,39,0.025,0.025,0.975,40,1050,800,250,0.7619047619047619,13,8,5,357.98658959724884,0.43030181623931624,0.08633935907970391,0.19536756930038207,128566.75347222229,1205.0347222222274,129771.78819444453,1995,0,306.925,34,6,17,37.38188167625307,0.6099877450980392,46.458333333333336,1014.1666666666672,29.828431372549034,0
2264,4,0,2,37,0.0,0.05128205128205128,0.9487179487179487,39,1400,1200,200,0.8571428571428571,16,12,4,359.74979359364676,0.43041497975708504,0.09470971544385409,0.1975264964567306,128808.3351048753,1467.7543934240348,130276.08949829933,1996,1,313.20512820512823,34,5,17,37.09051639888979,0.6124387254901961,46.220238095238095,1015.1190476190477,29.856442577030815,0
2265,4,0,0,37,0.0,0.0,1.0,37,950,600,350,0.631578947368421,13,6,7,380.76678377772396,0.4261448948948949,0.10616391126658709,0.20826828506834694,128656.40503838916,2397.617111774336,131054.0221501635,1997,2,326.6216216216216,32,5,19,36.712559634930514,0.6155598958333333,46.36994949494951,1014.5202020202038,31.703756313131368,0
2266,4,0,0,37,0.0,0.0,1.0,37,1200,1000,200,0.8333333333333334,14,10,4,377.03404474429436,0.42476851851851855,0.1047322515349387,0.20672576068585563,128752.49496224898,2308.814789307243,131061.30975155623,1998,3,327.6216216216216,32,5,19,36.70896574603964,0.6165364583333333,46.27525252525254,1014.8989898989918,31.715593434343493,0
2267,4,2,0,39,0.05128205128205128,0.0,1.0,39,900,800,100,0.8888888888888888,10,8,2,356.0740138669733,0.4303587494376968,0.10564065497206099,0.19824080409857445,129357.17520004325,1412.926889483285,130770.10208952652,1999,0,311.7692307692308,33,6,21,36.62447797454123,0.6202651515151515,45.68014705882353,1017.2794117647059,30.82664884135472,0
2268,4,0,0,39,0.0,0.0,1.0,39,900,300,600,0.3333333333333333,15,3,12,354.8751124080753,0.4299651372019793,0.1100727087482054,0.1982002561230039,129481.87183114674,1389.9787641772482,130871.85059532398,2000,1,312.7692307692308,33,6,17,36.52807043949428,0.6215277777777778,45.55759803921569,1017.7696078431378,30.841503267973874,0
2269,4,0,2,37,0.0,0.05128205128205128,0.9487179487179487,39,900,800,100,0.8888888888888888,10,8,2,358.9790188943766,0.42962775528565,0.11544016888263409,0.2009701946748304,129575.43372741259,1502.9724144559837,131078.40614186856,2001,2,313.7692307692308,33,6,17,36.32843845289681,0.6224747474747474,45.46568627450981,1018.1372549019612,30.85264408793822,0
2270,4,1,0,38,0.02631578947368421,0.0,1.0,38,1000,700,300,0.7,13,7,6,369.601309922522,0.4259127548601233,0.12658413805261182,0.20646958830806986,129490.37606175386,1971.9625229568373,131462.3385847107,2002,0,322.89473684210526,32,6,18,36.14470909316462,0.6240234375,45.54924242424242,1017.80303030303,31.80634469696969,0
2271,4,1,0,39,0.02564102564102564,0.0,1.0,39,1300,900,400,0.6923076923076923,17,9,8,358.4426790671949,0.4279689608636977,0.13124180187950363,0.20217300514975786,129867.92091836738,1510.041099773246,131377.96201814062,2003,0,315.5897435897436,34,5,19,36.044683874484136,0.6231617647058824,45.17857142857143,1019.2857142857147,29.978991596638668,0
2272,4,0,0,39,0.0,0.0,1.0,39,950,800,150,0.8421052631578947,11,8,3,359.51304145984585,0.42819388214125054,0.13706152169487096,0.20309166801201317,129928.59977324256,1542.2052154194903,131470.80498866204,2004,1,316.5897435897436,34,5,19,35.95574497898178,0.6237745098039216,45.11904761904761,1019.523809523809,29.985994397759086,0
2273,4,0,0,39,0.0,0.0,1.0,39,1050,800,250,0.7619047619047619,13,8,5,361.70297600608524,0.42825011246063877,0.13944646519077364,0.20448752405888562,129958.94451530601,1601.3073979591725,131560.25191326518,2005,2,317.5897435897436,34,5,19,35.86908931698775,0.6240808823529411,45.08928571428571,1019.6428571428563,29.989495798319304,0
2274,4,0,1,38,0.0,0.02564102564102564,0.9743589743589743,39,1300,1000,300,0.7692307692307693,16,10,6,360.70924493043253,0.42819388214125054,0.14107203251594513,0.20424296770119058,130019.6446286847,1579.857568027197,131599.5021967119,2006,3,318.5897435897436,34,5,20,35.832749698455316,0.6246936274509804,45.0297619047619,1019.8809523809516,29.996498599439754,0
2275,4,0,1,37,0.0,0.02631578947368421,0.9736842105263158,38,1000,800,200,0.8,12,8,4,376.8199047936283,0.42828354670459934,0.044255916999892175,0.20619246475786177,128672.41753472215,2118.821747448974,130791.23928217113,2007,4,326.44736842105266,33,5,18,36.79628678986996,0.6133207070707071,46.354166666666664,1014.5833333333327,30.744949494949477,8
2276,4,0,0,37,0.0,0.0,1.0,37,1200,800,400,0.6666666666666666,16,8,8,379.1951895910911,0.4266766766766767,0.05589711164624056,0.2075757863456406,128688.43102744601,2359.6068003264722,131048.03782777248,2008,5,335.94594594594594,32,5,18,36.71965737514517,0.6158854166666667,46.33838383838383,1014.6464646464633,31.707702020201978,0
2277,4,1,0,38,0.02631578947368421,0.0,1.0,38,1250,900,350,0.72,16,9,7,375.5081914244127,0.427868658131816,0.07275810910611957,0.2084057522771048,129233.4826325118,2106.666571013142,131340.14920352495,2009,0,328.07894736842104,32,6,20,36.25641582846973,0.6214192708333333,45.80176767676767,1016.7929292929279,31.774779040403995,0
2278,4,0,0,38,0.0,0.0,1.0,38,1250,900,350,0.72,16,9,7,374.24997460675,0.42772048364153625,0.07058485339465848,0.20821531736408666,129329.78777675731,2080.333958269546,131410.12173502686,2010,1,329.07894736842104,32,6,20,36.19015847401523,0.6223958333333333,45.7070707070707,1017.1717171717158,31.78661616161612,0
2279,4,0,1,37,0.0,0.02631578947368421,0.9736842105263158,38,1000,700,300,0.7,13,7,6,376.6401213079999,0.42732041251778097,0.0698391867275181,0.21040166443962488,129490.3760617539,2154.2541896235025,131644.63025137738,2011,2,330.07894736842104,32,6,18,35.965606004217825,0.6240234375,45.54924242424242,1017.8030303030303,31.806344696969695,0
2280,4,0,0,37,0.0,0.0,1.0,37,750,600,150,0.8,9,6,3,376.6401213079999,0.4273961461461462,0.07982377613936964,0.21040166443962488,129490.3760617539,2354.2541896235025,131844.63025137738,2012,3,338.35135135135135,32,5,18,35.965606004217825,0.6240234375,45.54924242424242,1017.8030303030303,31.806344696969695,0
2281,4,0,1,36,0.0,0.02702702702702703,0.972972972972973,37,950,700,250,0.7368421052631579,12,7,5,375.13231203939915,0.4273023023023023,0.07999517374517406,0.21007409474206348,129586.7768595041,2322.437442607893,131909.214302112,2013,4,339.35135135135135,32,5,18,35.90572296626985,0.625,45.45454545454545,1018.1818181818179,31.81818181818181,0
2282,4,2,0,38,0.05263157894736842,0.0,1.0,38,1050,700,350,0.6666666666666666,14,7,7,366.50430610790977,0.4276463963963964,0.09417733522996663,0.2079855724845499,130106.25608239607,1936.90062115531,132043.1567035514,2014,0,331.07894736842104,33,5,21,35.59697197197198,0.6278409090909092,44.944852941176464,1020.2205882352931,30.91577540106949,0
2283,4,1,1,38,0.02564102564102564,0.02564102564102564,0.9743589743589743,39,1100,700,400,0.6363636363636364,15,7,8,358.9062632395252,0.4285031488978857,0.0920074806831046,0.20548369576680522,130450.30757401,1563.9803501057308,132014.28792411572,2015,0,323.56410256410254,33,6,24,35.441658669225845,0.6313131313131313,44.6078431372549,1021.5686274509806,30.95662507427214,0
2284,4,0,0,38,0.0,0.0,1.0,38,1050,800,250,0.7619047619047619,13,8,5,369.85916527982005,0.42563122332859177,0.09448237261882264,0.21108335000832093,130327.04132550265,2040.5301436078153,132367.57146911047,2016,1,332.7631578947368,32,6,24,35.2870862701455,0.6324869791666667,44.728535353535364,1021.0858585858598,31.90893308080812,0
2285,4,0,0,38,0.0,0.0,1.0,38,1250,1000,250,0.8,15,10,5,370.88400425875227,0.4255867709815078,0.09465602586119792,0.21234128155913187,130450.30757401,2076.386485966939,132526.69405997693,2017,2,333.7631578947368,33,5,24,35.13575655790147,0.6313131313131313,44.6078431372549,1021.5686274509806,30.95662507427214,0
2286,4,0,0,38,0.0,0.0,1.0,38,1150,800,350,0.6956521739130435,15,8,7,372.09098141308544,0.42557195353247984,0.09895721553824566,0.21337652015284106,130512.91120001934,2112.5354430988227,132625.44664311816,2018,3,334.7631578947368,33,5,16,35.041376828975785,0.6319444444444444,44.54656862745099,1021.813725490197,30.96405228758173,0
2287,4,0,0,38,0.0,0.0,1.0,38,950,800,150,0.8421052631578947,11,8,3,373.0516810107992,0.4251718824087245,0.10154702267536475,0.21462049124083368,130638.16350682439,2146.9573000769037,132785.1208069013,2019,4,335.7631578947368,33,5,17,34.88971469671541,0.6332070707070707,44.42401960784314,1022.3039215686282,30.978906714200853,0
2288,4,0,1,37,0.0,0.02631578947368421,0.9736842105263158,38,1150,800,350,0.6956521739130435,15,8,7,360.03630318036795,0.42453473210052156,0.0747320383102652,0.19686326870716947,128643.06205257637,1663.2344982424618,130306.29655081882,2020,5,336.7631578947368,35,3,19,37.25197280851873,0.6086309523809523,46.383101851851855,1014.4675925925931,28.98478835978837,8
2289,4,0,0,37,0.0,0.0,1.0,37,1300,1100,200,0.8461538461538461,15,11,4,361.65163029895547,0.4236111111111111,0.10670097865219841,0.1987219782982922,128838.54875283457,1918.9342403628252,130757.4829931974,2021,7,346.72972972972974,34,3,19,37.01141338336461,0.6127450980392157,46.1904761904762,1015.2380952380961,29.859943977591062,0
2290,4,1,0,38,0.02631578947368421,0.0,1.0,38,450,200,250,0.4444444444444444,7,2,5,357.0948669712441,0.42736486486486486,0.1212251941328728,0.19802533532041736,129201.38888888905,1627.940759637207,130829.32964852625,2022,0,338.57894736842104,34,4,20,36.75717213114754,0.616421568627451,45.83333333333334,1016.666666666668,29.901960784313765,0
2291,4,3,1,40,0.07317073170731707,0.024390243902439025,0.975609756097561,41,1050,800,250,0.7619047619047619,13,8,5,338.3141366379636,0.43310467479674797,0.1486242186542468,0.19235575197415655,130180.8021038791,608.4011341222963,130789.2032380014,2023,0,314.7317073170732,38,3,19,36.240447026800666,0.618421052631579,44.871794871794876,1020.5128205128211,26.855600539811082,0
2292,4,0,0,40,0.0,0.0,1.0,40,1350,900,450,0.6666666666666666,18,9,9,343.81856833498546,0.4328659188034188,0.14971258192758086,0.19547461304176644,130178.65022170315,951.5674294013876,131130.21765110453,2024,1,316.325,37,3,19,36.10219458472119,0.6202139639639639,44.873903508771946,1020.5043859649148,27.581199620673374,0
2293,4,0,1,39,0.0,0.025,0.975,40,1350,1100,250,0.8148148148148148,16,11,5,343.2262925217284,0.4327724358974359,0.1403906991458399,0.1860957651219867,128306.84222961857,812.7089891165768,129119.55121873516,2025,2,317.325,38,2,15,38.021327638932824,0.5995065789473684,46.714743589743584,1013.1410256410248,26.661605937921706,8
2294,4,0,0,39,0.0,0.0,1.0,39,1050,600,450,0.5714285714285714,15,6,9,346.0538650059726,0.4320456590193433,0.16766267707622395,0.18791009520477067,128366.66690712517,1084.3562442289808,129451.02315135415,2026,3,326.4102564102564,37,2,15,37.8886243958739,0.6019144144144144,46.65570175438596,1013.3771929824553,27.388572783309602,0
2295,4,1,1,39,0.025,0.025,0.975,40,800,700,100,0.875,9,7,2,340.6825484764547,0.43532318376068374,0.17427894736842164,0.18686398444147317,128767.28121119131,773.7531046825793,129541.03431587388,2027,0,319.225,38,2,13,37.61622807017545,0.6041666666666667,46.260683760683754,1014.9572649572636,26.709401709401675,0
2296,4,1,0,40,0.025,0.0,1.0,40,1100,800,300,0.7272727272727273,14,8,6,337.3176881174424,0.4358173076923077,0.1823877379324852,0.186160992240787,129011.37689248672,703.5638788443333,129714.94077133105,2028,0,319.875,38,2,15,37.453114593192424,0.6066337719298245,46.02029914529915,1015.9188034188038,26.734705353126415,0
2297,4,0,1,39,0.0,0.025,0.975,40,1100,900,200,0.8181818181818182,13,9,4,337.3861815721122,0.43567040598290596,0.1814195583596212,0.18632651491003419,129038.51290269563,707.1622287968465,129745.67513149248,2029,1,320.875,38,2,16,37.42376445846476,0.606907894736842,45.993589743589745,1016.0256410256413,26.737516869095824,0
2298,4,2,1,40,0.04878048780487805,0.024390243902439025,0.975609756097561,41,800,300,500,0.375,13,3,10,356.32064583996396,0.43920223577235773,0.22353251088784143,0.18569535183253713,126708.03098560742,829.7374867803833,127537.7684723878,2030,0,311.9268292682927,40,1,13,39.329093906665314,0.5799479166666667,48.29776422764229,1006.8089430894333,25.170223577235834,8
2299,4,0,0,40,0.0,0.0,1.0,40,850,500,350,0.5882352941176471,12,5,7,360.226749688812,0.4361912393162393,0.23475483604013636,0.18792833185330549,126750.88026258702,1131.81152343752,127882.69178602453,2031,1,320.675,39,1,14,39.18668752801628,0.5819978632478633,48.25520833333334,1006.9791666666683,25.819978632478676,0
2300,4,1,0,41,0.024390243902439025,0.0,1.0,41,1000,700,300,0.7,13,7,6,335.191744327287,0.4393292682926829,0.09866749785708695,0.1708713615218908,125802.56615713362,248.83611855894128,126051.40227569257,2032,0,313.8292682926829,38,3,17,40.792066027689025,0.5740131578947368,49.198717948717956,1003.2051282051295,26.400134952766567,8
2301,4,4,1,44,0.08888888888888889,0.022222222222222223,0.9777777777777777,45,1400,1100,300,0.7857142857142857,17,11,6,316.1628672101341,0.4468855218855219,0.13643679266455067,0.1654325782779953,126872.26884089006,-977.5399427618429,125894.72889812822,2033,0,286.84444444444443,42,3,16,40.17164406399284,0.5786210317460317,48.134689922480625,1007.4612403100782,23.987172388335196,0
2302,4,0,1,43,0.0,0.022727272727272728,0.9772727272727273,44,1050,900,150,0.8571428571428571,12,9,3,320.6857955747949,0.44408474277660326,0.14691150798979513,0.167777653480785,126867.03913336144,-663.108524659885,126203.93060870156,2034,1,294.3636363636364,41,3,16,40.06308468734615,0.5800304878048781,48.13988095238094,1007.4404761904742,24.57171893147498,0
2303,4,2,0,45,0.044444444444444446,0.0,1.0,45,1500,1000,500,0.6666666666666666,20,10,10,314.6657988492589,0.4449705387205387,0.17948953079627095,0.16697958814847536,127442.3707561728,-979.4496212837025,126462.9211348891,2035,0,288.53333333333336,41,4,17,39.6263182026593,0.5858739837398375,47.56944444444444,1009.722222222222,24.62737127371273,0
2304,4,1,0,46,0.021739130434782608,0.0,1.0,46,1350,1100,250,0.8148148148148148,16,11,5,307.76245100151095,0.4467793880837359,0.1775365791656074,0.16457640447456506,127752.38985224752,-1336.5222755543434,126415.86757669318,2036,0,283.2391304347826,42,4,18,39.48428863541968,0.5875496031746033,47.26259689922481,1010.9496124031012,24.070228866740507,0
2305,4,2,2,46,0.041666666666666664,0.041666666666666664,0.9583333333333334,48,1300,1100,200,0.8461538461538461,15,11,4,296.45785593702914,0.44918181146572106,0.19423475429248116,0.1605675789852355,128264.41012576042,-1994.400670792705,126270.00945496772,2037,0,272.3958333333333,43,5,21,39.249030101897745,0.591327519379845,46.75662878787879,1012.9734848484846,23.55752290345313,0
2306,4,3,3,46,0.061224489795918366,0.061224489795918366,0.9387755102040817,49,1550,1000,550,0.6451612903225806,21,10,11,286.42032779420947,0.4527352607709751,0.19665134052525968,0.15686558582192603,128707.6485339506,-2427.1026234567944,126280.5459104938,2038,0,267.1224489795918,44,5,15,39.053517656720494,0.5944602272727273,46.31944444444444,1014.7222222222222,23.061868686868685,0
2307,4,0,0,46,0.0,0.0,1.0,46,1250,700,550,0.56,18,7,11,301.40885603838365,0.44731280193236717,0.19041059726722698,0.16327245777230417,128270.12004165088,-1467.649970867978,126802.4700707829,2039,1,285.5217391304348,41,5,21,39.117842685992244,0.5942581300813008,46.75099206349206,1012.9960317460313,24.70722028648857,0
2308,4,0,0,46,0.0,0.0,1.0,46,1250,1000,250,0.8,15,10,5,300.6472611571149,0.44706119162640906,0.1898401057646737,0.16324865302082578,128365.3748647916,-1481.4603238988186,126883.91454089279,2040,2,286.5217391304348,42,4,22,39.040288136673674,0.59375,46.65697674418604,1013.3720930232545,24.127906976744153,0
2309,4,1,0,47,0.02127659574468085,0.0,1.0,47,1250,700,550,0.56,18,7,11,293.7050767992564,0.4486201048411964,0.19382517915878772,0.1605188154425324,128624.38303489437,-1844.473140495875,126779.9098943985,2041,0,281.40425531914894,43,4,16,38.953198904655196,0.5949612403100775,46.40151515151515,1014.3939393939393,23.59055673009161,0
2310,4,0,1,46,0.0,0.02127659574468085,0.9787234042553191,47,1300,900,400,0.6923076923076923,17,9,8,290.4060916527631,0.44809975331483193,0.18976079954434266,0.15958194303481676,128840.60890330875,-1916.7804644455787,126923.82843886317,2042,1,282.40425531914894,43,4,18,38.81760485651216,0.5971414728682171,46.188446969696976,1015.2462121212128,23.610377026074715,0
2311,4,1,2,45,0.02127659574468085,0.0425531914893617,0.9574468085106383,47,1700,1400,300,0.8235294117647058,20,14,6,291.185300287154,0.44692414431082333,0.20348035536627496,0.1606130683484349,128989.670138889,-1888.0208333333226,127101.64930555568,2043,0,283.25531914893617,44,3,19,38.646773311457466,0.5973011363636364,46.04166666666667,1015.8333333333344,23.087121212121236,0
2312,4,1,0,46,0.021739130434782608,0.0,1.0,46,900,700,200,0.7777777777777778,11,7,4,301.28969985881037,0.44735305958132043,0.16116368028991324,0.15971248017062034,127399.61848932524,-1495.7308810892875,125903.88760823595,2044,0,285.80434782608694,40,6,12,40.00759177236427,0.5869791666666666,47.611788617886184,1009.5528455284561,25.238821138211403,8
2313,4,2,1,47,0.041666666666666664,0.020833333333333332,0.9791666666666666,48,1100,700,400,0.6363636363636364,15,7,8,292.7994245458917,0.4493849734042554,0.1740568221732608,0.157148236135453,127899.3724554563,-2110.2274690523523,125789.14498640395,2045,0,274.8541666666667,42,6,14,39.71285563751316,0.5890376984126984,47.1172480620155,1011.5310077519372,24.08407161314136,0
2314,4,0,2,45,0.0,0.0425531914893617,0.9574468085106383,47,1100,400,700,0.36363636363636365,18,4,14,299.2470932243677,0.44719395621338265,0.17658005066923765,0.160608761242631,127899.37245545627,-1745.2969134967952,126154.07554195946,2046,1,281.6170212765957,42,5,15,39.549805217613425,0.5890376984126984,47.1172480620155,1011.531007751937,24.084071613141354,0
2315,4,1,2,44,0.021739130434782608,0.043478260869565216,0.9565217391304348,46,1550,1100,450,0.7096774193548387,20,11,9,300.68901505264967,0.4478562801932367,0.19014228551704737,0.16206709036355932,128069.20750070826,-1498.1992276077444,126571.00827310051,2047,0,285.7608695652174,41,5,17,39.3404513378418,0.5922256097560976,46.949404761904745,1012.2023809523781,24.687862950058005,0
2316,4,0,0,44,0.0,0.0,1.0,44,1350,900,450,0.6666666666666666,18,9,9,313.4176718597814,0.4454611522198732,0.19070454311418183,0.16824759598840988,127907.33642578112,-782.3160807291804,127125.02034505193,2048,1,299.27272727272725,39,5,17,39.1833359077335,0.59375,47.10937499999999,1011.562499999999,25.937499999999975,0
2317,4,0,1,43,0.0,0.022727272727272728,0.9772727272727273,44,1400,900,500,0.6428571428571429,19,9,10,313.52978284102244,0.4450317124735729,0.19463311721724796,0.1689722074246375,128065.44189453125,-769.5339626736105,127295.90793185764,2049,2,300.27272727272725,39,5,17,39.01935182326507,0.5953525641025641,46.953125,1012.1875,25.953525641025642,0
2318,4,0,1,42,0.0,0.023255813953488372,0.9767441860465116,43,1550,1100,450,0.7096774193548387,20,11,9,312.6536785533429,0.4444675156884459,0.18705861915300215,0.16918465312227474,128227.80957842803,-581.7963144308762,127646.01326399716,2050,3,306.16279069767444,37,6,18,38.87614575439357,0.6005067567567568,46.79276315789474,1012.8289473684215,27.37375533428166,0
2319,4,1,0,43,0.023255813953488372,0.0,1.0,43,1350,900,450,0.6666666666666666,18,9,9,313.9854307258786,0.44315245478036175,0.19969977898302016,0.17133045715537773,128561.19340806789,-526.7316626269611,128034.46174544093,2051,0,306.83720930232556,37,6,15,38.503148989079904,0.6038851351351351,46.463815789473685,1014.1447368421055,27.4093172119488,0
2320,4,0,1,42,0.0,0.023255813953488372,0.9767441860465116,43,1000,800,200,0.8,12,8,4,313.0465874585825,0.4427602436323366,0.19875420529168863,0.1714715390819848,128713.06911571334,-541.3625904010576,128171.70652531229,2052,1,307.83720930232556,38,5,15,38.372552116234985,0.6036184210526316,46.31410256410256,1014.7435897435897,26.70377867746289,0
2321,4,0,0,42,0.0,0.0,1.0,42,1150,800,350,0.6956521739130435,15,8,7,319.55124640965334,0.4410085172280294,0.20185485323248709,0.17510046095449022,128728.04763244456,-172.95838623422776,128555.08924621034,2053,2,315.45238095238096,37,5,15,38.19230596074194,0.6055743243243243,46.29934210526316,1014.8026315789471,27.427098150782353,0
2322,4,1,2,41,0.023255813953488372,0.046511627906976744,0.9534883720930233,43,1500,1100,400,0.7333333333333333,19,11,8,316.06277400345033,0.44243724621631597,0.20599263753293817,0.1750303394568583,129147.08547921685,-436.28278179560436,128710.80269742126,2054,0,309.09302325581393,38,5,17,37.8551783336837,0.6080043859649122,45.886752136752136,1016.4529914529911,26.74876293297345,0
2323,4,1,0,42,0.023809523809523808,0.0,1.0,42,1500,1000,500,0.6666666666666666,20,10,10,324.50954044611683,0.43955671699574134,0.21291959406713556,0.17995529061102825,129201.38888888879,-14.571919059109916,129186.81696982968,2055,0,317.04761904761904,36,6,19,37.5853825136612,0.6122685185185186,45.83333333333333,1016.6666666666658,28.24074074074072,0
2324,4,1,1,42,0.023255813953488372,0.023255813953488372,0.9767441860465116,43,1300,600,700,0.46153846153846156,20,6,14,316.58329882596985,0.4405915466961978,0.20787420513822696,0.17680662934432298,129480.2306959832,-401.7442867036199,129078.48640927959,2056,0,310.6511627906977,37,6,17,37.504040077569506,0.6131756756756757,45.55921052631578,1017.7631578947354,27.50711237553339,0
2325,4,0,0,42,0.0,0.0,1.0,42,850,500,350,0.5882352941176471,12,5,7,323.8752518549247,0.43854045683313975,0.21321029241985712,0.18025663277914566,129344.54038075234,-21.70088162487542,129322.83949912747,2057,2,319.04761904761904,36,6,19,37.456179194804236,0.6137152777777778,45.692567567567565,1017.2297297297293,28.25638138138137,0
2326,4,0,0,42,0.0,0.0,1.0,42,1450,1000,450,0.6896551724137931,19,10,9,326.83010074926875,0.43764518002322883,0.22330483249832733,0.182697419955018,129516.42679419291,65.97336356627687,129582.40015775918,2058,3,320.04761904761904,36,6,17,37.20659549360181,0.6154513888888888,45.52364864864865,1017.905405405406,28.275150150150168,0
2327,4,0,1,41,0.0,0.023809523809523808,0.9761904761904762,42,950,600,350,0.631578947368421,13,6,7,327.0997142534973,0.43691927990708473,0.22481507804890888,0.18365095688534377,129688.4273420382,84.20950511324327,129772.63684715144,2059,4,321.04761904761904,36,6,18,37.02529021558872,0.6171875,45.35472972972974,1018.5810810810827,28.293918918918965,0
2328,4,0,0,41,0.0,0.0,1.0,41,1900,1400,500,0.7368421052631579,24,14,10,334.0164124112234,0.43546747967479676,0.22398230799715102,0.18759913501156203,129701.96926708249,464.5172914523286,130166.48655853482,2060,5,329.1707317073171,35,6,18,36.83542116426163,0.6193452380952381,45.34143518518518,1018.6342592592594,29.10383597883598,0
2329,4,0,0,41,0.0,0.0,1.0,41,1000,600,400,0.6,14,6,8,333.98349971441263,0.43493394308943084,0.22269256767987988,0.18800452247350946,129790.40745027429,469.5709019204325,130259.97835219472,2061,6,330.1707317073171,35,6,18,36.746554596395576,0.6202380952380953,45.254629629629626,1018.981481481481,29.1137566137566,0
2330,4,0,0,41,0.0,0.0,1.0,41,1850,1600,250,0.8648648648648649,21,16,5,334.0718744223872,0.4348831300813008,0.21556113619939676,0.18876453763866635,129937.87140185611,481.71765153463525,130419.58905339075,2062,7,331.1707317073171,35,6,18,36.59479414992243,0.6217261904761905,45.1099537037037,1019.560185185185,29.130291005291,0
2331,4,0,0,41,0.0,0.0,1.0,41,900,500,400,0.5555555555555556,13,5,8,335.4642556437569,0.43417174796747965,0.21398669119986735,0.19041322688343307,130114.93866008651,529.7822091477959,130644.72086923431,2063,8,332.1707317073171,35,6,18,36.37986859519757,0.6235119047619048,44.93634259259259,1020.254629629629,29.150132275132258,0
2332,4,0,1,40,0.0,0.024390243902439025,0.975609756097561,41,1100,900,200,0.8181818181818182,13,9,4,335.69346105789253,0.4337144308943089,0.21085116973618723,0.19126720455624113,130262.5868055555,545.6597222222183,130808.24652777772,2064,9,333.1707317073171,35,6,19,36.224489795918366,0.625,44.791666666666664,1020.8333333333329,29.166666666666654,0
2333,4,0,0,40,0.0,0.0,1.0,40,900,600,300,0.6666666666666666,12,6,6,339.5995041779825,0.4317708333333334,0.2051201306274788,0.19334170974913803,130232.20663265289,845.3585600906852,131077.56519274358,2065,10,341.7,34,6,20,36.15557693802971,0.6268382352941176,44.82142857142856,1020.7142857142843,30.021008403361304,0
2334,4,0,0,40,0.0,0.0,1.0,40,1450,1300,150,0.896551724137931,16,13,3,341.8450930605806,0.4321581196581197,0.2090445377171508,0.19507687047109756,130323.35778061209,910.080073696124,131233.4378543082,2066,11,342.7,34,6,20,36.00593641910536,0.6277573529411764,44.73214285714285,1021.0714285714272,30.031512605041975,0
2335,4,0,0,40,0.0,0.0,1.0,40,750,300,450,0.4,12,3,9,342.0354748292018,0.4322382478632478,0.20917433865516877,0.19579762571777054,130444.94224773235,923.3595521541868,131368.30179988654,2067,12,343.7,34,6,20,35.877957114555414,0.6289828431372548,44.613095238095234,1021.5476190476185,30.045518207282896,0
2336,4,0,0,40,0.0,0.0,1.0,40,1750,1200,550,0.6857142857142857,23,12,11,340.69811412028156,0.431784188034188,0.20702515430301638,0.1959527599431249,130627.4252409296,900.903486394546,131528.32872732414,2068,13,344.7,34,6,16,35.727456232289114,0.6308210784313726,44.4345238095238,1022.2619047619039,30.06652661064423,0
2337,4,1,0,41,0.024390243902439025,0.0,1.0,41,1000,800,200,0.8,12,8,4,359.61261579796854,0.4326219512195122,0.20405452522871026,0.20396561104525704,130085.41907793212,1156.0715663580286,131241.49064429014,2069,0,337.2682926829268,35,6,18,35.79390742001362,0.6232142857142857,44.96527777777778,1020.138888888889,29.146825396825403,8
2338,4,0,0,41,0.0,0.0,1.0,41,1000,500,500,0.5,15,5,10,360.08928485189716,0.4329776422764227,0.2036818205065396,0.20456232037887417,130147.65346004802,1172.9550919162566,131320.60855196428,2070,1,338.2682926829268,36,5,19,35.718555714968915,0.6218171296296297,44.90427927927929,1020.3828828828839,28.343968968968998,0
2339,4,1,0,42,0.023809523809523808,0.0,1.0,42,1100,800,300,0.7272727272727273,14,8,6,357.69299304085183,0.4343665311653116,0.2119506755870395,0.20531713547411326,130550.14209733384,939.424940142851,131489.5670374767,2071,0,331.1904761904762,36,6,15,35.37144168962351,0.6258680555555556,44.51013513513514,1021.9594594594596,28.387762762762765,0
2340,4,0,0,42,0.0,0.0,1.0,42,800,400,400,0.5,12,4,8,356.812100006196,0.4343544328300426,0.2108438791999827,0.20496371010482503,130578.9150637124,918.4273800827852,131497.34244379518,2072,1,332.1904761904762,36,6,15,35.36478992213896,0.6261574074074074,44.48198198198198,1022.0720720720724,28.3908908908909,0
2341,4,0,1,41,0.0,0.023809523809523808,0.9761904761904762,42,850,600,250,0.7058823529411765,11,6,5,356.3527492582096,0.434608497870693,0.20804876257619176,0.20500445232991307,130636.47050766987,910.5330837594387,131547.00359142933,2073,2,333.1904761904762,36,6,16,35.31821436439746,0.6267361111111112,44.42567567567568,1022.2972972972976,28.397147147147155,0
2342,4,0,1,40,0.0,0.024390243902439025,0.975609756097561,41,1000,600,400,0.6,14,6,8,360.1741252498593,0.4324186991869919,0.219565918126142,0.2075114884053758,130694.03863322787,1214.5222080188387,131908.5608412467,2074,3,341.8780487804878,36,5,16,35.162215491923654,0.6273148148148149,44.36936936936937,1022.5225225225229,28.403403403403413,0
2343,4,0,1,39,0.0,0.025,0.975,40,1200,700,500,0.5833333333333334,17,7,10,365.04174260064224,0.43203792735042734,0.21081571994715986,0.210943968815791,130809.2129291454,1550.164607174745,132359.37753632016,2075,4,347.025,36,4,18,34.921060839571396,0.6284722222222222,44.25675675675676,1022.9729729729734,28.415915915915928,0
2344,4,0,0,39,0.0,0.0,1.0,39,1450,1000,450,0.6896551724137931,19,10,9,373.4136225127504,0.43128654970760233,0.22763336147203117,0.21586677628451295,130824.41332572453,1970.3236186128345,132794.73694433738,2076,5,355.7692307692308,35,4,18,34.69154221819966,0.6306547619047619,44.24189814814815,1023.032407407408,29.22949735449737,0
2345,4,0,0,39,0.0,0.0,1.0,39,1050,1000,50,0.9523809523809523,11,10,1,371.61117634722405,0.4310897435897436,0.22026574797441079,0.21532018487956475,130913.23329260992,1929.764124657084,132842.997417267,2077,6,356.7692307692308,35,4,20,34.647609892181265,0.631547619047619,44.1550925925926,1023.3796296296312,29.239417989418033,0
2346,4,0,0,39,0.0,0.0,1.0,39,1350,900,450,0.6666666666666666,18,9,9,370.1773564183086,0.43058367071524967,0.21744830211020383,0.2156798883167533,131126.2038009294,1907.9902960392883,133034.19409696868,2078,7,357.7692307692308,36,3,20,34.46857247571927,0.6316550925925926,43.947072072072075,1024.2117117117123,28.45032532532534,0
2347,4,0,0,39,0.0,0.0,1.0,39,850,500,350,0.5882352941176471,12,5,7,368.12091912785655,0.43063990103463784,0.2183095415285392,0.21464281284531944,131155.04017531042,1856.1827875172476,133011.22296282768,2079,8,358.7692307692308,36,3,20,34.492038625036656,0.6319444444444444,43.91891891891892,1024.3243243243242,28.45345345345345,0
2348,4,1,1,39,0.025,0.025,0.975,40,1200,800,400,0.6666666666666666,16,8,8,361.6355013532369,0.4316773504273504,0.2279617511000791,0.2129684683384543,131535.81700370798,1513.832494418058,133049.64949812603,2080,0,350.775,35,5,21,34.27321918838617,0.6377976190476191,43.5474537037037,1025.810185185185,29.30886243386243,0
2349,4,0,1,38,0.0,0.02564102564102564,0.9743589743589743,39,1050,700,350,0.6666666666666666,14,7,7,359.7238332312427,0.43080859199280247,0.22593261131167308,0.21200745064905135,131565.5006858709,1665.4492455418235,133230.94993141273,2081,1,355.15384615384613,35,4,17,34.29226835138388,0.638095238095238,43.51851851851851,1025.9259259259247,29.312169312169278,0
2350,4,0,0,38,0.0,0.0,1.0,38,1350,900,450,0.6666666666666666,18,9,9,364.0968771701271,0.42807610241820765,0.24563438759311218,0.2149667863840066,131633.3616780046,1985.4591836734764,133618.8208616781,2082,2,364.2368421052632,34,4,17,34.111562258314,0.6409313725490196,43.452380952380956,1026.1904761904768,30.18207282913167,0
2351,4,0,1,37,0.0,0.02631578947368421,0.9736842105263158,38,1050,700,350,0.6666666666666666,14,7,7,362.8928327212147,0.42773530109056423,0.15338617056618098,0.21521291523413205,131803.09070644717,1966.0793895747613,133769.17009602193,2083,3,365.2368421052632,35,3,15,33.971107604448456,0.6404761904761904,43.28703703703704,1026.8518518518517,29.338624338624335,8
2352,4,0,0,37,0.0,0.0,1.0,37,1050,700,350,0.6666666666666666,14,7,7,361.01346768893336,0.4265828328328329,0.08184552013443946,0.20267921453717286,129685.96938775512,1974.1787044035661,131660.1480921587,2084,4,373.3783783783784,34,3,22,36.164192769206785,0.6213235294117647,45.357142857142854,1018.5714285714287,29.957983193277315,8
2353,4,0,0,37,0.0,0.0,1.0,37,750,500,250,0.6666666666666666,10,5,5,361.61290265749693,0.4265515515515515,0.08262557286748007,0.20317279107289568,129716.28578514732,1981.4165249433047,131697.70231009062,2085,5,374.3783783783784,34,3,22,36.1180904522613,0.6216299019607843,45.32738095238095,1018.6904761904757,29.961484593837522,0
2354,4,1,0,38,0.02631578947368421,0.0,1.0,38,1300,900,400,0.6923076923076923,17,9,8,353.6069465574218,0.43112849691797056,0.07808749238651447,0.20055930675399708,130085.41907793209,1599.8215663580272,131685.2406442901,2086,0,365.5,35,3,23,35.94707283866577,0.6232142857142857,44.96527777777778,1020.1388888888888,29.146825396825395,0
2355,4,1,0,39,0.02564102564102564,0.0,1.0,39,1000,800,200,0.8,12,8,4,345.56998956430743,0.43336707152496623,0.08516120546896944,0.1973568156113601,130353.7485827664,1209.5098340261966,131563.2584167926,2087,0,357.1025641025641,34,5,24,35.88006139737313,0.6280637254901961,44.70238095238095,1021.1904761904759,30.035014005602232,0
2356,4,0,0,39,0.0,0.0,1.0,39,1000,700,300,0.7,13,7,6,345.62163487528346,0.43347953216374274,0.08284989285105837,0.1975408398131285,130384.1429280046,1212.7161281179203,131596.8590561225,2088,1,358.1025641025641,34,5,24,35.84795236430043,0.6283700980392157,44.67261904761905,1021.3095238095243,30.038515406162478,0
2357,4,1,0,40,0.025,0.0,1.0,40,1100,700,400,0.6363636363636364,15,7,8,337.0020971796598,0.43472222222222223,0.09076918841537251,0.19430578060244394,130722.82745160707,810.7734000892812,131533.60085169633,2089,0,350.125,36,4,17,35.72546158646257,0.6276041666666667,44.34121621621622,1022.6351351351356,28.40653153153154,0
2358,4,1,1,40,0.024390243902439025,0.024390243902439025,0.975609756097561,41,650,500,150,0.7692307692307693,8,5,3,337.614094166354,0.4353150406504065,0.12133519879719401,0.19716663099315065,131215.758694983,660.0579024315089,131875.81659741452,2090,0,342.5609756097561,37,4,19,35.21198986872147,0.6306306306306306,43.859649122807014,1024.5614035087713,27.690848743480306,0
2359,4,0,1,39,0.0,0.025,0.975,40,1600,1400,200,0.875,18,14,4,341.62286501464547,0.4309027777777778,0.1250963391136808,0.1992160302725854,131159.59357686978,961.4232263773498,132121.01680324713,2091,1,352.025,37,3,19,35.16600656533221,0.6300675675675675,43.91447368421053,1024.3421052631577,27.684921763869127,0
2360,4,1,0,40,0.025,0.0,1.0,40,1250,900,350,0.72,16,9,7,338.36342938903897,0.4302884615384615,0.14184911409547474,0.19895410403558567,131476.4596863213,897.581569421071,132374.04125574237,2092,0,352.075,35,5,21,34.92986589173533,0.637202380952381,43.60532407407408,1025.5787037037048,29.30224867724871,0
2361,4,1,0,41,0.024390243902439025,0.0,1.0,41,950,700,250,0.7368421052631579,12,7,5,335.38564750692547,0.4305132113821138,0.15249251176722312,0.1991352282072369,131848.06428049668,643.9896822498148,132492.0539627465,2093,0,344.4634146341463,36,5,16,34.631990131578945,0.6388888888888888,43.24324324324324,1027.0270270270266,28.52852852852852,0
2362,4,0,1,40,0.0,0.024390243902439025,0.975609756097561,41,1300,900,400,0.6923076923076923,17,9,8,337.5732348181571,0.4299288617886179,0.1571011761766321,0.20110608922320106,131975.16453379902,710.256641466623,132685.42117526566,2094,1,345.4634146341463,37,4,16,34.44792000142283,0.6382319819819819,43.11951754385966,1027.5219298245627,27.770862968231423,0
2363,4,0,0,40,0.0,0.0,1.0,40,800,500,300,0.625,11,5,6,342.71657721899044,0.4276709401709402,0.16692876712328797,0.20426445245743222,131992.67415641993,1047.215500973949,133039.88965739388,2095,2,354.525,36,4,16,34.29817351598172,0.6403356481481481,43.10247747747748,1027.5900900900901,28.54416916916917,0
2364,4,0,0,40,0.0,0.0,1.0,40,1500,1200,300,0.8,18,12,6,342.6602066548322,0.42772435897435895,0.16134969325153392,0.20469910774511202,132079.4781267756,1051.6762539566746,133131.15438073227,2096,3,355.525,36,4,16,34.21226811276657,0.6412037037037037,43.018018018018026,1027.9279279279292,28.553553553553588,0
2365,4,0,3,37,0.0,0.075,0.925,40,900,600,300,0.6666666666666666,12,6,6,329.22524810964103,0.4271367521367522,0.10101902173913069,0.18930451766304338,130617.28395061713,601.2687800412846,131218.5527306584,2097,4,356.525,35,5,17,36.03091032608697,0.6285714285714286,44.444444444444436,1022.2222222222209,29.20634920634917,8
2366,4,0,0,37,0.0,0.0,1.0,37,1200,800,400,0.6666666666666666,16,8,8,355.7831582562142,0.42132757757757755,0.12428823482235929,0.20321851581753272,130359.27456382012,1875.9268824609849,132235.2014462811,2098,8,385.97297297297297,32,5,22,35.61371785361028,0.6328125,44.6969696969697,1021.2121212121219,31.91287878787881,0
2367,4,0,0,37,0.0,0.0,1.0,37,750,400,350,0.5333333333333333,11,4,7,356.1201565782108,0.4212962962962963,0.12722845203379118,0.20391848456293749,130455.99819214897,1891.6021005509906,132347.60029269996,2099,9,386.97297297297297,32,5,23,35.50704486466446,0.6337890625,44.60227272727274,1021.5909090909108,31.924715909090963,0
2368,4,0,0,37,0.0,0.0,1.0,37,950,600,350,0.631578947368421,13,6,7,353.8546586147958,0.42042042042042044,0.11547820514104346,0.20363618840113737,130649.55305899907,1846.1905991735557,132495.74365817264,2100,10,387.97297297297297,32,5,20,35.368809435593434,0.6357421875,44.41287878787879,1022.3484848484848,31.94839015151515,0
2369,4,1,0,38,0.02631578947368421,0.0,1.0,38,750,400,350,0.5333333333333333,11,4,7,345.69568697079967,0.42206021811284966,0.11900231243738446,0.20066685707207016,130982.91710219627,1456.0459018166066,132438.96300401288,2101,0,378.7368421052632,33,5,21,35.24020810886307,0.6366792929292929,44.08700980392157,1023.6519607843137,31.019756387403447,0
2370,4,0,0,38,0.0,0.0,1.0,38,1350,1100,250,0.8148148148148148,16,11,5,349.45577601426817,0.42160087719298245,0.12637750154280125,0.20367861756814873,131139.77346453283,1565.5102604767305,132705.28372500956,2102,1,379.7368421052632,33,5,23,34.98544308845816,0.6382575757575757,43.93382352941176,1024.2647058823527,31.038324420677355,0
2371,4,0,0,38,0.0,0.0,1.0,38,1050,800,250,0.7619047619047619,13,8,5,347.7908257458636,0.4215564248458985,0.11739526873005435,0.19532684754051433,129700.23548635117,1421.7103998461855,131121.94588619735,2103,2,380.7368421052632,33,5,18,36.48640519730511,0.6237373737373737,45.34313725490195,1018.6274509803902,30.86749851455728,7
2372,4,0,0,38,0.0,0.0,1.0,38,1100,700,400,0.6363636363636364,15,7,8,347.3010743296359,0.42071183025130393,0.11888219380226284,0.19558534185932105,129807.25623582747,1416.439909297029,131223.6961451245,2104,3,381.7368421052632,34,4,19,36.39018691588784,0.6225490196078431,45.23809523809523,1019.0476190476176,29.971988795518165,0
2373,4,1,0,39,0.02564102564102564,0.0,1.0,39,1850,1500,350,0.8108108108108109,22,15,7,340.6913785922536,0.4247638326585695,0.11470434327577195,0.19411485524442296,130262.58680555515,1075.8680555555077,131338.45486111066,2105,0,372.9230769230769,35,4,21,36.09693877551021,0.625,44.79166666666664,1020.8333333333301,29.166666666666572,0
2374,4,0,1,38,0.0,0.02564102564102564,0.9743589743589743,39,900,700,200,0.7777777777777778,11,7,4,338.6380392307188,0.4247638326585695,0.11937158562654826,0.19337340930378785,130348.82010388738,1028.2137712036022,131377.03387509097,2106,1,373.9230769230769,36,3,21,36.062022129098665,0.6238425925925926,44.70720720720719,1021.1711711711689,28.365865865865803,0
2375,4,1,0,39,0.02564102564102564,0.0,1.0,39,1100,900,200,0.8181818181818182,13,9,4,337.9774006747678,0.4254385964912281,0.13042827320672434,0.19428884521373396,130607.69120049074,1028.4895960148983,131636.18079650562,2107,0,372.53846153846155,36,3,15,35.81694576034665,0.6264467592592593,44.45382882882881,1022.1846846846823,28.394019019018955,0
2376,4,0,1,38,0.0,0.02564102564102564,0.9743589743589743,39,1300,1000,300,0.7692307692307693,16,10,6,339.4466452355443,0.425157444894287,0.12720297427993166,0.19600723958515226,130780.41459956557,1078.5945996672124,131859.0091992328,2108,1,373.53846153846155,36,3,15,35.6047469631913,0.6281828703703703,44.2849099099099,1022.8603603603588,28.412787787787742,0
2377,4,0,1,37,0.0,0.02631578947368421,0.9736842105263158,38,1200,800,400,0.6666666666666666,16,8,8,344.5863075653207,0.4202821242294927,0.13016146227285996,0.19889674722107992,130765.21675936616,1411.980640217735,132177.1973995839,2109,2,384.2894736842105,35,3,16,35.488688657538376,0.6300595238095238,44.299768518518505,1022.8009259259238,29.222883597883538,0
2378,4,1,0,38,0.02631578947368421,0.0,1.0,38,1150,1100,50,0.9565217391304348,12,11,1,343.88349570407536,0.4230085348506401,0.14170658415399728,0.19971434796471055,131002.08340031268,1409.8908768432511,132411.97427715594,2110,0,383.0,35,3,17,35.26721782551348,0.6324404761904762,44.068287037037024,1023.7268518518498,29.249338624338566,0
2379,4,0,0,38,0.0,0.0,1.0,38,750,600,150,0.8,9,6,3,345.0210030332543,0.42315670934091987,0.14325105745034028,0.20068381419034836,131061.33355034713,1443.782552083328,132505.11610243045,2111,1,384.0,35,3,18,35.178238385893536,0.6330357142857144,44.010416666666664,1023.9583333333326,29.25595238095236,0
2380,4,0,0,38,0.0,0.0,1.0,38,950,600,350,0.631578947368421,13,6,7,342.8131509170484,0.42303816974869607,0.14510418715507134,0.20018703767928778,131212.72243527306,1396.289363688003,132609.01179896106,2112,2,385.0,36,2,18,35.08188612881951,0.6325231481481481,43.86261261261261,1024.549549549549,28.459709709709696,0
2381,4,0,1,37,0.0,0.02631578947368421,0.9736842105263158,38,800,600,200,0.75,10,6,4,329.83718690949416,0.42204540066382173,0.04693632857126673,0.18739101717825118,130150.67737188369,985.7066597414597,131136.38403162514,2113,3,386.0,37,1,19,36.48721255104232,0.6199324324324325,44.901315789473685,1020.3947368421057,27.57823613086772,8
2382,4,0,0,37,0.0,0.0,1.0,37,1100,700,400,0.6363636363636364,15,7,8,338.2168685515899,0.4208896396396396,0.0612202886184563,0.19185388930550104,130090.20580969479,1399.7404076373625,131489.94621733215,2114,4,397.27027027027026,36,1,19,36.33472237553813,0.6212384259259259,44.960585585585584,1020.1576576576573,28.3377127127127,0
2383,4,1,1,37,0.02631578947368421,0.02631578947368421,0.9736842105263158,38,750,400,350,0.5333333333333333,11,4,7,354.09416137542695,0.42383831199620675,-0.035333229352604634,0.20881242098974206,131587.9662390431,2008.0592839461065,133596.02552298922,2115,0,387.7894736842105,36,2,14,34.41398675593604,0.6362847222222222,43.49662162162162,1026.0135135135135,28.500375375375377,8
2384,4,0,0,37,0.0,0.0,1.0,37,450,200,250,0.4444444444444444,7,2,5,364.3473342539327,0.4207019519519519,-0.033579403331096214,0.21406613935609028,131446.78605109727,2178.4572187928525,133625.2432698901,2116,6,399.27027027027026,35,2,17,34.293641835966895,0.6369047619047619,43.63425925925925,1025.462962962962,29.29894179894177,0
2385,4,0,1,36,0.0,0.02702702702702703,0.972972972972973,37,1050,700,350,0.6666666666666666,14,7,7,363.285347713204,0.42042042042042044,-0.031189488032543622,0.21394006888917794,131535.817003708,2157.0070033864845,133692.8240070945,2117,7,400.27027027027026,35,2,18,34.23090845838504,0.6377976190476191,43.5474537037037,1025.8101851851852,29.308862433862434,0
2386,4,0,0,36,0.0,0.0,1.0,36,800,500,300,0.625,11,5,6,363.4589724982162,0.41693121693121693,0.00404165726746375,0.2145424267755784,131624.87809713653,2368.048589677648,133992.92668681417,2118,17,412.19444444444446,35,1,15,34.136495225204904,0.6386904761904761,43.46064814814815,1026.1574074074078,29.31878306878308,0
2387,4,0,0,36,0.0,0.0,1.0,36,1200,800,400,0.6666666666666666,16,8,8,377.96358880771515,0.4163690476190476,-0.004067029340012462,0.20595751029272608,128506.39349489797,2516.411444335971,131022.80493923395,2119,18,413.19444444444446,34,2,14,36.937155101561586,0.609375,46.517857142857146,1013.9285714285716,29.821428571428577,8
2388,4,0,0,36,0.0,0.0,1.0,36,1050,900,150,0.8571428571428571,12,9,3,379.4279626138199,0.41648478835978836,-0.003429033351586508,0.20754076363254056,128657.32001133825,2563.236961451294,131220.55697278955,2120,19,414.19444444444446,34,2,14,36.74558006727686,0.610906862745098,46.36904761904764,1014.5238095238126,29.838935574229783,0
2389,4,0,0,36,0.0,0.0,1.0,36,900,600,300,0.6666666666666666,12,6,6,381.31499568647774,0.4158068783068783,0.006329567517558754,0.20936722267988433,128808.33510487563,2623.3099489796355,131431.64505385526,2121,20,415.19444444444446,34,2,14,36.54323521363513,0.6124387254901961,46.220238095238116,1015.1190476190505,29.856442577030897,0
2390,4,0,0,36,0.0,0.0,1.0,36,1150,1000,150,0.8695652173913043,13,10,3,381.40814968144593,0.41504629629629625,0.00903980553023409,0.21025363829173238,128966.15655006899,2637.7486282579353,131603.90517832694,2122,21,416.19444444444446,35,1,15,36.379519902765125,0.611904761904762,46.06481481481484,1015.7407407407441,29.021164021164115,0
2391,4,1,0,37,0.02702702702702703,0.0,1.0,37,1150,900,250,0.782608695652174,14,9,5,370.75984797469306,0.41804304304304307,0.007466204352544414,0.2060768628007683,129292.1786422906,2187.6983689566823,131479.87701124727,2123,0,405.9189189189189,34,3,16,36.31725779390536,0.6173406862745099,45.74404761904764,1017.0238095238124,29.912464985994482,0
2392,4,1,1,37,0.02631578947368421,0.02631578947368421,0.9736842105263158,38,900,700,200,0.7777777777777778,11,7,4,369.11471335161013,0.42056365576102417,0.06359862378799508,0.20225912800883072,128728.04763244459,1903.083280432441,130631.13091287704,2124,0,396.2105263157895,37,1,17,36.93487754367009,0.6055743243243243,46.29934210526316,1014.8026315789473,27.42709815078236,8
2393,4,1,0,38,0.02631578947368421,0.0,1.0,38,650,500,150,0.7692307692307693,8,5,3,369.93893685681087,0.4205488383119962,0.07670845219288736,0.20370834917763253,128922.8476550476,1938.7162396121728,130861.56389465978,2125,0,397.1578947368421,37,1,19,36.71498236521987,0.607545045045045,46.10745614035087,1015.5701754385957,27.447842579421504,0
2394,4,0,0,38,0.0,0.0,1.0,38,800,400,400,0.5,12,4,8,367.6619773060773,0.42105263157894735,0.07043861542481311,0.20302478436937474,129034.22807979358,1888.1958871960387,130922.42396698962,2126,1,398.1578947368421,37,1,20,36.6591121663429,0.6086711711711712,45.99780701754385,1016.0087719298228,27.45969653864386,0
2395,4,1,0,39,0.02564102564102564,0.0,1.0,39,650,400,250,0.6153846153846154,9,4,5,360.76833676518817,0.4222053531264058,0.06792891948895763,0.20047599519368486,129282.86540516085,1528.232864891496,130811.09827005235,2127,0,388.9230769230769,38,1,21,36.5807857968274,0.609375,45.75320512820512,1016.9871794871776,26.762820512820465,0
2396,4,2,1,40,0.04878048780487805,0.024390243902439025,0.975609756097561,41,1500,1200,300,0.8,18,12,6,347.6898111693324,0.42855691056910566,0.08539017580044139,0.19587828238236296,129822.0511930727,827.5608929869553,130649.61208605964,2128,0,370.9024390243902,40,1,17,36.36526060364312,0.6114583333333333,45.223577235772346,1019.1056910569089,25.47764227642272,0
2397,4,0,0,40,0.0,0.0,1.0,40,1250,700,550,0.56,18,7,11,359.5891838917396,0.42674946581196577,0.061747248003453103,0.198566947433901,129034.22807979374,1330.4741689727734,130364.70224876651,2129,1,381.15,37,3,17,36.864162889416505,0.6086711711711712,45.997807017543856,1016.0087719298242,27.459696538643897,8
2398,4,0,1,39,0.0,0.025,0.975,40,1150,1000,150,0.8695652173913043,13,10,3,359.86636084666054,0.4266693376068376,0.0624541531823084,0.19928083423229054,129145.6565962604,1295.0354916897513,130440.69208795016,2130,2,382.15,37,3,17,36.743527508090615,0.6097972972972974,45.88815789473684,1016.4473684210528,27.471550497866293,0
2399,4,0,0,39,0.0,0.0,1.0,39,950,600,350,0.631578947368421,13,6,7,365.2435795836053,0.4254385964912281,0.06734710812380684,0.20225854138231913,129145.6565962604,1633.9243805786411,130779.58097683905,2131,3,392.20512820512823,37,2,17,36.606886012225814,0.6097972972972974,45.88815789473684,1016.4473684210528,27.471550497866293,0
2400,4,0,0,39,0.0,0.0,1.0,39,1000,500,500,0.5,15,5,10,368.6028264171083,0.42479194781826357,0.06792575180351812,0.2045637908010736,129231.6485969388,1727.0662558652318,130958.71485280403,2132,4,393.20512820512823,34,5,17,36.43381922491511,0.6167279411764706,45.80357142857143,1016.7857142857146,29.905462184873958,0
2401,4,1,0,40,0.025,0.0,1.0,40,1150,700,450,0.6086956521739131,16,7,9,357.37210783761424,0.4266693376068376,0.06782710014777749,0.20011473154980874,129584.09857521014,1261.9484900120128,130846.04706522216,2133,0,384.35,35,5,14,36.36052536849684,0.6181547619047619,45.45717592592593,1018.171296296297,29.090608465608486,0
2402,4,1,0,41,0.024390243902439025,0.0,1.0,41,1500,1200,300,0.8,18,12,6,348.2832184590355,0.4290904471544716,0.07122123550668102,0.19741861031301286,130061.48674011859,859.6466398831411,130921.13338000173,2134,0,375.9512195121951,36,5,17,36.107124457201756,0.6209490740740741,44.988738738738746,1020.0450450450458,28.334584584584604,0
2403,4,0,1,40,0.0,0.024390243902439025,0.975609756097561,41,1550,1200,350,0.7741935483870968,19,12,7,346.1347530437666,0.429344512195122,0.06569543409467582,0.19707069105456687,130233.84871357858,815.6922124827669,131049.54092606135,2135,1,376.9512195121951,36,5,19,35.98714695498676,0.6226851851851851,44.81981981981983,1020.7207207207218,28.353353353353384,0
2404,4,0,0,40,0.0,0.0,1.0,40,900,400,500,0.4444444444444444,14,4,10,350.76709865434964,0.42875267094017094,0.07189249067164205,0.20001187753056518,130292.9705215419,1140.500619379715,131433.4711409216,2136,2,386.0,34,6,19,35.80899214863184,0.6274509803921569,44.76190476190476,1020.9523809523805,30.02801120448178,0
2405,4,0,0,40,0.0,0.0,1.0,40,800,600,200,0.75,10,6,4,351.61354449293884,0.4284989316239316,0.06706201188949823,0.2009655295273098,130384.14292800441,1168.9661281179058,131553.1090561223,2137,3,387.0,34,6,19,35.69496250534252,0.6283700980392157,44.672619047619044,1021.3095238095228,30.038515406162436,0
2406,4,1,1,40,0.024390243902439025,0.024390243902439025,0.975609756097561,41,1150,800,350,0.6956521739130435,15,8,7,343.9224799993459,0.43066565040650406,0.07705959146272501,0.19851358300158164,130765.21675936623,794.6195291066384,131559.83628847287,2138,0,378.5365853658537,35,6,16,35.505662743766756,0.6300595238095238,44.29976851851851,1022.8009259259244,29.222883597883555,0
2407,4,1,2,39,0.024390243902439025,0.04878048780487805,0.9512195121951219,41,750,500,250,0.6666666666666666,10,5,5,357.45795306357957,0.4303607723577236,0.022939786339469803,0.20206696082299266,129954.95158366054,1090.6861967143905,131045.63778037493,2139,0,377.0,37,4,15,35.981355522099136,0.6179617117117118,45.09320175438597,1019.6271929824576,27.55749170222858,8
2408,4,0,2,37,0.0,0.05128205128205128,0.9487179487179487,39,900,700,200,0.7777777777777778,11,7,4,368.7785418372907,0.42510121457489874,0.04445880122750512,0.20765880678815488,129803.1577819376,1773.723850539761,131576.88163247737,2140,1,396.9230769230769,36,3,15,35.84719306000663,0.6183449074074074,45.24211711711713,1019.0315315315336,28.306431431431488,0
2409,4,0,0,37,0.0,0.0,1.0,37,950,700,250,0.7368421052631579,12,7,5,385.27740913668595,0.419044044044044,0.048941259744486265,0.2158007649211576,129595.04145408174,2586.0083616780166,132181.04981575976,2141,2,418.9189189189189,34,3,15,35.63905452277954,0.6204044117647058,45.44642857142858,1018.2142857142867,29.947478991596668,0
2410,4,3,0,40,0.075,0.0,1.0,40,1000,700,300,0.7,13,7,6,361.3500595739514,0.4245592948717949,0.08493388429752091,0.20741630554292279,130550.14209733384,1436.575177459593,131986.71727479342,2142,0,388.425,36,4,17,35.27800734618916,0.6258680555555556,44.51013513513514,1021.9594594594596,28.387762762762765,0
2411,4,0,1,39,0.0,0.025,0.975,40,1250,900,350,0.72,16,9,7,360.03075606294374,0.42443910256410255,0.0802106786748149,0.20766894630792074,130738.73842191831,1413.99336815174,132152.73179007004,2143,1,389.425,37,3,17,35.12059522533147,0.6258445945945945,44.32565789473684,1022.6973684210529,27.640469416785216,0
2412,4,0,0,39,0.0,0.0,1.0,39,1650,1100,550,0.6666666666666666,22,11,11,363.9029951579413,0.4222334682860998,0.0931022261784078,0.21081977987641623,130906.99932912046,1727.4898286011055,132634.48915772157,2144,2,398.97435897435895,37,2,17,34.8511330761813,0.6275337837837838,44.161184210526315,1023.3552631578943,27.658250355618765,0
2413,4,0,0,39,0.0,0.0,1.0,39,1300,900,400,0.6923076923076923,17,9,8,362.76630365080155,0.4218398560503824,0.0922055346388646,0.21077467188472504,131019.2333819059,1705.8726002231363,132725.10598212903,2145,3,399.97435897435895,37,2,18,34.7665872335868,0.6286599099099099,44.051535087719294,1023.7938596491222,27.67010431484114,0
2414,4,0,0,39,0.0,0.0,1.0,39,700,400,300,0.5714285714285714,10,4,6,363.7848486948891,0.42189608636977055,0.09438138073820257,0.2115207295836158,131047.29940943347,1734.6043975069038,132781.90380694036,2146,4,400.97435897435895,37,2,18,34.71210823159847,0.6289414414414414,44.024122807017534,1023.9035087719283,27.67306780464671,0
2415,4,0,0,39,0.0,0.0,1.0,39,1000,600,400,0.6,14,6,8,359.5024752997511,0.42203666216824115,0.09735958649351262,0.2094892465237036,131131.51552641168,1628.420884310527,132759.9364107222,2147,5,401.97435897435895,37,2,18,34.73653338329229,0.6297860360360361,43.94188596491227,1024.2324561403486,27.681958274063476,0
2416,4,0,0,39,0.0,0.0,1.0,39,1000,400,600,0.4,16,4,12,359.4082265317862,0.4228238866396761,0.0947935959171915,0.21004814740084665,131243.84576263832,1634.0235697522094,132877.86933239052,2148,6,402.97435897435895,37,2,20,34.62535669698591,0.6309121621621622,43.83223684210525,1024.6710526315774,27.693812233285875,0
2417,4,0,0,39,0.0,0.0,1.0,39,1450,1100,350,0.7586206896551724,18,11,7,354.5453360775468,0.422795771479982,0.09181291842539108,0.20781469260119012,131356.22409058543,1514.3473232148212,132870.57141380024,2149,7,403.97435897435895,37,2,20,34.63639159268373,0.6320382882882882,43.72258771929824,1025.1096491228059,27.705666192508268,0
2418,4,0,0,39,0.0,0.0,1.0,39,650,500,150,0.7692307692307693,8,5,3,356.3570678769612,0.42214912280701755,0.09907619917244581,0.20918361216054376,131412.4312889542,1565.949739342865,132978.38102829707,2150,8,404.97435897435895,37,2,20,34.5331827255552,0.6326013513513513,43.66776315789473,1025.3289473684204,27.711593172119468,0
2419,4,0,0,39,0.0,0.0,1.0,39,1050,700,350,0.6666666666666666,14,7,7,339.17560693962815,0.4222896986054881,0.06437121432521642,0.1910279195561532,129811.04736328122,1005.7481553819434,130816.79551866316,2151,9,405.97435897435895,39,0,15,36.59334645132716,0.6129807692307692,45.234375,1019.0624999999998,26.129807692307686,8
2420,4,0,1,38,0.0,0.02564102564102564,0.9743589743589743,39,700,400,300,0.5714285714285714,10,4,6,336.88795563480465,0.4218679712100765,0.05681118404674912,0.18999704010873558,129864.12896050338,949.9321831597165,130814.0611436631,2152,10,406.97435897435895,39,0,15,36.59778998467042,0.6135149572649572,45.182291666666664,1019.2708333333326,26.135149572649553,0
2421,4,0,0,38,0.0,0.0,1.0,38,1150,1000,150,0.8695652173913043,13,10,3,335.8036348523694,0.4186818397344713,0.062370406317554083,0.18986433003738235,129962.83512309153,1128.398486010664,131091.2336091022,2153,11,418.05263157894734,38,0,16,36.52534751327185,0.6162280701754386,45.085470085470085,1019.6581196581196,26.83310841205578,0
2422,4,2,1,39,0.05,0.025,0.975,40,1400,1200,200,0.8571428571428571,16,12,4,326.5198818322856,0.42311698717948715,0.06893476044852243,0.18731930063010052,130528.56445312496,524.379569990045,131052.94402311501,2154,0,398.1,39,1,15,36.189687393815845,0.6201923076923077,44.53125,1021.8749999999997,26.20192307692307,0
2423,4,0,0,39,0.0,0.0,1.0,39,900,400,500,0.4444444444444444,14,4,10,334.029823255023,0.4194781826360774,0.06587202007528248,0.19152645261457096,130508.09500328744,918.7191814595792,131426.81418474703,2155,1,409.3076923076923,38,1,16,36.01853304056881,0.6217105263157895,44.55128205128206,1021.7948717948727,26.88933873144402,0
2424,4,0,0,39,0.0,0.0,1.0,39,1550,1100,450,0.7096774193548387,20,11,9,336.530485450779,0.41905645524066576,0.061727104887309814,0.19364162449058958,130644.58832137121,993.1773458616462,131637.76566723286,2156,2,410.3076923076923,38,1,17,35.81661267286725,0.6230811403508771,44.417735042735046,1022.3290598290602,26.903396311291058,0
2425,4,0,0,39,0.0,0.0,1.0,39,1000,400,600,0.4,16,4,12,337.7434016112044,0.41832546108861896,0.05829761559617963,0.19469330438151478,130714.91021050364,1029.6196831597406,131744.5298936634,2157,3,411.3076923076923,39,0,17,35.71451308953856,0.6220619658119658,44.34895833333334,1022.604166666668,26.22061965811969,0
2426,4,0,0,39,0.0,0.0,1.0,39,900,600,300,0.6666666666666666,12,6,6,335.0675167921045,0.41781938821412506,0.0603502507197915,0.19395216366817009,130874.7409396703,970.3748914930738,131845.11583116336,2158,4,412.3076923076923,39,0,17,35.62143693372697,0.6236645299145299,44.19270833333334,1023.229166666668,26.236645299145334,0
2427,4,0,1,38,0.0,0.02564102564102564,0.9743589743589743,39,800,500,300,0.625,11,5,6,333.6172752111034,0.4173976608187135,0.05803545799474996,0.19351377486566146,130954.69292534738,937.7495659722401,131892.4424913196,2159,5,413.3076923076923,39,0,17,35.577803785874224,0.624465811965812,44.11458333333334,1023.5416666666679,26.24465811965815,0
2428,4,0,2,36,0.0,0.05263157894736842,0.9473684210526316,38,1050,800,250,0.7619047619047619,13,8,5,333.21427116445676,0.41678520625889043,0.026492516706246416,0.18657649848397603,129581.83235627145,1035.7031649499609,130617.5355212214,2160,6,422.8157894736842,38,0,15,36.977745715285074,0.612390350877193,45.45940170940171,1018.1623931623931,26.79374718848403,8
2429,4,2,0,38,0.05263157894736842,0.0,1.0,38,800,600,200,0.75,10,6,4,338.4743436116883,0.4182224988146041,0.060561344667611205,0.19097479079829205,129881.14458917745,1192.2870324713251,131073.43162164878,2161,0,423.13157894736844,38,0,17,36.540107605771574,0.6154057017543859,45.16559829059829,1019.3376068376069,26.824673864147552,0
2430,4,0,0,38,0.0,0.0,1.0,38,1100,900,200,0.8181818181818182,13,9,4,342.5167420639452,0.4178224276908487,0.09448499120567,0.1870860094463286,128601.01814229791,1300.084157468968,129901.10229976688,2162,1,424.13157894736844,36,2,11,37.73916583398098,0.6061921296296297,46.42454954954956,1014.3018018018034,28.175050050050096,8
2431,4,1,0,39,0.02564102564102564,0.0,1.0,39,1200,900,300,0.75,15,9,6,341.7950582662204,0.4213337831758885,0.08456146340538195,0.18283813659543485,127766.205130488,933.9715054058024,128700.1766358938,2163,0,414.2307692307692,38,1,17,38.610025009686844,0.5940241228070176,47.248931623931625,1011.0042735042737,26.605375618533518,8
2432,4,0,1,38,0.0,0.02564102564102564,0.9743589743589743,39,850,500,350,0.5882352941176471,12,5,7,340.91595217968836,0.4216430499325236,0.08699633699633691,0.18249030381383316,127793.2098765432,913.3487654320963,128706.5586419753,2164,1,415.2307692307692,38,1,17,38.60462454212454,0.5942982456140351,47.22222222222222,1011.1111111111111,26.608187134502923,0
2433,4,0,0,38,0.0,0.0,1.0,38,850,600,250,0.7058823529411765,11,6,5,339.3499978313986,0.42158605974395447,0.09408978720565675,0.18214091720338324,127901.25739644966,1080.6582840236638,128981.91568047332,2165,2,423.55263157894734,38,0,17,38.53374524714829,0.5953947368421053,47.11538461538461,1011.5384615384611,26.619433198380555,0
2434,4,3,2,39,0.07317073170731707,0.04878048780487805,0.9512195121951219,41,1200,800,400,0.6666666666666666,16,8,8,316.7910212736765,0.4267784552845528,0.10051263005116517,0.17317677844215973,128633.75491605522,-49.76514292176523,128583.98977313345,2166,0,393.4878048780488,40,1,13,38.358211447271756,0.5994791666666667,46.392276422764226,1014.4308943089427,25.36077235772357,0
2435,4,1,0,40,0.025,0.0,1.0,40,1100,900,200,0.8181818181818182,13,9,4,328.0614143879082,0.42321047008547014,0.12192023406221164,0.17963160413449208,128698.84033203122,444.224717881944,129143.06504991316,2167,0,404.3,39,1,14,38.00612958970676,0.6017628205128205,46.328125,1014.6874999999998,26.0176282051282,0
2436,4,0,1,39,0.0,0.025,0.975,40,1200,800,400,0.6666666666666666,16,8,8,325.41748849441177,0.4225827991452991,0.12192307692307724,0.17925539620454878,128936.76757812497,391.65581597222206,129328.42339409719,2168,1,405.3,39,1,15,37.83119658119659,0.6041666666666667,46.09375,1015.6249999999998,26.04166666666666,0
2437,4,0,1,38,0.0,0.02564102564102564,0.9743589743589743,39,1550,1200,350,0.7741935483870968,19,12,7,332.16011431252616,0.4227395411605938,0.11884950957798623,0.18381845069546604,129119.93805473376,777.6986768573336,129897.6367315911,2169,2,407.8205128205128,38,1,15,37.47372017239568,0.6077302631578947,45.91346153846154,1016.3461538461542,26.745951417004058,0
2438,4,0,0,38,0.0,0.0,1.0,38,850,400,450,0.47058823529411764,13,4,9,368.56215709580437,0.4191856330014225,0.12892451569806296,0.19775539396860883,127888.11404309703,1845.691781158244,129733.80582425527,2170,3,419.3421052631579,36,2,16,37.80848734506049,0.5989583333333333,47.12837837837837,1011.4864864864855,28.09684684684682,8
2439,4,2,1,39,0.05,0.025,0.975,40,1400,900,500,0.6428571428571429,19,9,10,357.9517077691291,0.4233440170940171,0.14302687097490607,0.1953765503132592,128572.46393352808,1205.060212239264,129777.52414576734,2171,0,399.325,36,4,15,37.37693389592124,0.6059027777777778,46.4527027027027,1014.1891891891889,28.171921921921914,0
2440,4,0,0,39,0.0,0.0,1.0,39,1000,500,500,0.5,15,5,10,364.3907854923461,0.4222896986054881,0.15776121630281192,0.1989505578361015,128584.36113522375,1570.9912712191342,130155.35240644288,2172,1,410.43589743589746,35,4,15,37.201514892160226,0.6080357142857142,46.44097222222222,1014.236111111111,28.978174603174597,0
2441,4,2,0,41,0.04878048780487805,0.0,1.0,41,650,500,150,0.7692307692307693,8,5,3,351.68992078068044,0.42634654471544714,0.1759228928505996,0.19531906725531348,129260.23046339172,894.8578425068699,130155.0883058986,2173,0,391.3658536585366,35,6,17,36.83464223385691,0.6148809523809524,45.77546296296297,1016.8981481481488,29.054232804232825,0
2442,4,0,0,41,0.0,0.0,1.0,41,950,500,450,0.5263157894736842,14,5,9,353.1270396184928,0.42548272357723577,0.17510048181341653,0.19714578154700982,129466.28146701379,943.6089409722166,130409.89040798601,2174,1,392.3658536585366,35,6,14,36.588408393039934,0.6169642857142856,45.572916666666664,1017.7083333333325,29.077380952380928,0
2443,4,0,1,40,0.0,0.024390243902439025,0.975609756097561,41,1600,1400,200,0.875,18,14,4,352.08668546292836,0.42510162601626017,0.15971023248466776,0.19774823986976572,129701.96926708234,933.2672914523137,130635.23655853466,2175,2,393.3658536585366,35,6,16,36.37524618414573,0.6193452380952381,45.341435185185176,1018.6342592592581,29.103835978835946,0
2444,4,0,0,40,0.0,0.0,1.0,40,850,500,350,0.5882352941176471,12,5,7,350.72235553142775,0.42409188034188033,0.1618493756216155,0.1974913873804535,129803.15778193726,1104.9738505397156,130908.13163247697,2176,3,403.15,36,4,16,36.30718863962867,0.6183449074074074,45.24211711711711,1019.0315315315308,28.306431431431413,0
2445,4,1,0,41,0.024390243902439025,0.0,1.0,41,950,600,350,0.631578947368421,13,6,7,347.5282828244917,0.4269308943089431,0.1661000511133539,0.19730022401963943,130122.70752779684,844.2642207217443,130966.97174851858,2177,0,394.2926829268293,37,4,17,36.064279957012374,0.6196509009009009,44.92872807017543,1020.2850877192968,27.575272641062078,0
2446,4,1,0,42,0.023809523809523808,0.0,1.0,42,750,400,350,0.5333333333333333,11,4,7,339.62775668186856,0.428825493612079,0.16451461848469928,0.1940527032947984,130371.6730244172,455.5677688289634,130827.24079324616,2178,0,385.8809523809524,38,4,18,36.013617184503254,0.6203399122807017,44.68482905982905,1021.260683760682,26.875281151596894,0
2447,4,0,0,42,0.0,0.0,1.0,42,750,600,150,0.8,9,6,3,338.82243477447514,0.42893437862950057,0.15901734046473615,0.19400120486907377,130453.51765103363,440.1156950836369,130893.63334611726,2179,1,386.8809523809524,38,4,19,35.95133514606428,0.6211622807017544,44.60470085470085,1021.5811965811963,26.883715699505167,0
2448,4,0,0,42,0.0,0.0,1.0,42,1450,1300,150,0.896551724137931,16,13,3,335.4241478207713,0.42822057684862563,0.15342173244336976,0.19273290223431325,130589.9824334318,360.60671433266134,130950.58914776446,2180,2,387.8809523809524,38,4,15,35.90009929967598,0.622532894736842,44.47115384615384,1022.1153846153834,26.897773279352194,0
2449,4,0,1,41,0.0,0.023809523809523808,0.9761904761904762,42,1450,1200,250,0.8275862068965517,17,12,5,332.7522331738094,0.42779713511420825,0.15336617405582986,0.191602820184919,130671.8955456935,296.27301117684453,130968.16855687034,2181,3,388.8809523809524,38,4,15,35.88557993730408,0.6233552631578947,44.391025641025635,1022.4358974358964,26.90620782726043,0
2450,4,1,2,40,0.023809523809523808,0.047619047619047616,0.9523809523809523,42,1250,900,350,0.72,16,9,7,336.3402792003176,0.42612756484707703,0.16933591808330895,0.19504478660647936,130945.12473518869,408.423962670745,131353.54869785943,2182,0,389.7857142857143,38,4,17,35.517788796103005,0.6260964912280702,44.12393162393162,1023.5042735042723,26.934322986954534,0
2451,4,1,0,41,0.024390243902439025,0.0,1.0,41,1150,900,250,0.782608695652174,14,9,5,338.9813045390863,0.42931910569105686,0.16305247518806443,0.19753115194632587,131131.51552641182,690.226439866099,131821.7419662779,2183,0,375.1707317073171,37,4,18,35.26199461156907,0.6297860360360361,43.941885964912274,1024.2324561403498,27.681958274063508,0
2452,4,0,2,39,0.0,0.04878048780487805,0.9512195121951219,41,1300,900,400,0.6923076923076923,17,9,8,337.2833200412837,0.42896341463414633,0.16067699632475807,0.19697345890410956,131215.758694983,651.377346875954,131867.13604185896,2184,1,376.1707317073171,37,4,18,35.220462328767134,0.6306306306306306,43.859649122807014,1024.5614035087713,27.690848743480306,0
2453,4,1,0,40,0.025,0.0,1.0,40,750,500,250,0.6666666666666666,10,5,5,344.8145112346157,0.4295138888888889,0.17126578215279276,0.20166685994985703,131271.9358360263,1052.8936788242347,132324.82951485054,2185,0,383.875,37,3,19,34.97084314145088,0.6311936936936937,43.8048245614035,1024.7807017543846,27.696775723091477,0
2454,4,1,1,40,0.024390243902439025,0.024390243902439025,0.975609756097561,41,1500,1000,500,0.6666666666666666,20,10,10,336.92967025227773,0.4316056910569106,0.17878729391208914,0.1987636703380142,131602.0390459491,668.1263240557826,132270.16537000486,2186,0,375.4878048780488,38,3,16,34.84008399278078,0.6326754385964912,43.48290598290597,1026.0683760683742,27.001799370220372,0
2455,4,0,0,40,0.0,0.0,1.0,40,1200,900,300,0.75,15,9,6,335.2919957298842,0.4305555555555556,0.16830175913396528,0.1982246278755074,131684.26890432084,830.5362654320859,132514.80516975292,2187,1,377.15,38,2,16,34.799278304014436,0.6334978070175439,43.40277777777777,1026.3888888888878,27.010233918128627,0
2456,4,0,0,40,0.0,0.0,1.0,40,1050,900,150,0.8571428571428571,12,9,3,334.5665122937109,0.4299278846153846,0.16942767950052073,0.19822343915798749,131766.52444480947,816.9333041127655,132583.45774892223,2188,2,378.15,38,2,16,34.73508498092263,0.6343201754385965,43.32264957264956,1026.7094017093998,27.018668466036836,0
2457,4,0,2,38,0.0,0.05,0.95,40,900,700,200,0.7777777777777778,11,7,4,333.43476921796025,0.4295940170940171,0.16974149589098153,0.19798075580557428,131848.8056674152,792.5952178756422,132641.40088529084,2189,3,379.15,38,2,16,34.68133430424079,0.6351425438596492,43.242521367521356,1027.0299145299127,27.027103013945073,0
2458,4,0,0,38,0.0,0.0,1.0,38,1050,800,250,0.7619047619047619,13,8,5,346.8334603904633,0.42614983404457085,0.17638566462238536,0.2049961191957643,131674.63705259323,1533.8340029218546,133208.47105551508,2190,4,398.2894736842105,36,2,16,34.512837393021734,0.6371527777777778,43.41216216216217,1026.3513513513522,28.50975975975978,0
2459,4,0,0,38,0.0,0.0,1.0,38,1100,400,700,0.36363636363636365,18,4,14,350.155534476874,0.4257349454717876,0.1736830561984517,0.20774680018832883,131819.15181651252,1631.441111719832,133450.59292823233,2191,5,399.2894736842105,36,2,18,34.281902255364244,0.638599537037037,43.2713963963964,1026.914414414415,28.525400400400414,0
2460,4,0,0,38,0.0,0.0,1.0,38,1150,900,250,0.782608695652174,14,9,5,350.28179146451384,0.42486071597913705,0.1726908788850685,0.20861429930301753,131963.74584043512,1644.899460271091,133608.6453007062,2192,6,400.2894736842105,36,2,18,34.13296434312435,0.6400462962962963,43.130630630630634,1027.4774774774783,28.541041041041062,0
2461,4,0,0,38,0.0,0.0,1.0,38,750,500,250,0.6666666666666666,10,5,5,351.5327053701529,0.42420874822190613,0.17471400894875222,0.2099993805378768,132079.47812677556,1686.0512539566773,133765.52938073225,2193,7,401.2894736842105,36,2,18,33.98426088226702,0.6412037037037037,43.018018018018026,1027.927927927929,28.553553553553584,0
2462,4,0,0,38,0.0,0.0,1.0,38,1100,800,300,0.7272727272727273,14,8,6,330.5615503568247,0.4237790422000948,0.16629676601141452,0.1864623890847719,129871.11418898116,993.3839724747542,130864.49816145591,2194,8,402.2894736842105,37,1,16,36.75191838783708,0.6171171171171171,45.175438596491226,1019.2982456140346,27.548601232811745,8
2463,4,0,0,38,0.0,0.0,1.0,38,900,400,500,0.4444444444444444,14,4,10,331.357762081741,0.42290481270744423,0.1657290822151256,0.18722007836270305,129935.60209155166,1011.0340647600299,130946.63615631168,2195,9,403.2894736842105,38,0,16,36.66627370847742,0.615953947368421,45.11217948717949,1019.5512820512824,26.83029689608638,0
2464,4,1,0,39,0.02564102564102564,0.0,1.0,39,600,400,200,0.6666666666666666,8,4,4,328.2301677390118,0.4249044084570401,0.16581091902586076,0.18675953446613458,130209.42382812501,747.7322048611118,130957.15603298612,2196,0,393.9230769230769,39,0,17,36.46875212628427,0.6169871794871795,44.84375,1020.6250000000001,26.1698717948718,0
2465,4,1,1,39,0.025,0.025,0.975,40,1200,1000,200,0.8333333333333334,14,10,4,368.39826597741757,0.42733707264957266,0.17310318664643431,0.19783715959881554,127922.58795975668,1470.4633577158183,129393.0513174725,2197,0,385.05,37,3,15,37.77729604740226,0.5974099099099099,47.09429824561403,1011.6228070175425,27.341156946420067,8
2466,4,0,1,38,0.0,0.02564102564102564,0.9743589743589743,39,1050,700,350,0.6666666666666666,14,7,7,374.32057961027,0.42560728744939275,0.17851403277558187,0.2004636692895417,127811.68845221597,1768.5090604801371,129580.1975126961,2198,1,395.8974358974359,37,2,15,37.74127087399697,0.5962837837837838,47.20394736842105,1011.1842105263149,27.3293029871977,0
2467,4,1,0,39,0.02564102564102564,0.0,1.0,39,1250,900,350,0.72,16,9,7,369.76352315358554,0.4248200629779577,0.18841932186819554,0.19939584379403621,128089.02739304394,1672.5300092336051,129761.55740227755,2199,0,396.4871794871795,37,2,16,37.57221259387639,0.5990990990990991,46.92982456140351,1012.2807017543854,27.35893788525366,0
2468,4,1,1,39,0.025,0.025,0.975,40,950,800,150,0.8421052631578947,11,8,3,358.65382220864933,0.4277777777777778,0.1795759411510165,0.1950232901468679,128422.23087873196,1211.8368151739048,129634.06769390586,2200,0,387.55,37,3,12,37.51262079907686,0.6024774774774775,46.60087719298246,1013.5964912280706,27.394499762920827,0
2469,4,1,0,40,0.025,0.0,1.0,40,900,500,400,0.5555555555555556,13,5,8,362.02078927934,0.42694978632478636,0.19070471249459597,0.19795604860593674,128644.60699445964,1314.404432132943,129959.01142659258,2201,0,388.525,37,3,15,37.200064850843056,0.6047297297297297,46.38157894736841,1014.4736842105248,27.418207681365534,0
2470,4,1,1,40,0.024390243902439025,0.024390243902439025,0.975609756097561,41,900,600,300,0.6666666666666666,12,6,6,355.37672583826435,0.429979674796748,0.19462163852407732,0.19575836592785748,128936.767578125,964.2252604166672,129900.99283854167,2202,0,380.0243902439024,39,2,16,37.07051282051282,0.6041666666666667,46.09375,1015.625,26.041666666666668,0
2471,4,0,0,40,0.0,0.0,1.0,40,1100,700,400,0.6363636363636364,15,7,8,357.3480907907855,0.42823183760683764,0.1992663300725781,0.19694540864626056,128957.11343277436,1216.515655818527,130173.62908859289,2203,1,389.9,38,2,16,36.99971073945513,0.6060855263157895,46.07371794871794,1015.7051282051273,26.72908232118756,0
2472,4,2,1,41,0.047619047619047616,0.023809523809523808,0.9761904761904762,42,1300,1200,100,0.9230769230769231,14,12,2,344.88977077942343,0.43278164924506385,0.20511676878756324,0.19241737125894862,129439.78000217024,528.7223499907589,129968.502352161,2204,0,372.2857142857143,39,3,15,36.824926638686975,0.6092414529914529,45.598958333333336,1017.6041666666675,26.092414529914553,0
2473,4,1,0,42,0.023809523809523808,0.0,1.0,42,950,600,350,0.631578947368421,13,6,7,349.00608970375623,0.43252758420441345,0.21440750213128656,0.19550341128104426,129598.829481337,646.1561414930748,130244.98562283008,2205,0,373.26190476190476,39,3,16,36.558503836317136,0.610844017094017,45.44270833333334,1018.2291666666682,26.10844017094021,0
2474,4,0,0,42,0.0,0.0,1.0,42,800,600,200,0.75,10,6,4,349.90653267592563,0.4329026325977545,0.21379881195832096,0.1966716028488823,129731.44531250001,678.7760416666671,130410.22135416669,2206,1,374.26190476190476,39,3,16,36.40081799591,0.6121794871794872,45.3125,1018.7500000000001,26.121794871794876,0
2475,4,0,0,42,0.0,0.0,1.0,42,1300,800,500,0.6153846153846154,18,8,10,350.0700995969187,0.432624370886566,0.20642058949499642,0.1972975722613051,129837.58680555575,690.4513888889082,130528.03819444466,2207,2,375.26190476190476,39,3,17,36.288838920686835,0.6132478632478633,45.20833333333334,1019.1666666666682,26.132478632478673,0
2476,4,0,1,41,0.0,0.023809523809523808,0.9761904761904762,42,950,600,350,0.631578947368421,13,6,7,349.76621506910465,0.4326485675571041,0.20575068367833538,0.1973940127258511,129890.67382812501,686.2738715277785,130576.9476996528,2208,3,376.26190476190476,39,3,17,36.242676612848285,0.6137820512820513,45.15625,1019.3750000000001,26.137820512820515,0
2477,4,0,0,41,0.0,0.0,1.0,41,800,500,300,0.625,11,5,6,354.63178136299194,0.43107215447154473,0.2032963381404933,0.2002305596311046,129908.3719135802,1013.9274691357964,130922.299382716,2209,4,385.5365853658537,38,3,17,36.100703905540406,0.6156798245614035,45.138888888888886,1019.444444444444,26.827485380116947,0
2478,4,2,0,43,0.046511627906976744,0.0,1.0,43,850,500,350,0.5882352941176471,12,5,7,343.1914687242641,0.43325489110372833,0.2109981855484273,0.19620946652136484,130395.54172092004,350.60974874613385,130746.15146966618,2210,0,368.5581395348837,39,4,19,35.898457419683844,0.6188568376068376,44.66145833333333,1021.3541666666658,26.188568376068353,0
2479,4,0,0,43,0.0,0.0,1.0,43,1050,800,250,0.7619047619047619,13,8,5,377.977953817474,0.4329549649317091,0.19575418872336114,0.20549835879961512,128415.88010204077,1231.8469542764954,129647.72705631726,2211,1,369.5581395348837,34,9,16,37.029451491660794,0.6084558823529411,46.607142857142854,1013.5714285714282,29.810924369747887,7
2480,4,0,2,41,0.0,0.046511627906976744,0.9534883720930233,43,900,600,300,0.6666666666666666,12,6,6,379.31458081978167,0.433047249907715,0.19235946711228702,0.2066936842509328,128506.3934948979,1148.8697562358202,129655.26325113371,2212,2,370.5581395348837,34,9,17,36.902909866541414,0.609375,46.51785714285714,1013.928571428571,29.82142857142856,0
2481,4,0,0,41,0.0,0.0,1.0,41,1300,1000,300,0.7692307692307693,16,10,6,383.38573082988574,0.4313770325203252,0.2020946847946279,0.2084384490603861,128415.88010204077,1646.5632086167745,130062.44331065755,2213,3,387.7560975609756,34,7,17,36.89242228486414,0.6084558823529411,46.607142857142854,1013.5714285714282,29.810924369747887,0
2482,4,1,0,42,0.023809523809523808,0.0,1.0,42,1500,1200,300,0.8,18,12,6,374.10720114904984,0.4332050909794812,0.2065218540246283,0.20478164534343513,128686.69979100731,1228.5242167843594,129915.22400779166,2214,0,379.5,36,6,18,36.850490196078425,0.6070601851851851,46.340090090090094,1014.6396396396403,28.184434434434454,0
2483,4,2,2,42,0.045454545454545456,0.045454545454545456,0.9545454545454546,44,1350,800,550,0.5925925925925926,19,8,11,362.90652999560217,0.43700449260042284,0.2226558862782828,0.20169890443209082,129289.65627411265,587.0937334786938,129876.75000759134,2215,0,363.20454545454544,35,9,20,36.519503243427785,0.6151785714285714,45.74652777777778,1017.0138888888889,29.057539682539684,0
2484,4,0,0,42,0.0,0.0,1.0,42,1300,900,400,0.6923076923076923,17,9,8,377.00624557067204,0.4342213511420829,0.23729901885241644,0.20877227577300655,129145.65659626042,1337.743825023086,130483.40042128351,2216,1,380.14285714285717,37,5,20,36.30798274002156,0.6097972972972974,45.88815789473684,1016.4473684210529,27.471550497866296,0
2485,4,1,0,43,0.023255813953488372,0.0,1.0,43,1200,800,400,0.6666666666666666,16,8,8,368.0901581552062,0.43586194167589515,0.23537093776683893,0.20611643038137167,129584.09857521002,939.7623365801746,130523.8609117902,2217,0,372.27906976744185,35,8,19,36.08770508885605,0.6181547619047619,45.457175925925924,1018.1712962962961,29.090608465608458,0
2486,4,0,0,43,0.0,0.0,1.0,43,1500,1000,500,0.6666666666666666,20,10,10,364.80280353634987,0.43558508674787744,0.22334142790327682,0.20489020254776105,129701.9692670825,863.1284025634392,130565.09766964594,2218,1,373.27906976744185,35,8,20,36.0514193462864,0.6193452380952381,45.34143518518518,1018.6342592592595,29.103835978835985,0
2487,4,0,1,42,0.0,0.023255813953488372,0.9767441860465116,43,650,400,250,0.6153846153846154,9,4,5,365.4030845218075,0.43537744555186414,0.220889108218699,0.20560740726077825,129774.47041636227,883.9983564645659,130658.46877282683,2219,2,374.27906976744185,36,7,20,35.96236737400529,0.6180555555555556,45.27027027027027,1018.9189189189185,28.30330330330329,0
2488,4,1,0,43,0.023255813953488372,0.0,1.0,43,1350,1000,350,0.7407407407407407,17,10,7,368.5777458612594,0.43505444813584343,0.23111540110438833,0.209076130229001,130090.20580969479,989.6709631929201,131079.8767728877,2220,0,374.1860465116279,36,7,21,35.560400338521546,0.6212384259259259,44.960585585585584,1020.1576576576573,28.3377127127127,0
2489,4,1,1,43,0.022727272727272728,0.022727272727272728,0.9772727272727273,44,900,600,300,0.6666666666666666,12,6,6,360.96307324267843,0.43615662438336855,0.2257836812926366,0.20597776404572468,130321.66950660128,608.4903358532204,130930.1598424545,2221,0,366.65909090909093,35,9,22,35.51962895790825,0.6255952380952381,44.73379629629628,1021.064814814813,29.17328042328037,0
2490,4,0,0,43,0.0,0.0,1.0,43,1250,800,450,0.64,17,8,9,359.2453800148603,0.43486987818383166,0.22307457244918427,0.20593624771241453,130498.99798525359,776.2324245541664,131275.23040980776,2222,1,373.93023255813955,35,8,19,35.38362785077784,0.6273809523809524,44.560185185185176,1021.7592592592578,29.19312169312165,0
2491,4,0,2,41,0.0,0.046511627906976744,0.9534883720930233,43,1050,700,350,0.6666666666666666,14,7,7,395.31958349056663,0.43450073827980806,0.27677855424447295,0.2105396366253294,127588.49511584765,1521.1359471450326,129109.63106299267,2223,2,374.93023255813955,35,8,17,37.43997498758927,0.5979166666666667,47.424768518518505,1010.3009259259238,28.86574074074068,8
2492,4,1,0,42,0.023809523809523808,0.0,1.0,42,1000,700,300,0.7,13,7,6,403.30467748063245,0.43414876113046846,0.31015192556824944,0.21551038492687524,127723.00347222212,1902.2569444444384,129625.26041666656,2224,0,384.64285714285717,34,8,18,37.099821379499886,0.6014093137254901,47.291666666666664,1010.8333333333325,29.73039215686272,0
2493,4,0,0,42,0.0,0.0,1.0,42,1150,800,350,0.6956521739130435,15,8,7,401.0354819600641,0.433882597754549,0.3097536907144818,0.21461842144214394,127783.17920918363,1849.1177721088375,129632.29698129246,2225,1,385.64285714285717,34,8,19,37.095254915813015,0.6020220588235294,47.232142857142854,1011.0714285714282,29.737394957983184,0
2494,4,0,0,42,0.0,0.0,1.0,42,1400,900,500,0.6428571428571429,19,9,10,399.20754045196725,0.43366482771970577,0.3084754504580265,0.21380005350561215,127813.27239229021,1804.8044217686997,129618.0768140589,2226,2,386.64285714285717,34,8,19,37.110509379169606,0.602328431372549,47.20238095238095,1011.1904761904759,29.74089635854341,0
2495,4,1,0,43,0.023255813953488372,0.0,1.0,43,1050,700,350,0.6666666666666666,14,7,7,394.13755828313464,0.4354466592838686,0.32670716145726586,0.2137989011184042,128325.39859693886,1516.0005668934332,129841.39916383229,2227,0,378.6279069767442,34,9,20,36.71278345670308,0.6075367647058824,46.69642857142858,1013.2142857142865,29.800420168067248,0
2496,4,0,0,43,0.0,0.0,1.0,43,950,700,250,0.7368421052631579,12,7,5,396.8945222892704,0.435515873015873,0.32969548624675227,0.2156198511964621,128385.71605725632,1591.1174886621404,129976.83354591846,2228,1,379.6279069767442,34,9,17,36.581062296879296,0.6081495098039216,46.636904761904766,1013.4523809523815,29.80742296918769,0
2497,4,1,0,44,0.022727272727272728,0.0,1.0,44,1400,1000,400,0.7142857142857143,18,10,8,390.4040675297607,0.4362447145877379,0.3369400764552215,0.21416383814033696,128772.40997331806,1254.6545278386723,130027.06450115674,2229,0,371.97727272727275,36,8,19,36.349347239173056,0.6079282407407407,46.25563063063064,1014.9774774774787,28.193818818818855,0
2498,4,1,0,45,0.022222222222222223,0.0,1.0,45,900,700,200,0.7777777777777778,11,7,4,379.39140349306643,0.43674242424242427,0.3350810946883873,0.20994501008819308,129117.79495854497,797.2362890504763,129915.03124759544,2230,0,364.68888888888887,37,8,20,36.27582533175099,0.6095157657657657,45.915570175438596,1016.3377192982459,27.4685870080607,0
2499,4,0,0,45,0.0,0.0,1.0,45,1250,700,550,0.56,18,7,11,407.8280900204045,0.43674242424242427,0.31291905348899074,0.21426122626557678,127036.73846760532,1371.9894582948496,128408.72792590017,2231,1,365.68888888888887,37,8,19,37.69306069175549,0.5884009009009009,47.97149122807017,1008.1140350877184,27.246325272641037,8
2500,4,4,2,47,0.08163265306122448,0.04081632653061224,0.9591836734693877,49,1100,900,200,0.8181818181818182,13,9,4,370.22332619214296,0.4438775510204082,0.290500180492711,0.19963632148417346,128087.52745566507,-315.7417936765904,127771.78566198848,2232,0,336.7551020408163,36,13,20,37.562112952868326,0.6009837962962963,46.931306306306304,1012.2747747747744,28.118743743743735,0
2501,4,0,1,46,0.0,0.02127659574468085,0.9787234042553191,47,1300,800,500,0.6153846153846154,18,8,10,390.25393802996564,0.4411424606845513,0.2976775444013193,0.20920484113532736,127851.72994898821,578.92821930726,128430.65816829547,2233,1,352.0851063829787,35,12,20,37.29734111543451,0.6005952380952381,47.16435185185185,1011.3425925925916,28.895502645502617,0
2502,4,1,0,47,0.02127659574468085,0.0,1.0,47,1650,1400,250,0.8484848484848485,19,14,5,386.31024669461635,0.44231806968855997,0.31176662950193257,0.20876923272973275,128175.55334787097,503.77572276035386,128679.32907063133,2234,0,352.5744680851064,33,14,21,37.064701077090646,0.608270202020202,46.84436274509804,1012.6225490196075,30.685531788472954,0
2503,4,0,1,46,0.0,0.02127659574468085,0.9787234042553191,47,1150,900,250,0.782608695652174,14,9,5,386.3113302203314,0.4423566142460684,0.31212194531817095,0.20925618975106539,128268.6421688773,510.32595636293127,128778.96812524022,2235,1,353.5744680851064,33,14,21,36.96921122671184,0.6092171717171717,46.752450980392155,1012.9901960784309,30.6966726084373,0
2504,4,0,1,45,0.0,0.021739130434782608,0.9782608695652174,46,1150,700,450,0.6086956521739131,16,7,9,392.4996711450867,0.44064009661835746,0.3222820341268342,0.21323227188628727,128385.7160572562,878.2702664399029,129263.9863236961,2236,2,362.0217391304348,34,12,16,36.69241160577939,0.6081495098039216,46.63690476190476,1013.4523809523806,29.807422969187666,0
2505,4,0,1,44,0.0,0.022222222222222223,0.9777777777777777,45,1450,1100,350,0.7586206896551724,18,11,7,397.81773292221374,0.4394781144781145,0.3298341820080952,0.21563241446930173,128295.24518140583,1207.624716553285,129502.86989795911,2237,3,370.9111111111111,34,11,21,36.65050920485703,0.6072303921568627,46.726190476190474,1013.0952380952376,29.796918767506988,0
2506,4,0,0,44,0.0,0.0,1.0,44,1050,600,450,0.5714285714285714,15,6,9,403.4647295722567,0.4390415785764623,0.3271226596598469,0.2190577707703868,128361.7647809737,1557.8889429546382,129919.65372392834,2238,4,375.95454545454544,33,11,21,36.439185512153834,0.6101641414141414,46.66053921568628,1013.3578431372551,30.70781342840167,0
2507,4,1,0,45,0.022222222222222223,0.0,1.0,45,1250,1000,250,0.8,15,10,5,395.4542131406481,0.44166666666666665,0.32890140257573375,0.21663571419093117,128717.71541950127,1180.392573696159,129898.10799319742,2239,0,368.5777777777778,34,11,17,36.27722704520569,0.6115196078431373,46.30952380952382,1014.7619047619058,29.845938375350173,0
2508,4,0,1,44,0.0,0.022222222222222223,0.9777777777777777,45,1500,1100,400,0.7333333333333333,19,11,8,395.4671595598987,0.4415614478114478,0.32505896303245896,0.2171376992638285,128808.33510487538,1187.8932823129378,129996.22838718833,2240,1,369.5777777777778,34,11,17,36.18408193581175,0.6124387254901961,46.2202380952381,1015.1190476190484,29.856442577030833,0
2509,4,2,1,45,0.043478260869565216,0.021739130434782608,0.9782608695652174,46,1150,900,250,0.782608695652174,14,9,5,383.5685380578674,0.4432065217391304,0.328570503026147,0.21287921688352918,129233.48263251208,715.775943833313,129949.2585763454,2241,0,362.2826086956522,32,14,19,36.05152324185602,0.6214192708333333,45.80176767676768,1016.79292929293,31.774779040404063,0
2510,4,0,0,45,0.0,0.0,1.0,45,1400,1000,400,0.7142857142857143,18,10,8,390.59695667478917,0.44006734006734005,0.3366774667863792,0.21643785938001459,129171.13272392291,1090.770266439914,130261.90299036283,2242,1,371.1333333333333,34,11,19,35.936585080220176,0.6161151960784313,45.86309523809524,1016.5476190476192,29.898459383753504,0
2511,4,1,1,45,0.021739130434782608,0.021739130434782608,0.9782608695652174,46,1600,1100,500,0.6875,21,11,10,384.11668629493624,0.44224033816425123,0.3427619022719548,0.2162444310455241,129793.87622849371,771.2058138206093,130565.08204231432,2243,0,364.04347826086956,33,13,18,35.46589997995589,0.6246843434343434,45.25122549019607,1018.9950980392146,30.878639334521655,0
2512,4,0,1,44,0.0,0.022222222222222223,0.9777777777777777,45,1650,1200,450,0.7272727272727273,21,12,9,392.6555303284149,0.4415614478114478,0.3493164828810973,0.22115302060576636,129811.85154894891,1194.2682825731824,131006.11983152208,2244,1,372.4888888888889,32,13,18,35.2300417131293,0.6272786458333333,45.23358585858585,1019.0656565656551,31.845801767676722,0
2513,4,0,1,43,0.0,0.022727272727272728,0.9772727272727273,44,1550,1200,350,0.7741935483870968,19,12,7,402.10972858761465,0.439922480620155,0.3547981411559691,0.2262047898057572,129764.60986667204,1635.9224107530317,131400.53227742505,2245,2,380.6363636363636,31,13,18,35.03740681576145,0.6293682795698925,45.279947916666664,1018.8802083333328,32.86710349462364,0
2514,4,1,0,44,0.022727272727272728,0.0,1.0,44,1550,1200,350,0.7741935483870968,19,12,7,403.77295334595186,0.43997753699788583,0.35710593865059237,0.2275256231705373,129830.9516906737,1684.4453599717722,131515.39705064546,2246,0,381.3636363636364,31,13,19,34.927308249222776,0.6300403225806452,45.21484374999999,1019.140624999999,32.87550403225803,0
2515,4,2,1,45,0.043478260869565216,0.021739130434782608,0.9782608695652174,46,1100,600,500,0.5454545454545454,16,6,10,382.599304733088,0.4411433172302737,0.34225429302155663,0.2192630009844298,130488.24737271709,785.6588595035878,131273.90623222067,2247,0,365.7391304347826,32,14,18,34.7980000823859,0.6341145833333333,44.57070707070707,1021.7171717171718,31.92866161616162,0
2516,4,0,0,45,0.0,0.0,1.0,45,1400,1000,400,0.7142857142857143,18,10,8,378.1815912841438,0.4393518518518518,0.3355364533588028,0.20082984686269953,127471.58893014822,641.4816690243331,128113.07059917256,2248,1,374.8666666666667,35,10,16,37.99295606494746,0.5967261904761905,47.54050925925925,1009.8379629629621,28.852513227513203,8
2517,4,2,0,47,0.0425531914893617,0.0,1.0,47,1300,700,600,0.5384615384615384,19,7,12,365.37909540020115,0.4428191489361702,0.32914992728018677,0.19689517978045884,128061.27997316491,-41.81707352261557,128019.4628996423,2249,0,359.8723404255319,37,10,19,37.71158325208536,0.5988175675675675,46.95723684210527,1012.1710526315796,27.355974395448097,0
2518,4,0,2,45,0.0,0.0425531914893617,0.9574468085106383,47,1450,1300,150,0.896551724137931,16,13,3,365.66751503950985,0.44245297563983965,0.3308299784998765,0.1973236800911629,128116.77781865586,-30.37124403661437,128086.40657461924,2250,1,360.8723404255319,37,10,20,37.64745568432073,0.5993806306306306,46.90241228070176,1012.3903508771939,27.361901375059293,0
2519,4,1,0,46,0.021739130434782608,0.0,1.0,46,1400,1000,400,0.7142857142857143,18,10,8,374.95044649905867,0.4422000805152979,0.3397322183821929,0.20305112981691958,128258.57688347138,418.12213395829133,128676.69901742967,2251,0,368.9782608695652,36,10,22,37.26723179544193,0.6027199074074074,46.76238738738739,1012.950450450451,28.137512512512526,0
2520,4,1,1,46,0.02127659574468085,0.02127659574468085,0.9787234042553191,47,1100,700,400,0.6363636363636364,15,7,8,379.7170598624222,0.4442260252852297,0.3380115840061235,0.19429416284287815,125956.68463059398,245.08134524584483,126201.76597583982,2252,0,362.1063829787234,35,12,19,39.51595468695951,0.58125,49.04513888888888,1003.8194444444432,28.68055555555552,8
2521,4,2,2,46,0.041666666666666664,0.041666666666666664,0.9583333333333334,48,1200,900,300,0.75,15,9,6,353.4107572043831,0.4483599290780142,0.3075062080046742,0.1776395039516307,125219.39442905528,-711.5176364361944,124507.87679261908,2253,0,355.2916666666667,37,11,21,40.937682588372766,0.5698198198198199,49.78070175438597,1000.8771929824576,27.050734945471827,8
2522,4,7,3,50,0.1320754716981132,0.05660377358490566,0.9433962264150944,53,950,800,150,0.8421052631578947,11,8,3,316.05014945908164,0.4586508224479922,0.3160297205879996,0.1638726986402375,126500.20089122654,-2593.097883225682,123907.10300800086,2254,0,322.47169811320754,38,15,14,40.55574730954405,0.581140350877193,48.504273504273506,1005.982905982906,26.473234367971212,0
2523,4,1,0,51,0.0196078431372549,0.0,1.0,51,1200,700,500,0.5833333333333334,17,7,10,332.2297460994782,0.4546732026143791,0.3382643972790187,0.17153354213013564,126326.69990514177,-1806.1025129859438,124520.59739215582,2255,0,336.0980392156863,36,15,16,40.32709756917215,0.5830439814814814,48.67680180180181,1005.292792792794,27.924799799799832,0
2524,4,1,0,52,0.019230769230769232,0.0,1.0,52,1350,900,450,0.6666666666666666,18,9,9,327.2993914401157,0.45588235294117646,0.3458580509338969,0.1709391336900815,126795.93474915993,-2099.9535439038655,124695.98120525607,2256,0,330.61538461538464,38,14,19,39.96941409426822,0.5841557017543859,48.210470085470085,1007.1581196581199,26.504161043634735,0
2525,4,1,1,52,0.018867924528301886,0.018867924528301886,0.9811320754716981,53,2100,1800,300,0.8571428571428571,24,18,6,321.0620447450571,0.45697266569908085,0.34602480219111387,0.16869361673045388,127040.78260294802,-2442.405314297041,124598.37728865098,2257,0,325.35849056603774,40,13,20,39.87567204301073,0.5833333333333333,47.96747967479675,1008.1300813008133,25.203252032520332,0
2526,4,2,1,53,0.037037037037037035,0.018518518518518517,0.9814814814814815,54,950,500,450,0.5263157894736842,14,5,9,312.43811117370194,0.45848619846261357,0.3447740934651933,0.16541233049985116,127348.32523630113,-2842.295632559977,124506.02960374115,2258,0,320.22222222222223,40,14,12,39.77861961337093,0.5864583333333333,47.66260162601626,1009.3495934959348,25.233739837398367,0
2527,4,0,0,53,0.0,0.0,1.0,53,1750,1200,550,0.6857142857142857,23,12,11,319.3889757481315,0.45694242864054185,0.33755129692646824,0.16933905650716022,127407.31336805546,-2461.501736111115,124945.81163194435,2259,1,327.2641509433962,39,14,12,39.54292199752374,0.5886752136752137,47.604166666666664,1009.5833333333326,25.88675213675212,0
2528,4,0,1,52,0.0,0.018867924528301886,0.9811320754716981,53,1750,1200,550,0.6857142857142857,23,12,11,318.7166620856029,0.4563679245283019,0.340484329240633,0.16970339249025068,127579.22620670573,-2467.6749743869314,125111.5512323188,2260,2,328.2641509433962,40,13,14,39.384242027965,0.5888020833333334,47.4339430894309,1010.264227642277,25.256605691056926,0
2529,4,2,1,53,0.037037037037037035,0.018518518518518517,0.9814814814814815,54,1550,1300,250,0.8387096774193549,18,13,5,314.0355249007347,0.4573724668064291,0.3434632298736622,0.168837549734454,127968.81028163576,-2762.649498456797,125206.16078317896,2261,0,323.0925925925926,41,13,16,39.1050388927019,0.5912093495934959,47.04861111111111,1011.8055555555552,24.67818428184281,0
2530,4,0,1,52,0.0,0.018867924528301886,0.9811320754716981,53,1350,1200,150,0.8888888888888888,15,12,3,321.23218653442296,0.45635280599903244,0.3477438299630906,0.17235708639229724,127887.41949443129,-2383.688921111763,125503.73057331952,2262,1,330.0566037735849,40,13,16,39.00603670585084,0.5919270833333333,47.12906504065041,1011.4837398373988,25.287093495934972,0
2531,4,2,1,53,0.037037037037037035,0.018518518518518517,0.9814814814814815,54,2100,1700,400,0.8095238095238095,25,17,8,315.85596300525253,0.4561422664803168,0.3369685204217576,0.17169153743246435,128408.33875868075,-2687.7757083353795,125720.56305034537,2263,0,324.6666666666667,39,15,15,38.61125385405962,0.5988247863247863,46.61458333333334,1013.5416666666682,25.988247863247903,0
2532,4,0,2,51,0.0,0.03773584905660377,0.9622641509433962,53,1050,800,250,0.7619047619047619,13,8,5,323.29581538802995,0.4545990566037736,0.28889680888978697,0.16938408525573745,126924.96812048045,-2366.553586289019,124558.41453419143,2264,1,331.79245283018867,43,10,16,39.937995332518874,0.5777616279069768,48.08238636363637,1007.6704545454552,23.434196617336166,8
2533,4,2,2,51,0.03773584905660377,0.03773584905660377,0.9622641509433962,53,1300,1100,200,0.8461538461538461,15,11,4,324.5148496398806,0.45440251572327045,0.3207332960739375,0.17172170279414536,127328.45187717007,-2335.5659085528628,124992.8859686172,2265,0,332.54716981132077,39,14,16,39.494207348539604,0.5878739316239316,47.682291666666664,1009.2708333333327,25.8787393162393,0
2534,4,0,2,49,0.0,0.0392156862745098,0.9607843137254902,51,1500,1100,400,0.7333333333333333,19,11,8,361.8921670000459,0.4527777777777778,0.2943470574740563,0.19121066132766057,127267.13204089498,-910.4712215470784,126356.6608193479,2266,1,346.11764705882354,35,16,20,38.61407432897452,0.5946428571428571,47.74305555555555,1009.0277777777771,28.82936507936506,8
2535,4,1,1,49,0.02,0.02,0.98,50,1250,1000,250,0.8,15,10,5,363.0347816720489,0.45110544217687076,0.3111876881900302,0.19273729350226546,127461.32270361579,-745.4213081324538,126715.90139548334,2267,0,353.64,36,14,16,38.38588714174194,0.5946180555555556,47.55067567567568,1009.7972972972974,28.049924924924927,0
2536,4,0,1,48,0.0,0.02040816326530612,0.9795918367346939,49,1550,1200,350,0.7741935483870968,19,12,7,368.9020541866818,0.4500602324263039,0.31615921326701346,0.19557699088016578,127404.47108848713,-400.0457805778765,127004.42530790926,2268,3,361.85714285714283,36,13,16,38.29615170105967,0.5940393518518519,47.60698198198198,1009.572072072072,28.04366866866867,0
2537,4,1,0,49,0.02040816326530612,0.0,1.0,49,1000,800,200,0.8,12,8,4,361.8793594107222,0.45165462018140584,0.3093731732202445,0.1933224516874558,127712.2041990832,-556.7178711008876,127155.4863279823,2269,0,337.59183673469386,38,11,17,38.15774407215585,0.5934758771929824,47.302350427350426,1010.7905982905983,26.59975258659469,0
2538,4,1,2,48,0.02,0.04,0.96,50,1300,800,500,0.6153846153846154,18,8,10,355.3247367503924,0.4528826530612245,0.25511214557765594,0.1886814276272306,127469.34125940516,-931.3049026590893,126538.03635674607,2270,0,331.82,38,12,14,38.57230392156861,0.5910087719298245,47.54273504273503,1009.8290598290582,26.574448942869953,8
2539,4,2,0,50,0.04,0.0,1.0,50,1100,800,300,0.7272727272727273,14,8,6,362.9370356452712,0.4544982993197279,0.2864076029567053,0.19506320814760036,127955.29827781429,-712.0566695887195,127243.24160822557,2271,0,332.14,38,12,17,37.88190777895108,0.5959429824561404,47.06196581196581,1011.7521367521367,26.625056230319387,0
2540,4,1,0,51,0.0196078431372549,0.0,1.0,51,1200,800,400,0.6666666666666666,16,8,8,352.9961557462329,0.45650326797385626,0.28832268708305797,0.19143498572928663,128315.61872260811,-1140.5964991658425,127175.02222344227,2272,0,326.6078431372549,36,15,19,37.764903115853436,0.6032986111111112,46.7060810810811,1013.1756756756786,28.14376876876885,0
2541,4,1,1,51,0.019230769230769232,0.019230769230769232,0.9807692307692307,52,2350,1800,550,0.7659574468085106,29,18,11,356.0527512351469,0.45559169180492715,0.27656836834052,0.19116230236217127,127913.11905116015,-1108.3645586626649,126804.75449249748,2273,0,321.3076923076923,40,12,19,38.09921472105016,0.5921875,47.10365853658537,1011.5853658536596,25.28963414634149,8
2542,4,1,0,52,0.019230769230769232,0.0,1.0,52,1600,1000,600,0.625,22,10,12,352.02173341606954,0.4566679235796883,0.28214074684376556,0.19128376731127159,128394.44739006223,-1359.8453970341538,127034.60199302807,2274,0,313.4423076923077,37,15,16,37.709054599877376,0.6021959459459459,46.628289473684205,1013.4868421052624,27.3915362731152,0
2543,4,1,0,53,0.018867924528301886,0.0,1.0,53,1500,1200,300,0.8,18,12,6,345.6997351696369,0.45880200774068697,0.27617699402957885,0.18954150364421923,128751.69406467023,-1698.114691840268,127053.57937282996,2275,0,308.50943396226415,39,14,17,37.504811146464135,0.6022970085470085,46.27604166666667,1014.8958333333342,26.022970085470106,0
2544,4,2,2,53,0.03636363636363636,0.03636363636363636,0.9636363636363636,55,1500,1000,500,0.6666666666666666,20,10,10,324.09037041206136,0.45876823793490457,0.2739448550630197,0.18044849244265654,129360.29188368077,-2613.54709201387,126746.74479166689,2276,0,298.25454545454545,39,16,19,37.43472250665573,0.608440170940171,45.67708333333334,1017.2916666666683,26.084401709401753,0
2545,4,1,0,54,0.018518518518518517,0.0,1.0,54,850,200,650,0.23529411764705882,15,2,13,331.09723388758334,0.45792569298858604,0.28114973106047314,0.1844961356530986,129391.5407101504,-2231.7637564833167,127159.77695366708,2277,0,304.462962962963,38,16,20,37.224789107074095,0.6104714912280702,45.646367521367516,1017.4145299145292,26.774066576698136,0
2546,4,0,2,52,0.0,0.037037037037037035,0.962962962962963,54,1400,900,500,0.6428571428571429,19,9,10,330.3098766197535,0.4575908455625437,0.2799241761446487,0.18431175013492362,129445.89548405624,-2248.5484467455944,127197.34703731064,2278,1,305.462962962963,38,16,13,37.189632545931744,0.6110197368421053,45.5929487179487,1017.6282051282027,26.779689608636914,0
2547,4,1,1,52,0.018867924528301886,0.018867924528301886,0.9811320754716981,53,1550,1000,550,0.6451612903225806,21,10,11,331.70647029698046,0.4569877842283503,0.29594828234232895,0.1867660161565879,129799.47973738034,-1988.9345459858282,127810.54519139451,2279,0,306.47169811320754,38,15,15,36.79536241000908,0.6145833333333333,45.245726495726494,1019.0170940170938,26.816239316239308,0
2548,4,0,1,51,0.0,0.019230769230769232,0.9807692307692307,52,1250,900,350,0.72,16,9,7,344.80451319624774,0.4554581447963801,0.3001809029416389,0.19380391603789104,129731.44531250003,-1453.6024305555538,128277.84288194448,2280,1,313.3076923076923,37,15,15,36.53076005453305,0.6157094594594594,45.3125,1018.7500000000002,27.53378378378379,0
2549,4,0,1,50,0.0,0.0196078431372549,0.9803921568627451,51,1850,1500,350,0.8108108108108109,22,15,7,345.9996955603539,0.4537418300653595,0.30276264533994746,0.19531021066330348,129899.05698147493,-1210.9931661665296,128688.0638153084,2281,2,319.921568627451,37,14,17,36.33015578502025,0.6173986486486487,45.148026315789465,1019.4078947368411,27.551564722617325,0
2550,4,0,0,50,0.0,0.0,1.0,50,1000,700,300,0.7,13,7,6,354.03186150922363,0.4514200680272109,0.3076348364279402,0.1992089728193691,129774.47041636235,-811.140532424308,128963.32988393804,2282,3,327.2,36,14,18,36.25202623047451,0.6180555555555556,45.270270270270274,1018.9189189189192,28.30330330330331,0
2551,4,0,1,49,0.0,0.02,0.98,50,1500,1100,400,0.7333333333333333,19,11,8,355.4496053537779,0.4512840136054422,0.30961555457357526,0.20059412890663314,129889.2389010631,-766.1842585829208,129123.05464248019,2283,4,328.2,36,14,18,36.09929665635586,0.619212962962963,45.15765765765765,1019.3693693693683,28.315815815815785,0
2552,4,0,1,48,0.0,0.02040816326530612,0.9795918367346939,49,1700,1400,300,0.8235294117647058,20,14,6,357.86144377046384,0.4495110544217687,0.3084579880998717,0.2020540767134771,129908.37191358011,-502.1604938271824,129406.21141975293,2284,5,335.3061224489796,35,14,18,36.01839237057219,0.6214285714285714,45.13888888888888,1019.4444444444433,29.126984126984095,0
2553,4,0,1,47,0.0,0.020833333333333332,0.9791666666666666,48,1150,600,550,0.5217391304347826,17,6,11,366.2972712023635,0.4472055998817967,0.31003126095594213,0.2058047110754185,129716.28578514737,-97.05569727891873,129619.23008786845,2285,6,343.0416666666667,34,14,18,35.99879241167075,0.6216299019607843,45.32738095238095,1018.690476190476,29.96148459383753,0
2554,4,0,1,46,0.0,0.02127659574468085,0.9787234042553191,47,1150,800,350,0.6956521739130435,15,8,7,366.7947140403865,0.4463459759481961,0.3032070260743325,0.2064034160073415,129776.92920918352,120.29832766437619,129897.2275368479,2286,7,339.8085106382979,34,13,18,35.92441679323907,0.6222426470588236,45.26785714285713,1018.9285714285702,29.968487394957947,0
2555,4,1,0,47,0.02127659574468085,0.0,1.0,47,1350,1000,350,0.7407407407407407,17,10,7,344.0695098625676,0.4468277829170521,0.2526041316648966,0.18846437166520574,128713.06911571336,-507.33126953937875,128205.73784617397,2287,0,338.97872340425533,38,9,18,37.585544325121056,0.6036184210526316,46.31410256410256,1014.7435897435898,26.70377867746289,8
2556,4,1,0,48,0.020833333333333332,0.0,1.0,48,1050,700,350,0.6666666666666666,14,7,7,339.2973890762661,0.44804595153664306,0.2564360538637682,0.18727602918284228,129016.12548828125,-845.0330946180552,128171.09239366319,2288,0,332.8958333333333,39,9,19,37.39800146963328,0.6049679487179487,46.015625,1015.9375,26.049679487179485,0
2557,4,2,1,49,0.04,0.02,0.98,50,1250,600,650,0.48,19,6,13,321.9310278081254,0.44870748299319724,0.25165075034106366,0.18013392624683666,129554.63927469142,-1658.069601176691,127896.56967351474,2289,0,320.54,38,12,19,37.292519326966804,0.6121162280701755,45.486111111111114,1018.0555555555561,26.790935672514635,0
2558,4,0,0,49,0.0,0.0,1.0,49,850,600,250,0.7058823529411765,11,6,5,330.0211669380431,0.44761550453514737,0.25642717481431543,0.1839199043854718,129396.54659366366,-1259.2801390812356,128137.26645458242,2290,1,328.0816326530612,37,12,20,37.2470767324065,0.6123310810810811,45.64144736842106,1017.4342105263177,27.498221906116694,0
2559,4,0,0,49,0.0,0.0,1.0,49,1800,1300,500,0.7222222222222222,23,13,10,334.2260304076011,0.4468714569160998,0.2592036707005405,0.18732390732621568,129619.76431450064,-1135.54014215912,128484.22417234152,2291,2,329.0816326530612,37,12,19,36.91349466996879,0.6145833333333333,45.42214912280702,1018.3114035087722,27.52192982456141,0
2560,4,1,0,50,0.02,0.0,1.0,50,850,500,350,0.5882352941176471,12,5,7,326.5671287187522,0.4474319727891156,0.2518256130790193,0.18438482498428,129908.3719135802,-1515.2391975308708,128393.13271604932,2292,0,323.48,38,12,20,36.81596276112625,0.6156798245614035,45.138888888888886,1019.444444444444,26.827485380116947,0
2561,4,0,1,49,0.0,0.02,0.98,50,1100,600,500,0.5454545454545454,16,6,10,324.9829590752813,0.44710034013605443,0.2541040462427744,0.18381505137324528,129977.44914568045,-1551.9087927159774,128425.54035296448,2293,1,324.48,40,10,20,36.786384625606274,0.6130208333333333,45.07113821138211,1019.7154471544713,25.492886178861784,0
2562,4,1,0,50,0.02,0.0,1.0,50,1600,1100,500,0.6875,21,11,10,327.49781110123325,0.4466921768707483,0.2695350585203484,0.18700104934308914,130346.55044100103,-1461.4207570634699,128885.12968393756,2294,0,325.0,37,13,23,36.348719531837226,0.6219031531531531,44.709429824561404,1021.162280701754,27.598980559506863,0
2563,4,0,1,49,0.0,0.02,0.98,50,1100,400,700,0.36363636363636365,18,4,14,341.7504707730096,0.4464965986394558,0.19175892765783265,0.1911807298720452,129545.80213758718,-1078.8019585953946,128467.00017899179,2295,1,326.0,39,11,12,36.79706419045671,0.610309829059829,45.494791666666686,1018.0208333333363,26.103098290598368,8
2564,4,0,3,46,0.0,0.061224489795918366,0.9387755102040817,49,1750,1500,250,0.8571428571428571,20,15,5,349.7070077256993,0.44522392290249435,0.134425893597915,0.1834111250121519,126967.00330884682,-917.7722995303329,126049.23100931649,2296,2,333.59183673469386,41,8,15,39.229480427863635,0.5810467479674797,48.04067460317461,1007.8373015873027,24.58139759969031,8
2565,4,2,0,48,0.041666666666666664,0.0,1.0,48,1700,1300,400,0.7647058823529411,21,13,8,353.04838050535767,0.4447122488179669,0.18444828416202452,0.18742886093203392,127459.90125868062,-600.0361443767272,126859.86511430389,2297,0,340.3125,39,9,16,38.639450519221505,0.5892094017094017,47.552083333333336,1009.7916666666672,25.89209401709403,0
2566,4,2,0,50,0.04,0.0,1.0,50,1350,1000,350,0.7407407407407407,17,10,7,341.6186143660934,0.44857993197278917,0.19602587981570485,0.1838971759972831,128019.00397022215,-1253.2650502330723,126765.73891998909,2298,0,327.66,41,9,19,38.356023102310246,0.5917174796747968,46.99900793650793,1012.0039682539667,24.683023615950408,0
2567,4,1,0,51,0.0196078431372549,0.0,1.0,51,1350,1000,350,0.7407407407407407,17,10,7,338.74344225782784,0.44937908496732026,0.20061810702140614,0.18391422723614753,128360.96871804012,-1503.4666734872694,126857.50204455285,2299,0,322.2156862745098,38,13,20,38.07964329643297,0.6000548245614035,46.66132478632479,1013.3547008547016,26.66722896986057,0
2568,4,1,4,48,0.019230769230769232,0.07692307692307693,0.9230769230769231,52,1700,1300,400,0.7647058823529411,21,13,8,328.2534992021969,0.45067401960784315,0.17814779966374172,0.17851692481148929,128427.65239771307,-1903.3878961308467,126524.26450158222,2300,0,317.0,40,12,15,38.27743800548092,0.5973958333333333,46.59552845528456,1013.6178861788624,25.34044715447156,8
2569,4,1,0,49,0.02040816326530612,0.0,1.0,49,900,600,300,0.6666666666666666,12,6,6,333.99684448166977,0.44554280045351474,0.2017469370556606,0.18232501694447875,128577.5888144676,-1211.098212981251,127366.49060148635,2301,0,334.53061224489795,38,11,17,37.97908107728501,0.6022478070175439,46.44764957264956,1014.2094017093999,26.689721097615788,0
2570,4,0,0,49,0.0,0.0,1.0,49,1750,1200,550,0.6857142857142857,23,12,11,334.9524653739616,0.4449404761904762,0.2101009667024707,0.18372104047647989,128767.28121119131,-1173.816339761864,127593.46487142945,2302,1,335.53061224489795,38,11,18,37.761622807017545,0.6041666666666667,46.260683760683754,1014.9572649572636,26.709401709401675,0
2571,4,1,0,50,0.02,0.0,1.0,50,1300,900,400,0.6923076923076923,17,9,8,331.90002687449584,0.4453316326530612,0.22180327868852423,0.18405365126676615,129201.38888888907,-1421.4195704580134,127779.96931843105,2303,0,329.8,36,14,20,37.39754098360656,0.6122685185185186,45.83333333333334,1016.6666666666681,28.24074074074078,0
2572,4,1,1,50,0.0196078431372549,0.0196078431372549,0.9803921568627451,51,1600,1200,400,0.75,20,12,8,328.7091158142135,0.4457843137254902,0.236121844818048,0.18410089562429335,129591.8515793319,-1680.3954101262193,127911.45616920567,2304,0,324.3137254901961,37,14,17,37.08225644339148,0.6143018018018018,45.44956140350876,1018.2017543859632,27.518966334755763,0
2573,4,1,4,47,0.0196078431372549,0.0784313725490196,0.9215686274509804,51,1100,900,200,0.8181818181818182,13,9,4,346.1136795839103,0.4463562091503268,0.1639513181819099,0.19467152961530898,129757.97661675337,-1187.7405262316393,128570.23609052172,2305,0,320.2156862745098,39,12,15,36.47047421872338,0.6124465811965811,45.28645833333333,1018.8541666666657,26.124465811965788,8
2574,4,0,0,47,0.0,0.0,1.0,47,1000,600,400,0.6,14,6,8,366.71139740437684,0.4435322232500771,0.1912281210995328,0.2051904231277921,129554.63927469106,101.83256172835758,129656.47183641941,2306,1,346.27659574468083,35,12,16,36.152796725784455,0.6178571428571429,45.48611111111109,1018.055555555553,29.087301587301514,0
2575,4,1,2,46,0.020833333333333332,0.041666666666666664,0.9583333333333334,48,850,300,550,0.35294117647058826,14,3,11,362.46680201336864,0.4449431146572104,0.20039309913094727,0.20455420771976368,129889.23890106312,-183.89259191625393,129705.34630914686,2307,0,340.0416666666667,36,12,17,35.920468773015166,0.619212962962963,45.15765765765765,1019.3693693693684,28.31581581581579,0
2576,4,0,0,46,0.0,0.0,1.0,46,1050,800,250,0.7619047619047619,13,8,5,376.3352037985066,0.4427033011272142,0.21742433095711067,0.2114445396522534,129716.28578514737,563.3609693877476,130279.64675453512,2308,1,355.0,34,12,17,35.74315375326243,0.6216299019607843,45.32738095238095,1018.690476190476,29.96148459383753,0
2577,4,1,1,46,0.02127659574468085,0.02127659574468085,0.9787234042553191,47,1500,1100,400,0.7333333333333333,19,11,8,368.4353638617436,0.4443802035152637,0.22197210897940534,0.2083811505164324,129975.34855379,177.50296749449421,130152.8515212845,2309,0,348.4255319148936,36,11,18,35.680793300202474,0.6200810185185186,45.073198198198185,1019.707207207205,28.32520020020014,0
2578,4,0,0,46,0.0,0.0,1.0,46,1700,1400,300,0.8235294117647058,20,14,6,368.7352898025947,0.4433675523349436,0.2254906667690888,0.20870417402826835,130004.05811216607,387.4168087005733,130391.47492086663,2310,1,355.2173913043478,36,10,18,35.643956124852764,0.6203703703703703,45.045045045045036,1019.8198198198186,28.328328328328293,0
2579,4,0,0,46,0.0,0.0,1.0,46,850,600,250,0.7058823529411765,11,6,5,367.1724924345426,0.4431058776167472,0.23019483635665638,0.2084325051038191,130118.92804967117,355.2182249817285,130474.1462746529,2311,2,356.2173913043478,36,10,20,35.56705298013245,0.6215277777777778,44.93243243243243,1020.2702702702693,28.340840840840812,0
2580,4,1,0,47,0.02127659574468085,0.0,1.0,47,900,400,500,0.4444444444444444,14,4,10,358.70014131494975,0.44472710453284,0.23702187146794618,0.20582099017697408,130536.16780045368,-35.0938526433049,130501.07394781038,2312,0,349.6170212765957,34,13,17,35.35987496116807,0.6299019607843137,44.52380952380953,1021.9047619047632,30.056022408963624,0
2581,4,0,0,47,0.0,0.0,1.0,47,1150,700,450,0.6086956521739131,16,7,9,359.82089252874107,0.44385985198889916,0.23912020409679724,0.20744036690079765,130718.71456916099,7.064909297050718,130725.77947845805,2313,1,350.6170212765957,34,13,18,35.14624563445867,0.6317401960784313,44.345238095238095,1022.6190476190476,30.077030812324928,0
2582,4,1,2,46,0.020833333333333332,0.041666666666666664,0.9583333333333334,48,1100,900,200,0.8181818181818182,13,9,4,353.1602777691678,0.44403812056737585,0.2398977765215755,0.20510194726646663,131002.0834003129,-347.05356760116473,130655.02983271173,2314,0,344.2916666666667,35,13,19,35.02979555304316,0.6324404761904762,44.06828703703704,1023.7268518518516,29.249338624338616,0
2583,4,0,1,45,0.0,0.021739130434782608,0.9782608695652174,46,1650,1100,550,0.6666666666666666,22,11,11,347.97816719333514,0.44465579710144926,0.217140751658069,0.20287264688148984,131150.23389274688,-72.51639660494669,131077.71749614194,2315,1,330.19565217391306,35,11,19,35.01271186440678,0.6339285714285714,43.92361111111111,1024.3055555555552,29.265873015873005,0
2584,4,0,2,43,0.0,0.044444444444444446,0.9555555555555556,45,1350,1200,150,0.8888888888888888,15,12,3,349.72929826289317,0.44288720538720544,0.22745583813984682,0.20500469621114856,131358.6327239229,187.99248866213063,131546.62521258503,2316,2,337.73333333333335,34,11,21,34.75738396624474,0.6381740196078431,43.720238095238095,1025.1190476190475,30.15056022408963,0
2585,4,0,0,43,0.0,0.0,1.0,43,1150,900,250,0.782608695652174,14,9,5,364.45021863052557,0.4396917681801403,0.24157115833982368,0.21276563042955285,131202.54229142654,963.3590445982496,132165.90133602478,2317,3,352.3255813953488,33,10,22,34.537978468899524,0.6388888888888888,43.87254901960785,1024.50980392157,31.04575163398697,0
2586,4,0,0,43,0.0,0.0,1.0,43,1400,900,500,0.6428571428571429,19,9,10,365.83363475753606,0.43906884459210044,0.24695750796412974,0.21462581966209995,131390.93888168008,1013.4449490580512,132404.38383073814,2318,4,353.3255813953488,33,10,22,34.31199697187027,0.6407828282828283,43.68872549019608,1025.2450980392152,31.068033273915614,0
2587,4,1,0,44,0.022727272727272728,0.0,1.0,44,1250,1000,250,0.8,15,10,5,357.0561076411066,0.43971326638477803,0.24981550399038532,0.2113174204659754,131725.00177154198,606.6432823129292,132331.6450538549,2319,0,346.27272727272725,34,10,16,34.19971780896053,0.6418504901960784,43.36309523809524,1026.5476190476193,30.19257703081233,0
2588,4,0,0,44,0.0,0.0,1.0,44,1450,1200,250,0.8275862068965517,17,12,5,358.64326967282494,0.4396692212825934,0.2581131200741771,0.21311116602872837,131877.8061224491,659.4175170068188,132537.22363945591,2320,1,347.27272727272725,34,10,18,34.00483889661566,0.6433823529411764,43.21428571428572,1027.1428571428582,30.210084033613477,0
2589,4,1,0,45,0.022222222222222223,0.0,1.0,45,1650,1000,650,0.6060606060606061,23,10,13,354.27170079744246,0.4414772727272727,0.26006600660066015,0.21275451869511286,132278.91375171472,372.53515089163636,132651.44890260635,2321,0,340.53333333333336,35,10,19,33.7130588058806,0.6452380952380952,42.824074074074076,1028.703703703704,29.391534391534396,0
2590,4,0,1,44,0.0,0.022222222222222223,0.9777777777777777,45,1050,800,250,0.7619047619047619,13,8,5,356.6358610830996,0.4410353535353535,0.26522701296174644,0.21468633060456982,132369.03077063573,441.5086539242185,132810.53942455995,2322,1,341.53333333333336,36,9,19,33.56154701977092,0.6440972222222222,42.7364864864865,1029.054054054056,28.58483483483489,0
2591,4,0,0,44,0.0,0.0,1.0,44,950,500,450,0.5263157894736842,14,5,9,365.7557474919407,0.43984540169133196,0.27276818590950014,0.2196511543046198,132278.91375171483,876.3545953360957,133155.26834705094,2323,2,350.1136363636364,35,9,20,33.41771677167718,0.6452380952380952,42.82407407407408,1028.7037037037048,29.391534391534424,0
2592,4,0,1,43,0.0,0.022727272727272728,0.9772727272727273,44,1200,700,500,0.5833333333333334,17,7,10,359.8400905720358,0.4393278717406624,0.2607143608184552,0.21695797929468758,132428.6352040815,730.6800009098199,133159.31520499132,2324,3,351.1136363636364,34,10,20,33.41911481224459,0.6488970588235294,42.67857142857142,1029.2857142857133,30.27310924369745,0
2593,4,0,0,43,0.0,0.0,1.0,43,800,700,100,0.875,9,7,2,367.0987064941907,0.4391611295681063,0.26109373906772193,0.22061662180269775,132306.12953514734,1113.88180272108,133420.0113378684,2325,4,359.4651162790698,34,9,20,33.355752912134534,0.647671568627451,42.797619047619044,1028.8095238095234,30.25910364145657,0
2594,4,0,0,43,0.0,0.0,1.0,43,650,300,350,0.46153846153846156,10,3,7,369.8809894214485,0.43879198966408267,0.26585990551316696,0.22264981006678264,132367.37528344666,1192.0351473922815,133559.41043083894,2326,5,360.4651162790698,34,9,20,33.222466450717256,0.6482843137254901,42.738095238095234,1029.0476190476186,30.266106442577016,0
2595,4,0,0,43,0.0,0.0,1.0,43,1200,800,400,0.6666666666666666,16,8,8,369.5759637188211,0.43816906607604283,0.26788482834994487,0.22301997810618493,132461.07266435976,1190.8892601157984,133651.96192447556,2327,6,361.4651162790698,33,10,20,33.1359126984127,0.6515151515151515,42.647058823529406,1029.4117647058815,31.19429590017823,0
2596,4,0,0,43,0.0,0.0,1.0,43,1300,700,600,0.5384615384615384,19,7,12,361.7926457799107,0.4377768549280177,0.2102825145044931,0.2095353583302771,130895.62694028487,1024.6163311211717,131920.24327140604,2328,7,362.4651162790698,36,7,16,34.9166391548366,0.6293402777777778,44.1722972972973,1023.3108108108107,28.425300300300297,8
2597,4,0,0,43,0.0,0.0,1.0,43,950,700,250,0.7368421052631579,12,7,5,367.0227632516919,0.43639258028792915,0.21531834784477044,0.2133613148007915,131039.71370018649,1018.9115635905944,132058.6252637771,2329,8,363.4651162790698,36,7,16,34.63690607127143,0.630787037037037,44.03153153153152,1023.8738738738724,28.4409409409409,0
2598,4,0,0,43,0.0,0.0,1.0,43,1500,1300,200,0.8666666666666667,17,13,4,362.99083944683605,0.4360695828719085,0.20542720863772757,0.211969875307273,131212.72243527308,925.8032525768907,132138.52568784996,2330,9,364.4651162790698,36,7,18,34.56506008646587,0.6325231481481481,43.86261261261261,1024.5495495495493,28.459709709709703,0
2599,4,0,0,43,0.0,0.0,1.0,43,1200,900,300,0.75,15,9,6,365.76379664291767,0.43558508674787744,0.21171479683107575,0.21391070369219464,131270.41737683627,1002.7932493304053,132273.21062616666,2331,10,365.4651162790698,36,7,18,34.43566849816848,0.6331018518518519,43.806306306306304,1024.7747747747744,28.465965965965957,0
2600,4,0,1,42,0.0,0.023255813953488372,0.9767441860465116,43,1450,1100,350,0.7586206896551724,18,11,7,369.71392742016957,0.43540051679586567,0.2307706057951846,0.21736505726374966,131472.44953991153,1121.4391333901494,132593.88867330167,2332,11,366.4651162790698,36,7,19,34.13011053768164,0.6351273148148149,43.609234234234236,1025.563063063063,28.487862862862862,0
2601,4,1,1,42,0.023255813953488372,0.023255813953488372,0.9767441860465116,43,1650,1200,450,0.7272727272727273,21,12,9,392.3089774509788,0.43685400516795864,0.17750832894014557,0.22059002818827017,129746.60572562338,1744.5368907241266,131491.1426163475,2333,0,366.7906976744186,34,9,18,35.30541598504323,0.6219362745098039,45.29761904761904,1018.8095238095221,29.96498599439771,8
2602,4,0,1,41,0.0,0.023809523809523808,0.9761904761904762,42,1450,900,550,0.6206896551724138,20,9,11,395.7751033612873,0.4348383662408053,0.2022863628993028,0.22379837359518218,129967.3742391117,1887.5701946158986,131854.9444337276,2334,1,376.1904761904762,35,7,19,34.99195989405979,0.6220238095238095,45.08101851851851,1019.6759259259251,29.133597883597858,0
2603,4,1,0,42,0.023809523809523808,0.0,1.0,42,1700,900,800,0.5294117647058824,25,9,16,400.1241733784424,0.43418505613627567,0.21623481696297198,0.2278093911747618,130233.84871357871,2021.942212482783,132255.79092606148,2335,0,376.85714285714283,36,6,21,34.60944395410415,0.6226851851851851,44.819819819819834,1020.7207207207229,28.353353353353413,0
2604,4,0,0,42,0.0,0.0,1.0,42,1000,700,300,0.7,13,7,6,397.9224327840052,0.4341003677893922,0.21110561464259225,0.22691119827161257,130294.81207274769,1969.4584014250283,132264.27047417272,2336,1,377.85714285714283,32,10,21,34.60353285514057,0.6321614583333333,44.76010101010101,1020.9595959595961,31.904987373737377,0
2605,4,0,0,42,0.0,0.0,1.0,42,700,600,100,0.8571428571428571,8,6,2,362.0887511214896,0.4339793844367015,0.24653478339320611,0.19008022504623578,127004.50002411263,801.4613763104521,127805.96140042308,2337,2,378.85714285714283,35,7,14,38.8789614192215,0.5919642857142857,48.00347222222222,1007.9861111111109,28.799603174603167,8
2606,4,1,1,42,0.023255813953488372,0.023255813953488372,0.9767441860465116,43,1300,1000,300,0.7692307692307693,16,10,6,350.69725080101256,0.4369462901439645,0.24227659993981066,0.18579492648819593,127376.05003652294,334.08611314015803,127710.1361496631,2338,0,371.0232558139535,36,7,12,38.784768704447416,0.59375,47.63513513513513,1009.4594594594589,28.040540540540526,0
2607,4,3,0,45,0.06666666666666667,0.0,1.0,45,850,400,450,0.47058823529411764,13,4,9,335.1224173709231,0.44183501683501686,0.25378857209902606,0.18011403476178425,127955.29827781417,-423.86222514428823,127531.43605266989,2339,0,355.46666666666664,38,7,15,38.58544526575149,0.5959429824561404,47.061965811965806,1011.7521367521358,26.625056230319363,0
2608,4,2,1,46,0.0425531914893617,0.02127659574468085,0.9787234042553191,47,1600,1000,600,0.625,22,10,12,319.700974746845,0.4451703669441875,0.24806479598813658,0.17428385705469876,128523.41666894949,-1181.9080329096378,127341.50863603986,2340,0,341.29787234042556,38,9,14,38.39668282232291,0.6016995614035088,46.501068376068375,1013.9957264957262,26.684098065677006,0
2609,4,0,1,45,0.0,0.021739130434782608,0.9782608695652174,46,1050,700,350,0.6666666666666666,14,7,7,324.3564161280141,0.4414754428341385,0.24111921695138938,0.17646179336138745,128442.17985243621,-867.7909726787957,127574.38887975742,2341,1,349.7173913043478,38,8,14,38.36139509555932,0.6008771929824561,46.58119658119658,1013.6752136752133,26.675663517768772,0
2610,4,1,2,44,0.021739130434782608,0.043478260869565216,0.9565217391304348,46,1600,1000,600,0.625,22,10,12,319.3117040964887,0.4416566022544284,0.22473778125952037,0.1754633621520311,128840.02267995254,-971.9745604468133,127868.04811950572,1890,0,299.80434782608694,40,6,16,38.08454287620954,0.6015625,46.18902439024391,1015.2439024390254,25.381097560975636,0
2611,4,1,0,45,0.022222222222222223,0.0,1.0,45,1300,900,400,0.6923076923076923,17,9,8,329.46964363679933,0.4390782828282828,0.22289700451374617,0.1812454901902665,128883.87586805565,-507.33506944443843,128376.54079861121,1891,0,307.31111111111113,39,6,17,37.782109150594984,0.6036324786324787,46.145833333333336,1015.4166666666674,26.036324786324805,0
2612,4,0,0,45,0.0,0.0,1.0,45,1350,900,450,0.6666666666666666,18,9,9,345.6255714294581,0.43916245791245795,0.13176015731760127,0.19128950414311102,129123.91067031883,-66.95984842849114,129056.95082189034,1892,1,308.31111111111113,40,5,16,37.127537246275374,0.6044270833333334,45.90955284552847,1016.3617886178881,25.4090447154472,8
2613,4,0,0,45,0.0,0.0,1.0,45,1400,1100,300,0.7857142857142857,17,11,6,349.4363174562797,0.43848905723905723,0.13537444300704338,0.1943268153911541,129312.88954293627,37.39369727133192,129350.2832402076,1893,2,309.31111111111113,37,8,17,36.83834626994395,0.6114864864864865,45.723684210526315,1017.1052631578946,27.489331436699853,0
2614,4,0,2,43,0.0,0.044444444444444446,0.9555555555555556,45,850,500,350,0.5882352941176471,12,5,7,346.191922375567,0.4378156565656566,0.12814822593253705,0.19290729530617462,129391.54071015042,-41.13875648331867,129350.40195366711,1894,3,310.31111111111113,38,7,17,36.840850222268884,0.6104714912280702,45.646367521367516,1017.4145299145295,26.774066576698143,0
2615,4,0,0,43,0.0,0.0,1.0,43,1300,1100,200,0.8461538461538461,15,11,4,359.5407948649082,0.434985234403839,0.15019186690360287,0.1996711794360469,129258.63997443396,694.7508319130026,129953.39080634696,1895,4,325.3488372093023,36,7,17,36.63667404946474,0.6128472222222222,45.77702702702703,1016.8918918918924,28.246996996997012,0
2616,4,0,0,43,0.0,0.0,1.0,43,1300,800,500,0.6153846153846154,18,8,10,360.94126273911763,0.4344084533038022,0.14061583124864918,0.20132501543893028,129430.4693206722,743.3594067040241,130173.82872737623,1896,5,326.3488372093023,36,7,16,36.42605503910286,0.6145833333333333,45.60810810810812,1017.5675675675691,28.265765765765806,0
2617,4,1,0,44,0.022727272727272728,0.0,1.0,44,1750,1300,450,0.7428571428571429,22,13,9,354.78608702084034,0.4346590909090909,0.14890408548328726,0.2005565849973736,129954.95158366053,421.2417522699462,130376.19333593047,1897,0,319.90909090909093,37,7,17,36.04946320392874,0.6179617117117118,45.09320175438597,1019.6271929824575,27.55749170222858,0
2618,4,0,0,44,0.0,0.0,1.0,44,950,500,450,0.5263157894736842,14,5,9,354.1993567710794,0.4343948202959831,0.15033423897109088,0.20065544559589435,130038.81602993251,411.9329986149814,130450.74902854749,1898,1,320.90909090909093,37,7,18,35.979269691105856,0.6188063063063063,45.01096491228071,1019.956140350879,27.566382171645376,0
2619,4,1,2,43,0.022222222222222223,0.044444444444444446,0.9555555555555556,45,800,500,300,0.625,11,5,6,351.1772430465385,0.43583754208754205,0.17100329182768026,0.2009562159841251,130430.54112803958,161.03993536475048,130591.58106340433,1899,0,314.75555555555553,37,8,19,35.65908115070847,0.6227477477477478,44.62719298245615,1021.4912280701769,27.6078710289237,0
2620,4,0,0,43,0.0,0.0,1.0,43,700,500,200,0.7142857142857143,9,5,4,358.4261614111063,0.4325166112956811,0.1884882823220413,0.20452171211545034,130320.07250071043,742.0246682493591,131062.0971689598,1900,1,328.95348837209303,36,7,19,35.58600786735782,0.6235532407407407,44.735360360360374,1021.0585585585607,28.362737737737795,0
2621,4,0,0,43,0.0,0.0,1.0,43,1650,1100,550,0.6666666666666666,22,11,11,358.0977925609668,0.4316168327796235,0.1853749561053879,0.20524455286832957,130492.60567577736,745.8228076049311,131238.4284833823,1901,2,329.95348837209303,36,7,17,35.419422094860224,0.6252893518518519,44.566441441441455,1021.734234234236,28.381506506506557,0
2622,4,0,0,43,0.0,0.0,1.0,43,1200,800,400,0.6666666666666666,16,8,8,356.14732533324667,0.43173218899963084,0.1878965223897422,0.20458184333699692,130578.91506371259,701.0662689717027,131279.98133268429,1902,3,330.95348837209303,36,7,18,35.381776112825044,0.6261574074074074,44.481981981981995,1022.0720720720739,28.39089089089094,0
2623,4,0,0,43,0.0,0.0,1.0,43,1600,900,700,0.5625,23,9,14,351.7260280674065,0.43094776670358065,0.18392140697290316,0.20309774398831887,130780.41459956586,599.7751552227987,131380.18975478865,1903,4,331.95348837209303,36,7,19,35.29074461448126,0.6281828703703703,44.28490990990991,1022.860360360361,28.412787787787806,0
2624,4,0,1,42,0.0,0.023255813953488372,0.9767441860465116,43,1500,900,600,0.6,21,9,12,354.50395623078236,0.4312476928755999,0.1822490173599738,0.20546759912151483,130924.4379514651,682.6462442172021,131607.08419568228,1904,5,332.95348837209303,36,7,19,35.073952831572775,0.6296296296296297,44.14414414414415,1023.4234234234243,28.428428428428454,0
2625,4,0,0,42,0.0,0.0,1.0,42,800,600,200,0.75,10,6,4,357.54986017243243,0.43044667053813396,0.1726109711184336,0.20749153302919915,130972.46334876554,965.8371913580374,131938.30054012357,1905,6,329.64285714285717,35,7,19,34.94742198100408,0.6321428571428571,44.09722222222223,1023.611111111112,29.246031746031772,0
2626,4,1,1,42,0.023255813953488372,0.023255813953488372,0.9767441860465116,43,950,500,450,0.5263157894736842,14,5,9,350.56176929054845,0.43260889627168697,0.17600858204666436,0.20579399802646317,131414.71021274658,613.7946645970289,132028.5048773436,1906,0,322.95348837209303,36,7,20,34.679434376716074,0.6345486111111112,43.66554054054054,1025.3378378378382,28.481606606606615,0
2627,4,0,0,42,0.0,0.0,1.0,42,1100,600,500,0.5454545454545454,16,6,10,356.60768204319095,0.43137824235385214,0.19068575297417567,0.2098444407879654,131506.13667052472,979.2197145061816,132485.3563850309,1907,1,330.54761904761904,35,7,20,34.4321259309411,0.6375,43.57638888888889,1025.6944444444448,29.305555555555564,0
2628,4,0,0,42,0.0,0.0,1.0,42,1000,900,100,0.9,11,9,2,358.00583936130903,0.4309427022841657,0.18659434889830928,0.21083094712686246,131535.81700370798,1018.1181144975974,132553.93511820558,1908,2,331.54761904761904,35,7,20,34.36630279438865,0.6377976190476191,43.5474537037037,1025.810185185185,29.30886243386243,0
2629,4,0,0,42,0.0,0.0,1.0,42,950,800,150,0.8421052631578947,11,8,3,404.8832942155665,0.4310878823073945,0.1855419610546274,0.22346754387796572,129014.56921616681,2098.2976313085574,131112.86684747538,1909,3,332.54761904761904,33,9,18,35.733815842380395,0.6167929292929293,46.0171568627451,1015.9313725490192,30.785799168152096,8
2630,4,1,0,43,0.023255813953488372,0.0,1.0,43,1400,900,500,0.6428571428571429,19,9,10,398.04790245318634,0.4324473975636766,0.1921658727934994,0.22143415484996276,129326.01042868118,1695.7246011149416,131021.73502979612,1910,0,325.7906976744186,33,10,19,35.58885542168674,0.619949494949495,45.71078431372548,1017.1568627450972,30.822935234699916,0
2631,4,1,0,44,0.022727272727272728,0.0,1.0,44,1500,1000,500,0.6666666666666666,20,10,10,385.4448135988712,0.4339213354474982,0.19745314293000127,0.21639539535117702,129685.96938775496,1197.3568594104097,130883.32624716537,1911,0,319.3636363636364,34,10,18,35.5420659965716,0.6213235294117647,45.35714285714285,1018.5714285714273,29.957983193277272,0
2632,4,0,0,44,0.0,0.0,1.0,44,1550,1100,450,0.7096774193548387,20,11,9,380.7094960185769,0.4333817829457364,0.19628662275721087,0.21463046235208613,129849.38298396768,1086.9786308298897,130936.36161479757,1912,1,320.3636363636364,35,9,18,35.496157922628505,0.6208333333333333,45.19675925925925,1019.2129629629621,29.120370370370345,0
2633,4,0,0,44,0.0,0.0,1.0,44,1950,1500,450,0.7692307692307693,24,15,9,376.8824096461807,0.4326770613107822,0.20247334108746884,0.2133526045112068,130010.85820877581,999.7611043782771,131010.6193131541,1913,2,321.3636363636364,37,7,18,35.42932211590152,0.6185247747747749,45.03837719298246,1019.8464912280705,27.563418681839742,0
2634,4,0,0,44,0.0,0.0,1.0,44,1500,1000,500,0.6666666666666666,20,10,10,378.34235735110366,0.4325999823819591,0.19601113172541762,0.2155671570953964,130262.58680555563,1056.7708333333444,131319.357638889,1914,3,322.3636363636364,37,7,18,35.136054421768705,0.6210585585585586,44.79166666666667,1020.833333333334,27.590090090090108,0
2635,4,0,0,44,0.0,0.0,1.0,44,1600,1000,600,0.625,22,10,12,378.2442539047377,0.432313689217759,0.191034661806313,0.21618637270144894,130384.14292800473,1063.4105725623815,131447.55350056713,1915,4,323.3636363636364,34,10,18,35.015007576640635,0.6283700980392157,44.67261904761906,1021.3095238095254,30.038515406162514,0
2636,4,0,0,44,0.0,0.0,1.0,44,1000,800,200,0.8,12,8,4,376.2816437641613,0.4320494186046511,0.18923500741682542,0.21523310023310036,130414.5408163266,1014.5195578231367,131429.06037414973,1916,5,324.3636363636364,34,10,18,35.03423659673659,0.6286764705882353,44.642857142857146,1021.4285714285719,30.042016806722703,0
2637,4,0,1,43,0.0,0.022727272727272728,0.9772727272727273,44,1050,700,350,0.6666666666666666,14,7,7,372.9473659053098,0.43187323819591267,0.19305439718283757,0.21395401517725696,130528.56445312513,936.0568576389046,131464.62131076402,1917,6,325.3636363636364,35,9,17,35.00361026163779,0.6276785714285714,44.53125000000001,1021.875000000001,29.1964285714286,0
2638,4,0,0,43,0.0,0.0,1.0,43,1350,1100,250,0.8148148148148148,16,11,5,379.90525433859017,0.4331164636397195,0.18559152423484915,0.21850277421336045,130627.42524092962,1325.209041950102,131952.6342828797,1918,7,311.2093023255814,34,9,17,34.72545708629323,0.6308210784313726,44.4345238095238,1022.261904761904,30.066526610644235,0
2639,4,0,0,43,0.0,0.0,1.0,43,1350,1000,350,0.7407407407407407,17,10,7,375.7862031661425,0.433047249907715,0.18357803211128676,0.21690546553750495,130765.21675936643,1227.9528624399884,131993.16962180642,1919,8,312.2093023255814,35,8,17,34.690906604805555,0.6300595238095238,44.29976851851852,1022.8009259259261,29.2228835978836,0
2640,4,0,0,43,0.0,0.0,1.0,43,1400,1100,300,0.7857142857142857,17,11,6,376.58425393680216,0.4331856773717239,0.18388978606334416,0.21820170205171727,130913.2332926098,1259.9724579904032,132173.2057506002,1920,9,313.2093023255814,35,8,19,34.5203762346377,0.631547619047619,44.155092592592595,1023.3796296296302,29.23941798941801,0
2641,4,1,1,43,0.022727272727272728,0.022727272727272728,0.9772727272727273,44,1250,900,350,0.72,16,9,7,368.40603160103,0.43430673009161386,0.18287147402527926,0.21499172724849602,131187.67463306006,866.0661213065453,132053.7407543666,1921,0,307.0681818181818,37,7,20,34.45170626850762,0.6303490990990991,43.88706140350877,1024.451754385964,27.687885253674704,0
2642,4,0,0,43,0.0,0.0,1.0,43,1050,600,450,0.5714285714285714,15,6,9,357.53912056937344,0.433139534883721,0.1686366146455318,0.19964741618207535,129473.85381235824,697.9850746854603,130171.8388870437,1922,1,314.95348837209303,34,9,15,36.46844660194175,0.6191789215686274,45.56547619047619,1017.738095238095,29.933473389355733,8
2643,4,1,0,44,0.022727272727272728,0.0,1.0,44,1550,1200,350,0.7741935483870968,19,12,7,369.2456647606482,0.4360905567300916,0.25326332731024825,0.19571933422287208,127396.24361582412,608.1021323868906,128004.34574821101,1923,0,308.77272727272725,37,7,15,38.295929727381335,0.5920608108108107,47.61513157894737,1009.5394736842106,27.284850640113802,7
2644,4,1,0,45,0.022222222222222223,0.0,1.0,45,1150,900,250,0.782608695652174,14,9,5,362.39669421487577,0.4374579124579125,0.2630960770495654,0.19346911553457835,127685.20801373379,254.5394568631894,127939.74747059698,1924,0,302.8888888888889,38,7,16,38.172348484848484,0.5932017543859649,47.32905982905984,1010.6837606837619,26.596941070625313,0
2645,4,1,0,46,0.021739130434782608,0.0,1.0,46,1500,1000,500,0.6666666666666666,20,10,10,356.1147590008042,0.4396235909822866,0.2685441743248622,0.19141907328028893,127960.02739800383,-86.30913628468454,127873.71826171914,1925,0,297.2826086956522,39,7,18,38.04962850475309,0.594284188034188,47.057291666666686,1011.7708333333362,25.942841880341955,0
2646,4,2,1,47,0.041666666666666664,0.020833333333333332,0.9791666666666666,48,1300,1100,200,0.8461538461538461,15,11,4,348.461238748773,0.4421542553191489,0.2790725047080973,0.19004314617475151,128540.34423828167,-641.4686414930135,127898.87559678865,1926,0,285.8541666666667,39,9,15,37.65033812703304,0.6001602564102564,46.48437500000002,1014.0625000000034,26.00160256410265,0
2647,4,0,1,46,0.0,0.02127659574468085,0.9787234042553191,47,1650,1100,550,0.6666666666666666,22,11,11,333.4975775043951,0.44125809435707675,0.15988230308554607,0.17503689422863827,126996.54571281001,-929.3919306703327,126067.15378213968,1927,1,292.93617021276594,43,4,18,39.60760365777277,0.5784883720930232,48.01136363636364,1007.9545454545462,23.440803382663866,8
2648,4,2,2,46,0.041666666666666664,0.041666666666666664,0.9583333333333334,48,1050,700,350,0.6666666666666666,14,7,7,320.680854580348,0.44487847222222227,0.1792202392375104,0.17034331633212962,127483.14122498634,-1423.6477253482888,126059.49349963805,1928,0,286.8333333333333,42,6,14,39.43281040107466,0.5848214285714286,47.529069767441854,1009.8837209302314,24.044850498338842,0
2649,4,0,0,46,0.0,0.0,1.0,46,1050,900,150,0.8571428571428571,12,9,3,332.14975294084627,0.4415660225442834,0.1856921453682583,0.175736771254957,127322.68248273183,-741.9604939189635,126580.72198881287,1929,1,299.9347826086956,40,6,14,39.30747155372066,0.5861979166666667,47.6880081300813,1009.2479674796748,25.23119918699187,0
2650,4,0,0,46,0.0,0.0,1.0,46,1000,700,300,0.7,13,7,6,331.30020523437537,0.4410829307568438,0.18597623684383202,0.17573238328902946,127425.26898877988,-756.796446394342,126668.47254238554,1930,2,300.9347826086956,40,6,14,39.22391377285688,0.5872395833333333,47.58638211382114,1009.6544715447159,25.241361788617898,0
2651,4,0,0,46,0.0,0.0,1.0,46,1350,900,450,0.6666666666666666,18,9,9,330.3141480974906,0.44123389694041865,0.18396550441695747,0.1754319449302386,127476.57773357462,-778.5365647101528,126698.04116886447,1931,3,301.9347826086956,40,6,14,39.196311764113915,0.5877604166666667,47.53556910569106,1009.857723577236,25.2464430894309,0
2652,4,2,1,47,0.041666666666666664,0.020833333333333332,0.9791666666666666,48,1500,900,600,0.6,21,9,12,314.5269586685915,0.44582963947990545,0.19535463539173392,0.16942929774592266,128046.4395638033,-1545.188559131061,126501.25100467225,1932,0,290.3125,42,6,16,39.013483325355025,0.5905257936507937,46.9718992248062,1012.1124031007756,24.097914359542276,0
2653,4,1,2,46,0.020833333333333332,0.041666666666666664,0.9583333333333334,48,1350,800,550,0.5925925925925926,19,8,11,317.0134450735465,0.4443151595744681,0.20318109131257778,0.1720496986174921,128345.50284234053,-1462.5124390115311,126882.990403329,1933,0,291.1458333333333,41,7,20,38.64589452385615,0.595020325203252,46.6765873015873,1013.2936507936499,24.714479287649997,0
2654,4,0,2,44,0.0,0.043478260869565216,0.9565217391304348,46,1300,900,400,0.6923076923076923,17,9,8,324.2513422666541,0.4428442028985507,0.21593679536999488,0.17577279124830217,128298.92223750749,-879.78045062462,127419.14178688287,1934,1,302.8695652173913,40,6,20,38.51000601865785,0.59609375,46.72256097560976,1013.1097560975613,25.327743902439032,0
2655,4,2,0,46,0.043478260869565216,0.0,1.0,46,1350,1000,350,0.7407407407407407,17,10,7,322.60191979422024,0.44479669887278583,0.2357695438853109,0.17692615996622083,128762.65290377769,-892.1841950888854,127870.4687086888,1935,0,299.69565217391306,40,6,17,38.079711958879855,0.60078125,46.26524390243903,1014.9390243902453,25.373475609756134,0
2656,4,0,1,45,0.0,0.021739130434782608,0.9782608695652174,46,1350,1100,250,0.8148148148148148,16,11,5,322.68043819595357,0.4446356682769726,0.23543978761370044,0.17731449821658843,128840.0226799524,-885.169004891271,127954.85367506112,1936,1,300.69565217391306,40,6,18,37.99904070737403,0.6015625,46.1890243902439,1015.2439024390243,25.381097560975608,0
2657,4,0,1,44,0.0,0.022222222222222223,0.9777777777777777,45,950,500,450,0.5263157894736842,14,5,9,330.1215958188387,0.4428451178451178,0.24057277059534443,0.1813621799802932,128830.99500868049,-494.0212673611154,128336.97374131938,1937,2,308.2888888888889,39,6,19,37.81936178945208,0.6030982905982907,46.197916666666664,1015.2083333333328,26.030982905982892,0
2658,4,1,0,45,0.022222222222222223,0.0,1.0,45,1100,700,400,0.6363636363636364,15,7,8,334.3864556626973,0.44309764309764305,0.2502111955893467,0.18446617057418985,128994.8319452706,-373.1750694031411,128621.65687586747,1938,0,308.5777777777778,40,5,21,37.544392757102834,0.603125,46.036585365853654,1015.8536585365848,25.396341463414622,0
2659,4,1,0,46,0.021739130434782608,0.0,1.0,46,1050,600,450,0.5714285714285714,15,6,9,339.146979598018,0.4429045893719807,0.26666978147401554,0.18946856132945886,129492.78564453131,-416.2520826749301,129076.53356185638,1939,0,302.8478260869565,39,7,14,36.91717412069728,0.609775641025641,45.546875,1017.8125000000005,26.097756410256423,0
2660,4,0,0,46,0.0,0.0,1.0,46,1400,1200,200,0.8571428571428571,16,12,4,337.80941046500914,0.44267310789049924,0.2673377180694707,0.18948724074104384,129651.8676757813,-440.4758029513871,129211.3918728299,1940,1,303.8478260869565,39,7,15,36.789680713238546,0.6113782051282051,45.390625,1018.4375000000003,26.11378205128206,0
2661,4,0,1,45,0.0,0.021739130434782608,0.9782608695652174,46,950,700,250,0.7368421052631579,12,7,5,336.87203437789566,0.44309581320450886,0.2663406700639708,0.1894078600470222,129744.38707325343,-458.5488755039888,129285.83819774944,1941,2,304.8478260869565,40,6,15,36.71965918536992,0.6106770833333333,45.299796747967484,1018.8008130081307,25.47002032520327,0
2662,4,1,0,46,0.021739130434782608,0.0,1.0,46,1300,1100,200,0.8461538461538461,15,11,4,336.6570809551366,0.44125402576489536,0.27382459548048077,0.18966276448416342,129822.05119307285,-458.8974403463615,129363.15375272649,1942,0,305.7608695652174,40,6,16,36.646348557372676,0.6114583333333333,45.22357723577235,1019.1056910569101,25.477642276422753,0
2663,4,1,0,47,0.02127659574468085,0.0,1.0,47,1150,800,350,0.6956521739130435,15,8,7,342.70966269016463,0.4432431390687635,0.24734124294031656,0.19017561213864123,129227.8659396702,-507.72945281257194,128720.13648685762,1943,0,300.2340425531915,39,8,19,37.09586193354509,0.6071047008547008,45.80729166666667,1016.7708333333338,26.071047008547023,8
2664,4,1,4,44,0.020833333333333332,0.08333333333333333,0.9166666666666666,48,900,400,500,0.4444444444444444,14,4,10,334.6992491791521,0.4434286347517731,0.24333291729073103,0.18694997102784203,129485.67450137151,-932.2483929869777,128553.42610838453,1944,0,294.9583333333333,40,8,16,37.03756864702947,0.6080729166666667,45.55386178861789,1017.7845528455283,25.44461382113821,0
2665,4,0,1,43,0.0,0.022727272727272728,0.9772727272727273,44,750,500,250,0.6666666666666666,10,5,5,353.2818618946963,0.4406382135306554,0.24728391116791815,0.19516250428940046,129050.14349489819,318.21499433109,129368.35848922929,1945,2,312.75,41,3,19,37.0081527045499,0.6021341463414633,45.98214285714287,1016.0714285714304,24.782229965156837,0
2666,4,0,0,43,0.0,0.0,1.0,43,1100,800,300,0.7272727272727273,14,8,6,364.33220747282513,0.4406376891842008,0.2587732767525617,0.20098591312904857,128994.83194527071,799.3943750413162,129794.22632031202,1946,3,299.0232558139535,40,3,19,36.78388021875417,0.603125,46.03658536585366,1015.8536585365856,25.39634146341464,0
2667,4,0,0,43,0.0,0.0,1.0,43,1550,1100,450,0.7096774193548387,20,11,9,361.27668605261846,0.44070690291620523,0.2575504783955871,0.1999610831231268,129125.75511975626,730.0249787414967,129855.78009849775,1947,4,300.0232558139535,41,2,19,36.72797706198145,0.6028963414634146,45.907738095238095,1016.3690476190478,24.78948896631824,0
2668,4,0,0,43,0.0,0.0,1.0,43,1400,1200,200,0.8571428571428571,16,12,4,361.40599637423765,0.44077611664820965,0.2555857340265193,0.2005576184547159,129229.25954380185,740.93443832403,129970.19398212587,1948,5,301.0232558139535,37,6,20,36.61919461519107,0.6106418918918919,45.805921052631575,1016.7763157894728,27.48044096728305,0
2669,4,0,0,43,0.0,0.0,1.0,43,1600,1200,400,0.75,20,12,8,354.1159402318807,0.43987633813215204,0.24770554843435266,0.19759544995364145,129445.89548405637,567.7709976988635,130013.66648175524,1949,6,302.0232558139535,38,5,16,36.58398950131234,0.6110197368421053,45.59294871794871,1017.6282051282037,26.77968960863694,0
2670,4,0,0,43,0.0,0.0,1.0,43,1400,800,600,0.5714285714285714,20,8,12,354.14688000649653,0.43941491325212256,0.23822634262883735,0.19811548129957013,129545.80213758675,575.6483289930509,130121.4504665798,1950,7,303.0232558139535,39,4,16,36.48156911900133,0.610309829059829,45.494791666666664,1018.0208333333329,26.10309829059828,0
2671,4,0,0,43,0.0,0.0,1.0,43,1450,1100,350,0.7586206896551724,18,11,7,351.5347344483003,0.4390919158361019,0.23721548674987059,0.1971861789271963,129651.86767578128,515.4269748263889,130167.29465060767,1951,8,304.0232558139535,39,4,17,36.44022109713273,0.6113782051282051,45.390625,1018.4375000000002,26.113782051282058,0
2672,4,0,0,43,0.0,0.0,1.0,43,800,500,300,0.625,11,5,6,351.85935279623425,0.43897655961609455,0.24180386808251986,0.197965312633841,129770.27253123144,532.1768210060136,130302.44935223745,1952,9,305.0232558139535,40,3,17,36.311631424961746,0.6109375,45.27439024390244,1018.9024390243906,25.472560975609763,0
2673,4,0,1,42,0.0,0.023255813953488372,0.9767441860465116,43,1000,600,400,0.6,14,6,8,351.5627572469671,0.43897655961609455,0.23928156671699807,0.19811323122315366,129832.5314645533,528.8565484063872,130361.3880129597,1953,10,306.0232558139535,41,2,17,36.255941951393616,0.610010162601626,45.213293650793645,1019.1468253968245,24.85723964382499,0
2674,4,0,0,42,0.0,0.0,1.0,42,1300,1100,200,0.8461538461538461,15,11,4,366.28845714285717,0.437137049941928,0.2101823129251701,0.1980855377008652,128203.13169795947,1003.2746843593334,129206.4063823188,1954,11,313.8333333333333,35,7,17,37.54333333333334,0.6041666666666667,46.817129629629626,1012.731481481481,28.93518518518517,8
2675,4,1,1,42,0.023255813953488372,0.023255813953488372,0.9767441860465116,43,950,600,350,0.631578947368421,13,6,7,360.4452120692297,0.43736157253599117,0.21796514210738316,0.19645573180819276,128515.36502718934,664.5496002759445,129179.91462746529,1955,0,307.51162790697674,36,7,14,37.3720476084703,0.6053240740740741,46.509009009009006,1013.9639639639638,28.16566566566566,0
2676,4,0,0,42,0.0,0.0,1.0,42,650,200,450,0.3076923076923077,11,2,9,363.1470074704938,0.4357941347270615,0.22331344799136899,0.19792830843004408,128515.3650271894,933.9940447204026,129449.3590719098,1956,1,315.35714285714283,36,6,14,37.30355952909818,0.6053240740740741,46.50900900900901,1013.9639639639644,28.165665665665678,0
2677,4,1,0,43,0.023255813953488372,0.0,1.0,43,1150,700,450,0.6086956521739131,16,7,9,361.7621950935071,0.43708471760797346,0.23563212617409235,0.19892624267018258,128867.1754770698,723.8544552169847,129591.0299322868,1957,0,309.0,37,6,15,36.979391648668106,0.6069819819819819,46.16228070175438,1015.3508771929819,27.441915599810322,0
2678,4,1,0,44,0.022727272727272728,0.0,1.0,44,1300,1000,300,0.7692307692307693,16,10,6,354.16827628834073,0.43943798449612403,0.24096446189469423,0.19668754827083165,129258.63997443412,356.7275939936573,129615.36756842777,1958,0,302.95454545454544,36,8,16,36.77325581395348,0.6128472222222222,45.77702702702704,1016.8918918918937,28.246996996997048,0
2679,4,0,0,44,0.0,0.0,1.0,44,1450,1000,450,0.6896551724137931,19,10,9,355.08532427389144,0.4389424770965469,0.243429591990743,0.19791461473254846,129401.82317029878,389.737668411668,129791.56083871046,1959,1,303.95454545454544,36,8,17,36.60417819590483,0.6142939814814814,45.63626126126127,1017.4549549549558,28.262637637637663,0
2680,4,1,3,42,0.022222222222222223,0.06666666666666667,0.9333333333333333,45,1350,1000,350,0.7407407407407407,17,10,7,352.7987008238955,0.43882575757575754,0.25341080266838834,0.19872188639135058,129815.23762119118,159.72943598030693,129974.96705717148,1960,0,298.1777777777778,37,8,16,36.2420199411807,0.6165540540540541,45.23026315789474,1019.0789473684214,27.542674253200577,0
2681,4,1,0,43,0.023255813953488372,0.0,1.0,43,1300,1000,300,0.7692307692307693,16,10,6,355.36654824428786,0.4381229235880399,0.1979816088712525,0.19216425290305805,128200.04712988561,512.3711141889273,128712.41824407454,1961,0,302.8139534883721,37,6,18,37.82301140464846,0.6002252252252251,46.820175438596465,1012.7192982456099,27.370791844475946,8
2682,4,1,0,44,0.022727272727272728,0.0,1.0,44,1500,1000,500,0.6666666666666666,20,10,10,347.08646002857444,0.43997753699788583,0.2088726353680017,0.18985789311240406,128658.86843450912,131.15023924314846,128790.01867375226,1962,0,296.90909090909093,38,6,18,37.56428145183935,0.6030701754385965,46.36752136752135,1014.5299145299118,26.698155645523997,0
2683,4,0,0,44,0.0,0.0,1.0,44,1600,1200,400,0.75,20,12,8,331.3198015542441,0.43938292811839325,0.14024637289705177,0.1726967815180972,126715.24581780993,-392.2712807728866,126322.97453703705,1963,1,297.90909090909093,38,6,19,39.95096738822861,0.5833333333333333,48.29059829059829,1006.8376068376069,26.495726495726498,8
2684,4,3,3,44,0.06382978723404255,0.06382978723404255,0.9361702127659575,47,1350,1000,350,0.7407407407407407,17,10,7,317.5192314372726,0.44734813444341653,0.16018057935877628,0.16870280668222515,127492.46110481219,-1303.7383471907374,126188.72275762145,1964,0,279.82978723404256,41,6,16,39.50311067452522,0.5863821138211383,47.519841269841265,1009.920634920634,24.63221060782034,0
2685,4,0,1,43,0.0,0.022727272727272728,0.9772727272727273,44,1150,900,250,0.782608695652174,14,9,5,321.8576137958698,0.4427413671599718,0.1114847550067215,0.16525305446722935,126097.48389445896,-660.1584734540363,125437.32542100492,1965,1,290.04545454545456,38,6,16,40.82322802538738,0.5770285087719298,48.90491452991453,1004.3803418803411,26.43106162843003,8
2686,4,1,0,44,0.022727272727272728,0.0,1.0,44,1100,500,600,0.45454545454545453,17,5,12,323.23842314719064,0.4387332628611698,0.11864283919355167,0.16650496210966456,126231.6515541676,-639.4160000730482,125592.23555409456,1966,0,291.0,38,6,17,40.65069282018569,0.5783991228070176,48.77136752136752,1004.9145299145301,26.44511920827711,0
2687,4,1,2,43,0.022222222222222223,0.044444444444444446,0.9555555555555556,45,1250,900,350,0.72,16,9,7,318.72892270745535,0.44059343434343434,0.12988160574367513,0.1652155237029467,126488.78173828124,-936.8733723958344,125551.9083658854,1967,0,285.5111111111111,39,6,15,40.50009060784921,0.5793269230769231,48.515625,1005.9374999999999,25.793269230769226,0
2688,4,0,0,43,0.0,0.0,1.0,43,1450,1100,350,0.7586206896551724,18,11,7,330.33073253787404,0.4369001476559616,0.13962619240261076,0.1706367598106909,126346.81013629175,-252.75313077102373,126094.05700552072,1968,1,299.69767441860466,37,6,15,40.35415985021996,0.5813626126126126,48.65679824561403,1005.3728070175424,27.172238027501145,0
2689,4,2,0,45,0.044444444444444446,0.0,1.0,45,1200,900,300,0.75,15,9,6,317.97372230894416,0.4400462962962963,0.15138272600959168,0.1666504984363367,126938.35101460772,-927.3880048251692,126010.96300978254,1969,0,287.3333333333333,40,5,18,40.05836526825335,0.5822916666666667,48.06910569105691,1007.7235772357724,25.19308943089431,0
2690,4,1,1,45,0.021739130434782608,0.021739130434782608,0.9782608695652174,46,950,700,250,0.7368421052631579,12,7,5,315.03748799501835,0.4411735104669887,0.14403432724725262,0.16657732991429902,127297.04231112442,-1179.2389615969241,126117.80334952749,1970,0,282.0652173913044,40,6,19,39.7654414232964,0.5859375,47.713414634146346,1009.1463414634153,25.22865853658538,0
2691,4,2,3,44,0.0425531914893617,0.06382978723404255,0.9361702127659575,47,1150,800,350,0.6956521739130435,15,8,7,318.2918742606486,0.4432431390687635,0.17853811822000232,0.17091217703190292,127918.6264349491,-1256.9081278344552,126661.71830711464,1971,0,276.70212765957444,41,6,16,39.04855594782779,0.5907012195121951,47.09821428571429,1011.6071428571437,24.673344947735213,0
2692,4,2,0,46,0.043478260869565216,0.0,1.0,46,1400,1000,400,0.7142857142857143,18,10,8,331.01407917672805,0.44049919484702094,0.19289275828043007,0.17817503786172198,128015.9430976931,-724.9840951153453,127290.95900257776,1972,0,283.5652173913044,40,6,18,38.62744359643837,0.5932291666666667,47.0020325203252,1011.9918699186986,25.299796747967466,0
2693,4,1,2,45,0.02127659574468085,0.0425531914893617,0.9574468085106383,47,1450,1000,450,0.6896551724137931,19,10,9,328.38394823386903,0.4408341042244835,0.2021980836125401,0.17812774558714237,128324.66310562505,-971.9835456738613,127352.67955995118,1973,0,278.51063829787233,40,7,19,38.379095620193915,0.5963541666666667,46.69715447154472,1013.2113821138219,25.330284552845548,0
2694,4,0,0,45,0.0,0.0,1.0,45,800,500,300,0.625,11,5,6,333.0066985788426,0.43848905723905723,0.1943416061063119,0.1802982815690795,128250.02170138905,-458.3767361110937,127791.64496527796,1974,1,269.31111111111113,39,6,19,38.33813245577954,0.5972222222222222,46.77083333333334,1012.916666666668,25.972222222222257,0
2695,4,0,0,45,0.0,0.0,1.0,45,900,400,500,0.4444444444444444,14,4,10,335.77688546917625,0.4387415824915825,0.20115612219251977,0.18203823790820547,128302.78320312497,-383.778211805556,127919.00499131941,1975,2,270.31111111111113,39,6,19,38.21415107272603,0.5977564102564102,46.71875,1013.1249999999998,25.977564102564095,0
2696,4,1,1,45,0.021739130434782608,0.021739130434782608,0.9782608695652174,46,1000,800,200,0.8,12,8,4,334.3660840578563,0.43945249597423514,0.21779424384591572,0.18266600355673046,128607.98306439626,-599.5704648357396,128008.41259956053,1976,0,265.4130434782609,40,6,17,37.93875029222188,0.59921875,46.41768292682927,1014.3292682926835,25.35823170731709,0
2697,4,0,0,45,0.0,0.0,1.0,45,900,700,200,0.7777777777777778,11,7,4,337.86510669659003,0.43952020202020203,0.2064656008581247,0.18450883588921443,128593.16541883671,-310.57128906250614,128282.59412977421,1977,1,267.3333333333333,39,6,17,37.865123583581536,0.6006944444444444,46.432291666666664,1014.2708333333326,26.006944444444425,0
2698,4,2,2,45,0.0425531914893617,0.0425531914893617,0.9574468085106383,47,1150,900,250,0.782608695652174,14,9,5,325.8532652512767,0.4420482577860006,0.2186955005231952,0.1807004470938896,129201.38888888879,-976.9911024305667,128224.39778645823,1978,0,256.9148936170213,39,8,19,37.55122950819671,0.6068376068376069,45.83333333333333,1016.6666666666658,26.068376068376047,0
2699,4,0,0,45,0.0,0.0,1.0,45,900,600,300,0.6666666666666666,12,6,6,336.26966677781996,0.4407407407407407,0.22219032320539545,0.18560487040656917,129016.12548828122,-323.15809461805685,128692.96739366316,1979,1,260.77777777777777,39,6,19,37.47490088519772,0.6049679487179487,46.015625,1015.9374999999998,26.049679487179482,0
2700,4,2,1,46,0.0425531914893617,0.02127659574468085,0.9787234042553191,47,1150,1000,150,0.8695652173913043,13,10,3,320.930542015459,0.44441874807277215,0.2221090256825533,0.17965493228288065,129572.314453125,-1082.9915364583348,128489.32291666667,1980,0,250.63829787234042,39,8,18,37.300064797762786,0.6105769230769231,45.46875,1018.125,26.10576923076923,0
2701,4,0,0,46,0.0,0.0,1.0,46,850,400,450,0.47058823529411764,13,4,9,330.90888990556334,0.44161634460547505,0.22631425206985023,0.18477362750529863,129473.07715136229,-631.2415534370756,128841.83559792521,1981,1,257.0869565217391,38,8,18,37.146799986003224,0.6112938596491229,45.56623931623931,1017.7350427350418,26.782501124606362,0
2702,4,1,0,47,0.02127659574468085,0.0,1.0,47,1000,600,400,0.6,14,6,8,330.0514517730317,0.44185553499845825,0.2437872601327995,0.18626779164076637,129890.673828125,-825.8789062500002,129064.794921875,1982,0,252.59574468085106,39,8,19,36.74509503372164,0.6137820512820513,45.15625,1019.375,26.137820512820515,0
2703,4,0,1,46,0.0,0.02127659574468085,0.9787234042553191,47,1350,900,450,0.6666666666666666,18,9,9,333.5323969462159,0.44091119333950046,0.2512002572134917,0.18925934505742995,130103.1304253473,-721.2782118055454,129381.85221354176,1983,1,253.59574468085106,39,8,19,36.4411033966374,0.6159188034188035,44.94791666666667,1020.208333333334,26.159188034188052,0
2704,4,0,0,46,0.0,0.0,1.0,46,900,600,300,0.6666666666666666,12,6,6,341.3772991764748,0.44023752012882444,0.2524981125371937,0.1931840323085371,129996.8804253473,-324.4032118055495,129672.47721354176,1984,2,260.0,39,7,19,36.34874021109975,0.6148504273504274,45.052083333333336,1019.7916666666673,26.14850427350429,0
2705,4,0,0,46,0.0,0.0,1.0,46,1400,900,500,0.6428571428571429,19,9,10,340.6406108272158,0.4403482286634461,0.24652107330714434,0.19342462510449726,130129.69970703124,-334.507921006944,129795.1917860243,1985,3,261.0,39,7,20,36.23287816913389,0.6161858974358974,44.921875,1020.3124999999999,26.16185897435897,0
2706,4,0,1,45,0.0,0.021739130434782608,0.9782608695652174,46,1700,1400,300,0.8235294117647058,20,14,6,343.23004211506395,0.44021739130434784,0.2490792264614783,0.19529430619299626,130209.423828125,-261.64279513888744,129947.78103298611,1986,4,262.0,39,7,20,36.08602095665783,0.6169871794871795,44.84375,1020.625,26.169871794871796,0
2707,4,1,0,46,0.021739130434782608,0.0,1.0,46,1000,700,300,0.7,13,7,6,336.76264272279053,0.4418780193236715,0.23995789933120837,0.1929575286014409,130480.80490037626,-411.7770127360424,130069.02788764022,1987,0,250.2608695652174,38,8,21,35.97633239220607,0.6214364035087719,44.577991452991455,1021.6880341880345,26.886527215474594,0
2708,4,0,1,45,0.0,0.021739130434782608,0.9782608695652174,46,850,800,50,0.9411764705882353,9,8,1,303.9666902983927,0.4414855072463768,0.1283976223709331,0.1680134293141865,129072.27143441429,-1319.3625205111682,127752.90891390311,1988,1,251.2608695652174,40,6,20,38.23840717405076,0.60390625,45.96036585365855,1016.1585365853679,25.403963414634198,8
2709,4,0,0,45,0.0,0.0,1.0,45,1000,600,400,0.6,14,6,8,309.26589184901945,0.4394781144781145,0.12401617404180154,0.17092854249219191,129069.0443250869,-1016.6693793402684,128052.37494574663,1989,7,257.8222222222222,39,6,20,38.10706048180421,0.6055021367521367,45.96354166666667,1016.1458333333342,26.055021367521388,0
2710,4,0,0,45,0.0,0.0,1.0,45,1150,800,350,0.6956521739130435,15,8,7,309.46680090096766,0.4390572390572391,0.1276011464373794,0.17138908873817707,129149.73416121354,-1006.4889863837681,128143.24517482976,1990,8,258.8222222222222,40,5,20,38.02010431247083,0.6046875,45.88414634146341,1016.463414634146,25.41158536585365,0
2711,4,0,0,45,0.0,0.0,1.0,45,1600,800,800,0.5,24,8,16,309.3039736417171,0.4388888888888889,0.12823576264436487,0.1720999032826989,129333.80126953113,-999.2979403819979,128334.50332914914,1991,9,259.8222222222222,39,6,24,37.83762160778289,0.6081730769230769,45.70312499999999,1017.1874999999991,26.081730769230745,0
2712,4,1,1,45,0.021739130434782608,0.021739130434782608,0.9782608695652174,46,1100,700,400,0.6363636363636364,15,7,8,302.9077573396125,0.4400966183574879,0.1403931267898988,0.16975032038830606,129614.99851278975,-1347.7222965827439,128267.27621620701,1992,0,255.15217391304347,40,6,15,37.71561044577513,0.609375,45.42682926829267,1018.2926829268272,25.457317073170678,0
2713,4,1,0,46,0.021739130434782608,0.0,1.0,46,1550,1000,550,0.6451612903225806,21,10,11,308.5270674511421,0.4413446054750403,0.1547266139657444,0.1742761002629422,129925.63950029723,-1182.8846916518187,128742.7548086454,1993,0,255.7173913043478,40,6,19,37.258273524720884,0.6125,45.121951219512184,1019.5121951219495,25.48780487804874,0
2714,4,0,1,45,0.0,0.021739130434782608,0.9782608695652174,46,1550,1200,350,0.7741935483870968,19,12,7,311.09939109961584,0.44121376811594204,0.15315945976812162,0.17599288063362384,129984.23450688117,-1112.3967584719376,128871.83774840923,1994,1,256.7173913043478,41,5,19,37.13345575120797,0.6115345528455285,45.06448412698411,1019.7420634920611,24.87175764614783,0
2715,4,0,2,43,0.0,0.044444444444444446,0.9555555555555556,45,1100,800,300,0.7272727272727273,14,8,6,311.3468788323823,0.44057239057239056,0.1441158668396023,0.17624702171789014,130009.52695893154,-904.3879125724541,129105.1390463591,1995,2,257.0888888888889,41,4,20,37.10157263294422,0.6117886178861789,45.03968253968253,1019.8412698412684,24.874177313201667,0
2716,4,1,1,43,0.022727272727272728,0.022727272727272728,0.9772727272727273,44,1650,1300,350,0.7878787878787878,20,13,7,309.13943893201326,0.441860465116279,0.14599968922920192,0.17569063310269978,130163.68762581858,-752.2541276065342,129411.43349821205,1996,0,260.8863636363636,42,2,22,37.00206533092773,0.6118551587301587,44.88856589147286,1020.4457364341071,24.29632705795493,0
2717,4,0,1,42,0.0,0.023255813953488372,0.9767441860465116,43,1550,1200,350,0.7741935483870968,19,12,7,313.4742873182006,0.4414451827242525,0.14139496922792216,0.178851860552561,130315.76063368034,-429.7968461274354,129885.96378755292,1997,1,261.5581395348837,39,4,23,36.73782561382032,0.6180555555555556,44.73958333333332,1021.0416666666649,26.18055555555551,0
2718,4,0,0,42,0.0,0.0,1.0,42,1150,800,350,0.6956521739130435,15,8,7,313.9141232631803,0.4414198606271777,0.13289725435350586,0.17959404274905144,130422.14084201369,-211.72960069446435,130210.41124131922,1998,2,264.6666666666667,39,3,23,36.619161737711615,0.6191239316239316,44.63541666666666,1021.4583333333317,26.191239316239272,0
2719,4,0,0,42,0.0,0.0,1.0,42,1150,800,350,0.6956521739130435,15,8,7,315.1853176602356,0.4401374370886566,0.12973533109095237,0.18094108552162486,130555.17713758671,-170.1850043402884,130384.99213324641,1999,3,265.6666666666667,39,3,17,36.45238762613393,0.6204594017094017,44.50520833333333,1021.9791666666658,26.204594017093996,0
2720,4,0,0,42,0.0,0.0,1.0,42,900,600,300,0.6666666666666666,12,6,6,316.3128161356981,0.4402342237708092,0.1326807849986653,0.18208858008046214,130661.65500217027,-134.0087890624901,130527.64621310779,2000,4,266.6666666666667,39,3,18,36.316119035489876,0.6215277777777778,44.40104166666667,1022.3958333333344,26.215277777777803,0
2721,4,0,2,40,0.0,0.047619047619047616,0.9523809523809523,42,1400,700,700,0.5,21,7,14,320.51468178744904,0.4403673054587689,0.13747454175152773,0.18514436324427955,130794.81336805572,-15.668402777758615,130779.14496527797,2001,5,267.6666666666667,39,3,18,36.07433808553971,0.6228632478632479,44.27083333333334,1022.916666666668,26.228632478632512,0
2722,4,1,1,40,0.024390243902439025,0.024390243902439025,0.975609756097561,41,900,600,300,0.6666666666666666,12,6,6,326.3357992328935,0.439989837398374,0.1424805873828816,0.18884096370111297,130863.1260158704,341.0645637007834,131204.19057957118,2002,0,268.780487804878,38,3,19,35.856522571438525,0.6252741228070176,44.20405982905983,1023.1837606837605,26.92588843904633,0
2723,4,0,0,40,0.0,0.0,1.0,40,1100,800,300,0.7272727272727273,14,8,6,336.1306116447195,0.43748664529914527,0.1445605573419082,0.19430598554183573,130822.85534972278,794.7132771621814,131617.56862688495,2003,1,276.35,37,3,20,35.646659521257604,0.6266891891891893,44.24342105263157,1023.0263157894719,27.649359886201943,0
2724,4,0,1,39,0.0,0.025,0.975,40,1000,500,500,0.5,15,5,10,336.1765206247605,0.4372596153846154,0.14613015532940565,0.19504088378074178,130963.11034404807,805.3445531317203,131768.4548971798,2004,2,277.35,37,3,21,35.50381628280664,0.6280968468468469,44.1063596491228,1023.5745614035079,27.664177335229944,0
2725,4,0,0,39,0.0,0.0,1.0,39,1200,800,400,0.6666666666666666,16,8,8,339.57721404703705,0.43660031488978857,0.14160390398014133,0.19711091160201566,130982.0694850255,1095.7052491680747,132077.77473419358,2005,3,281.38461538461536,36,3,21,35.39764393105974,0.6302083333333333,44.08783783783783,1023.6486486486481,28.43468468468467,0
2726,4,0,0,39,0.0,0.0,1.0,39,1100,700,400,0.6363636363636364,15,7,8,339.118216410775,0.4355319388214125,0.14436681271957297,0.19743540717282873,131097.37059694814,1091.5012985958751,132188.87189554403,2006,4,282.38461538461536,36,3,22,35.29295872736604,0.6313657407407407,43.975225225225216,1024.0990990990979,28.447197197197163,0
2727,4,0,0,39,0.0,0.0,1.0,39,1650,1300,350,0.7878787878787878,20,13,7,339.5335122635347,0.43567251461988304,0.14445299051386296,0.19871990322253516,131299.26960321778,1116.1004332034352,132415.3700364212,2007,5,283.38461538461536,36,3,22,35.0785627952972,0.6333912037037037,43.778153153153134,1024.887387387385,28.469094094094025,0
2728,4,0,0,39,0.0,0.0,1.0,39,900,800,100,0.8888888888888888,10,8,2,343.8947676007135,0.43519455690508324,0.14465313315888007,0.20190631447477436,131419.65880102015,1238.9129451086185,132658.57174612876,2008,6,284.38461538461536,34,5,22,34.84534037694958,0.6387867647058824,43.66071428571427,1025.3571428571408,30.157563025210024,0
2729,4,0,0,39,0.0,0.0,1.0,39,1200,800,400,0.6666666666666666,16,8,8,342.98508478148415,0.43519455690508324,0.1473642785007192,0.20167158833767282,131476.45968632106,1218.8929344564374,132695.3526207775,2009,7,285.38461538461536,35,4,22,34.81136910807659,0.637202380952381,43.60532407407407,1025.578703703703,29.302248677248656,0
2730,4,0,0,39,0.0,0.0,1.0,39,1250,900,350,0.72,16,9,7,343.41172232055834,0.4349134053081421,0.152894818317431,0.20235968889652542,131559.0823086599,1235.7862085057927,132794.8685171657,2010,8,286.38461538461536,36,3,20,34.717114892060025,0.6359953703703703,43.52477477477477,1025.9009009009,28.497247247247223,0
2731,4,0,0,39,0.0,0.0,1.0,39,1450,800,650,0.5517241379310345,21,8,13,319.75951117852054,0.4344354475933423,0.08352896609124438,0.17744643609565636,129229.2595438018,464.456972337636,129693.71651613944,2011,9,287.38461538461536,37,2,21,37.677823609763124,0.6106418918918919,45.805921052631575,1016.7763157894725,27.48044096728304,7
2732,4,2,1,40,0.04878048780487805,0.024390243902439025,0.975609756097561,41,850,400,450,0.47058823529411764,13,4,9,308.8716142346836,0.4371697154471545,0.1025078416803391,0.17384247010608014,129784.51063368047,-182.64973958333718,129601.86089409713,2012,0,274.3170731707317,39,2,15,37.392234035302934,0.6127136752136753,45.260416666666664,1018.9583333333327,26.127136752136735,0
2733,4,0,0,40,0.0,0.0,1.0,40,1300,1000,300,0.7692307692307693,16,10,6,310.95873650908726,0.43640491452991453,0.10235077677841442,0.17525462430903843,129837.58680555543,74.82638888888084,129912.4131944443,2013,1,277.35,39,1,15,37.285363859362235,0.6132478632478633,45.20833333333333,1019.1666666666656,26.132478632478605,0
2734,4,0,0,40,0.0,0.0,1.0,40,950,500,450,0.5263157894736842,14,5,9,310.682922584872,0.43593750000000003,0.10301389456477317,0.17557531444923352,129943.77170138874,74.2621527777589,130018.0338541665,2014,2,278.35,39,1,15,37.18498842119601,0.6143162393162394,45.10416666666666,1019.5833333333321,26.143162393162363,0
2735,4,1,0,41,0.024390243902439025,0.0,1.0,41,1050,600,450,0.5714285714285714,15,6,9,303.58834509282224,0.4383384146341463,0.10820196015580241,0.17285948628754566,130236.65229030333,-292.33405215150395,129944.31823815183,2015,0,272.5365853658537,40,1,16,37.070016925527675,0.615625,44.8170731707317,1020.7317073170727,25.51829268292682,0
2736,4,0,0,41,0.0,0.0,1.0,41,600,300,300,0.5,9,3,6,305.0395668471471,0.43821138211382116,0.11149825783972123,0.1738016136687232,130262.58680555539,-252.9488069271129,130009.63799862827,2016,1,273.5365853658537,39,2,16,37.00680272108843,0.6175213675213675,44.79166666666666,1020.833333333332,26.17521367521364,0
2737,4,1,1,41,0.023809523809523808,0.023809523809523808,0.9761904761904762,42,1250,1000,250,0.8,15,10,5,300.50053328368904,0.4399075687185443,0.10758666723474386,0.17282646451118486,130625.94112507411,-549.3670062463076,130076.5741188278,2017,0,268.0,40,2,12,36.7562630480167,0.61953125,44.435975609756085,1022.2560975609737,25.556402439024342,0
2738,4,0,1,40,0.0,0.024390243902439025,0.975609756097561,41,1100,700,400,0.6363636363636364,15,7,8,305.9326341449138,0.437525406504065,0.10790594039708767,0.1752679483465718,130475.34722222199,-216.6666666666904,130258.6805555553,2018,3,275.5365853658537,39,2,19,36.769303969548666,0.6196581196581197,44.58333333333332,1021.6666666666647,26.196581196581146,0
2739,4,0,0,40,0.0,0.0,1.0,40,1350,900,450,0.6666666666666666,18,9,9,308.01452302170014,0.43696581196581197,0.11189492943021473,0.17673418792456866,130535.3879597668,41.35905197602068,130576.74701174282,2019,4,281.45,38,2,13,36.655558459661954,0.621984649122807,44.52457264957264,1021.901709401708,26.89215024741337,0
2740,4,0,1,39,0.0,0.025,0.975,40,1300,900,400,0.6923076923076923,17,9,8,309.5929294151016,0.4366853632478633,0.11513171649592269,0.17776506379260873,130562.68376981514,84.25674811891986,130646.94051793405,2020,5,282.45,38,2,13,36.58769774897204,0.6222587719298245,44.49786324786324,1022.0085470085467,26.894961763382806,0
2741,4,0,0,39,0.0,0.0,1.0,39,1250,1000,250,0.8,15,10,5,314.453157275002,0.4363753936122357,0.11546988375994993,0.1807233250380745,130598.60365689441,413.428651123414,131012.03230801782,2021,6,285.61538461538464,37,2,13,36.427268826432076,0.6244369369369369,44.46271929824561,1022.1491228070174,27.62565196775723,0
2742,4,1,1,39,0.025,0.025,0.975,40,1200,800,400,0.6666666666666666,16,8,8,309.69817412012185,0.43744658119658114,0.12620576260569982,0.17946756260717794,130917.78897518101,109.00004109140909,131026.78901627242,2022,0,279.45,38,2,14,36.22703309322477,0.6258223684210527,44.150641025641036,1023.3974358974376,26.9315114709852,0
2743,4,0,0,39,0.0,0.0,1.0,39,1250,800,450,0.64,17,8,9,357.78438594372653,0.43643162393162394,0.15553677092138662,0.1915198771816421,127793.20987654342,1477.2852518445754,129270.495128388,2023,1,286.4871794871795,35,4,16,38.178228021978036,0.6,47.222222222222236,1011.1111111111128,28.888888888888935,8
2744,4,1,0,40,0.025,0.0,1.0,40,1100,700,400,0.6363636363636364,15,7,8,351.8802513465621,0.437633547008547,0.16924065821049017,0.19043315272317687,128232.43694540918,1024.9746817129892,129257.41162712217,2024,0,280.3,35,5,18,37.878171066163844,0.6044642857142857,46.78819444444446,1012.8472222222241,28.938492063492117,0
2745,4,4,0,44,0.09090909090909091,0.0,1.0,44,850,400,450,0.47058823529411764,13,4,9,324.17360924482637,0.4445582276250881,0.18163189269746627,0.17976900149031322,129201.38888888921,-423.26388888885305,128778.12500000036,2025,0,255.72727272727272,39,5,18,37.59392076502734,0.6068376068376069,45.83333333333335,1016.6666666666692,26.068376068376136,0
2746,4,3,2,45,0.06382978723404255,0.0425531914893617,0.9574468085106383,47,1350,1000,350,0.7407407407407407,17,10,7,338.72657282780864,0.44808048103607767,0.18776830356850582,0.1864621885092212,128910.32036675357,-584.4645182291548,128325.85584852441,2026,0,240.3404255319149,39,8,14,37.52019437891065,0.6038995726495726,46.11979166666667,1015.5208333333342,26.03899572649575,8
2747,4,1,2,44,0.021739130434782608,0.043478260869565216,0.9565217391304348,46,1000,800,200,0.8,12,8,4,343.5488218592846,0.44627616747181964,0.20664178797316368,0.1893402115603606,128957.11343277463,-339.3871219592221,128617.7263108154,2027,0,246.5,38,8,15,37.35011044493532,0.6060855263157895,46.073717948717956,1015.7051282051293,26.729082321187615,0
2748,4,1,1,44,0.022222222222222223,0.022222222222222223,0.9777777777777777,45,1300,1100,200,0.8461538461538461,15,11,4,350.16089484854,0.446043771043771,0.21781375547160797,0.1932245795575771,129006.37846500837,34.59778489534415,129040.97624990372,2028,0,252.8,37,8,16,37.13201565029683,0.6083896396396397,46.02521929824561,1015.8991228070169,27.456733048838295,0
2749,4,0,1,43,0.0,0.022727272727272728,0.9772727272727273,44,950,600,350,0.631578947368421,13,6,7,356.7916112588651,0.4457804792107118,0.2167754674403608,0.19728477328431382,129086.92476260054,411.4263757000343,129498.35113830057,2029,1,258.0,36,8,17,36.88151041666667,0.6111111111111112,45.94594594594595,1016.2162162162169,28.228228228228247,0
2750,4,1,0,44,0.022727272727272728,0.0,1.0,44,950,500,450,0.5263157894736842,14,5,9,349.6869110599116,0.4470357646229739,0.22210458016035095,0.195189661225968,129459.11864144556,254.03186125315023,129713.15050269871,2030,0,257.02272727272725,36,8,12,36.683218988602405,0.6148726851851851,45.57995495495496,1017.6801801801806,28.268893893893907,0
2751,4,1,0,45,0.022222222222222223,0.0,1.0,45,800,600,200,0.75,10,6,4,342.46260261541266,0.4490530303030303,0.22740286298568546,0.19248760078038676,129731.44531249971,-114.36631944447274,129617.07899305524,2031,0,252.2888888888889,37,8,13,36.590405589638735,0.6157094594594594,45.312499999999986,1018.7499999999977,27.533783783783722,0
2752,4,0,3,42,0.0,0.06666666666666667,0.9333333333333333,45,700,400,300,0.5714285714285714,10,4,6,339.5284140837433,0.4484848484848485,0.22214656074059302,0.1860884052162598,128736.86814230915,-258.0350651067814,128478.83307720236,2032,1,253.2888888888889,40,5,12,37.6764970959343,0.6005208333333334,46.29065040650405,1014.8373983739812,25.37093495934953,7
2753,4,1,0,43,0.023255813953488372,0.0,1.0,43,1500,1000,500,0.6666666666666666,20,10,10,346.6967771266714,0.44342930970837946,0.25208891151434476,0.19042270382992066,128821.50472094363,332.40010227187383,129153.9048232155,2033,0,265.8139534883721,38,5,13,37.408352627517,0.6047149122807017,46.20726495726495,1015.1709401709386,26.71502474134049,0
2754,4,1,1,43,0.022727272727272728,0.022727272727272728,0.9772727272727273,44,750,600,150,0.8,9,6,3,339.1944253902836,0.44438204721634955,0.25004659615115843,0.1874697801519669,129069.04432508671,-44.099934895838715,129024.94439019087,2034,0,260.75,39,5,15,37.34676661541093,0.6055021367521367,45.963541666666664,1016.1458333333326,26.05502136752135,0
2755,4,1,2,42,0.022727272727272728,0.045454545454545456,0.9545454545454546,44,1150,700,450,0.6086956521739131,16,7,9,336.32827759352665,0.44326990838618746,0.249282860362668,0.18663446944800502,129227.86593966995,-107.40288628474141,129120.4630533852,2035,0,261.54545454545456,39,5,16,37.258072089608305,0.6071047008547008,45.80729166666666,1016.7708333333318,26.07104700854697,0
2756,4,0,1,41,0.0,0.023809523809523808,0.9761904761904762,42,800,600,200,0.75,10,6,4,343.32168771835546,0.4427506775067751,0.24453551912568372,0.19038748137108785,129201.38888888879,471.5277777777681,129672.91666666656,2036,1,264.1666666666667,38,4,17,37.10724043715848,0.6085526315789473,45.83333333333333,1016.6666666666658,26.75438596491226,0
2757,4,0,2,39,0.0,0.04878048780487805,0.9512195121951219,41,700,400,300,0.5714285714285714,10,4,6,371.48794946024515,0.44090447154471546,0.23582128757619536,0.19979343380681316,127982.32299884938,1308.7781476002585,129291.10114644964,2037,2,271.0243902439024,38,3,18,37.63792102206737,0.596217105263158,47.03525641025641,1011.8589743589739,26.627867746288786,8
2758,4,2,1,40,0.04878048780487805,0.024390243902439025,0.975609756097561,41,1200,800,400,0.6666666666666666,16,8,8,370.23922039881165,0.44082825203252035,0.283034098666175,0.2017938220624033,128515.36502718943,1316.4911683232956,129831.85619551272,2038,0,271.6585365853659,36,5,15,37.12377832074633,0.6053240740740741,46.50900900900901,1013.9639639639646,28.165665665665685,0
2759,4,0,0,40,0.0,0.0,1.0,40,1400,1200,200,0.8571428571428571,16,12,4,378.06359980250807,0.4393429487179487,0.29270750085626185,0.20580851899752425,128466.99948827577,1713.7392564728905,130180.73874474867,2039,1,279.35,35,5,17,36.97494481866269,0.606845238095238,46.556712962962955,1013.7731481481472,28.964947089947064,0
2760,4,1,0,41,0.024390243902439025,0.0,1.0,41,1250,1000,250,0.8,15,10,5,372.23632640367373,0.44146341463414634,0.29170894038391304,0.20449180271353556,128829.56594685899,1391.0088720477193,130220.57481890671,2040,0,273.5121951219512,36,5,19,36.75194120909595,0.6085069444444444,46.19932432432432,1015.2027027027025,28.20007507507507,0
2761,4,1,2,40,0.023809523809523808,0.047619047619047616,0.9523809523809523,42,850,700,150,0.8235294117647058,10,7,3,362.6147304207524,0.4446622144792876,0.2869090012178399,0.20037869450263004,129062.08070031132,959.9623201369307,130022.04302044824,2041,0,267.9761904761905,37,5,20,36.7589070537031,0.6089527027027026,45.97039473684209,1016.118421052629,27.46266002844943,0
2762,4,2,0,42,0.047619047619047616,0.0,1.0,42,1150,800,350,0.6956521739130435,15,8,7,356.08895530465105,0.447795683313976,0.27906406667615613,0.1981855534976532,129344.54038075231,811.7075950217877,130156.2479757741,2042,0,266.9047619047619,36,6,23,36.63696077346028,0.6137152777777778,45.692567567567565,1017.2297297297291,28.256381381381363,0
2763,4,0,3,39,0.0,0.07142857142857142,0.9285714285714286,42,1350,1100,250,0.8148148148148148,16,11,5,349.7932521542107,0.44709397986837013,0.15598337719362743,0.1885158641809464,128065.44189453122,574.3797567890931,128639.82165132031,2043,1,267.9047619047619,39,3,15,38.10171606462901,0.5953525641025641,46.953125,1012.1874999999998,25.953525641025635,8
2764,4,1,1,39,0.025,0.025,0.975,40,900,700,200,0.7777777777777778,11,7,4,361.60221350600983,0.4429754273504274,0.20020307592331887,0.19512993789018024,128116.77781865545,1265.462089296676,129382.23990795213,2044,0,282.175,37,3,16,37.75034748546877,0.5993806306306306,46.90241228070174,1012.3903508771907,27.361901375059208,0
2765,4,0,1,38,0.0,0.02564102564102564,0.9743589743589743,39,950,600,350,0.631578947368421,13,6,7,370.7795527716808,0.4409581646423752,0.20636659875475827,0.19951048270696514,128002.0455421635,1692.108239996719,129694.15378216021,2045,1,290.3076923076923,36,3,16,37.635627643000205,0.6001157407407407,47.01576576576575,1011.9369369369347,28.109359359359296,0
2766,4,1,0,39,0.02564102564102564,0.0,1.0,39,1150,700,450,0.6086956521739131,16,7,9,360.60754101066624,0.4432073774179037,0.18531375323332488,0.19544258863568748,128291.05748724668,1452.7030748332709,129743.76056207996,2046,0,283.20512820512823,35,4,17,37.597228569252465,0.6050595238095238,46.730324074074055,1013.0787037037004,28.945105820105727,0
2767,4,1,2,38,0.025,0.05,0.95,40,900,500,400,0.5555555555555556,13,5,8,355.83205413375265,0.4458066239316239,0.1918276168276174,0.1946381891737084,128658.13607103721,1156.1377678354004,129814.27383887261,2047,0,277.1,36,4,16,37.34321234321235,0.6067708333333333,46.36824324324324,1014.5270270270266,28.181306306306297,0
2768,4,2,0,40,0.05,0.0,1.0,40,1150,900,250,0.782608695652174,14,9,5,359.1452148093656,0.44515224358974353,0.22267841312056724,0.19858617760047273,129086.92476260042,1272.1902645889077,130359.11502718933,2048,0,276.125,36,4,18,36.821716164302586,0.6111111111111112,45.945945945945944,1016.216216216216,28.22822822822822,0
2769,4,0,0,40,0.0,0.0,1.0,40,1700,1100,600,0.6470588235294118,23,11,12,358.8511450919312,0.44495192307692305,0.21877559377559375,0.20007180281152898,129413.28125000023,1288.1222861375174,130701.40353613775,2049,1,277.125,34,6,18,36.496723996723986,0.6185661764705883,45.625000000000014,1017.5000000000018,29.926470588235347,0
2770,4,0,0,40,0.0,0.0,1.0,40,1400,800,600,0.5714285714285714,20,8,12,356.9451478484239,0.4442975427350427,0.22187322342239924,0.19957613320577822,129525.18332315255,1246.6771422753936,130771.86046542795,2050,2,278.125,35,5,17,36.431329353799505,0.6175595238095238,45.515046296296305,1017.9398148148158,29.083994708994737,0
2771,4,0,1,39,0.0,0.025,0.975,40,1400,700,700,0.5,21,7,14,359.7809917355369,0.4441239316239316,0.23354545454545406,0.20191790352504663,129672.49657064503,1330.7398834019557,131003.23645404699,2051,3,279.125,35,5,17,36.2092803030303,0.6190476190476191,45.37037037037039,1018.518518518521,29.100529100529172,0
2772,4,0,0,39,0.0,0.0,1.0,39,1100,800,300,0.7272727272727273,14,8,6,359.0061451436275,0.44312303193882147,0.2200020973094916,0.20186007427684322,129745.78622118775,1515.906911979589,131261.69313316734,2052,4,281.38461538461536,36,3,17,36.154480306547285,0.6177662037037037,45.29842342342344,1018.8063063063091,28.300175175175255,0
2773,4,0,1,38,0.0,0.02564102564102564,0.9743589743589743,39,1000,800,200,0.8,12,8,4,360.79604090394156,0.4428418803418803,0.2225489196324364,0.20361133181187577,129889.23890106363,1572.7046303060283,131461.94353136964,2053,5,282.38461538461536,36,3,18,35.96304684047724,0.619212962962963,45.15765765765768,1019.3693693693726,28.315815815815906,0
2774,4,1,0,39,0.02564102564102564,0.0,1.0,39,1050,600,450,0.5714285714285714,15,6,9,353.35276967930014,0.44545659019343226,0.22208267922553615,0.20132890365448514,130262.58680555565,1405.729166666677,131668.31597222234,2054,0,281.38461538461536,36,3,19,35.77380952380951,0.622974537037037,44.79166666666667,1020.8333333333342,28.356481481481506,0
2775,4,0,0,39,0.0,0.0,1.0,39,850,400,450,0.47058823529411764,13,4,9,350.0999732528044,0.44497863247863245,0.21657009216290057,0.19977070217011833,130320.07250071036,1325.0107793604566,131645.08328007083,2055,1,282.38461538461536,36,3,19,35.798546009337876,0.6235532407407407,44.73536036036037,1021.0585585585601,28.36273773773778,0
2776,4,0,1,38,0.0,0.02564102564102564,0.9743589743589743,39,800,700,100,0.875,9,7,2,346.9873542665219,0.44495051731893837,0.21416334492409472,0.1984347606051296,130406.3248214432,1249.8691258826548,131656.19394732584,2056,2,283.38461538461536,36,3,20,35.79061006982727,0.6244212962962963,44.65090090090091,1021.3963963963974,28.37212212212215,0
2777,4,0,0,38,0.0,0.0,1.0,38,850,600,250,0.7058823529411765,11,6,5,356.8771889736144,0.4438270507349455,0.23004246791048333,0.2039562380507236,130380.76560356648,1705.984224965703,132086.7498285322,2057,3,291.2368421052632,35,3,20,35.56399214264128,0.6261904761904762,44.675925925925924,1021.296296296296,29.17989417989417,0
2778,4,0,1,37,0.0,0.02631578947368421,0.9736842105263158,38,1400,1200,200,0.8571428571428571,16,12,4,357.1375827032137,0.44264165481270745,0.2286899313501145,0.20535411005434784,130617.28395061726,1729.66820987654,132346.9521604938,2058,4,292.2368421052632,35,3,19,35.31759510869566,0.6285714285714286,44.44444444444444,1022.2222222222221,29.206349206349202,0
2779,4,1,0,38,0.02631578947368421,0.0,1.0,38,1000,700,300,0.7,13,7,6,356.16191553337273,0.4417674253200569,0.23326942199939316,0.20589373259643426,130824.41332572438,1718.9347297239317,132543.34805544832,2059,0,292.6842105263158,35,3,21,35.132768601274655,0.6306547619047619,44.241898148148145,1023.0324074074068,29.229497354497337,0
2780,4,0,0,38,0.0,0.0,1.0,38,1200,1000,200,0.8333333333333334,14,10,4,354.816845995077,0.44144144144144143,0.23348606111094572,0.2060640185703515,131002.08340031284,1696.3492101765999,132698.43261048943,2060,1,293.6842105263158,35,3,22,34.98739871867344,0.6324404761904762,44.06828703703703,1023.7268518518512,29.249338624338606,0
2781,4,1,0,39,0.02564102564102564,0.0,1.0,39,1100,800,300,0.7272727272727273,14,8,6,350.4165461054597,0.44185784975258663,0.24839074573927378,0.20636158459353388,131535.81700370784,1418.8705632715883,132954.68756697944,2061,0,287.12820512820514,35,4,23,34.56093215239385,0.6377976190476191,43.547453703703695,1025.8101851851839,29.308862433862394,0
2782,4,1,0,40,0.025,0.0,1.0,40,700,300,400,0.42857142857142855,11,3,8,346.5336741555445,0.44337606837606836,0.24772178966991998,0.20559795540822454,131819.15181651246,1135.9550006087195,132955.10681712118,2062,0,280.925,36,4,17,34.37488576963848,0.638599537037037,43.2713963963964,1026.9144144144145,28.525400400400404,0
2783,4,0,0,40,0.0,0.0,1.0,40,700,600,100,0.8571428571428571,8,6,2,345.32309499319814,0.44277510683760685,0.24386099539574646,0.20534793171629429,131905.89871966562,1110.030638746858,133015.92935841248,2063,1,281.925,36,4,17,34.31858875977491,0.6394675925925926,43.18693693693694,1027.2522522522524,28.53478478478479,0
2784,4,0,0,40,0.0,0.0,1.0,40,800,400,400,0.5,12,4,8,354.7637629520694,0.442321047008547,0.23435689126235615,0.19925181095987007,129701.9692670825,1203.6279815343016,130905.5972486168,2064,2,282.925,35,5,19,36.30707211301746,0.6193452380952381,45.34143518518518,1018.6342592592595,29.103835978835985,8
2785,4,0,0,40,0.0,0.0,1.0,40,1000,800,200,0.8,12,8,4,355.3696524518809,0.44196047008547007,0.2318744473916894,0.19996172981247606,129774.47041636222,1223.5816897978984,130998.05210616012,2065,3,283.925,36,4,19,36.21794871794872,0.6180555555555556,45.27027027027027,1018.9189189189182,28.30330330330328,0
2786,4,0,1,39,0.0,0.025,0.975,40,950,600,350,0.631578947368421,13,6,7,357.0997222307008,0.4418269230769231,0.23333701657458517,0.20122991819351452,129831.84831791252,1272.5833942050117,131104.43171211754,2066,4,284.925,36,4,19,36.115561694290975,0.6186342592592593,45.21396396396396,1019.1441441441443,28.309559559559563,0
2787,4,0,0,39,0.0,0.0,1.0,39,1150,900,250,0.782608695652174,14,9,5,364.77642719081217,0.4413517768780926,0.24405432879816646,0.20518382674509375,129760.92470689717,1666.7453007115796,131427.67000760874,2067,5,293.05128205128204,35,4,19,35.992109697451646,0.6199404761904762,45.28356481481481,1018.8657407407399,29.11044973544971,0
2788,4,0,0,39,0.0,0.0,1.0,39,950,600,350,0.631578947368421,13,6,7,365.71948345768516,0.441183085919928,0.2394714630809982,0.20680286580630294,129967.37423911154,1706.3201946158829,131673.69443372742,2068,6,294.05128205128204,35,4,19,35.75813469542187,0.6220238095238095,45.081018518518505,1019.6759259259238,29.133597883597822,0
2789,4,0,1,38,0.0,0.02564102564102564,0.9743589743589743,39,1200,900,300,0.75,15,9,6,365.2846367473743,0.44140800719748086,0.23745439946937585,0.20718267620922476,130085.41907793198,1703.6410108024556,131789.06008873443,2069,7,295.05128205128204,35,4,20,35.649251191286595,0.6232142857142857,44.96527777777777,1020.1388888888879,29.146825396825367,0
2790,4,0,0,38,0.0,0.0,1.0,38,750,500,250,0.6666666666666666,10,5,5,376.884958776539,0.4404338549075391,0.24441004471964267,0.21356814330670532,130049.99999999999,2202.7777777777765,132252.77777777775,2070,8,302.6842105263158,34,4,20,35.389433551198266,0.625,45.0,1019.9999999999999,29.999999999999996,0
2791,4,0,0,38,0.0,0.0,1.0,38,1150,900,250,0.782608695652174,14,9,5,374.94860781229846,0.44047830725462306,0.2337349323606528,0.21296782753871507,130141.08737244898,2159.2439058956884,132300.33127834467,2071,9,303.6842105263158,34,4,20,35.34617703107377,0.6259191176470589,44.910714285714285,1020.3571428571428,30.01050420168067,0
2792,4,0,0,38,0.0,0.0,1.0,38,1150,800,350,0.6956521739130435,15,8,7,370.67888379841713,0.4395299905168326,0.23147153598281411,0.2112007593735169,130262.58680555563,2057.118055555564,132319.7048611112,2072,10,304.6842105263158,34,4,21,35.331632653061234,0.6271446078431373,44.79166666666667,1020.833333333334,30.02450980392159,0
2793,4,1,0,39,0.02564102564102564,0.0,1.0,39,1100,500,600,0.45454545454545453,17,5,12,362.1727422436899,0.4404520917678812,0.23324799869966317,0.20856805769105327,130676.44702717764,1665.4894332990427,132341.9364604767,2073,0,297.84615384615387,35,4,21,35.128952531884394,0.6291666666666667,44.386574074074076,1022.4537037037037,29.212962962962962,0
2794,4,0,0,39,0.0,0.0,1.0,39,1050,800,250,0.7619047619047619,13,8,5,368.5421016417484,0.44005847953216376,0.1396657435346318,0.209230277960736,130122.70752779684,1791.1392207217443,131913.84674851858,2074,1,298.84615384615387,37,2,18,35.52827780763031,0.6196509009009009,44.92872807017543,1020.2850877192968,27.575272641062078,8
2795,4,0,1,38,0.0,0.02564102564102564,0.9743589743589743,39,850,500,350,0.5882352941176471,12,5,7,370.1184262988493,0.4394961763382816,0.1434442938525453,0.21057838092846493,130206.62607725442,1838.374307479214,132045.00038473363,2075,2,299.84615384615387,37,2,18,35.40278971494056,0.6204954954954955,44.84649122807017,1020.6140350877183,27.584163110478872,0
2796,4,0,0,38,0.0,0.0,1.0,38,850,500,350,0.5882352941176471,12,5,7,376.3390003517296,0.4377074442863917,0.14907247151203995,0.21395131876959714,130176.3820408248,2198.0898973297863,132374.47193815457,2076,14,308.6842105263158,36,2,18,35.274819760170686,0.6221064814814814,44.87612612612614,1020.495495495497,28.34709709709714,0
2797,4,0,0,38,0.0,0.0,1.0,38,750,500,250,0.6666666666666666,10,5,5,361.96047274611976,0.4376778093883357,0.1441348853052069,0.1914929018152731,127319.21744379513,1621.9774673321958,128941.19491112733,2077,15,309.6842105263158,36,2,14,38.558868928066666,0.5931712962962963,47.69144144144144,1009.2342342342341,28.034284284284283,8
2798,4,0,0,38,0.0,0.0,1.0,38,900,500,400,0.5555555555555556,13,5,8,363.0347816720487,0.43680357989568513,0.14605307178954385,0.19273729350226537,127461.32270361584,1654.5786918675471,129115.90139548338,2078,16,310.6842105263158,36,2,14,38.385887141741925,0.5946180555555556,47.55067567567568,1009.7972972972977,28.049924924924937,0
2799,4,0,0,38,0.0,0.0,1.0,38,800,400,400,0.5,12,4,8,362.4990115510592,0.436892484589853,0.14564108131581732,0.19267042096923298,127506.96277941292,1644.2295946829768,129151.1923740959,2079,17,311.6842105263158,37,1,14,38.35258115296925,0.5931869369369369,47.50548245614035,1009.9780701754388,27.296704599336184,0
2800,4,0,0,38,0.0,0.0,1.0,38,1350,900,450,0.6666666666666666,18,9,9,362.9630149644873,0.43699620673304884,0.15226828738875597,0.1933145213805079,127590.03371229614,1662.0926631271188,129252.12637542325,2080,18,312.6842105263158,37,1,14,38.255643585847615,0.5940315315315315,47.42324561403509,1010.3070175438601,27.305595068752975,0
2801,4,0,0,38,0.0,0.0,1.0,38,800,300,500,0.375,13,3,10,361.17265661529143,0.43665540540540543,0.14725024406117848,0.19302323022239834,127728.54538175203,1626.4116122268376,129354.95699397886,2081,19,313.6842105263158,37,1,15,38.15885218931916,0.5954391891891893,47.286184210526315,1010.8552631578943,27.320412517780927,0
2802,4,0,0,38,0.0,0.0,1.0,38,1500,1100,400,0.7333333333333333,19,11,8,363.20570749108214,0.43672949265054534,0.16773139745916543,0.18944182584966493,126742.1392746912,1657.3883577425318,128399.52763243373,2082,20,314.6842105263158,35,3,19,39.12068965517241,0.5892857142857143,48.26388888888888,1006.9444444444432,28.769841269841233,8
2803,4,2,0,40,0.05,0.0,1.0,40,900,500,400,0.5555555555555556,13,5,8,349.3342699968402,0.4424412393162393,0.17773873270861262,0.18507283665790042,127376.05003652298,899.8461440043675,128275.89618052734,2083,0,299.9,36,4,17,38.81916555109328,0.59375,47.63513513513514,1009.4594594594593,28.040540540540533,0
2804,4,2,0,42,0.047619047619047616,0.0,1.0,42,1100,800,300,0.7272727272727273,14,8,6,337.9139769043741,0.44861837011227257,0.18902061933420855,0.18173669933340844,127982.32299884927,249.40314760024415,128231.72614644951,2084,0,286.57142857142856,38,4,19,38.48722415795586,0.596217105263158,47.0352564102564,1011.858974358973,26.627867746288764,0
2805,4,1,0,43,0.023255813953488372,0.0,1.0,43,950,600,350,0.631578947368421,13,6,7,329.01881430007313,0.450281469176818,0.19087277355561594,0.17839253379117154,128306.84222961856,-156.82425213676424,128150.0179774818,2085,0,280.8837209302326,38,5,20,38.38118211536434,0.5995065789473684,46.714743589743584,1013.1410256410247,26.661605937921703,0
2806,4,1,0,44,0.022727272727272728,0.0,1.0,44,850,500,350,0.5882352941176471,12,5,7,327.91782981130416,0.45259645877378435,0.19816529604495514,0.17931452804785486,128645.99745008696,-362.93674045137084,128283.06070963558,2086,0,275.47727272727275,39,5,13,38.0635631652805,0.6012286324786325,46.38020833333334,1014.4791666666679,26.012286324786356,0
2807,4,0,1,43,0.0,0.022727272727272728,0.9772727272727273,44,1500,1200,300,0.8,18,12,6,329.05433279138026,0.45206791754756875,0.19655918793849825,0.18053521501797365,128778.12500000016,-324.9999999999868,128453.12500000017,2087,1,276.47727272727275,39,5,14,37.90024630541871,0.6025641025641026,46.25000000000001,1015.0000000000013,26.025641025641058,0
2808,4,0,1,42,0.0,0.023255813953488372,0.9767441860465116,43,1100,500,600,0.45454545454545453,17,5,12,334.9649565483547,0.4486895533407161,0.19469949609954607,0.18347734471143448,128713.0691157134,22.873520710068078,128735.94263642347,2088,2,283.83720930232556,38,5,14,37.81651400294801,0.6036184210526316,46.31410256410257,1014.7435897435902,26.7037786774629,0
2809,4,0,0,42,0.0,0.0,1.0,42,1400,1100,300,0.7857142857142857,17,11,6,342.2849215717704,0.4476263066202091,0.187388485250487,0.1883482268969798,128895.01006319275,423.76368209451493,129318.77374528727,2089,3,270.6190476190476,37,5,14,37.445447755821895,0.6072635135135135,46.134868421052644,1015.4605263157914,27.444879089615984,0
2810,4,1,2,41,0.023255813953488372,0.046511627906976744,0.9534883720930233,43,1150,900,250,0.782608695652174,14,9,5,339.42743026701794,0.44834348468069396,0.20182061475049506,0.18926855069456,129418.7166703195,185.652485572385,129604.36915589188,2090,0,265.30232558139534,38,5,15,36.985291544169115,0.6107456140350878,45.61965811965813,1017.5213675213697,26.776878092667623,0
2811,4,3,1,43,0.06818181818181818,0.022727272727272728,0.9772727272727273,44,1500,1200,300,0.8,18,12,6,329.7216060164909,0.44994274136715995,0.2144091094847118,0.1863345888966176,129943.7717013891,-230.94618055553173,129712.82552083356,2091,0,259.3863636363636,39,5,17,36.699700313308824,0.6143162393162394,45.10416666666668,1019.5833333333351,26.143162393162438,0
2812,4,0,0,43,0.0,0.0,1.0,43,1250,700,550,0.56,18,7,11,337.3422728531307,0.44758213362864524,0.2180781044317679,0.19020362192782903,129853.92011834323,161.04331032215677,130014.96342866539,2092,1,266.4186046511628,38,5,17,36.59656708595388,0.6151315789473684,45.19230769230769,1019.2307692307695,26.821862348178144,0
2813,4,0,0,43,0.0,0.0,1.0,43,1250,700,550,0.56,18,7,11,339.5971460178636,0.4469592100406054,0.22267283442113994,0.19174177321316294,129908.37191358025,223.3024691358085,130131.67438271607,2093,2,267.4186046511628,38,5,17,36.483878292461426,0.6156798245614035,45.13888888888889,1019.4444444444445,26.827485380116958,0
2814,4,0,0,43,0.0,0.0,1.0,43,1050,600,450,0.5714285714285714,15,6,9,343.8187467547843,0.4470514950166113,0.22042340006627814,0.19439609709879524,129962.83512309165,336.7318193440116,130299.56694243566,2094,3,268.4186046511628,38,5,17,36.321030664990204,0.6162280701754386,45.08547008547009,1019.6581196581205,26.833108412055804,0
2815,4,1,0,44,0.022727272727272728,0.0,1.0,44,850,600,250,0.7058823529411765,11,6,5,338.68955329479434,0.4478616102889359,0.22124129533087245,0.19310962835829704,130289.85407991837,25.907777229911744,130315.76185714827,2095,0,263.29545454545456,38,6,18,36.12041300404632,0.6195175438596492,44.764957264957275,1020.9401709401724,26.866846603688746,0
2816,4,1,0,45,0.022222222222222223,0.0,1.0,45,750,400,350,0.5333333333333333,11,4,7,335.0905710604367,0.4484638047138047,0.22760338814150471,0.19250050838671015,130581.79253472242,-248.65451388886538,130333.13802083356,2096,0,258.4222222222222,39,6,15,35.91690447071613,0.6207264957264957,44.47916666666668,1022.083333333335,26.207264957265,0
2817,4,0,1,44,0.0,0.022222222222222223,0.9777777777777777,45,1250,900,350,0.72,16,9,7,332.98836658153016,0.44810606060606056,0.22976699952448865,0.19155614476149715,130635.03146701407,-300.01085069442536,130335.02061631964,2097,1,259.4222222222222,39,6,15,35.91680252700225,0.6212606837606838,44.42708333333334,1022.2916666666681,26.212606837606874,0
2818,4,0,0,44,0.0,0.0,1.0,44,950,500,450,0.5263157894736842,14,5,9,335.24873596913505,0.4464521670190275,0.23723453696781127,0.18194017649277944,128344.14439777643,-169.09098445992979,128175.0534133165,2098,2,266.27272727272725,36,8,21,38.18533748240352,0.603587962962963,46.677927927927946,1013.2882882882906,28.146896896896962,8
2819,4,1,0,45,0.022222222222222223,0.0,1.0,45,900,500,400,0.5555555555555556,13,5,8,328.6196611606535,0.44829545454545455,0.2335879329394246,0.17969202748571922,128644.60699446,-544.9705678670146,128099.63642659299,2099,0,261.3333333333333,37,8,15,38.047178988326856,0.6047297297297297,46.38157894736843,1014.4736842105277,27.418207681365615,0
2820,4,0,2,43,0.0,0.044444444444444446,0.9555555555555556,45,1050,800,250,0.7619047619047619,13,8,5,328.2208429822704,0.448442760942761,0.2325542219414607,0.1797832506716039,128713.06911571373,-550.7375904010134,128162.33152531272,2100,1,262.3333333333333,38,7,15,37.98760265319014,0.6036184210526316,46.31410256410258,1014.7435897435929,26.70377867746297,0
2821,4,1,0,44,0.022727272727272728,0.0,1.0,44,1500,1000,500,0.6666666666666666,20,10,10,331.5928997653126,0.44865442212825934,0.2289237925687706,0.1816302976915192,128713.06911571359,-263.9320348454708,128449.13708086812,2101,0,268.20454545454544,38,6,17,37.902058328069074,0.6036184210526316,46.314102564102576,1014.7435897435917,26.70377867746294,0
2822,4,0,1,43,0.0,0.022727272727272728,0.9772727272727273,44,1650,1400,250,0.8484848484848485,19,14,5,332.1429779144211,0.44865442212825934,0.22608342816633376,0.18247268673923067,128830.99500868066,-241.93793402776785,128589.0570746529,2102,1,269.20454545454544,39,5,19,37.76805869074492,0.6030982905982907,46.19791666666667,1015.2083333333343,26.03098290598293,0
2823,4,2,1,44,0.044444444444444446,0.022222222222222223,0.9777777777777777,45,950,500,450,0.5263157894736842,14,5,9,326.9483340743482,0.4509469696969697,0.2282209764745342,0.1818209080859502,129312.88954293604,-542.6781858360578,128770.21135709998,2103,0,261.0444444444444,37,8,21,37.41016242633319,0.6114864864864865,45.7236842105263,1017.1052631578928,27.489331436699803,0
2824,4,1,2,43,0.022222222222222223,0.044444444444444446,0.9555555555555556,45,1050,600,450,0.5714285714285714,15,6,9,344.5271000730464,0.4519781144781145,0.2305825825825829,0.1881272535817989,128588.99493113242,-16.47862803942354,128572.516303093,2104,0,261.75555555555553,37,8,16,37.700450450450454,0.6041666666666667,46.43640350877192,1014.2543859649103,27.412280701754334,8
2825,4,1,0,44,0.022727272727272728,0.0,1.0,44,1100,800,300,0.7272727272727273,14,8,6,349.6209827665006,0.4503171247357294,0.2605705899559223,0.19179147399114235,128772.40997331786,204.3073056164191,128976.71727893427,2105,0,268.47727272727275,36,8,17,37.38419505159214,0.6079282407407407,46.25563063063063,1014.9774774774771,28.19381881881881,0
2826,4,0,0,44,0.0,0.0,1.0,44,1100,900,200,0.8181818181818182,13,9,4,345.69963360808526,0.4500308315715293,0.2533862703912375,0.1903608802900166,128922.84765504743,113.71623961215738,129036.56389465959,2106,1,269.47727272727275,37,7,18,37.330400201540336,0.607545045045045,46.10745614035086,1015.5701754385942,27.447842579421465,0
2827,4,0,1,43,0.0,0.022727272727272728,0.9772727272727273,44,1700,1300,400,0.7647058823529411,21,13,8,344.1117230565251,0.45022903453136015,0.25172637030643075,0.19028803396705676,129089.93632656186,84.27208371804699,129174.20841027991,2107,2,270.47727272727275,37,7,18,37.20058264997842,0.6092342342342343,45.94298245614034,1016.2280701754372,27.46562351825506,0
2828,4,0,0,43,0.0,0.0,1.0,43,1300,900,400,0.6923076923076923,17,9,8,351.2903083072355,0.4493586194167589,0.254359820553808,0.1936820648490993,128972.51136271405,461.3586559532499,129433.87001866731,2108,3,277.5813953488372,36,7,18,37.1378418329638,0.6099537037037037,46.05855855855856,1015.7657657657657,28.215715715715714,0
2829,4,1,0,44,0.022727272727272728,0.0,1.0,44,1300,900,400,0.6923076923076923,17,9,8,346.1981056093456,0.44940318886539815,0.2633183730150743,0.1928208191168205,129373.1801903255,157.95288531775316,129531.13307564324,2109,0,272.25,36,8,19,36.85936462253708,0.6140046296296297,45.664414414414416,1017.3423423423426,28.259509509509517,0
2830,4,1,0,45,0.022222222222222223,0.0,1.0,45,800,700,100,0.875,9,7,2,340.1206920345766,0.44987373737373737,0.26812088161781467,0.1911712855228828,129731.44531249997,-175.13020833333303,129556.31510416664,2110,0,267.1777777777778,37,8,19,36.65005112474437,0.6157094594594594,45.3125,1018.7499999999998,27.53378378378378,0
2831,4,0,0,45,0.0,0.0,1.0,45,1250,700,550,0.56,18,7,11,342.5927091696018,0.44915824915824915,0.2664945496270794,0.19324889711411547,129871.11418898143,-101.42062942441356,129769.69355955702,2111,1,268.1777777777778,37,8,19,36.44533491107286,0.6171171171171171,45.17543859649124,1019.2982456140368,27.548601232811805,0
2832,4,0,0,45,0.0,0.0,1.0,45,1050,800,250,0.7619047619047619,13,8,5,343.1646062568968,0.44894781144781143,0.26759368765604674,0.19426500321335352,130010.85820877583,-76.97500673283355,129933.883202043,2112,2,269.1777777777778,37,8,19,36.28899670286349,0.6185247747747749,45.03837719298246,1019.8464912280706,27.563418681839746,0
2833,4,0,2,43,0.0,0.044444444444444446,0.9555555555555556,45,1300,700,600,0.5384615384615384,19,7,12,344.1927560281012,0.4486742424242424,0.27119469819093633,0.19540656466390982,130122.70752779703,-42.54133483379661,130080.16619296324,2113,3,270.1777777777778,37,8,19,36.14935966326348,0.6196509009009009,44.92872807017544,1020.2850877192984,27.57527264106212,0
2834,4,1,0,44,0.022727272727272728,0.0,1.0,44,1200,800,400,0.6666666666666666,16,8,8,351.35360266555585,0.4495463354474982,0.2641001855287568,0.20018984337921228,130262.58680555575,353.6458333333576,130616.23263888911,2114,0,269.8636363636364,36,8,20,35.82482993197279,0.622974537037037,44.79166666666668,1020.833333333335,28.356481481481527,0
2835,4,0,1,43,0.0,0.022727272727272728,0.9772727272727273,44,950,600,350,0.631578947368421,13,6,7,353.56106521799506,0.44937015503875966,0.2686523665190017,0.20192056041544368,130353.74858276662,417.60204081634913,130771.35062358297,2115,1,270.8636363636364,34,10,20,35.676051138571545,0.6280637254901961,44.70238095238096,1021.1904761904776,30.03501400560228,0
2836,4,0,0,43,0.0,0.0,1.0,43,950,700,250,0.7368421052631579,12,7,5,353.32894828447957,0.44845884090070137,0.25299291183652195,0.20269923875267518,130528.56445312499,623.9040798611101,131152.4685329861,2116,2,271.8139534883721,35,8,18,35.50479952429495,0.6276785714285714,44.53125,1021.8749999999999,29.19642857142857,0
2837,4,0,0,43,0.0,0.0,1.0,43,1350,1000,350,0.7407407407407407,17,10,7,355.52995714122216,0.4474437061646364,0.25324986442444875,0.20474261025981466,130676.44702717767,691.8783221879326,131368.3253493656,2117,3,272.8139534883721,35,8,18,35.298751037657546,0.6291666666666667,44.386574074074076,1022.4537037037039,29.21296296296297,0
2838,4,0,0,43,0.0,0.0,1.0,43,800,200,600,0.25,14,2,12,354.5992320264698,0.44735142118863047,0.2564106503996326,0.20445178577983336,130722.82745160708,670.8428445337245,131393.6702961408,2118,4,273.8139534883721,36,7,18,35.2755753771611,0.6276041666666667,44.34121621621622,1022.6351351351357,28.406531531531545,0
2839,4,0,1,42,0.0,0.023255813953488372,0.9767441860465116,43,1350,900,450,0.6666666666666666,18,9,9,355.1457738752778,0.44714377999261723,0.2583427609048423,0.20553213384909386,130866.81909950482,695.3595487379189,131562.17864824273,2119,5,274.8139534883721,36,7,18,35.115837552278236,0.6290509259259259,44.20045045045045,1023.1981981981975,28.422172172172154,0
2840,4,0,0,42,0.0,0.0,1.0,42,1350,900,450,0.6666666666666666,18,9,9,357.4487519892152,0.446537456445993,0.25711719073285466,0.20764003861558816,131010.89000740604,965.935826028727,131976.82583343476,2120,6,280.23809523809524,36,6,19,34.91113005536611,0.6304976851851851,44.05968468468468,1023.7612612612611,28.43781281281281,0
2841,4,1,0,43,0.023255813953488372,0.0,1.0,43,1450,1100,350,0.7586206896551724,18,11,7,348.79823981012237,0.44691306755260246,0.2501215178388183,0.20462196466245064,131389.14399092982,566.8112860861532,131955.95527701598,2121,0,274.69767441860466,34,9,20,34.75044511534294,0.6384803921568627,43.6904761904762,1025.238095238096,30.154061624649884,0
2842,4,0,0,43,0.0,0.0,1.0,43,1200,800,400,0.6666666666666666,16,8,8,350.4501098321902,0.4467284976005906,0.2463012384856984,0.19311239544173606,128950.68825263566,442.0149905819054,129392.70324321758,2122,1,275.69767441860466,37,6,13,37.18141620785203,0.6078265765765766,46.08004385964914,1015.6798245614056,27.450806069227177,8
2843,4,1,0,44,0.022727272727272728,0.0,1.0,44,1600,1400,200,0.875,18,14,4,343.6474884763485,0.44842318534179,0.25209474548126676,0.1918866339522685,129473.0771513626,98.61955767406567,129571.69670903667,2123,0,270.40909090909093,38,6,13,36.822687031982646,0.6112938596491229,45.566239316239326,1017.7350427350442,26.782501124606426,0
2844,4,0,0,44,0.0,0.0,1.0,44,1050,600,450,0.5714285714285714,15,6,9,343.9325089269098,0.44765239605355883,0.2504388056853952,0.1925779559385109,129581.83235627173,113.48094272776905,129695.31329899949,2124,1,271.40909090909093,38,6,13,36.70492305001749,0.612390350877193,45.459401709401725,1018.1623931623953,26.793747188484087,0
2845,4,0,0,44,0.0,0.0,1.0,44,1700,1100,600,0.6470588235294118,23,11,12,341.08428040966595,0.4470027307963354,0.2443324816961563,0.1917794633246804,129745.05077069197,50.79945576742358,129795.8502264594,2125,2,272.40909090909093,38,6,14,36.611699524608504,0.6140350877192983,45.29914529914531,1018.8034188034203,26.810616284300533,0
2846,4,0,0,44,0.0,0.0,1.0,44,1700,1400,300,0.8235294117647058,20,14,6,349.0317788955275,0.4464741895701198,0.2075636592867105,0.19382056426648966,129255.70371283522,275.6492439184875,129531.3529567537,2126,3,273.40909090909093,38,6,18,36.906825663654836,0.6091008771929824,45.779914529914535,1016.8803418803427,26.760008996851123,8
2847,4,0,1,43,0.0,0.022727272727272728,0.9772727272727273,44,1450,1100,350,0.7586206896551724,18,11,7,346.5761942420419,0.44563733262861166,0.21068796068796103,0.19322809733768645,129413.28125000012,170.3125000000153,129583.59375000013,2127,4,274.40909090909093,39,5,20,36.80896805896808,0.608974358974359,45.62500000000001,1017.5000000000009,26.089743589743613,0
2848,4,1,0,44,0.022727272727272728,0.0,1.0,44,1200,600,600,0.5,18,6,12,358.54935362582415,0.44626497533474274,0.1970170891563563,0.19763791674422926,128963.21750217033,447.9356553819632,129411.1531575523,2128,0,274.97727272727275,39,5,16,36.96298242915257,0.6044337606837606,46.06770833333334,1015.7291666666682,26.044337606837647,8
2849,4,3,3,44,0.06382978723404255,0.06382978723404255,0.9361702127659575,47,1100,700,400,0.6363636363636364,15,7,8,342.4119901482151,0.4489477335800185,0.21626214967263668,0.19276255291213226,129793.15020131001,-511.453826392646,129281.69637491736,2129,0,258.36170212765956,42,5,15,36.529058894383155,0.6081349206349207,45.251937984496124,1018.9922480620155,24.26172019195275,0
2850,4,0,0,44,0.0,0.0,1.0,44,1300,800,500,0.6153846153846154,18,8,10,354.21284644504016,0.4467494714587738,0.22283978167684815,0.19868841076839688,129651.86767578126,384.8714192708328,130036.7390950521,2130,1,274.04545454545456,39,5,15,36.372033854965736,0.6113782051282051,45.390625,1018.4375000000001,26.113782051282055,0
2851,4,0,1,43,0.0,0.022727272727272728,0.9772727272727273,44,1000,600,400,0.6,14,6,8,359.9432923080783,0.44622093023255816,0.2304796430563305,0.2023129539524716,129731.4453125,539.1927083333328,130270.63802083333,2131,2,275.04545454545456,39,5,15,36.145194274028626,0.6121794871794872,45.3125,1018.75,26.121794871794872,0
2852,4,0,0,43,0.0,0.0,1.0,43,1300,1100,200,0.8461538461538461,15,11,4,366.84259542081446,0.44629014396456257,0.23216306383642915,0.2062624404441561,129745.05077069183,919.2022335451876,130664.25300423702,2132,3,274.7906976744186,38,5,15,35.9556330397092,0.6140350877192983,45.2991452991453,1018.803418803419,26.8106162843005,0
2853,4,0,1,42,0.0,0.023255813953488372,0.9767441860465116,43,1100,500,600,0.45454545454545453,17,5,12,368.42688184802836,0.446359357696567,0.23508848910340796,0.2077300504036754,129853.9201183431,968.334976988811,130822.25509533192,2133,4,275.7906976744186,38,5,15,35.80450733752622,0.6151315789473684,45.192307692307686,1019.2307692307684,26.821862348178115,0
2854,4,0,0,42,0.0,0.0,1.0,42,1250,800,450,0.64,17,8,9,383.89257244713286,0.44437185443283006,0.24565259716970544,0.21623621626203923,129815.23762119093,1567.0211026469444,131382.25872383788,2134,5,282.5952380952381,37,5,16,35.44984219209525,0.6165540540540541,45.230263157894726,1019.0789473684194,27.542674253200527,0
2855,4,0,1,41,0.0,0.023809523809523808,0.9761904761904762,42,1250,900,350,0.72,16,9,7,385.4741368481234,0.4440572977158343,0.24787204621577597,0.2177483915196751,129927.00277970145,1616.6998499538306,131543.70262965528,2135,6,283.5952380952381,37,5,16,35.29567290456729,0.6176801801801801,45.12061403508772,1019.5175438596492,27.55452821242295,0
2856,4,0,0,41,0.0,0.0,1.0,41,1100,600,500,0.5454545454545454,16,6,10,389.2003917305245,0.44189532520325203,0.2574408972462281,0.21947992184130705,129860.54202428785,1908.3547652382167,131768.89678952607,2136,7,291.219512195122,36,5,16,35.268432585717974,0.6189236111111112,45.185810810810814,1019.2567567567571,28.3126876876877,0
2857,4,0,1,40,0.0,0.024390243902439025,0.975609756097561,41,850,600,250,0.7058823529411765,11,6,5,388.13728362869836,0.44115853658536586,0.2571278501299643,0.21952424130280265,129975.34855379055,1889.65574527233,131865.0042990629,2137,8,292.219512195122,36,5,16,35.17853856064789,0.6200810185185186,45.07319819819821,1019.7072072072094,28.32520020020026,0
2858,4,1,0,41,0.024390243902439025,0.0,1.0,41,850,300,550,0.35294117647058826,14,3,11,385.47865564034305,0.4438770325203252,0.2519099377593932,0.21980007895303616,130292.12648158877,1845.2837913418743,132137.41027293063,2138,0,288.0487804878049,35,6,18,34.9238795676983,0.625297619047619,44.76273148148149,1020.949074074075,29.169973544973573,0
2859,4,0,1,40,0.0,0.024390243902439025,0.975609756097561,41,1400,900,500,0.6428571428571429,19,9,10,385.8526511497274,0.4430386178861789,0.25082055985942686,0.22118877950323348,130498.99798525388,1870.6768689986386,132369.67485425252,2139,1,289.0487804878049,35,6,17,34.703972209636,0.6273809523809524,44.56018518518519,1021.7592592592601,29.193121693121718,0
2860,4,0,1,39,0.0,0.025,0.975,40,900,400,500,0.4444444444444444,14,4,10,389.0373936672963,0.44158653846153845,0.23532608695652169,0.2236965013586957,130617.28395061752,2163.0015432099026,132780.28549382742,2140,2,278.475,35,5,17,34.502377717391305,0.6285714285714286,44.44444444444446,1022.2222222222241,29.20634920634926,0
2861,4,1,1,39,0.025,0.025,0.975,40,1100,800,300,0.7272727272727273,14,8,6,379.8948192866918,0.44257478632478636,0.22310293632464528,0.2210098267289758,131068.54056336758,1958.4519062982067,133026.9924696658,2141,0,252.575,36,4,18,34.27819934748341,0.6310763888888888,44.003378378378386,1023.9864864864878,28.444069069069105,0
2862,4,0,0,39,0.0,0.0,1.0,39,1350,1000,350,0.7407407407407407,17,10,7,386.09810150412966,0.44140800719748086,0.18207314762175475,0.21587621123514467,129525.18332315268,2247.5392374787207,131772.7225606314,2142,1,254.4102564102564,35,4,19,35.68943054765966,0.6175595238095238,45.51504629629631,1017.9398148148168,29.083994708994766,8
2863,4,0,0,39,0.0,0.0,1.0,39,1150,900,250,0.782608695652174,14,9,5,381.53027571438884,0.44129554655870445,0.17187267783926474,0.21396334582606197,129643.027223187,2092.5479841821307,131735.57520736914,2143,2,255.4102564102564,35,4,19,35.68551824070917,0.61875,45.39930555555557,1018.40277777778,29.097222222222285,0
2864,4,1,1,39,0.025,0.025,0.975,40,1000,600,400,0.6,14,6,8,375.6474126335119,0.4423477564102564,0.1818889379553983,0.2129295534189211,130061.48674011888,1771.452195438726,131832.9389355576,2144,0,250.0,36,4,20,35.40930669021859,0.6209490740740741,44.98873873873876,1020.0450450450481,28.33458458458467,0
2865,4,0,1,38,0.0,0.02564102564102564,0.9743589743589743,39,1250,900,350,0.72,16,9,7,380.8301286062625,0.44028340080971656,0.1889669415477695,0.2161633988193311,130114.93866008699,2110.337764703409,132225.2764247904,2145,1,257.2564102564103,35,4,20,35.222750047267915,0.6235119047619048,44.93634259259262,1020.2546296296329,29.150132275132368,0
2866,4,0,0,38,0.0,0.0,1.0,38,950,800,150,0.8421052631578947,11,8,3,383.6197526828853,0.43969298245614036,0.18885900435372616,0.2178929688697822,130141.0873724492,2384.9383503401623,132526.02572278935,2146,2,262.4736842105263,34,4,20,35.124985415937466,0.6259191176470589,44.9107142857143,1020.3571428571446,30.010504201680725,0
2867,4,0,0,38,0.0,0.0,1.0,38,850,400,450,0.47058823529411764,13,4,9,383.5914383915132,0.4390706495969654,0.18435171203025025,0.21838731691692148,130232.20663265325,2391.1918934240603,132623.3985260773,2147,3,263.4736842105263,34,4,20,35.03299704533085,0.6268382352941176,44.821428571428584,1020.7142857142873,30.02100840336139,0
2868,4,0,1,37,0.0,0.02631578947368421,0.9736842105263158,38,1300,800,500,0.6153846153846154,18,8,10,381.47674960713937,0.4388039355144618,0.1856464350803555,0.21769301938658936,130323.35778061241,2343.0661848072778,132666.4239654197,2148,4,264.4736842105263,34,4,20,34.99426761493919,0.6277573529411764,44.73214285714287,1021.0714285714299,30.031512605042057,0
2869,4,0,0,37,0.0,0.0,1.0,37,750,300,450,0.4,12,3,9,389.9947530886305,0.43706206206206205,0.1888874106427234,0.2220277715977586,130231.3131517928,2757.9057634083288,132989.2189152011,2149,5,271.43243243243245,33,4,20,34.87050766398527,0.6291035353535354,44.82230392156864,1020.7107843137272,30.930629827688705,0
2870,4,0,0,37,0.0,0.0,1.0,37,750,300,450,0.4,12,3,9,389.9926916775237,0.43671796796796797,0.18350611773559455,0.22256295253815953,130325.14537677824,2765.170847750872,133090.31622452912,2150,6,272.43243243243245,33,4,20,34.77506401024163,0.630050505050505,44.73039215686275,1021.0784313725496,30.94177064765302,0
2871,4,0,0,37,0.0,0.0,1.0,37,950,500,450,0.5263157894736842,14,5,9,410.17199677506056,0.43674924924924924,0.19096145325653535,0.22745901639344254,129201.38888888882,3282.7301999230963,132484.11908881192,2151,7,273.43243243243245,33,4,15,35.40812841530054,0.6186868686868687,45.83333333333333,1016.6666666666661,30.80808080808079,8
2872,4,0,0,37,0.0,0.0,1.0,37,950,700,250,0.7368421052631579,12,7,5,408.1414536215513,0.43662412412412416,0.19517167486802367,0.22686978724750517,129294.84941188476,3154.117556949237,132448.966968834,2152,8,274.43243243243245,33,4,16,35.364074988954485,0.6196338383838385,45.741421568627445,1017.0343137254895,30.819221628045135,0
2873,4,0,0,37,0.0,0.0,1.0,37,1450,1100,350,0.7586206896551724,18,11,7,404.82043523536936,0.4356544044044044,0.1801259417153458,0.22609507159581319,129481.87183114661,3083.3815419550115,132565.25337310162,2153,9,275.43243243243245,33,4,14,35.25724964880594,0.6215277777777778,45.557598039215684,1017.7696078431368,30.84150326797384,0
2874,4,0,1,36,0.0,0.02702702702702703,0.972972972972973,37,1150,900,250,0.782608695652174,14,9,5,411.0655400048959,0.43559184184184185,0.18055937382489518,0.23024515806561055,129595.0414540816,3254.4111394557785,132849.45259353737,2154,10,276.43243243243245,34,3,14,34.982608441482526,0.6204044117647058,45.44642857142857,1018.2142857142853,29.947478991596626,0
2875,4,0,0,36,0.0,0.0,1.0,36,950,700,250,0.7368421052631579,12,7,5,419.74291590553116,0.43468915343915343,0.20969315478576966,0.23611249004320609,129762.65889321413,3693.391363898499,133456.05025711263,2155,11,283.8888888888889,33,3,14,34.590249378558255,0.6243686868686869,45.28186274509804,1018.8725490196077,30.874925727866902,0
2876,4,0,0,36,0.0,0.0,1.0,36,750,300,450,0.4,12,3,9,417.0608445781289,0.43470568783068786,0.21038884346325082,0.2350531856769822,129837.58680555549,3630.0347222222126,133467.6215277777,2156,12,284.8888888888889,34,2,14,34.58197056418642,0.6228553921568627,45.20833333333333,1019.1666666666661,29.975490196078415,0
2877,4,1,0,37,0.02702702702702703,0.0,1.0,37,950,600,350,0.631578947368421,13,6,7,406.2032103143873,0.4365928428428429,0.20321308038218544,0.2309151325172116,130173.98787133477,3175.418354552454,133349.4062258872,2157,0,278.1621621621622,35,2,15,34.51535386185776,0.6241071428571429,44.878472222222214,1020.4861111111103,29.156746031746007,0
2878,4,0,0,37,0.0,0.0,1.0,37,500,100,400,0.2,9,1,8,405.85338475035644,0.4362174674674675,0.201438540252465,0.2310665590776883,130233.05047850215,3171.104868612817,133404.15534711495,2158,1,279.1621621621622,35,2,15,34.464059606153384,0.624702380952381,44.82060185185185,1020.7175925925919,29.16335978835977,0
2879,4,1,1,37,0.02631578947368421,0.02631578947368421,0.9736842105263158,38,1400,1000,400,0.7142857142857143,18,10,8,394.27723309323426,0.4375592697961119,0.19386128415166537,0.22623501128825663,130536.1678004533,2693.4945097508917,133229.6623102042,2159,0,272.7894736842105,34,4,13,34.45096497359428,0.6299019607843137,44.52380952380951,1021.9047619047602,30.056022408963535,0
2880,4,0,0,37,0.0,0.0,1.0,37,1350,1100,250,0.8148148148148148,16,11,5,405.42147061626093,0.4349974974974975,0.19806852552444498,0.2323023230603276,130481.60750973187,3180.0090409938507,133661.6165507257,2160,3,281.1621621621622,33,4,15,34.22181740034385,0.6316287878787878,44.57720588235294,1021.6911764705884,30.96033868092692,0
2881,4,0,0,37,0.0,0.0,1.0,37,1150,1000,150,0.8695652173913043,13,10,3,400.0653590864072,0.4345282782782783,0.1879777087601049,0.23046018572724036,130688.28125000003,3056.7708333333344,133745.05208333337,2161,4,282.1621621621622,34,3,13,34.148329258353705,0.6314338235294117,44.375,1022.5000000000002,30.073529411764714,0
2882,4,0,0,37,0.0,0.0,1.0,37,700,500,200,0.7142857142857143,9,5,4,400.3961340607129,0.4337775275275275,0.19297920054349715,0.23137888231228704,130810.0357851475,3075.1665249433236,133885.20231009083,2162,5,283.1621621621622,34,3,13,34.016059583381825,0.6326593137254901,44.25595238095239,1022.9761904761913,30.087535014005624,0
2883,4,0,1,36,0.0,0.02702702702702703,0.972972972972973,37,1200,900,300,0.75,15,9,6,401.6245404284855,0.4333083083083083,0.19766034691407852,0.23306872936676676,130972.4633487654,3120.3510802469127,134092.81442901233,2163,6,284.1621621621622,35,2,14,33.81953867028494,0.6321428571428571,44.09722222222222,1023.611111111111,29.246031746031743,0
2884,4,0,0,36,0.0,0.0,1.0,36,850,700,150,0.8235294117647058,10,7,3,412.6436354762384,0.4309027777777778,0.21045964531306538,0.2390218794173684,130901.38888888896,3603.1250000000105,134504.51388888896,2164,20,292.8888888888889,34,2,15,33.60986699239957,0.633578431372549,44.16666666666667,1023.3333333333339,30.098039215686292,0
2885,4,1,1,36,0.02702702702702703,0.02702702702702703,0.972972972972973,37,1150,800,350,0.6956521739130435,15,8,7,404.08818966395035,0.4315878378378379,0.2088754668124233,0.23576694572944143,131179.8740381731,3201.6475640860876,134381.52160225916,2165,0,285.94594594594594,35,2,17,33.54576224908674,0.6342261904761906,43.89467592592593,1024.421296296297,29.269179894179914,0
2886,4,1,0,37,0.02702702702702703,0.0,1.0,37,1350,1100,250,0.8148148148148148,16,11,5,400.58822172782203,0.4320883383383383,0.1987439970446987,0.23522609896251945,131425.2073289716,3129.729192307123,134554.93652127872,1453,0,228.40540540540542,32,5,18,33.3864363994582,0.6435546875,43.65530303030303,1025.3787878787882,32.04308712121213,0
2887,4,0,1,36,0.0,0.02702702702702703,0.972972972972973,37,1150,800,350,0.6956521739130435,15,8,7,399.1478512157709,0.4320883383383383,0.2000971668541236,0.23457878781291527,131457.5760764207,3094.201803387403,134551.7778798081,1454,1,229.40540540540542,32,5,18,33.39053394073709,0.6438802083333333,43.62373737373737,1025.50505050505,32.04703282828281,0
2888,4,0,1,35,0.0,0.027777777777777776,0.9722222222222222,36,1650,1400,250,0.8484848484848485,19,14,5,406.4188419744227,0.4303075396825397,0.20296540827267084,0.23887722383511598,131461.62245008687,3485.6960720486213,134947.3185221355,1455,2,234.63888888888889,31,5,18,33.20001692906721,0.646505376344086,43.61979166666667,1025.520833333334,33.081317204301094,0
2889,4,0,1,34,0.0,0.02857142857142857,0.9714285714285714,35,750,600,150,0.8,9,6,3,436.2681967454171,0.4288165266106443,0.20183168316831668,0.24754543747914123,130101.52025303547,4351.831126925835,134453.3513799613,1456,3,239.0857142857143,32,3,19,33.82245255775579,0.6302083333333333,44.949494949494955,1020.2020202020208,31.88131313131315,8
2890,4,1,0,35,0.02857142857142857,0.0,1.0,35,850,700,150,0.8235294117647058,10,7,3,432.4763233527788,0.4301820728291317,0.22511411090608968,0.24753800453382782,130439.87509645052,4282.730437264044,134722.60553371455,1457,0,239.94285714285715,29,6,20,33.57339111715388,0.641882183908046,44.61805555555555,1021.5277777777769,35.22509578544059,0
2891,4,0,0,35,0.0,0.0,1.0,35,1350,1200,150,0.8888888888888888,15,12,3,431.56795757027993,0.4300420168067227,0.22019958839746812,0.24769711636521993,130546.30594135799,4267.920524691351,134814.22646604935,1458,1,240.94285714285715,29,6,15,33.48792697290931,0.6429597701149425,44.513888888888886,1021.9444444444441,35.239463601532556,0
2892,4,0,0,35,0.0,0.0,1.0,35,900,700,200,0.7777777777777778,11,7,4,428.9580758705325,0.42990196078431375,0.21512163050624644,0.24657794157183666,130605.83457986465,4204.885499768755,134810.7200796334,1459,2,241.94285714285715,30,5,15,33.493863686171395,0.640625,44.45564516129032,1022.1774193548381,34.07258064516127,0
2893,4,0,0,35,0.0,0.0,1.0,35,1200,800,400,0.6666666666666666,16,8,8,428.5008115868958,0.42913165266106446,0.2166816884482501,0.2469722859509925,130708.89698231003,4201.773687709556,134910.67067001958,1460,3,242.94285714285715,30,5,16,33.40042280056082,0.6416666666666666,44.354838709677416,1022.5806451612898,34.08602150537633,0
2894,4,0,0,35,0.0,0.0,1.0,35,900,700,200,0.7777777777777778,11,7,4,426.9493146420496,0.4293417366946779,0.21242187060082207,0.2467358567760544,130812.00003251806,4170.018752167859,134982.0187846859,1461,4,243.94285714285715,30,5,16,33.334975693075805,0.6427083333333333,44.254032258064505,1022.9838709677407,34.09946236559136,0
2895,4,0,0,35,0.0,0.0,1.0,35,1000,600,400,0.6,14,6,8,429.2791768084575,0.4292366946778712,0.2191001538519266,0.248746701082161,130915.14373048901,4239.82902647704,135154.97275696605,1462,5,244.94285714285715,30,5,17,33.17025654496103,0.64375,44.15322580645161,1023.3870967741931,34.112903225806434,0
2896,4,0,0,35,0.0,0.0,1.0,35,950,700,250,0.7368421052631579,12,7,5,429.48046780186843,0.42902661064425773,0.22124753775443184,0.24908558738090075,130949.53399598216,4248.0534238062155,135197.58741978838,1463,6,245.94285714285715,30,5,17,33.130061282556355,0.6440972222222222,44.119623655913976,1023.5215053763438,34.1173835125448,0
2897,4,0,0,35,0.0,0.0,1.0,35,700,500,200,0.7142857142857143,9,5,4,424.3872945761862,0.4283263305322129,0.21512958031729368,0.246792550387892,131052.73189097001,4123.422866805404,135176.15475777542,1464,7,246.94285714285715,30,5,17,33.15530104139319,0.6451388888888889,44.01881720430107,1023.9247311827953,34.13082437275985,0
2898,4,1,1,35,0.027777777777777776,0.027777777777777776,0.9722222222222222,36,900,700,200,0.7777777777777778,11,7,4,409.03507293910116,0.4300595238095238,0.19268373518932802,0.22572676247380033,129008.91012396697,3360.7032643744237,132369.6133883414,1465,0,241.05555555555554,32,4,18,35.634166045239866,0.619140625,46.02272727272727,1015.9090909090911,31.747159090909097,8
2899,4,1,0,36,0.027777777777777776,0.0,1.0,36,900,600,300,0.6666666666666666,12,6,6,369.8576367353147,0.43186177248677243,0.17328415065294256,0.20154046654348512,128506.39349489777,2355.8170702853913,130862.21056518317,1466,0,241.69444444444446,34,2,19,37.142626511682515,0.609375,46.51785714285713,1013.92857142857,29.821428571428527,8
2900,4,0,2,34,0.0,0.05555555555555555,0.9444444444444444,36,1300,1100,200,0.8461538461538461,15,11,4,366.67027006226533,0.4310019841269841,0.17415470276050016,0.20041035094294804,128627.12762188193,2232.7487244897698,130859.87634637169,1467,1,242.69444444444446,34,2,19,37.10000782380783,0.6106004901960784,46.39880952380951,1014.4047619047606,29.835434173669427,0
2901,4,1,0,35,0.02857142857142857,0.0,1.0,35,800,500,300,0.625,11,5,6,370.2809413509141,0.43480392156862746,0.17266975814097907,0.2038882498986725,128921.21006644062,2547.4134047001007,131468.62347114072,1468,0,236.25714285714287,33,2,20,36.707971320542235,0.6158459595959596,46.109068627450974,1015.5637254901947,30.774658348187717,0
2902,4,0,0,35,0.0,0.0,1.0,35,1000,400,600,0.4,16,4,12,366.9444298929775,0.4346638655462185,0.16672812171545814,0.20268729302083094,129045.69644187312,2470.5199022010565,131516.21634407417,1469,1,237.25714285714287,33,2,20,36.66563643308007,0.6171085858585859,45.98651960784313,1016.0539215686258,30.78951277480684,0
2903,4,0,0,35,0.0,0.0,1.0,35,850,600,250,0.7058823529411765,11,6,5,366.1037996619181,0.43462885154061626,0.16397395707740525,0.20270126264325425,129139.10064638595,2455.663086312948,131594.7637326989,1470,2,238.25714285714287,33,2,20,36.59171288481633,0.6180555555555556,45.89460784313725,1016.4215686274505,30.800653594771227,0
2904,4,0,0,35,0.0,0.0,1.0,35,1100,900,200,0.8181818181818182,13,9,4,367.5087342112337,0.4345588235294118,0.16908665105386445,0.20380029806259306,129201.3888888888,2496.5277777777665,131697.91666666657,1471,3,239.25714285714287,33,2,20,36.49248633879782,0.6186868686868687,45.83333333333333,1016.666666666666,30.808080808080785,0
2905,4,0,0,35,0.0,0.0,1.0,35,700,400,300,0.5714285714285714,10,4,6,367.187471982108,0.43469887955182074,0.16867436696331728,0.20410507903412686,129294.84941188477,2495.089779171457,131789.93919105624,1472,4,240.25714285714287,33,2,20,36.4053651042294,0.6196338383838385,45.741421568627445,1017.0343137254896,30.81922162804514,0
2906,4,0,0,35,0.0,0.0,1.0,35,650,500,150,0.7692307692307693,8,5,3,365.82958339381634,0.4345588235294118,0.1657280550774527,0.20351109531961611,129326.01042868117,2462.256103421745,131788.26653210292,1473,5,241.25714285714287,33,2,20,36.40813253012047,0.619949494949495,45.71078431372548,1017.1568627450971,30.822935234699912,0
2907,4,1,0,36,0.027777777777777776,0.0,1.0,36,1150,900,250,0.782608695652174,14,9,5,358.0013839466127,0.4381283068783069,0.1608487870759958,0.2009881785464052,129685.96938775496,2085.551303854853,131771.52069160983,1474,0,235.52777777777777,34,2,19,36.2408933302166,0.6213235294117647,45.35714285714285,1018.5714285714273,29.957983193277272,0
2908,4,0,1,35,0.0,0.027777777777777776,0.9722222222222222,36,1050,800,250,0.7619047619047619,13,8,5,355.4237064704214,0.437880291005291,0.1537400527060535,0.2000047010966689,129776.92920918351,2025.1594387754856,131802.088647959,1475,1,236.52777777777777,34,2,19,36.21407290571327,0.6222426470588236,45.26785714285713,1018.9285714285701,29.968487394957943,0
2909,4,0,1,34,0.0,0.02857142857142857,0.9714285714285714,35,950,800,150,0.8421052631578947,11,8,3,365.1920620349211,0.4381652661064426,0.15590540354736726,0.20509975808339626,129700.23548635139,2473.0992887351017,132173.3347750865,1476,2,240.0,33,2,19,36.04327077317934,0.6237373737373737,45.34313725490196,1018.627450980392,30.867498514557333,0
2910,4,2,1,35,0.05555555555555555,0.027777777777777776,0.9722222222222222,36,900,500,400,0.5555555555555556,13,5,8,355.27518801312925,0.44150132275132276,0.15658800393313665,0.20150550239045817,130085.41907793209,2043.2243441358041,132128.6434220679,1477,0,232.94444444444446,35,1,21,35.90452688904017,0.6232142857142857,44.96527777777778,1020.1388888888888,29.146825396825395,0
2911,4,0,1,34,0.0,0.02857142857142857,0.9714285714285714,35,1100,900,200,0.8181818181818182,13,9,4,358.6761960507006,0.43995098039215685,0.13879932647583448,0.20340809556310088,130080.35891439913,2331.3456632653056,132411.70457766444,1478,1,234.34285714285716,34,1,21,35.8229276072665,0.6253063725490196,44.970238095238095,1020.1190476190479,30.003501400560232,0
2912,4,1,0,35,0.02857142857142857,0.0,1.0,35,1150,600,550,0.5217391304347826,17,6,11,360.6718131679786,0.4406862745098039,0.13718263016234933,0.2059957655331572,130356.43029423773,2403.3055654859895,132759.7358597237,1479,0,226.97142857142856,33,2,22,35.49179467178687,0.6303661616161615,44.69975490196078,1021.2009803921563,30.945484254307768,0
2913,4,0,0,35,0.0,0.0,1.0,35,1350,1200,150,0.8888888888888888,15,12,3,361.84625724019327,0.44012605042016806,0.13482753302832484,0.20733417502484472,130481.60750973185,2442.856263216073,132924.46377294793,1480,1,227.97142857142856,33,2,23,35.33482767582263,0.6316287878787878,44.57720588235294,1021.6911764705883,30.960338680926917,0
2914,4,1,2,34,0.027777777777777776,0.05555555555555555,0.9444444444444444,36,950,600,350,0.631578947368421,13,6,7,379.91883648874614,0.4416501322751323,0.12187081855619164,0.2127993325794531,129595.04145408176,2649.856551076323,132244.8980051581,1481,0,222.61111111111111,34,2,17,35.77545890330877,0.6204044117647058,45.44642857142858,1018.2142857142868,29.94747899159667,8
2915,4,0,0,34,0.0,0.0,1.0,34,350,200,150,0.5714285714285714,5,2,3,398.6025788554523,0.43519756387403447,0.13856468835361357,0.22140311517943534,129265.58036169778,3505.11873788389,132770.69909958166,1482,1,236.44117647058823,32,2,17,35.63653671053721,0.6217447916666667,45.77020202020202,1016.9191919191919,31.778724747474747,0
2916,4,2,0,36,0.05555555555555555,0.0,1.0,36,1250,1000,250,0.8,15,10,5,373.3038501958347,0.4379794973544973,0.12376908422549615,0.2047485090941658,128765.68657487509,2433.9003048643854,131199.58687973948,1483,0,224.25,33,3,18,36.79012718345006,0.6142676767676767,46.26225490196079,1014.9509803921571,30.756090314913852,8
2917,4,2,1,37,0.05263157894736842,0.02631578947368421,0.9736842105263158,38,1000,700,300,0.7,13,7,6,356.399771154354,0.44172297297297297,0.13682294909247616,0.19882403477088081,129436.8355624143,1626.2517146776465,131063.08727709195,1484,0,213.39473684210526,35,3,18,36.53510767364271,0.6166666666666667,45.601851851851855,1017.5925925925928,29.07407407407408,0
2918,4,0,0,37,0.0,0.0,1.0,37,1000,600,400,0.6,14,6,8,359.54994699223687,0.44069069069069067,0.14664137822032575,0.20092497037801485,129504.14540816336,1912.6417233560205,131416.78713151938,1485,1,218.72972972972974,34,3,19,36.3864522417154,0.6194852941176471,45.53571428571429,1017.8571428571436,29.936974789915986,0
2919,4,2,0,39,0.05128205128205128,0.0,1.0,39,1600,1100,500,0.6875,21,11,10,343.9449925533256,0.4426450742240216,0.15042093403762635,0.19495955835719814,130061.48674011862,1146.7994176609186,131208.28615777954,1486,0,208.46153846153845,36,3,22,36.21775410318687,0.6209490740740741,44.988738738738746,1020.045045045046,28.33458458458461,0
2920,4,0,0,39,0.0,0.0,1.0,39,1400,1000,400,0.7142857142857143,18,10,8,343.6643157773166,0.4415485829959514,0.1507336921152851,0.19537553510502167,130176.38204082473,1147.395452885327,131323.77749371005,1487,1,209.46153846153845,36,3,22,36.10842897079378,0.6221064814814814,44.87612612612613,1020.4954954954965,28.347097097097123,0
2921,4,0,0,39,0.0,0.0,1.0,39,900,600,300,0.6666666666666666,12,6,6,346.6888796334864,0.4414923526765632,0.14589220303506067,0.197532036070242,130262.58680555537,1232.1465891567043,131494.73339471206,1488,2,210.46153846153845,35,4,22,35.94387755102039,0.625,44.79166666666666,1020.8333333333319,29.166666666666625,0
2922,4,1,1,39,0.025,0.025,0.975,40,900,600,300,0.6666666666666666,12,6,6,338.0778179996814,0.4434161324786325,0.1442617079889814,0.19405795055958944,130550.14209733381,827.2214359629932,131377.3635332968,1489,0,206.175,36,4,17,35.87258953168045,0.6258680555555556,44.51013513513514,1021.9594594594594,28.387762762762762,0
2923,4,0,0,39,0.0,0.0,1.0,39,950,700,250,0.7368421052631579,12,7,5,342.24101962002,0.44317926225820964,0.1429515418502203,0.19717947069478298,130694.03863322774,1145.772208018822,131839.81084124657,1490,1,207.5897435897436,36,3,17,35.62064060205581,0.6273148148148149,44.369369369369366,1022.5225225225219,28.403403403403384,0
2924,4,1,2,38,0.025,0.05,0.95,40,900,600,300,0.6666666666666666,12,6,6,359.3877063712345,0.4438969017094017,0.09491485335856176,0.19888628567245817,129119.93805473378,1280.8236768573333,130400.7617315911,1491,0,203.375,38,2,16,36.781903710711646,0.6077302631578947,45.91346153846154,1016.3461538461543,26.74595141700406,8
2925,4,1,2,37,0.02564102564102564,0.05128205128205128,0.9487179487179487,39,850,500,350,0.5882352941176471,12,5,7,364.76458389002113,0.44289811066126855,0.13362201262557138,0.20242142348367215,129229.25954380176,1627.6514167820637,130856.91096058382,1492,0,209.30769230769232,37,2,17,36.53382130917717,0.6106418918918919,45.80592105263157,1016.7763157894722,27.48044096728303,0
2926,4,0,1,36,0.0,0.02702702702702703,0.972972972972973,37,1400,1000,400,0.7142857142857143,18,10,8,374.18706549940896,0.4387825325325325,0.15343820943638864,0.20781337278620748,129260.2304633915,2273.501264574743,131533.73172796625,1493,1,220.8108108108108,35,2,18,36.26270961377949,0.6148809523809524,45.775462962962955,1016.8981481481471,29.054232804232775,0
2927,4,0,0,36,0.0,0.0,1.0,36,1100,700,400,0.6363636363636364,15,7,8,382.2897070679922,0.43634259259259256,0.15710382513661192,0.21199701937406853,129201.38888888895,2678.4722222222267,131879.86111111118,1494,2,227.61111111111111,34,2,18,36.11680327868853,0.616421568627451,45.833333333333336,1016.6666666666672,29.90196078431374,0
2928,4,0,1,35,0.0,0.027777777777777776,0.9722222222222222,36,1050,800,250,0.7619047619047619,13,8,5,386.2968944571488,0.436359126984127,0.16613029061829554,0.21504279890138986,129352.72285997724,2793.711026077084,132146.43388605432,1495,3,228.61111111111111,34,2,19,35.860395943046605,0.617953431372549,45.6845238095238,1017.261904761904,29.919467787114826,0
2929,4,1,1,35,0.027777777777777776,0.027777777777777776,0.9722222222222222,36,1250,900,350,0.72,16,9,7,386.5708063569954,0.43637566137566136,0.16907619567194,0.21669244282947187,129625.34722222232,2821.87500000001,132447.22222222234,1496,0,229.27777777777777,34,2,17,35.575218221494815,0.6207107843137255,45.41666666666667,1018.3333333333342,29.950980392156886,0
2930,4,2,1,36,0.05405405405405406,0.02702702702702703,0.972972972972973,37,1250,900,350,0.72,16,9,7,380.4965560109504,0.4389702202202202,0.17495975839708144,0.21597405931980226,130114.93866008663,2501.6572091478106,132616.59586923444,1497,0,223.21621621621622,35,2,20,35.23125827188504,0.6235119047619048,44.936342592592595,1020.25462962963,29.150132275132286,0
2931,4,3,0,39,0.07692307692307693,0.0,1.0,39,1150,1000,150,0.8695652173913043,13,10,3,378.3942485257972,0.4466655420602789,0.2744054816606205,0.20560581046703974,128392.8131608036,1996.1285390627645,130388.94169986637,1498,0,208.51282051282053,33,6,17,37.04252317613865,0.610479797979798,46.629901960784316,1013.4803921568632,30.711527035056463,8
2932,4,0,0,39,0.0,0.0,1.0,39,1100,600,500,0.5454545454545454,16,6,10,376.40765119295486,0.44694669365721995,0.2712730022374692,0.20516448655932226,128517.04422577866,1874.9597510572994,130392.00397683596,1499,1,209.51282051282053,33,6,18,36.965695753766816,0.6117424242424243,46.50735294117648,1013.970588235295,30.726381461675608,0
2933,4,1,0,40,0.025,0.0,1.0,40,1250,1000,250,0.8,15,10,5,366.0310347285532,0.44874465811965814,0.26451688555347097,0.20112839330960716,128838.54875283445,1431.7814625850315,130270.33021541948,1500,0,205.25,34,6,19,36.90025992808005,0.6127450980392157,46.19047619047619,1015.2380952380952,29.859943977591033,0
2934,4,1,1,40,0.024390243902439025,0.024390243902439025,0.975609756097561,41,800,500,300,0.625,11,5,6,361.96883349676335,0.4501778455284553,0.2677456172261825,0.20057869177300144,129171.97312510716,1151.2456865140607,130323.21881162122,1501,0,201.21951219512195,35,6,20,36.66327469733197,0.6139880952380952,45.86226851851852,1016.550925925926,29.04431216931217,0
2935,4,0,0,40,0.0,0.0,1.0,40,1200,1000,200,0.8333333333333334,14,10,4,359.0693558964215,0.4483173076923077,0.2558227996254683,0.19973232921738465,129322.44897959198,1287.1490405897607,130609.59802018174,1502,1,204.05,34,6,22,36.58366495006242,0.6176470588235294,45.71428571428572,1017.1428571428582,29.915966386554654,0
2936,4,1,0,41,0.024390243902439025,0.0,1.0,41,1150,800,350,0.6956521739130435,15,8,7,369.6069473812446,0.45088922764227646,0.271846895460105,0.19516628529944205,127242.10778061209,1212.7232142856928,128454.83099489778,1503,0,200.0487804878049,34,7,19,38.44518190757127,0.5965073529411764,47.76785714285713,1008.9285714285702,29.674369747899124,8
2937,4,0,0,41,0.0,0.0,1.0,41,1250,600,650,0.48,19,6,13,396.5738492515189,0.4507367886178862,0.26091312840199676,0.20192179656954531,125753.44676997598,1923.0037893500985,127676.45055932608,1504,1,201.0487804878049,35,6,16,39.3035041157012,0.5791666666666666,49.24768518518518,1003.0092592592592,28.65740740740741,8
2938,4,5,4,42,0.10869565217391304,0.08695652173913043,0.9130434782608696,46,1200,900,300,0.75,15,9,6,350.87919992002526,0.45922906602254426,0.20221053703874414,0.18576079556309422,127347.63215495896,-171.26977139803049,127176.36238356093,1505,0,180.08695652173913,36,10,15,38.80931793670273,0.5934606481481481,47.663288288288285,1009.3468468468465,28.0374124124124,7
2939,4,3,3,42,0.06666666666666667,0.06666666666666667,0.9333333333333333,45,1500,1300,200,0.8666666666666667,17,13,4,359.60091103088433,0.45930134680134677,0.22288412825702308,0.19151655597245815,127588.49511584792,176.18781614369192,127764.68293199161,1506,0,184.9111111111111,35,10,16,38.34214018406078,0.5979166666666667,47.42476851851852,1010.3009259259261,28.865740740740744,0
2940,4,1,1,42,0.023255813953488372,0.023255813953488372,0.9767441860465116,43,1100,800,300,0.7272727272727273,14,8,6,378.9993212639239,0.45508028792912514,0.23558475511800103,0.2007599620097068,127370.19903702904,1054.643796856978,128424.84283388602,1507,0,194.37209302325581,33,10,17,38.07653980008903,0.6000631313131313,47.64093137254902,1009.436274509804,30.588978015448607,0
2941,4,0,0,42,0.0,0.0,1.0,42,1300,800,500,0.6153846153846154,18,8,10,387.8404302876916,0.4534093108788231,0.2343518270347542,0.20548603314447297,127378.63363751156,1480.5168158861493,128859.15045339771,1508,2,200.0,32,10,17,37.844746716697955,0.6025390625,47.632575757575765,1009.4696969696977,31.545928030303052,0
2942,4,0,1,41,0.0,0.023809523809523808,0.9761904761904762,42,1250,1000,250,0.8,15,10,5,386.7032484628529,0.4535907859078591,0.23323161040116935,0.20515441494433018,127432.05925905914,1455.6782547577977,128887.73751381694,1509,3,201.0,33,9,17,37.81848019581663,0.6006944444444444,47.579656862745104,1009.6813725490207,30.596405228758204,0
2943,4,3,3,41,0.06818181818181818,0.06818181818181818,0.9318181818181819,44,1150,800,350,0.6956521739130435,15,8,7,358.85337531423534,0.4565605179704017,0.23795927306915665,0.19436558692226819,128265.09530895714,409.6448076780003,128674.74011663515,1510,0,192.4090909090909,34,10,21,37.668204254318944,0.6069240196078431,46.755952380952394,1012.9761904761924,29.793417366946837,0
2944,4,1,2,40,0.023809523809523808,0.047619047619047616,0.9523809523809523,42,1100,600,500,0.5454545454545454,16,6,10,356.3217151057031,0.4559983546264034,0.24210106079616778,0.19512007972090556,128701.7763658479,771.8475383659109,129473.6239042138,1511,0,184.73809523809524,35,7,15,37.2862486217254,0.6092261904761904,46.32523148148148,1014.6990740740739,28.99140211640211,0
2945,4,1,0,41,0.024390243902439025,0.0,1.0,41,1600,1200,400,0.75,20,12,8,369.4749739540156,0.4533028455284553,0.2619491068400537,0.20337348942738592,128907.38195516117,1325.6103180726986,130232.99227323386,1512,0,190.17073170731706,35,6,18,36.74255375731327,0.6113095238095239,46.12268518518518,1015.5092592592591,29.014550264550262,0
2946,4,2,1,42,0.046511627906976744,0.023255813953488372,0.9767441860465116,43,650,300,350,0.46153846153846156,10,3,7,355.3147972655917,0.4545957918050942,0.2674714480146756,0.19862031246033898,129516.42679419277,604.1554837651657,130120.58227795793,1513,0,182.27906976744185,36,7,16,36.48172732971937,0.6154513888888888,45.523648648648646,1017.9054054054048,28.275150150150136,0
2947,4,1,2,41,0.023255813953488372,0.046511627906976744,0.9534883720930233,43,1400,1100,300,0.7857142857142857,17,11,6,352.6940705665666,0.4524501661129568,0.2691382394670283,0.1984562158262622,129774.47041636238,554.1372453534696,130328.60766171585,1514,0,183.06976744186048,36,7,17,36.28610374300029,0.6180555555555556,45.270270270270274,1018.9189189189194,28.303303303303316,0
2948,4,0,0,41,0.0,0.0,1.0,41,900,600,300,0.6666666666666666,12,6,6,365.1055043043585,0.4507876016260162,0.27327718605669826,0.2045986131764167,129613.56122470836,1264.524927126185,130878.08615183455,1515,1,192.3658536585366,35,6,18,36.1336856861408,0.618452380952381,45.42824074074073,1018.2870370370359,29.093915343915313,0
2949,4,1,0,42,0.023809523809523808,0.0,1.0,42,1150,900,250,0.782608695652174,14,9,5,359.85658813277985,0.45246564072783585,0.2803052411159066,0.20371431078654825,130010.85820877597,957.052771044959,130967.91097982092,1516,0,188.76190476190476,37,5,19,35.863415224169444,0.6185247747747749,45.038377192982466,1019.8464912280717,27.563418681839778,0
2950,4,0,1,41,0.0,0.023809523809523808,0.9761904761904762,42,1150,600,550,0.5217391304347826,17,6,11,358.86907393221696,0.45253823073945026,0.2743916481154527,0.20373866582912023,130122.70752779715,939.4031096106644,131062.11063740781,1517,1,189.76190476190476,37,5,20,35.775008955758565,0.6196509009009009,44.928728070175445,1020.2850877192993,27.575272641062146,0
2951,4,1,1,41,0.023809523809523808,0.023809523809523808,0.9761904761904762,42,1400,900,500,0.6428571428571429,19,9,10,360.42748593784813,0.45298586914440575,0.2819829424307041,0.20552035368370908,130292.97052154191,992.4589900306801,131285.42951157258,1518,0,190.57142857142858,34,8,21,35.5624222636816,0.6274509803921569,44.76190476190476,1020.9523809523806,30.028011204481782,0
2952,4,0,0,41,0.0,0.0,1.0,41,1250,900,350,0.72,16,9,7,363.9766414079245,0.45160060975609756,0.2913483994451178,0.2080508456442826,130387.7189662629,1291.6168060361322,131679.33577229903,1519,1,195.5609756097561,33,8,21,35.375669946404294,0.6306818181818181,44.66911764705882,1021.3235294117641,30.94919786096255,0
2953,4,0,2,39,0.0,0.04878048780487805,0.9512195121951219,41,1200,800,400,0.6666666666666666,16,8,8,363.94941600676276,0.4501524390243902,0.29571269813417556,0.20904532572289267,130575.52984429068,1304.5775663206452,131880.10741061132,1520,2,196.5609756097561,33,8,17,35.185851318944835,0.6325757575757576,44.48529411764706,1022.0588235294119,30.97147950089127,0
2954,4,0,0,39,0.0,0.0,1.0,39,1350,1100,250,0.8148148148148148,16,11,5,375.3271938009657,0.4502923976608187,0.29338559529642394,0.21568949277727525,130595.10125054247,2003.17857530381,132598.2798258463,1521,3,184.92307692307693,31,8,17,34.875265392781316,0.637768817204301,44.46614583333333,1022.1354166666661,32.972110215053746,0
2955,4,1,1,39,0.025,0.025,0.975,40,1350,1100,250,0.8148148148148148,16,11,5,372.0587898628694,0.4512152777777778,0.3001555023923448,0.21720750581379822,131202.5422914265,1763.0118223760287,132965.55411380253,1522,0,181.275,33,7,18,34.34310207336524,0.6388888888888888,43.87254901960785,1024.5098039215698,31.045751633986963,0
2956,4,0,0,39,0.0,0.0,1.0,39,1300,1200,100,0.9230769230769231,14,12,2,377.1944134324426,0.4489428699955016,0.29953700720722387,0.21966646084006453,131108.39468293462,2090.670805699754,133199.06548863437,1523,1,186.30769230769232,33,6,18,34.30694328108173,0.6379419191919191,43.96446078431374,1024.1421568627466,31.034610814022624,0
2957,4,0,0,39,0.0,0.0,1.0,39,950,500,450,0.5263157894736842,14,5,9,377.73698753732725,0.44866171839856045,0.2991677858934494,0.2208836846004987,131265.32613658215,2116.75377258747,133382.0799091696,1524,2,187.30769230769232,33,6,18,34.1340787690345,0.639520202020202,43.81127450980392,1024.7549019607848,31.053178847296508,0
2958,4,0,0,39,0.0,0.0,1.0,39,1000,500,500,0.5,15,5,10,377.33774156715333,0.4483243364822312,0.2929563764641978,0.2211989259049615,131360.48179076108,2113.4685242819933,133473.95031504307,1525,3,188.30769230769232,32,7,19,34.047963624420085,0.6429036458333333,43.71843434343434,1025.1262626262621,32.03519570707069,0
2959,4,0,0,39,0.0,0.0,1.0,39,1300,900,400,0.6923076923076923,17,9,8,378.44752434415153,0.4471153846153846,0.29236953873921623,0.22316869251237847,131587.0909218447,2159.7617590041846,133746.85268084888,1526,4,189.30769230769232,32,7,16,33.79020018049061,0.6451822916666667,43.49747474747475,1026.0101010101012,32.06281565656566,0
2960,4,1,0,40,0.025,0.0,1.0,40,1250,1000,250,0.8,15,10,5,351.376242331873,0.4473691239316239,0.2449371508379885,0.20289144315292063,130779.59183673494,1203.975743572633,131983.56758030757,1527,0,185.55,34,6,18,35.300521803227795,0.6323529411764706,44.2857142857143,1022.8571428571448,30.084033613445435,8
2961,4,0,1,39,0.0,0.025,0.975,40,750,500,250,0.6666666666666666,10,5,5,349.96252487603203,0.4472889957264958,0.243148492959385,0.2022345646442333,130810.03578514763,1155.7220804988924,131965.75786564653,1528,1,186.55,34,6,18,35.30586911827456,0.6326593137254901,44.255952380952394,1022.9761904761924,30.08753501400566,0
2962,4,0,1,38,0.0,0.02564102564102564,0.9743589743589743,39,1850,1500,350,0.8108108108108109,22,15,7,358.4240807917256,0.44497863247863245,0.2525421654743041,0.20679793674155245,130749.15143140598,1572.7288832199667,132321.88031462595,1529,2,191.94871794871796,34,5,19,35.151127148566346,0.632046568627451,44.3154761904762,1022.7380952380959,30.080532212885174,0
2963,4,0,0,38,0.0,0.0,1.0,38,950,500,450,0.5263157894736842,14,5,9,366.1804620147495,0.445931128496918,0.24979650300670708,0.21049698371226955,130606.84479827492,1965.1349541042173,132571.97975237915,1530,3,193.8684210526316,33,5,19,35.09708568117331,0.6328914141414141,44.45465686274511,1022.1813725490214,30.9751931075461,0
2964,4,1,0,39,0.02564102564102564,0.0,1.0,39,1350,1100,250,0.8148148148148148,16,11,5,358.02112819234276,0.44767768780926676,0.2429488669897879,0.20836926554198468,131084.19075963722,1586.181972789122,132670.37273242633,1531,0,189.87179487179486,34,5,22,34.822328140742464,0.6354166666666667,43.98809523809524,1024.0476190476193,30.119047619047624,0
2965,4,0,0,39,0.0,0.0,1.0,39,950,600,350,0.631578947368421,13,6,7,355.78209633805477,0.44691857849752586,0.24210730195622743,0.2075596568806075,131175.639526644,1533.9888038548793,132709.62833049888,1532,1,190.87179487179486,34,5,22,34.787187681580484,0.6363357843137255,43.898809523809526,1024.404761904762,30.12955182072829,0
2966,4,0,0,39,0.0,0.0,1.0,39,1650,1200,450,0.7272727272727273,21,12,9,356.25397449885514,0.4466655420602789,0.23940614330286825,0.2090056627389497,131390.93888168014,1561.7974150444466,132952.7362967246,1533,2,191.87179487179486,33,6,22,34.55753446489759,0.6407828282828283,43.68872549019608,1025.2450980392157,31.068033273915628,0
2967,4,0,0,39,0.0,0.0,1.0,39,1650,1200,450,0.7272727272727273,21,12,9,354.89586230239183,0.4457377417903734,0.23690923511776307,0.20941106800971993,131610.9057363754,1541.6331759419495,133152.53891231734,1534,3,192.87179487179486,33,6,17,34.37027250288627,0.6429924242424243,43.474264705882355,1026.1029411764705,31.094028520499105,0
2968,4,0,0,39,0.0,0.0,1.0,39,1350,900,450,0.6666666666666666,18,9,9,369.15289256198315,0.44537224471435,0.24442890442890408,0.2071776437847867,129672.49657064493,1773.7954389574977,131446.29200960242,1535,4,193.87179487179486,35,4,18,35.97064393939393,0.6190476190476191,45.37037037037038,1018.5185185185202,29.100529100529148,8
2969,4,1,2,38,0.025,0.05,0.95,40,1100,800,300,0.7272727272727273,14,8,6,364.4895868086403,0.44603365384615384,0.23348363393453564,0.19557021915861453,127888.11404309717,1333.2795696096503,129221.39361270682,1536,0,190.0,36,4,19,37.9114710903288,0.5989583333333333,47.12837837837838,1011.4864864864867,28.09684684684685,8
2970,4,0,0,38,0.0,0.0,1.0,38,1150,700,450,0.6086956521739131,16,7,9,377.07309845820805,0.44542733522996686,0.21408966148215924,0.20302507222405008,128027.37054183825,2055.1354595336215,130082.50600137186,1224,1,157.39473684210526,35,3,19,37.450442207990235,0.6023809523809525,46.99074074074075,1012.037037037038,28.915343915343943,0
2971,4,2,1,39,0.05,0.025,0.975,40,950,300,650,0.3157894736842105,16,3,13,352.70208163798816,0.447008547008547,0.200051334702259,0.1929954087165172,128672.41753472228,1076.605902777789,129749.02343750007,1225,0,150.475,37,3,15,37.408025325119795,0.6050112612612613,46.35416666666667,1014.5833333333338,27.421171171171185,0
2972,4,0,0,39,0.0,0.0,1.0,39,750,500,250,0.6666666666666666,10,5,5,360.1074876440715,0.4470872694556905,0.20340817186663473,0.19627165973046165,128515.36502718956,1455.8690447204197,129971.23407190997,1226,1,155.33333333333334,36,3,15,37.38060861839182,0.6053240740740741,46.50900900900902,1013.9639639639656,28.165665665665713,0
2973,4,1,1,39,0.025,0.025,0.975,40,1450,1200,250,0.8275862068965517,17,12,5,353.3421343571132,0.4473691239316239,0.2051295896328298,0.19429620927237942,128867.17547706995,1106.8405663281105,129974.01604339806,1227,0,152.425,37,3,16,37.193124550036,0.6069819819819819,46.16228070175439,1015.350877192983,27.44191559981035,0
2974,4,0,0,39,0.0,0.0,1.0,39,1450,1100,350,0.7586206896551724,18,11,7,355.3817428596146,0.44680611785874946,0.2148978396483383,0.1956552232666671,128915.32368517178,1362.8304825095493,130278.15416768134,1228,1,156.3846153846154,36,3,17,37.09225068381753,0.609375,46.11486486486487,1015.5405405405415,28.209459459459488,0
2975,4,1,0,40,0.025,0.0,1.0,40,1450,1200,250,0.8275862068965517,17,12,5,344.82993642915915,0.4482371794871795,0.205773914968999,0.19177980208301532,129315.90374157966,918.7160133106374,130234.6197548903,1229,0,153.45,36,4,18,36.9524099498081,0.6134259259259259,45.720720720720735,1017.1171171171192,28.25325325325331,0
2976,4,1,2,39,0.024390243902439025,0.04878048780487805,0.9512195121951219,41,1100,800,300,0.7272727272727273,14,8,6,339.5632475336474,0.44890752032520326,0.2134330082000775,0.1909940493996763,129759.37307633122,612.3028239458322,130371.67590027706,1230,0,150.6829268292683,37,4,15,36.63590543836992,0.615990990990991,45.28508771929825,1018.8596491228074,27.536747273589388,0
2977,4,0,0,39,0.0,0.0,1.0,39,650,300,350,0.46153846153846156,10,3,7,354.2644164777843,0.4474527665317139,0.21361787729041848,0.19807727545595144,129525.1833231526,1377.2326978309504,130902.41602098355,1231,1,149.10256410256412,35,4,15,36.49954993367444,0.6175595238095238,45.515046296296305,1017.9398148148161,29.083994708994748,0
2978,4,0,0,39,0.0,0.0,1.0,39,1100,700,400,0.6363636363636364,15,7,8,355.65589468609977,0.4469748088169141,0.21723160877321868,0.19900440519458878,129554.63927469142,1415.3742283950687,130970.01350308649,1232,2,150.10256410256412,35,4,15,36.43417462482947,0.6178571428571429,45.486111111111114,1018.0555555555561,29.087301587301603,0
2979,4,0,0,39,0.0,0.0,1.0,39,1600,1200,400,0.75,20,12,8,359.4414543264707,0.44615946918578503,0.21267893660531723,0.20203088639729216,129731.4453125,1526.171875,131257.6171875,1233,3,151.10256410256412,35,4,16,36.1579754601227,0.6196428571428572,45.3125,1018.75,29.107142857142858,0
2980,4,0,1,38,0.0,0.02564102564102564,0.9743589743589743,39,1300,900,400,0.6923076923076923,17,9,8,358.59392635808746,0.445119208277103,0.20955358936510304,0.20231497177678892,129878.87577428405,1514.7552029749554,131393.63097725902,1234,4,152.10256410256412,35,4,16,36.0296970213088,0.6211309523809524,45.16782407407407,1019.3287037037031,29.123677248677232,0
2981,4,0,1,37,0.0,0.02631578947368421,0.9736842105263158,38,650,400,250,0.6153846153846154,9,4,5,369.03468643549667,0.4425379326695116,0.216029267092966,0.20782479709788484,129807.25623582759,1980.6760204081552,131787.93225623574,1235,5,156.8684210526316,34,4,16,35.8364972741433,0.6225490196078431,45.238095238095234,1019.0476190476185,29.97198879551819,0
2982,4,0,0,37,0.0,0.0,1.0,37,1650,1400,250,0.8484848484848485,19,14,5,381.594871734362,0.4398148148148148,0.2232232232232234,0.21499613505033566,129825.09731833906,2508.1182718185282,132333.21559015758,1236,6,161.64864864864865,33,4,17,35.49833654000321,0.625,45.220588235294116,1019.1176470588232,30.88235294117646,0
2983,4,0,0,37,0.0,0.0,1.0,37,750,600,150,0.8,9,6,3,381.06956076136,0.4396271271271271,0.21885490155298992,0.2148715618204903,129856.32216274997,2496.8583297289615,132353.18049247895,1237,7,162.64864864864865,33,4,17,35.47991563464391,0.6253156565656566,45.18995098039216,1019.240196078432,30.88606654783127,0
2984,4,0,0,37,0.0,0.0,1.0,37,1250,1000,250,0.8,15,10,5,386.8211287065577,0.4402527527527527,0.19024797993870202,0.20616290925569275,127617.73003472213,2473.0468749999895,130090.77690972212,1238,8,163.64864864864865,35,2,17,37.6245704467354,0.5982142857142857,47.39583333333333,1010.4166666666658,28.869047619047596,8
2985,4,0,0,37,0.0,0.0,1.0,37,1050,600,450,0.5714285714285714,15,6,9,391.84478337410866,0.43968968968968974,0.19867680824859635,0.2094475115048633,127734.7032000172,2610.435420953366,130345.13862097057,1239,9,164.64864864864865,35,2,18,37.37739485535456,0.5994047619047619,47.280092592592595,1010.8796296296301,28.882275132275147,0
2986,4,1,0,38,0.02631578947368421,0.0,1.0,38,1050,800,250,0.7619047619047619,13,8,5,384.0220440212273,0.4395448079658606,0.19748843744511446,0.20722438029716897,128116.02776763253,2239.8757710413165,130355.90353867385,1240,0,161.28947368421052,36,2,20,37.18367630700778,0.6012731481481481,46.903153153153156,1012.3873873873877,28.12187187187188,0
2987,4,1,0,39,0.02564102564102564,0.0,1.0,39,1450,1000,450,0.6896551724137931,19,10,9,364.52803339530857,0.44334795321637427,0.16963567406045343,0.19026745162402986,126771.27707315239,1446.9180926852446,128218.19516583763,1241,0,158.12820512820514,35,4,21,39.05741198329694,0.5895833333333333,48.2349537037037,1007.0601851851848,28.773148148148135,8
2988,4,1,0,40,0.025,0.0,1.0,40,1200,900,300,0.75,15,9,6,355.6749743009411,0.44427083333333334,0.1689242685025818,0.18752010895539653,127179.55789448318,1047.3224236968663,128226.88031818005,1242,0,155.15,35,5,22,38.86080034423409,0.59375,47.82986111111112,1008.6805555555568,28.81944444444448,0
2989,4,2,0,42,0.047619047619047616,0.0,1.0,42,1450,900,550,0.6206896551724138,20,9,11,344.90044072215557,0.44860627177700346,0.18739933093792582,0.1849628875128583,127867.13219452146,420.2860495537186,128287.41824407518,1243,0,148.71428571428572,37,5,19,38.428284908933236,0.5968468468468469,47.14912280701755,1011.4035087719303,27.335229966808928,0
2990,4,2,0,44,0.045454545454545456,0.0,1.0,44,1200,1000,200,0.8333333333333334,14,10,4,334.04580329830503,0.45207892882311485,0.2036015574302399,0.18189561232603813,128477.80687326864,-215.90441289628,128261.90246037235,1244,0,142.9090909090909,37,7,17,38.07952988679789,0.6030405405405406,46.546052631578945,1013.8157894736838,27.400426742531995,0
2991,4,1,0,45,0.022222222222222223,0.0,1.0,45,900,600,300,0.6666666666666666,12,6,6,327.3776160368653,0.45290404040404036,0.20676328502415453,0.17944373772268793,128740.17373666806,-570.669766783557,128169.5039698845,1245,0,140.7111111111111,38,7,18,37.98141032389373,0.6038925438596492,46.28739316239316,1014.8504273504268,26.706590193432284,0
2992,4,0,1,44,0.0,0.022222222222222223,0.9777777777777777,45,1000,600,400,0.6,14,6,8,329.97264048932993,0.4516624579124579,0.20243671715617606,0.18164332423096977,128910.32036675338,-492.62424045139437,128417.69612630199,1246,1,141.7111111111111,39,6,19,37.74243939549357,0.6038995726495726,46.119791666666664,1015.5208333333326,26.038995726495706,0
2993,4,0,0,44,0.0,0.0,1.0,44,1300,700,600,0.5384615384615384,19,7,12,335.70937998843505,0.4501409443269908,0.20087675662231086,0.18451395245980876,128848.62075617259,-148.8618827160764,128699.7588734565,1247,2,145.8409090909091,38,6,19,37.65959872321021,0.6049890350877193,46.18055555555554,1015.2777777777758,26.717836257309887,0
2994,4,1,2,43,0.022222222222222223,0.044444444444444446,0.9555555555555556,45,1400,1000,400,0.7142857142857143,18,10,8,333.09429031086853,0.45269360269360265,0.20309261916148547,0.18446844976466814,129148.44292534704,-396.27821180557623,128752.16471354147,1248,0,143.57777777777778,39,6,20,37.42100498736079,0.6063034188034189,45.88541666666666,1016.4583333333319,26.063034188034152,0
2995,4,1,0,44,0.022727272727272728,0.0,1.0,44,1250,500,750,0.4,20,5,15,344.4214433431632,0.45364252995066945,0.21702536428563812,0.1911438302530188,129231.64859693882,102.07358985261192,129333.72218679143,1249,0,146.5681818181818,34,10,21,37.04850134644655,0.6167279411764706,45.80357142857143,1016.7857142857147,29.90546218487396,0
2996,4,1,2,43,0.022222222222222223,0.044444444444444446,0.9555555555555556,45,1150,800,350,0.6956521739130435,15,8,7,337.1747539899571,0.45343013468013466,0.2239656370412484,0.1885220573008056,129525.18332315245,-265.4756355023977,129259.70768765005,1250,0,144.2888888888889,35,10,15,36.93445613037711,0.6175595238095238,45.5150462962963,1017.939814814815,29.083994708994716,0
2997,4,1,2,42,0.022727272727272728,0.045454545454545456,0.9545454545454546,44,1450,1000,450,0.6896551724137931,19,10,9,374.93326259731833,0.45237623326286114,0.3093457553475938,0.19611893735859726,126858.71056241421,744.2205986368259,127602.93116105103,1251,0,147.27272727272728,35,9,17,38.70538449754902,0.5904761904761905,48.148148148148145,1007.407407407407,28.783068783068774,8
2998,4,0,0,42,0.0,0.0,1.0,42,1450,1000,450,0.6896551724137931,19,10,9,384.04118320760693,0.4514372822299652,0.325529975695382,0.20114632268992486,126912.0181405896,1347.8883219954655,128259.90646258506,1252,1,154.14285714285714,34,8,18,38.42105781348455,0.5931372549019608,48.095238095238095,1007.6190476190479,29.635854341736703,0
2999,4,3,0,45,0.06666666666666667,0.0,1.0,45,1250,900,350,0.72,16,9,7,389.1223532839125,0.45782828282828286,0.33745918328147195,0.19966970191865793,126072.89422850209,1125.1865012658664,127198.08072976796,1253,0,144.8,35,10,18,39.15967980484805,0.5824404761904762,48.92939814814814,1004.2824074074064,28.693783068783038,8
3000,4,1,0,46,0.021739130434782608,0.0,1.0,46,900,700,200,0.7777777777777778,11,7,4,383.6508697814968,0.4592491948470209,0.33570666982584996,0.19898229113879193,126512.22160905265,507.30477166049457,127019.52638071314,1254,0,142.6304347826087,37,9,18,38.843210717529495,0.5830518018018018,48.4923245614035,1006.0307017543848,27.190018966334726,0
3001,4,1,1,46,0.02127659574468085,0.02127659574468085,0.9787234042553191,47,850,500,350,0.5882352941176471,12,5,7,380.5769508958344,0.4607423681776133,0.3456922170849106,0.19902718080958498,126849.74163790247,255.2175788954405,127104.9592167979,1255,0,140.5744680851064,38,9,19,38.57248912928202,0.584703947368421,48.15705128205127,1007.371794871793,26.5097840755735,0
3002,4,0,1,45,0.0,0.021739130434782608,0.9782608695652174,46,1900,1300,600,0.6842105263157895,25,13,12,384.581317631726,0.4591988727858293,0.3482874135899736,0.20136283348820067,126898.60251471573,560.5663521467811,127459.16886686251,1256,1,144.3913043478261,37,9,19,38.42127815866797,0.5869932432432432,48.10855263157893,1007.5657894736815,27.231507823613015,0
3003,4,1,1,45,0.021739130434782608,0.021739130434782608,0.9782608695652174,46,1300,900,400,0.6923076923076923,17,9,8,381.23724007561475,0.4594806763285024,0.3435444234404541,0.20111138811328266,127202.60080024599,499.02097279929535,127701.62177304528,1257,0,139.2826086956522,37,9,20,38.192481884057976,0.5900900900900901,47.80701754385964,1008.7719298245595,27.26410621147458,0
3004,4,3,4,44,0.0625,0.08333333333333333,0.9166666666666666,48,1600,1300,300,0.8125,19,13,6,368.9051563313582,0.46045729905437355,0.3384890789202568,0.19738662885072497,127775.65646701348,-172.5802951389286,127603.07617187455,1258,0,134.125,39,9,16,37.915121230853764,0.5924145299145299,47.239583333333314,1011.0416666666633,25.924145299145213,0
3005,4,0,1,43,0.0,0.022727272727272728,0.9772727272727273,44,1500,1100,400,0.7333333333333333,19,11,8,401.5977286319257,0.4561200669485553,0.3616176685375678,0.21157935957065302,127150.3732103052,1412.6602151920456,128563.03342549725,1259,2,147.22727272727272,35,9,20,37.732862826103585,0.593452380952381,47.8587962962963,1008.5648148148148,28.816137566137566,0
3006,4,2,1,44,0.044444444444444446,0.022222222222222223,0.9777777777777777,45,1150,700,450,0.6086956521739131,16,7,9,401.2696275975463,0.4556607744107744,0.3866507574935818,0.2144524461925671,127728.54538175219,1250.7171677824076,128979.2625495346,1260,0,144.66666666666666,37,8,19,37.14554633546661,0.5954391891891893,47.28618421052632,1010.8552631578957,27.320412517780966,0
3007,4,1,1,44,0.022222222222222223,0.022222222222222223,0.9777777777777777,45,1350,900,450,0.6666666666666666,18,9,9,401.32677564555576,0.45444023569023567,0.3900051780402922,0.2156693161841318,127950.32035097339,1269.9779018544164,129220.29825282781,1261,0,145.48888888888888,37,8,21,36.91600285394314,0.5976914414414414,47.06688596491228,1011.7324561403509,27.3441204362257,0
3008,4,1,1,44,0.022222222222222223,0.022222222222222223,0.9777777777777777,45,1600,1100,500,0.6875,21,11,10,398.09964008132715,0.4545244107744108,0.39540554379264026,0.21670115323477818,128464.33280086226,1229.2046156269557,129693.53741648921,1262,0,145.42222222222222,32,13,17,36.46988001826712,0.6136067708333333,46.55934343434344,1013.7626262626271,31.680082070707098,0
3009,4,0,0,44,0.0,0.0,1.0,44,1050,600,450,0.5714285714285714,15,6,9,408.4576818936152,0.45391781183932345,0.4022005097706032,0.22162764686925368,128336.36435376495,1683.994777318645,130020.35913108359,1263,2,149.72727272727272,32,12,21,36.338785046728965,0.6123046875,46.68560606060606,1013.257575757576,31.66429924242425,0
3010,4,1,0,45,0.022222222222222223,0.0,1.0,45,900,700,200,0.7777777777777778,11,7,4,407.3136805960313,0.4538299663299663,0.4182132657576123,0.22427963263118353,128921.21006644079,1502.2745158112275,130423.48458225201,1264,0,147.37777777777777,33,12,19,35.76774365472024,0.6158459595959596,46.10906862745098,1015.5637254901961,30.77465834818776,0
3011,4,1,0,46,0.021739130434782608,0.0,1.0,46,1300,900,400,0.6923076923076923,17,9,8,396.4260010066216,0.45438808373590983,0.41151812058119464,0.22020533910823012,129267.586602105,1049.9188427189922,130317.505444824,1265,0,145.15217391304347,31,15,20,35.68982074263765,0.6243279569892473,45.768229166666664,1016.927083333333,32.804099462365585,0
3012,4,1,1,46,0.02127659574468085,0.02127659574468085,0.9787234042553191,47,1400,900,500,0.6428571428571429,19,9,10,386.22185984162763,0.4547486894850447,0.41456932690026105,0.21735079560125048,129779.68606519733,624.750344352605,130404.43640954993,1266,0,143.04255319148936,32,15,19,35.42673482032218,0.626953125,45.26515151515151,1018.9393939393931,31.841856060606034,0
3013,4,0,0,46,0.0,0.0,1.0,46,1500,1300,200,0.8666666666666667,17,13,4,389.48986182984504,0.45450885668276975,0.4103779173083757,0.21991196814085104,129908.37191358031,919.5987654321069,130827.97067901242,1267,1,141.32608695652175,32,14,19,35.21230699364215,0.6282552083333333,45.13888888888889,1019.4444444444449,31.857638888888903,0
3014,4,1,0,47,0.02127659574468085,0.0,1.0,47,1500,1000,500,0.6666666666666666,20,10,10,379.4224216115311,0.4556737588652482,0.4081223562093561,0.2167209425137053,130359.27456382023,492.72857999186283,130852.0031438121,1268,0,139.29787234042553,32,15,20,35.0102002967359,0.6328125,44.69696969696971,1021.212121212123,31.912878787878842,0
3015,4,0,1,46,0.0,0.02127659574468085,0.9787234042553191,47,1600,1300,300,0.8125,19,13,6,381.7870132562048,0.4552112241751465,0.411582376153808,0.2189796100838036,130520.50053884825,566.2064138863623,131086.70695273462,1269,1,140.29787234042553,32,15,19,34.785977593805356,0.6344401041666667,44.539141414141426,1021.8434343434358,31.932607323232368,0
3016,4,0,1,45,0.0,0.021739130434782608,0.9782608695652174,46,1250,800,450,0.64,17,8,9,372.05710261391664,0.45482085346215784,0.3466502173431132,0.20542834637593338,129029.71172185677,414.6915717835835,129444.40329364035,1270,2,142.82608695652175,36,10,19,36.55208564250351,0.6105324074074074,46.00225225225224,1015.9909909909893,28.221971971971925,8
3017,4,0,0,45,0.0,0.0,1.0,45,1000,500,500,0.5,15,5,10,381.17028270874437,0.4531355218855219,0.3586096866096866,0.20996668115312173,128936.76757812488,829.3728298610968,129766.14040798598,1271,5,146.95555555555555,35,10,19,36.41559829059828,0.6116071428571428,46.09374999999999,1015.6249999999991,29.017857142857117,0
3018,4,1,0,46,0.021739130434782608,0.0,1.0,46,1350,1000,350,0.7407407407407407,17,10,7,372.15981771831633,0.45386473429951696,0.36222653004707883,0.2076160607474261,129436.83556241417,434.5090931498555,129871.34465556403,1272,0,144.7391304347826,35,11,16,36.134175007582655,0.6166666666666667,45.60185185185185,1017.5925925925918,29.07407407407405,0
3019,4,0,1,45,0.0,0.021739130434782608,0.9782608695652174,46,1700,1000,700,0.5882352941176471,24,10,14,370.3965649771354,0.45415660225442833,0.35865116554955834,0.2072524291055267,129554.63927469119,397.31867283948316,129951.95794753067,1273,1,145.7391304347826,35,11,16,36.059004092769435,0.6178571428571429,45.4861111111111,1018.0555555555541,29.087301587301546,0
3020,4,1,0,46,0.021739130434782608,0.0,1.0,46,1550,1100,450,0.7096774193548387,20,11,9,362.44794688170225,0.45310990338164253,0.34489680275832924,0.20484417672078215,129946.6421658144,219.7787314341278,130166.42089724852,1274,0,140.04347826086956,36,10,17,35.862602164789045,0.6197916666666667,45.10135135135135,1019.5945945945941,28.32207207207206,0
3021,4,0,1,45,0.0,0.021739130434782608,0.9782608695652174,46,950,500,450,0.5263157894736842,14,5,9,360.2136009327433,0.45271739130434785,0.33995663389285524,0.2043553257974539,130094.74068944292,172.37900123114548,130267.11969067407,1275,1,141.04347826086956,37,9,18,35.7691136428776,0.6193693693693694,44.95614035087719,1020.1754385964914,27.572309151256526,0
3022,4,1,0,46,0.021739130434782608,0.0,1.0,46,1700,1400,300,0.8235294117647058,20,14,6,361.1183082917618,0.4529287439613527,0.3391098821023526,0.20545777589118072,130206.62607725445,203.99930747921485,130410.62538473366,1276,0,141.54347826086956,37,9,19,35.63243088382754,0.6204954954954955,44.84649122807017,1020.6140350877185,27.58416311047888,0
3023,4,2,1,47,0.041666666666666664,0.020833333333333332,0.9791666666666666,48,1200,500,700,0.4166666666666667,19,5,14,348.8443081297796,0.45410387115839246,0.3521259813632689,0.2018853110616038,130866.81909950501,-469.53493802722437,130397.28416147779,1277,0,136.60416666666666,36,12,19,35.27702876219825,0.6290509259259259,44.200450450450454,1023.1981981981991,28.422172172172196,0
3024,4,0,1,46,0.0,0.02127659574468085,0.9787234042553191,47,1300,800,500,0.6153846153846154,18,8,10,362.05171581781514,0.451800030835646,0.35978889458446783,0.20962011915817289,130883.6232880014,77.32807677467923,130960.95136477608,1278,1,140.48936170212767,35,12,19,34.92216661011199,0.63125,44.18402777777777,1023.2638888888878,29.23611111111108,0
3025,4,1,0,47,0.02127659574468085,0.0,1.0,47,1150,600,550,0.5217391304347826,17,6,11,354.8838288201528,0.4507786000616713,0.34899137334156727,0.20692457095821204,131155.04017531034,-91.03943470499112,131064.00074060535,1279,0,139.4468085106383,36,11,21,34.831015464673115,0.6319444444444444,43.91891891891891,1024.3243243243235,28.45345345345343,0
3026,4,0,1,46,0.0,0.02127659574468085,0.9787234042553191,47,1700,1200,500,0.7058823529411765,22,12,10,356.13744342895575,0.450354609929078,0.3481947732919479,0.20875203783218155,131356.98356718183,-43.77193916891966,131313.2116280129,1280,1,140.4468085106383,36,11,21,34.594822219781015,0.6339699074074074,43.72184684684684,1025.112612612611,28.475350350350304,0
3027,4,0,0,46,0.0,0.0,1.0,46,1450,1000,450,0.6896551724137931,19,10,9,360.0391140713077,0.4490539452495974,0.33977792068175017,0.21104344363531236,131357.7852393046,258.78812478565453,131616.57336409023,1281,2,143.34782608695653,35,11,21,34.49402073689361,0.6360119047619048,43.72106481481481,1025.1157407407397,29.289021164021136,0
3028,4,0,1,45,0.0,0.021739130434782608,0.9782608695652174,46,1200,600,600,0.5,18,6,12,359.82111513967743,0.4489432367149759,0.3323331844967936,0.21157099543813404,131476.45968632106,261.6012677897709,131738.06095411084,1282,3,144.34782608695653,35,11,21,34.379702253319785,0.637202380952381,43.60532407407407,1025.578703703703,29.302248677248656,0
3029,4,0,0,45,0.0,0.0,1.0,45,1600,1200,400,0.75,20,12,8,371.6366851083016,0.4476010101010101,0.3376756066411237,0.21819405377217477,131419.65880102053,768.0732709750696,132187.7320719956,1283,4,148.0888888888889,34,11,21,34.13420604512559,0.6387867647058824,43.66071428571429,1025.3571428571438,30.157563025210113,0
3030,4,0,0,45,0.0,0.0,1.0,45,1000,600,400,0.6,14,6,8,376.6693216995817,0.4470538720538721,0.33858651502843196,0.22185642823549537,131541.75347222228,909.5486111111218,132451.3020833334,1284,5,149.0888888888889,34,11,21,33.88166802057947,0.6400122549019608,43.54166666666667,1025.833333333334,30.171568627451,0
3031,4,0,0,45,0.0,0.0,1.0,45,1000,700,300,0.7,13,7,6,377.3100172720289,0.4468434343434344,0.3375075737066686,0.22258966727362203,131602.8220663266,931.0126133786921,132533.8346797053,1285,6,150.0888888888889,34,11,18,33.80346714622733,0.640625,43.48214285714286,1026.0714285714291,30.178571428571445,0
3032,4,1,0,46,0.021739130434782608,0.0,1.0,46,1250,800,450,0.64,17,8,9,365.77794010226444,0.4464975845410628,0.3293184488836658,0.2182868352223191,132040.89506172843,459.5293209876575,132500.4243827161,1286,0,147.80434782608697,35,11,19,33.6570945945946,0.6428571428571428,43.05555555555556,1027.777777777778,29.365079365079374,0
3033,4,0,1,45,0.0,0.021739130434782608,0.9782608695652174,46,1350,900,450,0.6666666666666666,18,9,9,362.78113817105327,0.4461654589371981,0.3180136805331295,0.2175218079479071,132219.3889853397,393.34008487656797,132612.72907021627,1287,1,148.80434782608697,35,11,19,33.55418636056719,0.6446428571428571,42.88194444444446,1028.4722222222238,29.38492063492068,0
3034,4,0,0,45,0.0,0.0,1.0,45,1850,1500,350,0.8108108108108109,22,15,7,365.8025053247371,0.445496632996633,0.3204434669650549,0.21930380593340773,132214.28748582775,672.863520408173,132887.15100623592,1288,2,152.93333333333334,34,11,20,33.48164332291545,0.6467524509803921,42.886904761904766,1028.4523809523816,30.24859943977593,0
3035,4,0,0,45,0.0,0.0,1.0,45,1350,1100,250,0.8148148148148148,16,11,5,363.6170880303288,0.44507575757575757,0.3185226860707904,0.21819480495108262,132249.1496940373,617.6101412465857,132866.75983528388,1289,3,153.93333333333334,35,10,20,33.50270526236826,0.6449404761904762,42.85300925925927,1028.5879629629637,29.388227513227534,0
3036,4,1,1,45,0.021739130434782608,0.021739130434782608,0.9782608695652174,46,1350,1000,350,0.7407407407407407,17,10,7,351.94210601622217,0.4453502415458937,0.3018683095804606,0.2132016883211958,132606.5394188317,134.048675411553,132740.58809424326,1290,0,151.56521739130434,35,11,21,33.443481477319565,0.6485119047619048,42.50578703703705,1029.976851851854,29.427910052910114,0
3037,4,0,0,45,0.0,0.0,1.0,45,1300,900,400,0.6923076923076923,17,9,8,359.55986395670493,0.444949494949495,0.3066240057566525,0.21696539732265396,132459.27047902512,525.4074546485438,132984.67793367367,1291,1,155.26666666666668,34,11,21,33.395493620138,0.649203431372549,42.64880952380953,1029.4047619047633,30.276610644257744,0
3038,4,0,0,45,0.0,0.0,1.0,45,1750,1400,350,0.8,21,14,7,360.96186675883143,0.44465488215488214,0.3091693635382957,0.21870042515388044,132612.50000000012,573.6111111111256,133186.11111111124,1292,2,156.26666666666668,34,11,21,33.20523193096009,0.6507352941176471,42.50000000000001,1030.000000000001,30.29411764705885,0
3039,4,0,0,45,0.0,0.0,1.0,45,1300,800,500,0.6153846153846154,18,8,10,358.9387260079809,0.4438131313131313,0.30307465177482507,0.21800804727011058,132704.48022959195,526.5554138322125,133231.03564342417,1293,3,157.26666666666668,34,11,18,33.164837280955126,0.6516544117647058,42.41071428571429,1030.3571428571438,30.304621848739522,0
3040,4,0,2,43,0.0,0.044444444444444446,0.9555555555555556,45,1850,1500,350,0.8108108108108109,22,15,7,358.7928778503969,0.4433922558922559,0.30129616796283454,0.21845490410891258,132796.49234693873,529.2871315192695,133325.779478458,1294,4,158.26666666666668,34,11,18,33.076104951104945,0.6525735294117647,42.32142857142857,1030.7142857142853,30.315126050420158,0
3041,4,0,0,43,0.0,0.0,1.0,43,950,500,450,0.5263157894736842,14,5,9,376.29488597983413,0.44296788482835,0.3106894644720266,0.22806936700025907,132625.50536935005,1381.2598841954893,134006.76525354554,1295,9,164.88372093023256,32,11,19,32.79730530358748,0.6555989583333333,42.48737373737374,1030.0505050505049,32.18907828282828,0
3042,4,0,0,43,0.0,0.0,1.0,43,1400,1100,300,0.7857142857142857,17,11,6,373.3503374189323,0.4422065337763012,0.30718690374139257,0.22719799838590599,132776.64389898116,1314.4409602076046,134091.08485918876,1296,10,165.88372093023256,33,10,19,32.72096710265554,0.6546717171717171,42.3406862745098,1030.6372549019607,31.23143196672608,0
3043,4,0,0,43,0.0,0.0,1.0,43,950,700,250,0.7368421052631579,12,7,5,358.4667414933837,0.44202196382428943,0.2778058645096053,0.20611837635869565,130617.28395061727,766.2076418257922,131383.49159244305,1297,11,166.88372093023256,35,8,15,35.28362771739131,0.6285714285714286,44.44444444444444,1022.2222222222222,29.206349206349206,8
3044,4,0,1,42,0.0,0.023255813953488372,0.9767441860465116,43,1550,1300,250,0.8387096774193549,18,13,5,356.87373826280856,0.4422526762643042,0.2760588291029302,0.2058313545228575,130735.62349965704,731.2221364883399,131466.8456361454,1298,12,167.88372093023256,35,8,16,35.20446657612797,0.6297619047619047,44.3287037037037,1022.685185185185,29.219576719576715,0
3045,4,0,1,41,0.0,0.023809523809523808,0.9761904761904762,42,850,800,50,0.9411764705882353,9,8,1,355.46364734546796,0.4426175958188154,0.2638870932988582,0.20564781691976028,130854.0166323731,902.7692043895734,131756.78583676266,1299,13,170.1904761904762,35,7,16,35.120663650075414,0.6309523809523809,44.21296296296296,1023.148148148148,29.23280423280423,0
3046,4,0,0,41,0.0,0.0,1.0,41,750,600,150,0.8,9,6,3,393.8066296610743,0.44184451219512194,0.25934231227586046,0.22454869296964008,130292.12648158855,2062.8379790380504,132354.9644606266,1300,23,175.02439024390245,35,6,16,34.71131863356384,0.625297619047619,44.762731481481474,1020.9490740740732,29.16997354497352,8
3047,4,0,0,41,0.0,0.0,1.0,41,1350,900,450,0.6666666666666666,18,9,9,392.3532274321451,0.4410315040650406,0.25968728755948334,0.22457260605162835,130439.87509645053,2035.701195987642,132475.57629243817,1301,24,176.02439024390245,35,6,17,34.5980625424881,0.6267857142857143,44.61805555555555,1021.527777777777,29.186507936507915,0
3048,4,1,0,42,0.023809523809523808,0.0,1.0,42,1200,700,500,0.5833333333333334,17,7,10,384.3436377588113,0.44242402245451024,0.25712659774781144,0.22127177471225415,130665.25298524875,1644.0717322051755,132309.3247174539,1302,0,172.8095238095238,36,6,15,34.57360392113669,0.627025462962963,44.39752252252252,1022.4099099099099,28.400275275275273,0
3049,4,0,0,42,0.0,0.0,1.0,42,1100,700,400,0.6363636363636364,15,7,8,382.75655456150895,0.44224254742547425,0.2530574784980073,0.22052217737427052,130694.0386332279,1604.7999857966154,132298.83861902452,1303,1,173.8095238095238,36,6,15,34.58493942731277,0.6273148148148149,44.36936936936937,1022.5225225225231,28.40340340340342,0
3050,4,0,1,41,0.0,0.023809523809523808,0.9761904761904762,42,1350,800,550,0.5925925925925926,19,8,11,380.9955682191728,0.44246031746031744,0.21949448565485308,0.2038938475668203,127783.17920918383,1378.7540384427675,129161.9332476266,1304,2,174.8095238095238,34,8,14,37.601799521174314,0.6020220588235294,47.23214285714287,1011.0714285714298,29.73739495798323,8
3051,4,0,0,41,0.0,0.0,1.0,41,1350,800,550,0.5925925925925926,19,8,11,383.66232504362875,0.44341971544715447,0.20327882026760946,0.20609117814290515,127933.68055555571,1616.6666666666854,129550.3472222224,1305,3,177.14634146341464,34,7,15,37.379873695771565,0.6035539215686274,47.08333333333334,1011.6666666666679,29.75490196078435,0
3052,4,0,1,40,0.0,0.024390243902439025,0.975609756097561,41,1200,900,300,0.75,15,9,6,384.35048324002923,0.44275914634146346,0.19613701662528027,0.2077055406886717,128174.66695011359,1652.799036281207,129827.4659863948,1306,4,178.14634146341464,34,7,17,37.115222587977115,0.6060049019607843,46.84523809523811,1012.6190476190493,29.782913165266155,0
3053,4,0,1,39,0.0,0.025,0.975,40,850,600,250,0.7058823529411765,11,6,5,387.330312993216,0.44065170940170945,0.18199177438307879,0.2099478320746668,128295.24518140596,1938.527494331077,130233.77267573704,1307,5,174.85,34,6,18,36.91612808460635,0.6072303921568627,46.72619047619048,1013.0952380952386,29.79691876750702,0
3054,4,1,0,40,0.025,0.0,1.0,40,600,300,300,0.5,9,3,6,381.179802218894,0.4411858974358975,0.17992899894378644,0.20834080145652295,128627.12762188198,1806.0126133786737,130433.14023526065,1308,0,172.25,34,6,14,36.732044360990486,0.6106004901960784,46.39880952380952,1014.4047619047611,29.835434173669444,0
3055,4,0,0,40,0.0,0.0,1.0,40,1200,900,300,0.75,15,9,6,382.88284414478704,0.44131944444444443,0.1887536656891493,0.2099084402787339,128747.91843820874,1859.073837868496,130606.99227607723,1309,1,173.25,34,6,14,36.56524926686217,0.6118259803921569,46.27976190476191,1014.8809523809534,29.849439775910394,0
3056,4,3,2,41,0.06976744186046512,0.046511627906976744,0.9534883720930233,43,750,300,450,0.4,12,3,9,360.8858390975994,0.44855112587670726,0.18964887271828967,0.20158752866280022,129487.77113261927,746.8577814922063,130234.62891411147,1310,0,162.09302325581396,36,7,12,36.369126650438865,0.615162037037037,45.55180180180181,1017.7927927927941,28.272022022022057,0
3057,4,0,1,40,0.0,0.024390243902439025,0.975609756097561,41,1200,800,400,0.6666666666666666,16,8,8,362.9211261877842,0.4427845528455285,0.20642919106189672,0.19294840431406265,127518.18700034499,1055.8088071179375,128573.99580746292,1311,1,171.0,36,5,15,38.33040658564688,0.5951967592592593,47.49436936936937,1010.0225225225229,28.05618118118119,7
3058,4,2,0,42,0.047619047619047616,0.0,1.0,42,900,600,300,0.6666666666666666,12,6,6,362.9865526884112,0.4452187379016647,0.22705702731699295,0.19574134663664777,128089.02739304386,898.9188981224829,128987.94629116634,1312,0,167.85714285714286,37,5,18,37.74371750433275,0.5990990990990991,46.9298245614035,1012.2807017543847,27.358937885253642,0
3059,4,0,0,42,0.0,0.0,1.0,42,1600,1300,300,0.8125,19,13,6,361.3387775354243,0.445255032907472,0.2217200679893887,0.19540105991437573,128201.54772593532,864.8501296178929,129066.39785555321,1313,1,168.85714285714286,36,6,18,37.67027132213945,0.6021412037037037,46.81869369369369,1012.7252252252247,28.13125625625624,0
3060,4,1,0,43,0.023255813953488372,0.0,1.0,43,1550,1200,350,0.7741935483870968,19,12,7,356.82370670097697,0.44612864525655227,0.21968209596448385,0.19497791557535352,128616.7994599298,578.704625461659,129195.50408539145,1314,0,165.90697674418604,37,6,18,37.360262854466185,0.6044481981981982,46.408991228070164,1014.3640350877179,27.415244191559943,0
3061,4,1,2,42,0.022727272727272728,0.045454545454545456,0.9545454545454546,44,1650,1300,350,0.7878787878787878,20,13,7,355.6051578259309,0.4461218287526427,0.22751885376740755,0.1965229898943887,129065.6517664731,379.28229326466464,129444.93405973777,1315,0,163.11363636363637,38,6,19,36.9333315809764,0.6071820175438596,45.96688034188034,1016.1324786324789,26.740328385065233,0
3062,4,0,0,42,0.0,0.0,1.0,42,1450,1000,450,0.6896551724137931,19,10,9,359.5891838917393,0.44631968641114983,0.2378125867225802,0.198566947433901,129034.22807979389,879.8625538627361,129914.09063365663,1316,1,169.02380952380952,37,5,19,36.86416288941649,0.6086711711711712,45.99780701754386,1016.0087719298255,27.459696538643932,0
3063,4,1,0,43,0.023255813953488372,0.0,1.0,43,1250,900,350,0.72,16,9,7,351.06039386276484,0.4469592100406054,0.2284655281141812,0.19567123124923422,129401.82317029893,485.78741448740004,129887.61058478632,1317,0,166.06976744186048,36,7,21,36.70655783065854,0.6142939814814814,45.636261261261275,1017.454954954957,28.262637637637695,0
3064,4,2,1,44,0.044444444444444446,0.022222222222222223,0.9777777777777777,45,1100,900,200,0.8181818181818182,13,9,4,335.4696718564358,0.4490319865319865,0.23148924280525374,0.1896755064098236,129962.83512309149,-280.2820695448888,129682.5530535466,1318,0,159.64444444444445,38,7,17,36.5338607152836,0.6162280701754386,45.085470085470085,1019.6581196581193,26.833108412055772,0
3065,4,1,0,45,0.022222222222222223,0.0,1.0,45,1450,1000,450,0.6896551724137931,19,10,9,334.2799256505044,0.449726430976431,0.2327993578333858,0.1899290642408073,130153.54624379077,-298.4564476952162,129855.08979609555,1319,0,160.6,38,7,18,36.370973371025734,0.6181469298245614,44.89850427350428,1020.4059829059839,26.852789023841684,0
3066,4,0,2,43,0.0,0.044444444444444446,0.9555555555555556,45,1350,900,450,0.6666666666666666,18,9,9,336.0045384272059,0.4495580808080808,0.23522104748944472,0.19117637615218003,130208.06081753616,-249.90012510042624,129958.16069243573,1320,1,161.6,38,7,18,36.271764541679744,0.6186951754385965,44.84508547008548,1020.6196581196596,26.858412055780516,0
3067,4,0,0,43,0.0,0.0,1.0,43,1300,800,500,0.6153846153846154,18,8,10,349.4074562356596,0.4472591362126246,0.24100707742194993,0.19893785994481697,130234.60493853882,500.98840508618935,130735.593343625,1321,2,156.41860465116278,37,6,18,35.90286729688116,0.620777027027027,44.819078947368425,1020.7236842105267,27.587126600284506,0
3068,4,0,0,43,0.0,0.0,1.0,43,1550,1100,450,0.7096774193548387,20,11,9,347.88909172955323,0.44693613879660393,0.2402749372746631,0.19881951719051666,130380.7656035665,471.6152364307696,130852.38083999726,1322,3,157.41860465116278,35,8,19,35.79347990329405,0.6261904761904762,44.675925925925924,1021.2962962962961,29.179894179894173,0
3069,4,0,0,43,0.0,0.0,1.0,43,1600,1200,400,0.75,20,12,8,385.8952527293974,0.4467054263565891,0.27044887812635876,0.2154005805383306,129459.11864144579,1495.2698585096932,130954.38849995549,1323,4,158.41860465116278,36,7,15,35.762006196746704,0.6148726851851851,45.57995495495497,1017.6801801801826,28.26889389389396,6
3070,4,0,1,42,0.0,0.023255813953488372,0.9767441860465116,43,1450,1300,150,0.896551724137931,16,13,3,385.86343505892506,0.4465669988925803,0.26407680102044706,0.21632752902900593,129631.08114448936,1403.9788521630057,131035.05999665237,1324,5,159.41860465116278,36,7,15,35.58737881971322,0.6166087962962963,45.41103603603605,1018.3558558558581,28.287662662662726,0
3071,4,1,0,43,0.023255813953488372,0.0,1.0,43,1800,1200,600,0.6666666666666666,24,12,12,382.4604592890672,0.4481589147286822,0.27017323077318167,0.21631352022876377,129975.34855379054,1342.0863008278848,131317.43485461842,1325,0,160.11627906976744,36,7,17,35.323256027977195,0.6200810185185186,45.07319819819821,1019.7072072072093,28.325200200200257,0
3072,4,0,1,42,0.0,0.023255813953488372,0.9767441860465116,43,950,800,150,0.8421052631578947,11,8,3,381.98789664954927,0.4476282761166482,0.2709823514611258,0.2165235524312656,130061.4867401188,1336.3827509942666,131397.86949111306,1326,1,161.11627906976744,36,7,17,35.247617207624934,0.6209490740740741,44.98873873873875,1020.0450450450475,28.33458458458465,0
3073,4,1,0,43,0.023255813953488372,0.0,1.0,43,1300,700,600,0.5384615384615384,19,7,12,384.57208504875496,0.4469822812846069,0.27808954886851467,0.2187932709853651,130205.11379200149,1414.650419000086,131619.76421100157,1327,0,161.90697674418604,36,7,18,35.035538269152966,0.6223958333333333,44.847972972972975,1020.6081081081084,28.35022522522523,0
3074,4,0,0,43,0.0,0.0,1.0,43,1400,800,600,0.5714285714285714,20,8,12,384.193521890465,0.44622093023255816,0.2744175202112493,0.2194149154977632,130353.74858276623,1416.238515128455,131769.9870978947,1328,1,162.90697674418604,34,9,18,34.89401181316546,0.6280637254901961,44.70238095238094,1021.1904761904744,30.03501400560219,0
3075,4,1,0,44,0.022727272727272728,0.0,1.0,44,1250,900,350,0.72,16,9,7,371.4653399056844,0.44687059548978153,0.2687324789747698,0.21401683288982307,130694.03863322774,909.6610969077112,131603.69973013544,1329,0,160.1818181818182,36,8,15,34.87357745961822,0.6273148148148149,44.369369369369366,1022.5225225225219,28.403403403403384,0
3076,4,1,1,44,0.022222222222222223,0.022222222222222223,0.9777777777777777,45,1150,900,250,0.782608695652174,14,9,5,361.490033885249,0.4478745791245791,0.26571496550083307,0.210493573347146,131103.4404816865,478.5174284395035,131581.95791012602,1330,0,157.6,37,8,16,34.71404354032833,0.6295045045045045,43.96929824561403,1024.1228070175425,27.678994784257906,0
3077,4,1,1,44,0.022222222222222223,0.022222222222222223,0.9777777777777777,45,550,200,350,0.36363636363636365,9,2,7,361.48839505078286,0.4477483164983165,0.2680940655889805,0.21064648148280474,131131.51552641182,480.50421764387545,131612.0197440557,1331,0,158.51111111111112,37,8,17,34.68568229668487,0.6297860360360361,43.941885964912274,1024.2324561403498,27.681958274063508,0
3078,4,0,1,43,0.0,0.022727272727272728,0.9772727272727273,44,1550,1200,350,0.7741935483870968,19,12,7,367.68520025727156,0.4454831747709655,0.2740921089469266,0.21374640925441882,131039.71370018659,836.2726747017198,131875.9863748883,1332,1,162.97727272727272,36,8,17,34.61994977269394,0.630787037037037,44.03153153153153,1023.8738738738732,28.440940940940923,0
3079,4,0,0,43,0.0,0.0,1.0,43,1600,1100,500,0.6875,21,11,10,381.7412260272585,0.44370616463639717,0.2860749108579721,0.22153014455282646,130972.46334876542,1399.517746913579,132371.981095679,1333,2,167.46511627906978,35,8,17,34.328358208955216,0.6321428571428571,44.09722222222222,1023.6111111111111,29.246031746031747,0
3080,4,0,1,42,0.0,0.023255813953488372,0.9767441860465116,43,1650,1200,450,0.7272727272727273,21,12,9,384.4103578348511,0.44342930970837946,0.28869938760116054,0.22397259477949855,131126.20380092936,1481.2541849281768,132607.45798585753,1334,3,168.46511627906978,36,7,17,34.10413230712847,0.6316550925925926,43.947072072072075,1024.211711711712,28.450325325325334,0
3081,4,0,0,42,0.0,0.0,1.0,42,1650,1300,350,0.7878787878787878,20,13,7,377.4260178750309,0.44271438250096784,0.2937847126081081,0.20728889184607968,128819.24518014821,1324.1022964084752,130143.34747655668,1335,4,171.83333333333334,35,7,18,36.6307766123209,0.6104166666666666,46.20949074074073,1015.1620370370362,29.004629629629605,8
3082,4,2,0,44,0.045454545454545456,0.0,1.0,44,1150,1000,150,0.8695652173913043,13,10,3,366.6461282039414,0.4470467758985201,0.2892342378613415,0.203913043715394,129315.90374157942,683.2010619893236,129999.10480356874,1336,0,164.97727272727272,36,8,20,36.39766939769707,0.6134259259259259,45.72072072072072,1017.1171171171171,28.253253253253252,0
3083,4,0,1,43,0.0,0.022727272727272728,0.9772727272727273,44,1800,1500,300,0.8333333333333334,21,15,6,368.31866866310804,0.44650722339675825,0.2889754114853722,0.2054399685209779,129430.46932067194,734.3316289262195,130164.80094959815,1337,1,165.97727272727272,36,8,14,36.238379814077035,0.6145833333333333,45.608108108108105,1017.5675675675668,28.265765765765746,0
3084,4,0,0,43,0.0,0.0,1.0,43,1150,700,450,0.6086956521739131,16,7,9,378.1955802321739,0.44608250276854927,0.28846520092261474,0.2109832196320605,129436.83556241433,1190.4878257887583,130627.32338820309,1338,2,169.32558139534885,35,8,14,35.98062632696391,0.6166666666666667,45.601851851851855,1017.5925925925931,29.074074074074087,0
3085,4,0,1,42,0.0,0.023255813953488372,0.9767441860465116,43,1000,900,100,0.9,11,9,2,376.7155417068911,0.44608250276854927,0.28436876132051747,0.21063020911075073,129525.18332315248,1158.829920053158,130684.01324320564,1339,3,170.32558139534885,35,8,15,35.9282025772219,0.6175595238095238,45.5150462962963,1017.9398148148152,29.08399470899472,0
3086,4,0,1,41,0.0,0.023809523809523808,0.9761904761904762,42,700,300,400,0.42857142857142855,11,3,8,383.98137111702715,0.4442387727448703,0.2919605942072596,0.2139181745479864,129383.0002834466,1536.1323696144993,130919.1326530611,1340,4,175.3095238095238,34,8,19,35.888378578672274,0.6182598039215687,45.6547619047619,1017.3809523809515,29.922969187675044,0
3087,4,0,0,41,0.0,0.0,1.0,41,1050,700,350,0.6666666666666666,14,7,7,385.2956691732437,0.4442073170731707,0.2897357839205885,0.21446254821808972,129348.51794249393,1767.4847554440976,131116.00269793803,1341,5,179.0487804878049,35,6,19,35.89015151515152,0.6157738095238094,45.688657407407405,1017.2453703703698,29.064153439153422,0
3088,4,0,0,41,0.0,0.0,1.0,41,950,300,650,0.3157894736842105,16,3,13,386.43319292546005,0.44357215447154474,0.2978244290686227,0.21606356845387276,129525.18332315235,1810.5660311642553,131335.7493543166,1342,6,180.0487804878049,35,6,15,35.68090297517527,0.6175595238095238,45.51504629629629,1017.9398148148142,29.08399470899469,0
3089,4,0,0,41,0.0,0.0,1.0,41,1300,800,500,0.6153846153846154,18,8,10,385.8825044705086,0.4437245934959349,0.2990195670794076,0.21640408902715125,129643.02722318665,1805.3952064043096,131448.42242959095,1343,7,181.0487804878049,35,6,15,35.574710194340255,0.61875,45.39930555555555,1018.4027777777771,29.097222222222204,0
3090,4,1,1,41,0.023809523809523808,0.023809523809523808,0.9761904761904762,42,750,300,450,0.4,12,3,9,376.080145993832,0.4457631629887728,0.29384885579673603,0.21286136263250885,130004.05811216618,1378.3890309228123,131382.447143089,1344,0,177.71428571428572,36,6,16,35.45669537691402,0.6203703703703703,45.04504504504504,1019.8198198198195,28.32832832832832,0
3091,4,0,1,40,0.0,0.024390243902439025,0.975609756097561,41,1350,800,550,0.5925925925925926,19,8,11,376.15927425930204,0.4432164634146341,0.27377242935424984,0.21386159838309843,130178.65022170272,1593.581318290232,131772.23153999294,1345,1,173.53658536585365,37,4,17,35.27709877869704,0.6202139639639639,44.873903508771924,1020.5043859649113,27.581199620673278,0
3092,4,0,0,40,0.0,0.0,1.0,40,900,700,200,0.7777777777777778,11,7,4,384.34096392097365,0.44177350427350426,0.2797947472964024,0.2185004902792889,130176.38204082471,2006.4232306631066,132182.80527148783,1346,2,178.525,36,4,17,35.07067056573236,0.6221064814814814,44.87612612612613,1020.4954954954964,28.34709709709712,0
3093,4,0,0,40,0.0,0.0,1.0,40,1000,800,200,0.8,12,8,4,383.4749843909995,0.44173344017094013,0.27671971551824637,0.21883332941594164,130323.35778061222,1995.2065853429217,132318.56436595513,1347,3,179.525,34,6,18,34.94325910380474,0.6277573529411764,44.732142857142854,1021.0714285714284,30.031512605042014,0
3094,4,0,0,40,0.0,0.0,1.0,40,950,600,350,0.631578947368421,13,6,7,398.804419363802,0.4417601495726496,0.22532398614679927,0.20936647259386468,127006.86486740128,2130.1797997321737,129137.04466713345,1348,4,180.525,36,4,20,37.95129966856588,0.5899884259259259,48.00112612612613,1007.9954954954964,27.999874874874898,8
3095,4,2,2,40,0.047619047619047616,0.047619047619047616,0.9523809523809523,42,850,600,250,0.7058823529411765,11,6,5,380.29950700836275,0.44587204800619434,0.2103222749910454,0.20222119592018842,127524.87775134543,1299.6722960335037,128824.55004737893,1349,0,172.88095238095238,33,9,16,37.884716492760674,0.6016414141414141,47.487745098039206,1010.0490196078414,30.607546048722465,0
3096,4,0,0,40,0.0,0.0,1.0,40,1100,800,300,0.7272727272727273,14,8,6,402.2111833527621,0.44214743589743594,0.2220182005937792,0.2121123238552652,127190.50301445847,2231.4885457356722,129421.99156019415,1350,6,182.525,31,9,21,37.67600899272838,0.6031586021505376,47.819010416666664,1008.7239583333327,32.5394825268817,0
3097,4,1,0,41,0.024390243902439025,0.0,1.0,41,850,500,350,0.5882352941176471,12,5,7,393.6795074756265,0.4447154471544716,0.2209361536045662,0.20923869636528486,127506.12381708504,1839.3096048872644,129345.43342197231,1351,0,179.0487804878049,32,9,17,37.566154102596144,0.6038411458333333,47.506313131313135,1009.9747474747479,31.561710858585872,0
3098,4,3,1,43,0.06818181818181818,0.022727272727272728,0.9772727272727273,44,1250,800,450,0.64,17,8,9,366.00888823113456,0.4482470049330514,0.22099839429866064,0.19825881193437475,128268.64216887741,592.6810731877608,128861.32324206518,1352,0,167.77272727272728,33,11,20,37.48336559399954,0.6092171717171717,46.75245098039216,1012.9901960784318,30.69667260843733,0
3099,4,1,2,42,0.022727272727272728,0.045454545454545456,0.9545454545454546,44,1250,900,350,0.72,16,9,7,355.7443015826386,0.449392177589852,0.2062520666005352,0.19473401942124804,128687.51594387769,355.9700963718984,129043.48604024958,1353,0,163.0909090909091,34,10,16,37.31545035003323,0.6112132352941176,46.33928571428572,1014.6428571428582,29.842436974789948,0
3100,4,1,1,42,0.023255813953488372,0.023255813953488372,0.9767441860465116,43,1350,1000,350,0.7407407407407407,17,10,7,365.81500668225556,0.4481358434846807,0.22530893659265616,0.2008567007069925,128808.33510487531,824.0043934240355,129632.33949829935,1354,0,167.8139534883721,34,9,19,36.93659356553692,0.6124387254901961,46.220238095238095,1015.1190476190478,29.85644257703082,0
3101,4,0,1,41,0.0,0.023809523809523808,0.9761904761904762,42,1100,900,200,0.8181818181818182,13,9,4,371.0483022411094,0.4475295199380565,0.2302296174957612,0.20399039044907713,128858.98940611785,1162.58184952903,130021.57125564688,1355,1,170.4047619047619,33,9,19,36.752036813518416,0.6152146464646464,46.1703431372549,1015.3186274509806,30.767231134878198,0
3102,4,0,0,41,0.0,0.0,1.0,41,1400,1100,300,0.7857142857142857,17,11,6,376.15637421412515,0.44509654471544713,0.2328836906623324,0.2064747016312524,128796.78376405711,1489.5462382256876,130286.33000228279,1356,2,175.46341463414635,33,8,19,36.68595818745222,0.6145833333333333,46.231617647058826,1015.0735294117649,30.759803921568633,0
3103,4,0,0,41,0.0,0.0,1.0,41,850,500,350,0.5882352941176471,12,5,7,379.5933094036397,0.4447662601626016,0.23385905111766458,0.20885193636909447,128890.0978589967,1585.16375913112,130475.26161812781,1357,3,176.46341463414635,33,8,19,36.503338965323024,0.615530303030303,46.13970588235295,1015.4411764705895,30.770944741533015,0
3104,4,1,0,42,0.023809523809523808,0.0,1.0,42,1250,800,450,0.64,17,8,9,371.8437657373346,0.4464043747580333,0.2238083765008234,0.20702046273545383,129357.17520004338,1220.507286860837,130577.68248690422,1358,0,173.23809523809524,33,9,22,36.22342187688232,0.6202651515151515,45.680147058823536,1017.2794117647069,30.826648841354753,0
3105,4,0,0,42,0.0,0.0,1.0,42,1150,800,350,0.6956521739130435,15,8,7,369.6909073696637,0.44622289972899726,0.21996284062758065,0.20631137733855434,129450.69204152258,1171.348760092283,130622.04080161486,1359,1,174.23809523809524,33,9,17,36.18286368015415,0.6212121212121212,45.58823529411765,1017.6470588235301,30.837789661319093,0
3106,4,0,1,41,0.0,0.023809523809523808,0.9761904761904762,42,1200,800,400,0.6666666666666666,16,8,8,371.838176796912,0.44561798296554395,0.2208323591302317,0.2084340605714802,129625.34722222229,1239.9305555555666,130865.27777777785,1360,2,175.23809523809524,34,8,17,35.95028641571195,0.6207107843137255,45.41666666666667,1018.3333333333339,29.95098039215688,0
3107,4,0,1,40,0.0,0.024390243902439025,0.975609756097561,41,1300,700,600,0.5384615384615384,19,7,12,378.1711131697653,0.4432164634146341,0.2197206587450493,0.21154662876102612,129544.24267409153,1597.9780913590712,131142.2207654506,1361,7,180.46341463414635,33,8,17,35.87172966574374,0.6221590909090908,45.496323529411754,1018.0147058823516,30.848930481283382,0
3108,4,0,1,39,0.0,0.025,0.975,40,1100,900,200,0.8181818181818182,13,9,4,403.2662063801024,0.44298878205128206,0.23404461687681866,0.21542355377092515,127710.61610918878,2300.2751345636316,130010.89124375241,1362,8,183.175,33,7,17,37.1135426770126,0.6035353535353536,47.30392156862745,1010.7843137254903,30.629827688651222,8
3109,4,4,1,42,0.09302325581395349,0.023255813953488372,0.9767441860465116,43,1550,1200,350,0.7741935483870968,19,12,7,398.62255856852045,0.44668235511258764,0.2899422619906409,0.22156359907943216,129292.1786422903,1709.2276003538705,131001.40624264417,1363,0,171.06976744186048,34,9,18,35.60883179211051,0.6173406862745099,45.74404761904762,1017.0238095238099,29.912464985994408,0
3110,4,1,0,43,0.023255813953488372,0.0,1.0,43,1450,900,550,0.6206896551724138,20,9,11,397.737263363896,0.44811277224067925,0.30601616022061906,0.2224363204071077,129534.44054705225,1704.134778911577,131238.57532596381,1364,0,172.04651162790697,34,9,18,35.383775776712284,0.6197916666666667,45.50595238095239,1017.9761904761912,29.94047619047621,0
3111,4,0,0,43,0.0,0.0,1.0,43,1600,1200,400,0.75,20,12,8,396.95061354705484,0.44827427094868955,0.3048757279336203,0.22251084851123887,129625.34722222218,1690.9722222222174,131316.31944444438,1365,1,173.04651162790697,34,9,18,35.31096563011457,0.6207107843137255,45.416666666666664,1018.3333333333329,29.95098039215685,0
3112,4,0,0,43,0.0,0.0,1.0,43,1250,1000,250,0.8,15,10,5,394.99802437473636,0.4475129198966408,0.2985415200897523,0.22261870221672908,129837.5868055554,1657.1180555555316,131494.70486111092,1366,2,174.04651162790697,34,9,18,35.144112837285334,0.6228553921568627,45.20833333333332,1019.1666666666654,29.975490196078393,0
3113,4,0,1,42,0.0,0.023255813953488372,0.9767441860465116,43,1450,1000,450,0.6896551724137931,19,10,9,394.7585868277773,0.446889996308601,0.2947491863043965,0.2235225917616367,130019.64462868459,1665.27423469385,131684.91886337844,1367,3,175.04651162790697,34,9,18,34.964592817400096,0.6246936274509804,45.02976190476189,1019.8809523809506,29.99649859943972,0
3114,4,0,1,41,0.0,0.023809523809523808,0.9761904761904762,42,1500,1000,500,0.6666666666666666,20,10,10,394.6254365570925,0.44461382113821135,0.2824613452894871,0.2241441097899825,130141.08737244883,1871.3966836734526,132012.48405612228,1368,4,174.9047619047619,34,8,19,34.8442422121106,0.6259191176470589,44.91071428571428,1020.3571428571416,30.010504201680636,0
3115,4,1,0,42,0.023809523809523808,0.0,1.0,42,1250,800,450,0.64,17,8,9,382.29171507373127,0.44587204800619434,0.2825664919433126,0.2195300584553831,130566.58340419478,1582.9046201813787,132149.48802437616,1369,0,173.1904761904762,34,8,19,34.72626674432149,0.6302083333333333,44.494047619047606,1022.0238095238076,30.059523809523753,0
3116,4,0,0,42,0.0,0.0,1.0,42,1500,1200,300,0.8,18,12,6,383.0631226444376,0.4451219512195122,0.2883197516492051,0.22083974654467892,130718.71456916085,1614.7037981859257,132333.41836734678,1370,1,174.1904761904762,34,8,19,34.55204695382228,0.6317401960784313,44.34523809523809,1022.6190476190463,30.077030812324892,0
3117,4,0,1,41,0.0,0.023809523809523808,0.9761904761904762,42,1050,800,250,0.7619047619047619,13,8,5,364.031275533279,0.44532762291908634,0.26385369973364514,0.2036907824167127,129554.63927469142,1033.805350844048,130588.44462553547,1371,2,175.1904761904762,35,7,16,36.22100954979535,0.6178571428571429,45.486111111111114,1018.0555555555561,29.087301587301603,8
3118,4,0,0,41,0.0,0.0,1.0,41,1550,1300,250,0.8387096774193549,18,13,5,368.6733475949722,0.4452235772357724,0.25396358795879004,0.20613363586127031,129525.18332315248,1350.4965867198243,130875.6799098723,1372,3,176.1219512195122,35,6,16,36.132864316846685,0.6175595238095238,45.5150462962963,1017.9398148148152,29.08399470899472,0
3119,4,1,0,42,0.023809523809523808,0.0,1.0,42,1750,1400,350,0.8,21,14,7,360.8324661810615,0.44623499806426636,0.2657757296466976,0.20412055568636678,129982.9033933517,980.4103185595454,130963.31371191125,1373,0,172.9047619047619,37,5,17,35.86693548387097,0.6182432432432432,45.065789473684205,1019.7368421052624,27.56045519203412,0
3120,4,0,0,42,0.0,0.0,1.0,42,1300,900,400,0.6923076923076923,17,9,8,361.20949250401355,0.4457873596593109,0.2617701180377894,0.2049429259608337,130099.04308431974,998.6018655490027,131097.64494986873,1374,1,173.9047619047619,38,4,18,35.73934443397214,0.6175986842105263,44.95192307692309,1020.1923076923094,26.84716599190288,0
3121,4,0,2,40,0.0,0.047619047619047616,0.9523809523809523,42,1400,1100,300,0.7857142857142857,17,11,6,364.8252800689311,0.4451824428958575,0.25666834016227535,0.20802351619185772,130292.12648158854,1107.080492288755,131399.2069738773,1375,2,174.9047619047619,35,7,18,35.451030684351736,0.625297619047619,44.762731481481474,1020.9490740740731,29.169973544973516,0
3122,4,0,0,40,0.0,0.0,1.0,40,900,500,400,0.5555555555555556,13,5,8,377.1793634782102,0.4437099358974359,0.27119757174392967,0.21411309731281847,130118.92804967122,1815.6348916483964,131934.5629413196,1376,3,183.8,36,4,18,35.31181015452538,0.6215277777777778,44.93243243243243,1020.2702702702696,28.340840840840823,0
3123,4,0,0,40,0.0,0.0,1.0,40,1250,900,350,0.72,16,9,7,376.3457801313644,0.4435363247863248,0.269106349777938,0.21460210090858292,130293.86421388405,1807.3469747905867,132101.21118867464,1377,4,184.8,33,7,19,35.15521846116912,0.6297348484848485,44.7610294117647,1020.9558823529409,30.93805704099821,0
3124,4,0,0,40,0.0,0.0,1.0,40,850,500,350,0.5882352941176471,12,5,7,400.19792058948735,0.44294871794871793,0.22284633998790127,0.21661007293203072,128237.60880730955,2285.0278438581126,130522.63665116766,1378,5,185.8,33,7,19,36.64940008066142,0.6089015151515151,46.78308823529411,1012.8676470588224,30.692959001782498,8
3125,4,0,0,40,0.0,0.0,1.0,40,850,600,250,0.7058823529411765,11,6,5,396.745316371792,0.4424145299145299,0.218638122883406,0.2152421440788696,128330.72015570916,2182.9224336793322,130513.64258938849,1379,6,186.8,33,7,19,36.64126753749395,0.6098484848484849,46.691176470588225,1013.2352941176456,30.704099821746837,0
3126,4,0,0,40,0.0,0.0,1.0,40,1250,1100,150,0.88,14,11,3,391.1641551281935,0.4420005341880342,0.21047432024169188,0.21337398705905072,128548.11137843606,2056.6826761341645,130604.79405457023,1380,7,187.8,33,7,16,36.55979355488417,0.6120580808080809,46.4767156862745,1014.0931372549011,30.730095068330336,0
3127,4,0,1,39,0.0,0.025,0.975,40,1350,1000,350,0.7407407407407407,17,10,7,395.37207645181303,0.4417601495726496,0.21925051334702306,0.21634404632812684,128672.41753472216,2174.6961805555507,130847.11371527771,1381,8,188.8,33,7,16,36.325718685831625,0.6133207070707071,46.354166666666664,1014.5833333333328,30.74494949494948,0
3128,4,0,0,39,0.0,0.0,1.0,39,950,500,450,0.5263157894736842,14,5,9,405.34171828621777,0.4401990553306343,0.225661456737154,0.2211755897605231,128560.35098459339,2622.174714314864,131182.52569890826,1382,9,194.33333333333334,32,7,17,36.18780087981408,0.6145833333333333,46.464646464646464,1014.141414141414,31.691919191919187,0
3129,4,0,0,39,0.0,0.0,1.0,39,1100,700,400,0.6363636363636364,15,7,8,407.41776507493466,0.43974921277552853,0.23411676479504728,0.22284559172070117,128656.40503838896,2683.381000663198,131339.78603905215,1383,10,195.33333333333334,32,7,17,36.03661066168846,0.6155598958333333,46.369949494949495,1014.5202020202021,31.703756313131315,0
3130,4,0,0,39,0.0,0.0,1.0,39,1600,1300,300,0.8125,19,13,6,403.76128827585774,0.43851214574898784,0.22757612931158966,0.22186058417632146,128838.5487528342,2604.0036848072264,131442.55243764143,1384,11,196.33333333333334,34,5,17,35.94263015947467,0.6127450980392157,46.190476190476176,1015.2380952380931,29.859943977590973,0
3131,4,0,0,39,0.0,0.0,1.0,39,850,800,50,0.9411764705882353,9,8,1,403.2848636628911,0.43851214574898784,0.22673773641061756,0.22176767260998034,128868.7659438774,2594.16454081631,131462.9304846937,1385,12,197.33333333333334,34,5,17,35.92376011255716,0.6130514705882353,46.16071428571428,1015.3571428571416,29.863445378151226,0
3132,4,1,2,38,0.025,0.05,0.95,40,800,600,200,0.75,10,6,4,397.063737276456,0.43977029914529914,0.23801361609832528,0.22071212027175532,129294.84941188476,2268.5166499197585,131563.36606180453,1386,0,193.375,33,7,18,35.645735429971474,0.6196338383838385,45.741421568627445,1017.0343137254895,30.819221628045135,0
3133,4,2,2,38,0.05,0.05,0.95,40,1000,600,400,0.6,14,6,8,384.94954707689715,0.43998397435897435,0.22872750642673556,0.21645192009750888,129746.60572562352,1989.1794217687,131735.78514739222,1387,0,188.6,34,6,16,35.49286242891642,0.6219362745098039,45.297619047619044,1018.8095238095233,29.964985994397743,0
3134,4,0,0,38,0.0,0.0,1.0,38,1100,700,400,0.6363636363636364,15,7,8,388.4243969482542,0.43821123755334285,0.21548170148629908,0.21797401505988767,129669.02941476816,2473.3229106593353,132142.3523254275,1388,1,191.8421052631579,33,5,16,35.48347070147996,0.6234217171717171,45.37377450980391,1018.5049019607827,30.863784907902506,0
3135,4,0,0,38,0.0,0.0,1.0,38,1450,1100,350,0.7586206896551724,18,11,7,389.1202847633137,0.43775189663347563,0.21629554655870442,0.21993755225752495,129950.01922337546,2513.2376970395776,132463.25692041503,1389,2,192.8421052631579,33,5,16,35.17928685897435,0.6262626262626263,45.09803921568626,1019.6078431372537,30.897207367795566,0
3136,4,1,1,38,0.02564102564102564,0.02564102564102564,0.9743589743589743,39,1000,500,500,0.5,15,5,10,381.25853278928105,0.4395242914979757,0.20505643178841249,0.21705914077923574,130232.20663265279,2130.4280045351143,132362.6346371879,1390,0,188.87179487179486,34,5,17,35.09252779721639,0.6268382352941176,44.821428571428555,1020.7142857142835,30.02100840336128,0
3137,4,0,0,38,0.0,0.0,1.0,38,1000,600,400,0.6,14,6,8,380.24155711062303,0.43902619724988146,0.20043128569763358,0.21732793593950925,130384.14292800447,2315.493905895684,132699.63683390015,1391,1,191.57894736842104,34,4,17,34.964010956988,0.6283700980392157,44.672619047619044,1021.3095238095233,30.03851540616245,0
3138,4,0,0,38,0.0,0.0,1.0,38,650,500,150,0.7692307692307693,8,5,3,348.99896903682185,0.43884838786154573,0.19734893231712047,0.1925307323215704,128995.54887099192,1403.8627132630243,130399.41158425494,1392,2,192.57894736842104,35,3,18,37.17255801146937,0.6122023809523809,46.035879629629626,1015.8564814814812,29.02447089947089,8
3139,4,0,0,38,0.0,0.0,1.0,38,800,500,300,0.625,11,5,6,348.8356756230559,0.43790007112375534,0.19480157517127283,0.19301361484852253,129113.15164448298,1407.854697145056,130521.00634162803,1393,3,193.57894736842104,35,3,19,37.05692688759821,0.6133928571428571,45.920138888888886,1016.319444444444,29.0376984126984,0
3140,4,1,1,38,0.02564102564102564,0.02564102564102564,0.9743589743589743,39,950,300,650,0.3157894736842105,16,3,13,342.11880427392083,0.4407051282051282,0.19683813671414607,0.191036816312067,129473.85381235814,1059.1482918398685,130533.002104198,1394,0,189.5897435897436,34,5,15,36.86079268530433,0.6191789215686274,45.56547619047618,1017.738095238094,29.933473389355708,0
3141,4,1,0,39,0.02564102564102564,0.0,1.0,39,900,500,400,0.5555555555555556,13,5,8,394.03041205782625,0.4407613585245164,0.23062169897612983,0.2040598498678492,126450.94548396773,2165.1036308299017,128616.04911479764,1395,0,190.56410256410257,35,4,14,38.64547372458766,0.5863095238095238,48.55324074074074,1005.7870370370367,28.736772486772477,8
3142,4,2,0,41,0.04878048780487805,0.0,1.0,41,1300,900,400,0.6923076923076923,17,9,8,375.6574004507886,0.4442327235772358,0.2390647046966332,0.1976284584980237,127092.01388888898,1350.232017318252,128442.24590620723,1396,0,182.21951219512195,36,5,16,38.44696969696969,0.5908564814814814,47.91666666666667,1008.3333333333342,28.00925925925928,0
3143,4,3,1,43,0.06818181818181818,0.022727272727272728,0.9772727272727273,44,950,800,150,0.8421052631578947,11,8,3,362.3462190143139,0.4485332980972516,0.2608652928294686,0.19489652112431027,127986.37695312497,475.0759548611095,128461.45290798608,1397,0,170.72727272727272,39,5,18,37.86502299087229,0.594551282051282,47.03125,1011.8749999999998,25.945512820512814,0
3144,4,0,1,42,0.0,0.023255813953488372,0.9767441860465116,43,1000,500,500,0.5,15,5,10,370.5698281664396,0.4453672942045035,0.2701830400565921,0.1988976832811705,127901.25739644967,879.2693951347757,128780.52679158445,1398,1,175.69767441860466,38,5,18,37.74424376848331,0.5953947368421053,47.11538461538461,1011.5384615384612,26.61943319838056,0
3145,4,0,2,40,0.0,0.047619047619047616,0.9523809523809523,42,1450,1100,350,0.7586206896551724,18,11,7,378.9162372956213,0.4441540843979868,0.2790199539603402,0.20348551835211862,127922.5879597567,1294.3891389658186,129216.97709872252,1399,2,180.07142857142858,37,5,18,37.511290555675984,0.5974099099099099,47.09429824561403,1011.6228070175426,27.34115694642007,0
3146,4,2,0,42,0.047619047619047616,0.0,1.0,42,1250,1000,250,0.8,15,10,5,375.2583320409803,0.44899341850561364,0.2784676656989591,0.2038656145925249,128385.71605725618,1236.1390337529215,129621.8550910091,1400,0,177.5952380952381,34,8,18,37.12924350992598,0.6081495098039216,46.63690476190476,1013.4523809523805,29.807422969187662,0
3147,4,0,2,40,0.0,0.047619047619047616,0.9523809523809523,42,1100,800,300,0.7272727272727273,14,8,6,374.06642897354095,0.4493079752226094,0.27632093933463797,0.20378245757513802,128496.33487654323,1213.23302469136,129709.5679012346,1401,1,178.5952380952381,35,7,18,37.04623287671233,0.6071428571428572,46.52777777777778,1013.888888888889,28.968253968253972,0
3148,4,1,0,41,0.024390243902439025,0.0,1.0,41,700,400,300,0.5714285714285714,10,4,6,380.9304026925633,0.44753556910569103,0.29128013293142163,0.20798087967569684,128584.36113522388,1596.338493441371,130180.69962866526,1402,0,183.53658536585365,35,6,19,36.78213796644986,0.6080357142857142,46.44097222222223,1014.236111111112,28.97817460317463,0
3149,4,0,0,41,0.0,0.0,1.0,41,1050,700,350,0.6666666666666666,14,7,7,384.30930678018876,0.4463922764227642,0.2964069587433553,0.2106688243736656,128743.83674214764,1695.4909301193197,130439.32767226697,1403,1,184.53658536585365,36,5,19,36.53323346648912,0.6076388888888888,46.28378378378379,1014.8648648648657,28.190690690690715,0
3150,4,0,0,41,0.0,0.0,1.0,41,1700,1100,600,0.6470588235294118,23,11,12,386.38615803020105,0.44593495934959354,0.2989110290437347,0.2122651562853299,128829.5659468591,1755.5922053810673,130585.15815224017,1404,2,185.53658536585365,36,5,19,36.392817526344984,0.6085069444444444,46.19932432432433,1015.2027027027034,28.200075075075095,0
3151,4,1,1,41,0.023809523809523808,0.023809523809523808,0.9761904761904762,42,1300,1000,300,0.7692307692307693,16,10,6,380.27411986025294,0.4471665698799845,0.2999609679937556,0.21087928464977632,129201.38888888867,1428.5320793766482,130629.92096826532,1405,0,182.0952380952381,33,9,21,36.16803278688526,0.6186868686868687,45.83333333333332,1016.6666666666649,30.808080808080756,0
3152,4,4,0,45,0.08888888888888889,0.0,1.0,45,1250,1000,250,0.8,15,10,5,365.04017345762156,0.4559132996632997,0.33530013601511843,0.19671254180894926,128061.27997316465,410.266259810688,128471.54623297534,1406,0,167.95555555555555,37,8,20,37.720159426569886,0.5988175675675675,46.95723684210525,1012.1710526315776,27.355974395448044,8
3153,4,0,0,45,0.0,0.0,1.0,45,1700,1400,300,0.8235294117647058,20,14,6,364.8684583640331,0.4561868686868687,0.33497994511294094,0.19663047636751127,128063.41428336618,345.26010848125884,128408.67439184744,1407,1,168.95555555555555,38,7,20,37.722318978256276,0.5970394736842105,46.955128205128204,1012.179487179487,26.636302294197026,0
3154,4,2,2,45,0.0425531914893617,0.0425531914893617,0.9574468085106383,47,950,500,450,0.5263157894736842,14,5,9,350.1090625863995,0.45765880357693495,0.3258638656738053,0.19104181238121573,128561.19340806772,-397.8351718314483,128163.35823623626,1408,0,162.72340425531914,37,10,17,37.58728421090571,0.6038851351351351,46.46381578947368,1014.1447368421041,27.409317211948757,0
3155,4,0,0,45,0.0,0.0,1.0,45,1200,700,500,0.5833333333333334,17,7,10,362.6233664272193,0.45515572390572395,0.32654179990863463,0.1969683744687794,128379.0134173522,310.64600480105446,128689.65942215324,1409,1,170.77777777777777,35,10,18,37.4562204964215,0.605952380952381,46.6435185185185,1013.4259259259231,28.955026455026374,0
3156,4,0,0,45,0.0,0.0,1.0,45,1300,900,400,0.6923076923076923,17,9,8,362.91987239632226,0.4540193602693603,0.32328767123287716,0.19771007973829466,128496.33487654298,326.7746913579951,128823.10956790097,1410,2,171.77777777777777,35,10,18,37.328767123287676,0.6071428571428572,46.527777777777764,1013.8888888888871,28.96825396825392,0
3157,4,2,0,47,0.0425531914893617,0.0,1.0,47,1400,1100,300,0.7857142857142857,17,11,6,347.8706143960877,0.45573157570151096,0.31595666384052556,0.19224854233127145,129065.65176647267,-420.370484513159,128645.28128195951,1411,0,165.4255319148936,38,9,20,37.12981460063786,0.6071820175438596,45.96688034188032,1016.1324786324753,26.74032838506514,0
3158,4,1,2,46,0.020833333333333332,0.041666666666666664,0.9583333333333334,48,1550,800,750,0.5161290322580645,23,8,15,340.85124038680704,0.45625554078014185,0.3172498473584029,0.1902249165381811,129452.33298947733,-775.0596674862143,128677.27332199112,1412,0,162.95833333333334,37,11,16,36.91491128829508,0.6128941441441442,45.586622807017534,1017.6535087719283,27.50414888572779,0
3159,4,0,0,46,0.0,0.0,1.0,46,1600,1400,200,0.875,18,14,4,347.5568403208469,0.45504227053140095,0.3104121088900653,0.1939672300070822,129452.33298947735,-201.59123480303714,129250.74175467431,1413,1,167.3913043478261,37,9,16,36.74431185576266,0.6128941441441442,45.586622807017534,1017.6535087719284,27.504148885727794,0
3160,4,2,3,45,0.041666666666666664,0.0625,0.9375,48,1750,1300,450,0.7428571428571429,22,13,9,334.08715522100965,0.45570146276595747,0.30971740018380545,0.18944502090789464,130076.56385633642,-908.6181640625393,129167.94569227388,1414,0,161.375,39,9,18,36.45386585656421,0.6156517094017093,44.973958333333314,1020.1041666666636,26.156517094017016,0
3161,4,0,2,43,0.0,0.044444444444444446,0.9555555555555556,45,900,600,300,0.6666666666666666,12,6,6,349.719234069991,0.4551346801346801,0.305438292751808,0.19692653074669228,129803.15778193713,78.93218387303486,129882.08996581017,1415,1,167.24444444444444,36,9,18,36.332743949607675,0.6183449074074074,45.242117117117104,1019.0315315315298,28.306431431431385,0
3162,4,0,0,43,0.0,0.0,1.0,43,1300,900,400,0.6923076923076923,17,9,8,378.0690790065529,0.45219638242894056,0.3120900593333362,0.19948676061653395,127212.0819161,1079.8435897977627,128291.92550589776,1416,2,175.6046511627907,34,9,20,38.262626858626355,0.5962009803921569,47.79761904761906,1008.8095238095257,29.670868347338992,8
3163,4,0,1,42,0.0,0.023255813953488372,0.9767441860465116,43,1050,800,250,0.7619047619047619,13,8,5,375.0073930477844,0.4524270948689553,0.2832883511877158,0.19242691599501033,126072.89422850219,924.5912631706433,126997.48549167284,1417,3,176.6046511627907,35,8,20,39.51406496100802,0.5824404761904762,48.929398148148145,1004.2824074074072,28.693783068783063,8
3164,4,6,4,44,0.125,0.08333333333333333,0.9166666666666666,48,1000,700,300,0.7,13,7,6,339.291277793222,0.4591367464539007,0.28511891479787277,0.17962597299826644,127347.6321549591,-942.0018315832003,126405.6303233759,1418,0,159.02083333333334,36,12,17,39.10172375320764,0.5934606481481481,47.66328828828829,1009.3468468468475,28.03741241241243,0
3165,4,1,0,45,0.022222222222222223,0.0,1.0,45,1100,800,300,0.7272727272727273,14,8,6,352.2622577845189,0.4573442760942761,0.28123159303882184,0.1857208455288617,127179.55789448306,-39.88835841048828,127139.66953607257,1419,0,166.73333333333332,35,10,21,38.94685886402754,0.59375,47.829861111111114,1008.6805555555559,28.819444444444454,0
3166,4,0,0,45,0.0,0.0,1.0,45,1550,1100,450,0.7096774193548387,20,11,9,357.7890881516911,0.45650252525252527,0.2857470473569548,0.18945225487376433,127354.73632812499,113.22699652777743,127467.96332465277,1420,1,167.73333333333332,35,10,18,38.62766597867218,0.5955357142857143,47.65625,1009.3749999999999,28.83928571428571,0
3167,4,0,1,44,0.0,0.022222222222222223,0.9777777777777777,45,1750,1000,750,0.5714285714285714,25,10,15,359.20693250436847,0.4559974747474747,0.2906229708567287,0.1910297928071679,127530.03532503863,161.93455825617954,127691.9698832948,1421,2,168.73333333333332,35,10,19,38.41204022000689,0.5973214285714286,47.48263888888889,1010.0694444444448,28.859126984126995,0
3168,4,1,2,43,0.022222222222222223,0.044444444444444446,0.9555555555555556,45,650,400,250,0.6153846153846154,9,4,5,359.2387007773794,0.4537878787878788,0.29387921376922277,0.191185084169815,127559.26354595335,164.8448216735223,127724.10836762688,1422,0,169.66666666666666,35,10,20,38.38126336694163,0.5976190476190476,47.4537037037037,1010.1851851851851,28.86243386243386,0
3169,4,2,0,45,0.044444444444444446,0.0,1.0,45,1250,1000,250,0.8,15,10,5,360.8867211976491,0.4535353535353535,0.30946502057613134,0.19487882944673066,128144.53125000015,251.8111282579009,128396.34237825805,1423,0,169.24444444444444,33,12,22,37.7400548696845,0.6079545454545454,46.87500000000001,1012.5000000000011,30.681818181818215,0
3170,4,0,1,44,0.0,0.022222222222222223,0.9777777777777777,45,1300,1100,200,0.8461538461538461,15,11,4,359.9309111873889,0.4531144781144781,0.3041192226157381,0.19507586784044664,128291.05748724699,235.18344371569435,128526.24093096268,1424,1,170.24444444444444,35,10,22,37.61436555085875,0.6050595238095238,46.73032407407407,1013.0787037037029,28.9451058201058,0
3171,4,1,0,45,0.022222222222222223,0.0,1.0,45,1350,800,550,0.5925925925925926,19,8,11,364.74886579074075,0.45199915824915826,0.32042192808965986,0.19929295883977852,128613.70991940991,382.34096364880634,128996.05088305872,1425,0,170.86666666666667,35,10,17,37.162444850144524,0.6083333333333334,46.412037037037024,1014.3518518518499,28.981481481481428,0
3172,4,2,1,46,0.0425531914893617,0.02127659574468085,0.9787234042553191,47,1650,1300,350,0.7878787878787878,20,13,7,349.491262811566,0.45478723404255317,0.31150882928217904,0.19326282957861507,129089.93632656176,-376.8390273930771,128713.09729916869,1426,0,164.5531914893617,37,10,20,37.06391166738599,0.6092342342342343,45.942982456140335,1016.2280701754364,27.46562351825504,0
3173,4,0,2,44,0.0,0.043478260869565216,0.9565217391304348,46,1100,500,600,0.45454545454545453,17,5,12,359.32551226927586,0.45382447665056364,0.3211805304530977,0.19825537897132306,129001.10995708527,70.67798372695097,129071.78794081222,1427,1,169.06521739130434,36,10,21,36.904629937553125,0.6102430555555556,46.030405405405396,1015.8783783783767,28.2188438438438,0
3174,4,0,1,43,0.0,0.022727272727272728,0.9772727272727273,44,1550,900,650,0.5806451612903226,22,9,13,386.03238364428495,0.4522000528541226,0.3386062454023049,0.2119573815411989,128808.33510487532,1144.8377267573696,129953.17283163269,1428,2,177.4318181818182,34,10,21,36.42351745436065,0.6124387254901961,46.220238095238095,1015.1190476190479,29.856442577030823,0
3175,4,0,0,43,0.0,0.0,1.0,43,1200,700,500,0.5833333333333334,17,7,10,390.7058129276391,0.45168881506090813,0.33723456208005653,0.2149660269534142,128890.09785899654,1471.6220924644404,130361.71995146098,1429,3,180.6046511627907,33,10,22,36.22123662402446,0.615530303030303,46.13970588235294,1015.4411764705882,30.770944741532976,0
3176,4,0,0,43,0.0,0.0,1.0,43,1300,700,600,0.5384615384615384,19,7,12,391.0094500425947,0.45134274640088595,0.336730943503158,0.21564054101151467,128983.44574502579,1486.7492370722643,130470.19498209805,1430,4,181.6046511627907,33,10,22,36.11802288173083,0.6164772727272727,46.04779411764705,1015.8088235294105,30.782085561497286,0
3177,4,0,0,43,0.0,0.0,1.0,43,1100,600,500,0.5454545454545454,16,6,10,391.02391830153164,0.4506506090808416,0.3347312237895539,0.21684053651266774,129201.38888888905,1504.35064037872,130705.73952926777,1431,5,182.6046511627907,32,11,22,35.89480874316939,0.62109375,45.83333333333334,1016.666666666668,31.770833333333375,0
3178,4,2,1,44,0.044444444444444446,0.022222222222222223,0.9777777777777777,45,1150,800,350,0.6956521739130435,15,8,7,373.75035661739054,0.45446127946127945,0.32741364334870093,0.21040854538074497,129793.87622849393,702.1015054306167,130495.97773392455,1432,0,175.44444444444446,33,12,17,35.72998095810784,0.6246843434343434,45.251225490196084,1018.9950980392164,30.878639334521708,0
3179,4,0,0,44,0.0,0.0,1.0,44,1500,1200,300,0.8,18,12,6,383.7805964344411,0.4526735377026075,0.3357966164714634,0.21571116282349634,129731.44531250012,1157.6822916666829,130889.1276041668,1433,1,180.4318181818182,33,11,18,35.538087934560345,0.6240530303030303,45.31250000000001,1018.7500000000009,30.87121212121215,0
3180,4,0,1,43,0.0,0.022727272727272728,0.9772727272727273,44,1150,800,350,0.6956521739130435,15,8,7,383.8759398081119,0.4518036469344609,0.33688714507420925,0.21662687023906899,129887.55076172634,1172.1411236063152,131059.69188533265,1434,2,181.4318181818182,33,11,19,35.376592930993034,0.6256313131313131,45.1593137254902,1019.3627450980398,30.889780154486054,0
3181,4,0,0,43,0.0,0.0,1.0,43,950,600,350,0.631578947368421,13,6,7,393.15523144419836,0.4498200442967885,0.34779100029685783,0.2210710496531873,129747.52456700857,1602.183610090819,131349.70817709938,1435,3,186.46511627906978,32,11,19,35.282924360722106,0.6266276041666667,45.29671717171718,1018.8131313131321,31.837910353535378,0
3182,4,0,1,42,0.0,0.023255813953488372,0.9767441860465116,43,900,600,300,0.6666666666666666,12,6,6,391.0966685035722,0.44917404946474715,0.3384494073500337,0.2205254909792686,129856.32216274999,1557.2749963956278,131413.5971591456,1436,4,187.46511627906978,33,10,20,35.2244148531121,0.6253156565656566,45.18995098039216,1019.2401960784321,30.886066547831273,0
3183,4,0,0,42,0.0,0.0,1.0,42,1700,1100,600,0.6470588235294118,23,11,12,399.07778183899893,0.44698509485094856,0.3479590150388365,0.22421723843154923,129715.36705438234,1953.3041908989076,131668.67124528124,1437,5,192.6904761904762,32,10,20,35.16490042968105,0.6263020833333333,45.32828282828284,1018.6868686868698,31.833964646464683,0
3184,4,0,0,42,0.0,0.0,1.0,42,750,600,150,0.8,9,6,3,400.18009250705893,0.44686411149825783,0.3482139168717431,0.22502112658114715,129747.52456700866,1984.4752767574992,131731.99984376616,1438,6,193.6904761904762,32,10,20,35.1039988433098,0.6266276041666667,45.296717171717184,1018.8131313131328,31.8379103535354,0
3185,4,0,0,42,0.0,0.0,1.0,42,1350,800,550,0.5925925925925926,19,8,11,399.5488119314858,0.44652535811072397,0.34584991891493444,0.22577723277444017,129940.55333958281,1983.518741710044,131924.07208129286,1439,7,194.6904761904762,32,10,20,34.92311661506708,0.6285807291666667,45.10732323232324,1019.570707070708,31.861584595959624,0
3186,4,2,2,42,0.045454545454545456,0.045454545454545456,0.9545454545454546,44,1600,1200,400,0.75,20,12,8,381.1219410629693,0.44921599718111344,0.3349836559091468,0.21859814805263023,130520.50053884817,1149.6424153147727,131670.14295416293,1440,0,186.79545454545453,32,12,16,34.80296758515589,0.6344401041666667,44.53914141414142,1021.8434343434351,31.932607323232347,0
3187,4,1,0,43,0.023255813953488372,0.0,1.0,43,1050,800,250,0.7619047619047619,13,8,5,387.6240009736702,0.4493586194167589,0.339920011850096,0.22275610597681642,130595.10125054258,1524.3591308593789,132119.46038140196,722,0,158.62790697674419,31,12,18,34.561040339702764,0.637768817204301,44.466145833333336,1022.135416666667,32.972110215053775,0
3188,4,0,0,43,0.0,0.0,1.0,43,1900,1800,100,0.9473684210526315,20,18,2,385.5121695412891,0.4486895533407161,0.3446977099507875,0.22230635679715763,130728.22570800793,1479.4643825955006,132207.69009060343,723,1,159.62790697674419,31,12,19,34.479776759188525,0.6391129032258065,44.33593750000001,1022.6562500000009,32.98891129032261,0
3189,4,0,1,42,0.0,0.023255813953488372,0.9767441860465116,43,1450,1000,450,0.6896551724137931,19,10,9,384.5595463765288,0.44857419712070873,0.34509543882915694,0.22213969090691263,130794.81336805562,1459.6788194444493,132254.49218750006,724,2,160.62790697674419,31,12,19,34.43652410047521,0.6397849462365591,44.270833333333336,1022.9166666666672,32.997311827957006,0
3190,4,1,0,43,0.023255813953488372,0.0,1.0,43,1250,1000,250,0.8,15,10,5,375.1796539609689,0.4484357696566999,0.33343743105913237,0.21956259922142646,131295.7721948016,1251.9004757167725,132547.67267051837,725,0,153.69767441860466,32,11,20,34.16877130302658,0.6422526041666667,43.78156565656566,1024.8737373737376,32.0273042929293,0
3191,4,1,1,43,0.022727272727272728,0.022727272727272728,0.9772727272727273,44,850,400,450,0.47058823529411764,13,4,9,364.69461556859756,0.44891869274136714,0.32930390602948534,0.21537043094297859,131642.3445910227,801.850850634374,132444.19544165707,726,0,151.1818181818182,33,11,18,34.08715468513654,0.6433080808080809,43.443627450980394,1026.2254901960785,31.097742127153893,0
3192,4,0,0,43,0.0,0.0,1.0,43,800,400,400,0.5,12,4,8,340.75266592495217,0.4474206349206349,0.28759305086362175,0.18816532791779533,129034.2280797938,195.91407250939432,129230.14215230319,727,2,155.69767441860466,37,6,19,37.34261457658821,0.6086711711711712,45.997807017543856,1016.0087719298247,27.45969653864391,8
3193,4,0,3,40,0.0,0.06976744186046512,0.9302325581395349,43,950,500,450,0.5263157894736842,14,5,9,367.6377873685463,0.4472591362126246,0.21959370565915282,0.19587327071235697,127604.23657909618,822.8489300632266,128427.0855091594,728,3,156.69767441860466,38,5,17,38.12299531211449,0.5923793859649122,47.40918803418803,1010.3632478632464,26.58850652271701,8
3194,4,1,0,41,0.024390243902439025,0.0,1.0,41,1100,900,200,0.8181818181818182,13,9,4,373.33718582745115,0.4453252032520325,0.23397794557010165,0.200033885962441,127831.1673159646,1344.8256533560534,129175.99296932065,729,0,159.0,36,5,19,37.74614884929473,0.5983796296296297,47.18468468468468,1011.2612612612611,28.090590590590587,0
3195,4,2,1,42,0.046511627906976744,0.023255813953488372,0.9767441860465116,43,750,500,250,0.6666666666666666,10,5,5,363.3677144828211,0.44836655592469543,0.24888344711969457,0.1979068078335655,128486.82032962011,738.3596856992104,129225.18001531932,730,0,152.5581395348837,36,7,14,37.32714095301568,0.6050347222222222,46.53716216216216,1013.8513513513509,28.162537537537524,0
3196,4,0,0,42,0.0,0.0,1.0,42,1750,1300,450,0.7428571428571429,22,13,9,366.14170622311434,0.447081881533101,0.23492574558412227,0.19999019696492373,128601.01814229778,1017.2392409301256,129618.2573832279,731,1,151.38095238095238,36,6,14,37.140094741127285,0.6061921296296297,46.42454954954955,1014.3018018018024,28.175050050050068,0
3197,4,0,2,40,0.0,0.047619047619047616,0.9523809523809523,42,1150,600,550,0.5217391304347826,17,6,11,368.1808181529025,0.44600512969415407,0.24354179213287286,0.20211826399697103,128800.98637488842,1084.4105084814548,129885.39688336987,732,2,152.38095238095238,36,6,16,36.884059980770644,0.6082175925925926,46.22747747747748,1015.0900900900903,28.19694694694695,0
3198,4,1,0,41,0.024390243902439025,0.0,1.0,41,1600,1200,400,0.75,20,12,8,368.89585809001045,0.44608739837398376,0.23506962463241643,0.20397770976741753,129086.92476260042,1323.9263757000185,130410.85113830044,733,0,149.97560975609755,36,5,18,36.57399711879432,0.6111111111111112,45.945945945945944,1016.216216216216,28.22822822822822,0
3199,4,0,0,41,0.0,0.0,1.0,41,850,500,350,0.5882352941176471,12,5,7,366.2518586182525,0.4455030487804878,0.23327936124461357,0.20325907241445712,129231.64859693879,1266.3677509900992,130498.01634792889,734,1,150.97560975609755,34,7,18,36.49357998673067,0.6167279411764706,45.80357142857143,1016.7857142857144,29.905462184873954,0
3200,4,0,1,40,0.0,0.024390243902439025,0.975609756097561,41,1100,800,300,0.7272727272727273,14,8,6,367.0003373088782,0.4455538617886179,0.2332520515558698,0.20383074650796085,129261.9118480726,1287.833049886624,130549.74489795923,735,2,151.97560975609755,34,7,18,36.443699758058216,0.6170343137254901,45.773809523809526,1016.9047619047622,29.90896358543418,0
3201,4,0,3,37,0.0,0.075,0.925,40,1200,1000,200,0.8333333333333334,14,10,4,360.5385684398168,0.4457665598290598,0.1421646783364927,0.19168170837799142,127518.18700034486,1198.9033365963783,128717.09033694124,736,3,147.35,36,4,16,38.3905675103133,0.5951967592592593,47.494369369369366,1010.0225225225219,28.056181181181163,8
3202,4,0,0,37,0.0,0.0,1.0,37,1200,900,300,0.75,15,9,6,378.99932126392395,0.4404717217217217,0.18102891042067926,0.2007599620097067,127370.19903702891,2254.6437968569626,129624.84283388588,737,4,159.21621621621622,33,4,16,38.07653980008902,0.6000631313131313,47.64093137254901,1009.436274509803,30.588978015448575,0
3203,4,1,0,38,0.02631578947368421,0.0,1.0,38,1250,800,450,0.64,17,8,9,385.296640900486,0.443486249407302,0.2241095439328249,0.1914505070588427,124739.71896701395,2122.750677323635,126862.46964433759,738,0,156.0,35,3,17,40.63803441084463,0.56875,50.26041666666667,998.9583333333339,28.541666666666686,8
3204,4,6,5,39,0.13636363636363635,0.11363636363636363,0.8863636363636364,44,1150,900,250,0.782608695652174,14,9,5,329.619427459736,0.45597692036645526,0.10023239642804871,0.1749518499593983,127450.92207019632,-206.42525065684825,127244.49681953948,739,0,135.5909090909091,40,4,17,39.24009494095546,0.5875,47.5609756097561,1009.7560975609757,25.243902439024392,8
3205,4,3,2,40,0.07142857142857142,0.047619047619047616,0.9523809523809523,42,1200,700,500,0.5833333333333334,17,7,10,341.71327289694466,0.44852158343012,0.13148749716703212,0.18181761368827332,127550.26989051446,317.12403663527743,127867.39392714974,740,0,142.97619047619048,38,4,18,38.833068922968444,0.5918311403508771,47.46260683760685,1010.1495726495741,26.582883490778265,0
3206,4,0,0,40,0.0,0.0,1.0,40,1150,600,550,0.5217391304347826,17,6,11,354.1627855583524,0.4450186965811966,0.12359315589353526,0.18746799546087636,127340.90206842519,1019.8817184133864,128360.78378683857,741,1,151.125,37,3,18,38.73336501901141,0.5914977477477478,47.66995614035089,1009.3201754385989,27.278923660502674,0
3207,4,0,0,40,0.0,0.0,1.0,40,1100,500,600,0.45454545454545453,17,5,12,353.57387004275535,0.4444978632478633,0.124473226892581,0.18741247101230027,127396.24361582441,1008.7965768313645,128405.04019265577,742,2,152.125,37,3,19,38.69146211216103,0.5920608108108107,47.615131578947384,1009.5394736842131,27.28485064011387,0
3208,4,2,0,42,0.047619047619047616,0.0,1.0,42,1350,900,450,0.6666666666666666,18,9,9,338.0518741942582,0.44843689508323653,0.12936548783177715,0.181948695722838,128012.72922092043,254.98860677086776,128267.7178276913,743,0,145.83333333333334,39,3,21,38.4526719849031,0.5948183760683761,47.00520833333335,1011.979166666669,25.948183760683822,0
3209,4,0,0,42,0.0,0.0,1.0,42,1250,1000,250,0.8,15,10,5,337.17759826584694,0.4477835849787069,0.1370762296688226,0.1820759030635576,128144.53125000023,241.49305555558655,128386.02430555582,744,1,146.83333333333334,40,2,21,38.34019204389578,0.59453125,46.875000000000014,1012.5000000000018,25.312500000000046,0
3210,4,0,0,42,0.0,0.0,1.0,42,1400,800,600,0.5714285714285714,20,8,12,339.632016489093,0.4471665698799845,0.13956303417059734,0.18407424398322159,128291.05748724702,314.3501103823651,128605.40759762938,745,2,147.83333333333334,35,7,21,38.12847499904793,0.6050595238095238,46.73032407407407,1013.0787037037031,28.945105820105805,0
3211,4,0,1,41,0.0,0.023809523809523808,0.9761904761904762,42,1250,800,450,0.64,17,8,9,338.872817404872,0.4461503097173829,0.14160401002506262,0.18447402160654272,128466.99948827579,306.7948120284477,128773.79430030423,746,3,148.83333333333334,35,7,19,37.968208889903686,0.606845238095238,46.556712962962955,1013.7731481481474,28.964947089947067,0
3212,4,0,1,40,0.0,0.024390243902439025,0.975609756097561,41,1700,1400,300,0.8235294117647058,20,14,6,347.548753985938,0.44418191056910566,0.1428767774411719,0.18952754714802914,128536.57171201796,734.5450680271867,129271.11678004515,747,4,153.14634146341464,34,7,20,37.67732057603505,0.6096813725490196,46.48809523809523,1014.0476190476177,29.824929971988755,0
3213,4,0,0,40,0.0,0.0,1.0,40,1200,800,400,0.6666666666666666,16,8,8,345.96339512622325,0.443082264957265,0.11927431655520393,0.18937996253441222,128687.51594387744,904.2339852607591,129591.7499291382,748,5,147.75,34,6,20,37.56355352184288,0.6112132352941176,46.33928571428571,1014.6428571428563,29.84243697478989,0
3214,4,2,0,42,0.047619047619047616,0.0,1.0,42,1150,800,350,0.6956521739130435,15,8,7,333.4496707859209,0.44455332946186604,0.11432999146083067,0.18572036534402023,129373.1801903254,227.88886859831834,129601.0690589237,749,0,141.66666666666666,36,6,23,37.183602686148625,0.6140046296296297,45.66441441441441,1017.3423423423418,28.259509509509495,0
3215,4,0,2,40,0.0,0.047619047619047616,0.9523809523809523,42,1000,800,200,0.8,12,8,4,333.06521538892554,0.44435975609756095,0.11970094521544006,0.1860471827370277,129487.77113261906,225.57447650353032,129713.3456091226,750,1,142.66666666666666,36,6,17,37.07701740798113,0.615162037037037,45.5518018018018,1017.7927927927924,28.27202202202201,0
3216,4,0,0,40,0.0,0.0,1.0,40,1150,600,550,0.5217391304347826,17,6,11,349.54009389937994,0.44376335470085465,0.1273355186139078,0.1941333863516584,129261.91184807272,1036.4441609977514,130298.35600907047,751,2,149.1,34,6,22,36.887584874736596,0.6170343137254901,45.77380952380953,1016.9047619047631,29.908963585434208,0
3217,4,0,0,40,0.0,0.0,1.0,40,1450,1100,350,0.7586206896551724,18,11,7,351.3501710467252,0.44337606837606836,0.1288506554307116,0.19543853264474104,129322.44897959198,1087.4929138322166,130409.9418934242,752,3,150.1,34,6,22,36.779952793383266,0.6176470588235294,45.71428571428572,1017.1428571428582,29.915966386554654,0
3218,4,0,0,40,0.0,0.0,1.0,40,1550,1300,250,0.8387096774193549,18,13,5,328.8934344075991,0.4439236111111111,0.06505802276277639,0.17399899404727878,127319.2174437951,378.29584186364883,127697.51328565876,753,4,151.1,36,4,17,39.393178605965936,0.5931712962962963,47.69144144144144,1009.2342342342339,28.034284284284276,8
3219,4,0,2,38,0.0,0.05,0.95,40,1450,1100,350,0.7586206896551724,18,11,7,326.5994370222754,0.44383012820512824,0.060452213672354205,0.1733935554635137,127461.32270361592,325.7592474231161,127787.08195103904,754,5,152.1,36,4,17,39.30569495557786,0.5946180555555556,47.550675675675684,1009.7972972972984,28.049924924924955,0
3220,4,1,0,39,0.02564102564102564,0.0,1.0,39,1100,700,400,0.6363636363636364,15,7,8,325.98369038104903,0.44281376518218624,0.08450253553317588,0.17404542660142294,127688.85598013586,524.8968985878132,128213.75287872368,755,0,155.17948717948718,36,3,19,39.08867223769731,0.5969328703703703,47.32545045045047,1010.6981981982008,28.07494994995002,0
3221,4,2,0,41,0.04878048780487805,0.0,1.0,41,1100,900,200,0.8181818181818182,13,9,4,314.34608747463983,0.4458587398373984,0.09892875154798975,0.17010045752801725,128227.80957842826,-137.6063282823249,128090.20325014593,756,0,148.5609756097561,37,4,21,38.83329273573672,0.6005067567567568,46.792763157894754,1012.8289473684233,27.37375533428171,0
3222,4,1,0,42,0.023809523809523808,0.0,1.0,42,1400,1100,300,0.7857142857142857,17,11,6,313.0433240997228,0.44584785133565624,0.1174385964912279,0.17170390178679967,128767.28121119163,-338.052450872947,128429.22876031869,757,0,146.0,38,4,17,38.31754385964913,0.6041666666666667,46.26068376068377,1014.9572649572663,26.709401709401742,0
3223,4,1,1,42,0.023255813953488372,0.023255813953488372,0.9767441860465116,43,1550,1300,250,0.8387096774193549,18,13,5,307.8383326909184,0.44693613879660393,0.13383647079563388,0.17093957927922332,129254.34570312512,-642.1115451388746,128612.23415798624,758,0,143.58139534883722,39,4,19,37.955422386123075,0.6073717948717949,45.78125000000001,1016.8750000000009,26.073717948717974,0
3224,4,0,0,42,0.0,0.0,1.0,42,1200,900,300,0.75,15,9,6,316.44719161515746,0.4464406697638405,0.139539422326308,0.17548435171385984,129201.38888888877,-222.91666666667624,128978.4722222221,759,1,147.92857142857142,38,4,19,37.7903005464481,0.6085526315789473,45.83333333333333,1016.6666666666657,26.754385964912256,0
3225,4,0,0,42,0.0,0.0,1.0,42,1400,1100,300,0.7857142857142857,17,11,6,320.3632331850168,0.44554539295392953,0.14586989894140956,0.17851486656646665,129391.54071015044,-109.54153426109633,129281.99917588934,760,2,148.92857142857142,38,4,20,37.497812314046676,0.6104714912280702,45.646367521367516,1017.4145299145296,26.774066576698146,0
3226,4,1,0,43,0.023255813953488372,0.0,1.0,43,900,600,300,0.6666666666666666,12,6,6,313.3336352804673,0.4466131413805832,0.14078077335508032,0.17623440406430435,129757.97661675357,-468.4922960069398,129289.48432074663,761,0,146.4418604651163,39,4,20,37.30542633677537,0.6124465811965811,45.286458333333336,1018.8541666666674,26.12446581196583,0
3227,4,0,1,42,0.0,0.023255813953488372,0.9767441860465116,43,1300,1000,300,0.7692307692307693,16,10,6,313.18676655095396,0.44578257659653003,0.13285302525181675,0.17687010295638703,129917.2214084202,-462.32910156249613,129454.8923068577,762,1,147.4418604651163,39,4,20,37.14802373897348,0.6140491452991452,45.130208333333336,1019.4791666666672,26.140491452991466,0
3228,4,0,0,42,0.0,0.0,1.0,42,1000,600,400,0.6,14,6,8,316.09981809226645,0.44610191637630664,0.12769428810920846,0.17872373601140923,129962.8351230914,-183.75429176712868,129779.08083132427,763,2,146.61904761904762,38,4,20,37.02762643196422,0.6162280701754386,45.08547008547008,1019.6581196581186,26.833108412055754,0
3229,4,1,1,42,0.023255813953488372,0.023255813953488372,0.9767441860465116,43,1050,700,350,0.6666666666666666,14,7,7,310.58625442913325,0.44601328903654486,0.13311261733442725,0.17769012899253697,130422.140842014,-498.53515624999017,129923.60568576402,764,0,144.1860465116279,39,4,21,36.704143721531025,0.6191239316239316,44.63541666666667,1021.4583333333343,26.19123931623934,0
3230,4,0,0,42,0.0,0.0,1.0,42,1000,700,300,0.7,13,7,6,319.9857299326271,0.4439847077042199,0.1309386815715925,0.18282986206969423,130371.67302441754,-56.58500894878432,130315.08801546876,765,1,148.11904761904762,38,4,21,36.51510792621263,0.6203399122807017,44.68482905982906,1021.2606837606847,26.875281151596965,0
3231,4,0,0,42,0.0,0.0,1.0,42,900,600,300,0.6666666666666666,12,6,6,322.51979955692445,0.44335559427022847,0.13096483102757928,0.18466672594989902,130453.51765103373,14.768472861430155,130468.28612389516,766,2,149.11904761904762,38,4,22,36.3676967858886,0.6211622807017544,44.60470085470086,1021.5811965811971,26.88371569950519,0
3232,4,1,1,42,0.023255813953488372,0.023255813953488372,0.9767441860465116,43,1450,1000,450,0.6896551724137931,19,10,9,316.864456344548,0.4435908084163898,0.1329986264386871,0.183035821253145,130794.81336805574,-311.1545138888697,130483.65885416686,767,0,146.62790697674419,39,4,17,36.167684996605566,0.6228632478632479,44.27083333333334,1022.9166666666681,26.228632478632516,0
3233,4,1,0,43,0.023255813953488372,0.0,1.0,43,1250,1100,150,0.88,14,11,3,313.35345843738224,0.44395994832041347,0.13816271972367478,0.1822641713869512,131061.33355034757,-386.2955729166282,130675.03797743094,768,0,146.74418604651163,39,4,21,35.98889454052223,0.625534188034188,44.010416666666686,1023.9583333333361,26.255341880341952,0
3234,4,0,0,43,0.0,0.0,1.0,43,1400,1000,400,0.7142857142857143,18,10,8,312.7331697147714,0.44356773717238834,0.13619066314427664,0.18228246934234454,131141.3425021705,-397.55045572912786,130743.79204644138,769,1,147.74418604651163,39,4,21,35.92420505779859,0.6263354700854701,43.932291666666686,1024.2708333333362,26.263354700854773,0
3235,4,0,0,43,0.0,0.0,1.0,43,2100,1800,300,0.8571428571428571,24,18,6,310.0006609822197,0.44299095607235145,0.14104745698619747,0.18157181571815728,131328.12500000012,-457.6388888888757,130870.48611111124,770,2,148.74418604651163,39,4,22,35.806233062330634,0.6282051282051282,43.75000000000001,1025.000000000001,26.282051282051306,0
3236,4,0,0,43,0.0,0.0,1.0,43,950,500,450,0.5263157894736842,14,5,9,308.13035578383887,0.4421373200442968,0.1427370695397523,0.18138317264749465,131519.83486969463,-494.9492977938519,131024.88557190078,771,3,149.74418604651163,38,5,23,35.66143283685727,0.6318530701754386,43.56303418803419,1025.747863247863,26.993364822312184,0
3237,4,0,0,43,0.0,0.0,1.0,43,900,400,500,0.4444444444444444,14,4,10,307.15576570744275,0.441860465116279,0.14637240778179939,0.18132951011800785,131629.4461451713,-513.8513359266606,131115.59480924465,772,4,150.74418604651163,38,5,16,35.57630574353634,0.6329495614035088,43.45619658119658,1026.1752136752136,27.004610886189834,0
3238,4,0,1,42,0.0,0.023255813953488372,0.9767441860465116,43,1500,1100,400,0.7333333333333333,19,11,8,308.47676027678864,0.44176818014027314,0.14461301628487955,0.18250275324749904,131711.6845642486,-474.0012510044585,131237.68331324414,773,5,151.74418604651163,38,5,16,35.459816472384134,0.6337719298245614,43.376068376068375,1026.4957264957259,27.01304543409805,0
3239,4,0,0,42,0.0,0.0,1.0,42,1350,1100,250,0.8148148148148148,16,11,5,308.8292850885413,0.4401011420828494,0.09139576498657931,0.179091074524711,130945.12473518885,-310.27866809116574,130634.84606709768,774,6,155.78571428571428,38,4,17,36.22172929714684,0.6260964912280702,44.123931623931625,1023.5042735042737,26.93432298695457,8
3240,4,0,0,42,0.0,0.0,1.0,42,700,400,300,0.5714285714285714,10,4,6,304.93138849936713,0.4401011420828494,0.09123875412409355,0.17724249660321006,131034.66932508699,-408.6832682291473,130625.98605685784,775,7,156.78571428571428,39,3,17,36.231326516770125,0.625267094017094,44.03645833333334,1023.8541666666681,26.252670940170976,0
3241,4,1,1,42,0.023255813953488372,0.023255813953488372,0.9767441860465116,43,750,600,150,0.8,9,6,3,299.52720826139364,0.44229881875230714,0.08980840013652736,0.17519909327771993,131276.04683059017,-735.8504362482727,130540.1963943419,776,0,154.11627906976744,40,3,18,36.12695028427871,0.6260416666666666,43.80081300813008,1024.7967479674792,25.61991869918698,0
3242,4,1,2,41,0.023255813953488372,0.046511627906976744,0.9534883720930233,43,1350,700,650,0.5185185185185185,20,7,13,296.29243460799097,0.44192967884828355,0.1005421948500933,0.17451482631695567,131541.75347222242,-805.0243943750168,130736.72907784741,777,0,154.2093023255814,39,4,20,35.94300027078256,0.6303418803418803,43.54166666666668,1025.833333333335,26.303418803418847,0
3243,4,0,2,39,0.0,0.04878048780487805,0.9512195121951219,41,950,500,450,0.5263157894736842,14,5,9,305.9697714214908,0.43879573170731706,0.11648799263572607,0.1798702245194977,131468.6505102534,-154.9134108571625,131313.73709939624,778,1,161.58536585365854,37,4,22,35.76826953918528,0.6331644144144144,43.61293859649124,1025.5482456140371,27.71752015173073,0
3244,4,0,0,39,0.0,0.0,1.0,39,900,700,200,0.7777777777777778,11,7,4,311.39965128597936,0.4389057579847053,0.09480757964940723,0.18266639338321916,131385.8453047645,382.7012823634778,131768.54658712796,779,2,160.76923076923077,36,3,22,35.71232425307558,0.6342592592592593,43.69369369369371,1025.2252252252274,28.47847847847854,0
3245,4,0,2,37,0.0,0.05128205128205128,0.9487179487179487,39,1350,1000,350,0.7407407407407407,17,10,7,342.2498883923358,0.4387089518668466,0.053881408283214416,0.1880252205339177,128830.99500868034,1018.4787326388683,129849.4737413192,780,3,161.76923076923077,39,0,18,37.511543197209114,0.6030982905982907,46.19791666666666,1015.2083333333317,26.030982905982864,8
3246,4,1,0,38,0.02631578947368421,0.0,1.0,38,1250,1000,250,0.8,15,10,5,352.6704864299567,0.4366702228544334,0.0740796119085596,0.19396876753647563,128875.73964496999,1490.1339579223745,130365.87360289236,781,0,166.60526315789474,38,0,19,37.2014414983165,0.6052631578947368,46.15384615384613,1015.384615384612,26.72064777327926,0
3247,4,0,0,38,0.0,0.0,1.0,38,1450,1200,250,0.8275862068965517,17,12,5,341.87303606441435,0.43615161213845427,0.039772759795083434,0.17973256527228648,127064.37467538092,1088.3876230522078,128152.76229843314,782,1,167.60526315789474,37,1,17,39.32696664854089,0.5886824324324325,47.944078947368425,1008.2236842105267,27.249288762446668,8
3248,4,1,0,39,0.02564102564102564,0.0,1.0,39,1200,700,500,0.5833333333333334,17,7,10,330.84224359622675,0.4391587944219523,0.03533679073794116,0.1758446569973945,127506.96277941292,636.9409337488432,128143.90371316177,783,0,164.28205128205127,37,2,13,39.15189718814458,0.5931869369369369,47.50548245614035,1009.9780701754388,27.296704599336184,0
3249,4,0,1,38,0.0,0.02564102564102564,0.9743589743589743,39,1150,700,450,0.6086956521739131,16,7,9,331.8099691784457,0.43924313990103464,0.04324610097805892,0.176843774781919,127617.73003472234,668.9670138888941,128286.69704861123,784,1,165.28205128205127,37,2,13,39.01417525773195,0.5943130630630631,47.395833333333336,1010.4166666666677,27.308558558558584,0
3250,4,3,0,41,0.07317073170731707,0.0,1.0,41,1050,800,250,0.7619047619047619,13,8,5,322.00936738861543,0.44433434959349594,0.05436056212223406,0.17399961425151378,128170.89979383691,54.44607204861603,128225.34586588552,785,0,157.58536585365854,39,2,16,38.69725765524806,0.5964209401709402,46.848958333333336,1012.6041666666675,25.964209401709425,0
3251,4,0,1,40,0.0,0.024390243902439025,0.975609756097561,41,900,600,300,0.6666666666666666,12,6,6,320.7759599975158,0.44461382113821135,0.05648663089531225,0.17356175064306323,128223.64501953125,26.212565104166487,128249.85758463542,786,1,158.58536585365854,39,2,16,38.67472745037539,0.5969551282051282,46.796875,1012.8125,25.96955128205128,0
3252,4,0,2,38,0.0,0.05,0.95,40,900,400,500,0.4444444444444444,14,4,10,326.9088695104133,0.44404380341880345,0.06477332630469146,0.1774888739156424,128360.96871804015,392.46783457521525,128753.43655261537,787,2,161.5,38,2,18,38.37945879458794,0.6000548245614035,46.66132478632479,1013.3547008547018,26.667228969860574,0
3253,4,2,1,39,0.05,0.025,0.975,40,1150,900,250,0.782608695652174,14,9,5,332.2431597146564,0.4463274572649573,0.08503580454928406,0.18173853943838603,128658.86843450964,549.205794798763,129208.0742293084,788,0,159.175,38,2,14,37.94075575680989,0.6030701754385965,46.36752136752138,1014.5299145299159,26.698155645524103,0
3254,4,1,2,38,0.025,0.05,0.95,40,700,400,300,0.5714285714285714,10,4,6,342.2755487038017,0.44598023504273504,0.08812101910828041,0.1779379508162146,126607.70052596962,666.9440335305583,127274.64455950017,789,0,160.15,38,2,15,39.78569532908706,0.5822368421052632,48.39743589743589,1006.4102564102552,26.484480431848823,8
3255,4,0,0,38,0.0,0.0,1.0,38,550,300,250,0.5454545454545454,8,3,5,359.3809945632911,0.4419304172593646,0.10106771631272493,0.18619437606956613,126468.2503449397,1490.057117928757,127958.30746286846,790,1,169.31578947368422,36,2,17,39.49889908941633,0.5844907407407407,48.536036036036045,1005.8558558558573,27.94044044044048,0
3256,4,2,1,39,0.05,0.025,0.975,40,1150,700,450,0.6086956521739131,16,7,9,356.6467277977683,0.4461805555555556,0.12631352529539996,0.18830342375609627,127237.93730977816,1080.4022196425633,128318.33952942073,791,0,161.8,35,5,19,38.77636132461475,0.5943452380952381,47.771990740740755,1008.9120370370388,28.82605820105825,0
3257,4,1,1,39,0.025,0.025,0.975,40,1050,700,350,0.6666666666666666,14,7,7,359.1141616242886,0.44596688034188037,0.14875358166189123,0.19070426416140723,127471.58893014846,1155.3705579132525,128626.95948806171,792,0,162.625,35,5,16,38.474331423113654,0.5967261904761905,47.54050925925927,1009.8379629629641,28.85251322751326,0
3258,4,0,1,38,0.0,0.02564102564102564,0.9743589743589743,39,1150,900,250,0.782608695652174,14,9,5,366.5456389337196,0.4429262258209627,0.14573413748104258,0.19450998504001044,127442.37075617294,1542.689043209888,128985.05979938283,793,1,167.76923076923077,35,4,16,38.316712517193935,0.5964285714285714,47.56944444444445,1009.7222222222231,28.849206349206373,0
3259,4,2,0,40,0.05,0.0,1.0,40,1250,1000,250,0.8,15,10,5,346.60733356075167,0.4451255341880342,0.16544854881266424,0.18691545164986492,128090.45041867581,879.4178948425974,128969.86831351841,794,0,163.65,38,2,18,38.15677220756375,0.5973135964912281,46.928418803418815,1012.2863247863268,26.639113810166492,0
3260,4,3,2,41,0.06976744186046512,0.046511627906976744,0.9534883720930233,43,1250,600,650,0.48,19,6,13,309.8421365940212,0.4482281284606866,0.12613062431586486,0.16385101633858484,127302.17013888874,-701.6910247278931,126600.47911416086,795,0,153.1627906976744,39,4,18,39.891274428846685,0.5876068376068376,47.70833333333333,1009.1666666666655,25.876068376068346,8
3261,4,0,2,39,0.0,0.04878048780487805,0.9512195121951219,41,900,700,200,0.7777777777777778,11,7,4,314.9112241652393,0.44687499999999997,0.12560820652679228,0.16633230430741144,127253.65713346467,-185.2790105194111,127068.37812294526,796,1,158.97560975609755,38,3,18,39.81297649301144,0.5888157894736843,47.75641025641025,1008.9743589743578,26.55195681511468,0
3262,4,1,1,39,0.025,0.025,0.975,40,950,700,250,0.7368421052631579,12,7,5,318.1139394374005,0.4469551282051282,0.14910345921929502,0.16903491115805183,127496.31461620622,111.67098126230007,127607.98559746852,797,0,162.15,38,2,15,39.48415846821115,0.591282894736842,47.51602564102563,1009.9358974358956,26.57726045883936,0
3263,4,1,1,39,0.025,0.025,0.975,40,1150,800,350,0.6956521739130435,15,8,7,355.28226752136146,0.44811698717948717,0.1152087874268668,0.18758301187060636,127237.93730977808,1176.190194117502,128414.12750389558,798,0,162.1,35,5,19,38.810776834537876,0.5943452380952381,47.77199074074075,1008.9120370370381,28.82605820105823,8
3264,4,0,1,38,0.0,0.02564102564102564,0.9743589743589743,39,850,500,350,0.5882352941176471,12,5,7,355.4034725616932,0.44843679712100765,0.11590061125664874,0.18818905186463433,127354.7363281251,1252.4631076389023,128607.199435764,799,1,164.6153846153846,35,4,16,38.687865497076025,0.5955357142857143,47.65625000000001,1009.3750000000008,28.839285714285737,0
3265,4,1,0,39,0.02564102564102564,0.0,1.0,39,1300,900,400,0.6923076923076923,17,9,8,369.5890744444956,0.4480994152046784,0.15245951183090112,0.18660582556841643,125405.42079260934,1533.1712427125715,126938.59203532191,800,0,165.48717948717947,35,4,18,40.34020876665893,0.575595238095238,49.59490740740738,1001.6203703703671,28.617724867724775,8
3266,4,1,2,38,0.025,0.05,0.95,40,1450,1000,450,0.6896551724137931,19,10,9,364.5368844501164,0.4498130341880342,0.15624158060170612,0.1857720003822443,125789.5310851389,1170.9847516434972,126960.51583678239,801,0,162.325,36,4,19,40.06955358479267,0.5775462962962963,49.21171171171169,1003.1531531531507,27.865365365365296,0
3267,4,1,0,39,0.02564102564102564,0.0,1.0,39,650,400,250,0.6153846153846154,9,4,5,364.7849445675322,0.45001124606387766,0.16380486594722932,0.1878447739463411,126218.23157793198,1408.7589243240816,127626.99050225606,802,0,162.89743589743588,35,4,20,39.620767104353824,0.5839285714285714,48.784722222222214,1004.8611111111102,28.710317460317434,0
3268,4,1,0,40,0.025,0.0,1.0,40,1500,1100,400,0.7333333333333333,19,11,8,353.730662702576,0.4500534188034188,0.1704240322219739,0.18403053918717238,126638.2154959012,959.1639781673433,127597.37947406854,803,0,159.8,36,4,19,39.46609047512493,0.5862268518518519,48.36711711711711,1006.5315315315306,27.959209209209185,0
3269,4,4,2,42,0.09090909090909091,0.045454545454545456,0.9545454545454546,44,1350,1000,350,0.7407407407407407,17,10,7,330.2427953059973,0.4589279422128259,0.19159173154951192,0.17662663052172373,127758.96044021421,-361.7047557670666,127397.25568444715,804,0,146.1818181818182,40,4,20,38.90941227717463,0.590625,47.25609756097561,1010.9756097560979,25.27439024390245,0
3270,4,2,0,44,0.045454545454545456,0.0,1.0,44,1100,800,300,0.7272727272727273,14,8,6,335.5866694778034,0.45889490838618746,0.2024048599256949,0.1807521709750922,128041.65556423138,-206.18545095507585,127835.4701132763,805,0,147.0681818181818,40,4,23,38.48549887873617,0.5934895833333333,46.976626016260184,1012.0934959349628,25.30233739837407,0
3271,4,2,1,45,0.043478260869565216,0.021739130434782608,0.9782608695652174,46,1650,1300,350,0.7878787878787878,20,13,7,326.3144836279638,0.4597524154589372,0.20684990222079325,0.17831932893204888,128619.58007812499,-805.7896943060525,127813.79038381894,806,0,141.6304347826087,39,7,17,38.131118641747115,0.6009615384615384,46.40625,1014.3749999999999,26.009615384615383,0
3272,4,0,0,45,0.0,0.0,1.0,45,1150,900,250,0.782608695652174,14,9,5,335.8021100209213,0.4590277777777778,0.2022053659221803,0.18318584070796445,128550.50131492421,-366.4940828402602,128184.00723208395,807,1,145.77777777777777,38,7,17,37.96091445427729,0.6019736842105263,46.474358974358964,1014.1025641025626,26.686909581646386,0
3273,4,1,0,46,0.021739130434782608,0.0,1.0,46,1250,800,450,0.64,17,8,9,345.90032331751456,0.4599838969404187,0.25171588225234687,0.17829503240810168,126258.49364681482,-411.4454352034645,125847.04821161136,808,0,143.58695652173913,38,8,18,40.05372772049183,0.5786732456140351,48.74465811965811,1005.0213675213664,26.447930724246486,8
3274,4,1,1,46,0.02127659574468085,0.02127659574468085,0.9787234042553191,47,1400,1000,400,0.7142857142857143,18,10,8,327.5648133298359,0.4613398088189948,0.23529462471257334,0.1671342326617814,125839.82051234388,-1150.3759781129897,124689.44453423089,809,0,141.51063829787233,40,7,15,40.94500151929506,0.57109375,49.16158536585366,1003.3536585365856,25.08384146341464,8
3275,4,5,5,46,0.09803921568627451,0.09803921568627451,0.9019607843137255,51,1150,700,450,0.6086956521739131,16,7,9,304.5885382849556,0.46375816993464053,0.24973676106387255,0.15883717153427862,126734.19318361203,-2479.4782239411716,124254.71495967086,810,0,131.2156862745098,43,8,12,40.60442725477287,0.5758236434108528,48.27178030303032,1006.9128787878816,23.416578576462364,0
3276,4,1,2,45,0.02127659574468085,0.0425531914893617,0.9574468085106383,47,1300,1100,200,0.8461538461538461,15,11,4,323.07505931128736,0.4609736355226642,0.2444734370331838,0.167528549613538,126503.47764434225,-1225.9762913939849,125277.50135294825,811,0,143.0212765957447,40,7,14,40.37571135131496,0.5778645833333333,48.501016260162615,1005.9959349593516,25.149898373983792,0
3277,4,3,0,48,0.0625,0.0,1.0,48,1300,800,500,0.6153846153846154,18,8,10,319.1289682358582,0.4644004875886525,0.2622146693521312,0.16874071643142044,127297.04231112445,-1473.7993877652082,125823.24292335924,812,0,137.58333333333334,40,8,17,39.66221886539106,0.5859375,47.713414634146346,1009.1463414634155,25.22865853658539,0
3278,4,2,2,48,0.04,0.04,0.96,50,1450,1000,450,0.6896551724137931,19,10,9,320.9659250948782,0.4664285714285714,0.2526740886269372,0.165021874619488,126153.96684556798,-1684.8283075225117,124469.13853804546,813,0,133.04,37,13,18,40.78758276940988,0.5793918918918919,48.84868421052632,1004.6052631578957,27.151493598862046,8
3279,4,4,2,50,0.07692307692307693,0.038461538461538464,0.9615384615384616,52,1650,1200,450,0.7272727272727273,21,12,9,312.1872799179526,0.4690092383107089,0.2886050227248045,0.16382399165218284,126989.56164485437,-2471.0948344239455,124518.46681043043,814,0,128.6346153846154,40,12,17,40.151744303286954,0.5828125,48.018292682926834,1007.9268292682937,25.198170731707343,0
3280,4,0,2,48,0.0,0.04,0.96,50,2000,1200,800,0.6,28,12,16,324.8246368393649,0.46653061224489795,0.2936807278742759,0.17000562161852484,126882.03125000001,-1757.1180555555557,125124.91319444445,815,1,134.6,39,11,17,39.94347945960848,0.5833333333333333,48.125,1007.5000000000001,25.833333333333336,0
3281,4,1,1,48,0.02040816326530612,0.02040816326530612,0.9795918367346939,49,1950,1500,450,0.7692307692307693,24,15,9,320.3039685293846,0.4656143707482993,0.2855012615027528,0.16862252996936172,127119.65610812939,-1656.2667118728837,125463.3893962565,816,0,137.71428571428572,37,12,18,39.81404715305715,0.5892454954954955,47.88925438596491,1008.44298245614,27.25521574205784,0
3282,4,2,1,49,0.04,0.02,0.98,50,1550,1300,250,0.8387096774193549,18,13,5,314.708331186065,0.46591836734693876,0.28865482233502515,0.16756092228014835,127577.2518080212,-1970.0751972386406,125607.17661078257,817,0,135.8,38,12,18,39.48749471235193,0.5921052631578947,47.435897435897445,1010.2564102564116,26.585695006747674,0
3283,4,1,0,50,0.02,0.0,1.0,50,1300,900,400,0.6923076923076923,17,9,8,314.1280298933081,0.4651700680272109,0.28943763213530604,0.1677004042206942,127685.20801373394,-1978.099432025686,125707.10858170825,818,0,136.64,38,12,19,39.39195736434108,0.5932017543859649,47.329059829059844,1010.683760683763,26.59694107062534,0
3284,4,0,1,49,0.0,0.02,0.98,50,1650,1300,350,0.7878787878787878,20,13,7,312.9913640237396,0.4648299319727891,0.27017536446228574,0.16776762467999579,127847.22792935965,-1996.9843487471353,125850.24358061251,819,1,137.64,38,12,20,39.25540531023311,0.5948464912280702,47.168803418803435,1011.3247863247889,26.613810166441812,0
3285,4,0,0,49,0.0,0.0,1.0,49,1450,1100,350,0.7586206896551724,18,11,7,323.8553748319743,0.46373653628117917,0.27859001362904245,0.17367685915407738,127867.13219452146,-1517.908394890726,126349.22379963074,820,2,141.28571428571428,37,12,20,38.96041124602487,0.5968468468468469,47.14912280701755,1011.4035087719303,27.335229966808928,0
3286,4,0,0,49,0.0,0.0,1.0,49,1850,1300,550,0.7027027027027027,24,13,11,324.0256257945745,0.4636833900226757,0.2783947427025164,0.17428487978784618,127986.37695312526,-1505.826822916637,126480.55013020862,821,3,142.28571428571428,39,10,20,38.83441424747787,0.594551282051282,47.031250000000014,1011.875000000002,25.945512820512874,0
3287,4,1,1,49,0.02,0.02,0.98,50,1950,1600,350,0.8205128205128205,23,16,7,317.51992514620065,0.46363095238095237,0.2794751817894403,0.17285981467081446,128469.2559377054,-1841.4949817143404,126627.76095599106,822,0,140.42,38,12,17,38.50708715354619,0.6011513157894737,46.554487179487175,1013.7820512820508,26.67847503373818,0
3288,4,1,2,48,0.02,0.04,0.96,50,1600,1100,500,0.6875,21,11,10,317.7372071351465,0.46316326530612245,0.2836394271272118,0.17380371652968615,128658.86843450947,-1824.058094090141,126834.81034041932,823,0,141.04,38,12,18,38.308673827576534,0.6030701754385965,46.36752136752137,1014.5299145299145,26.698155645524068,0
3289,4,2,0,50,0.04,0.0,1.0,50,1450,1100,350,0.7586206896551724,18,11,7,320.29528564620927,0.461343537414966,0.29772053411838906,0.17700920754102817,129065.65176647306,-1732.1760400686715,127333.47572640439,824,0,141.38,38,12,20,37.83031927943083,0.6071820175438596,45.96688034188034,1016.1324786324785,26.740328385065226,0
3290,4,0,2,48,0.0,0.04,0.96,50,1300,900,400,0.6923076923076923,17,9,8,319.4234985305834,0.46122448979591835,0.2915787260878704,0.1768914531443522,129147.08547921688,-1749.4772262400484,127397.60825297683,825,1,142.38,38,12,20,37.769777871207346,0.6080043859649122,45.886752136752136,1016.4529914529915,26.74876293297346,0
3291,4,0,0,48,0.0,0.0,1.0,48,1050,400,650,0.38095238095238093,17,4,13,333.52994943073156,0.4601802600472813,0.30359167476514415,0.18353065131776608,128895.0100631925,-1001.9307623499536,127893.07930084255,826,2,149.0,37,11,20,37.66770597127739,0.6072635135135135,46.13486842105263,1015.4605263157894,27.444879089615927,0
3292,4,1,2,47,0.02040816326530612,0.04081632653061224,0.9591836734693877,49,1850,1400,450,0.7567567567567568,23,14,9,329.390785327006,0.45976828231292516,0.31093526870447086,0.1831932003124088,129315.90374157949,-1280.1791949849116,128035.72454659457,827,0,146.9387755102041,36,13,22,37.34499557130205,0.6134259259259259,45.72072072072073,1017.1171171171177,28.25325325325327,0
3293,4,1,0,48,0.020833333333333332,0.0,1.0,48,1250,900,350,0.72,16,9,7,333.16808934319124,0.4620456560283688,0.31223457702953783,0.18572483661483796,129407.39300679443,-977.1172250085701,128430.27578178587,828,0,145.625,35,13,23,37.15601656997688,0.6163690476190475,45.63078703703704,1017.4768518518521,29.070767195767203,0
3294,4,1,1,48,0.02040816326530612,0.02040816326530612,0.9795918367346939,49,1250,900,350,0.72,16,9,7,327.9849357388594,0.46253188775510207,0.31226812749632926,0.18468797034853385,129803.15778193738,-1285.303927238047,128517.85385469934,829,0,143.6326530612245,36,13,22,36.88644233248608,0.6183449074074074,45.24211711711712,1019.0315315315318,28.306431431431438,0
3295,4,0,0,48,0.0,0.0,1.0,48,1450,1000,450,0.6896551724137931,19,10,9,330.0564081258948,0.4612053043735225,0.3031982952244192,0.18640054040946513,129917.93894823887,-1023.950343924997,128893.98860431387,830,1,140.33333333333334,36,12,23,36.71734047645348,0.6195023148148149,45.12950450450451,1019.4819819819826,28.31894394394396,0
3296,4,0,1,47,0.0,0.020833333333333332,0.9791666666666666,48,1450,1100,350,0.7586206896551724,18,11,7,331.9314438913602,0.4607343380614657,0.30604162066681395,0.18814987601801894,130061.48674011862,-965.7005823390806,129095.78615777954,831,2,141.33333333333334,36,12,23,36.524113122838,0.6209490740740741,44.988738738738746,1020.045045045046,28.33458458458461,0
3297,4,0,0,47,0.0,0.0,1.0,47,1350,1000,350,0.7407407407407407,17,10,7,340.160049519238,0.45948967005858776,0.31069182677680507,0.19256412785017835,130010.85820877571,-555.1000067328503,129455.75820204285,832,3,145.14893617021278,37,10,23,36.36560136902841,0.6185247747747749,45.03837719298245,1019.8464912280697,27.56341868183972,0
3298,4,0,1,46,0.0,0.02127659574468085,0.9787234042553191,47,1500,1000,500,0.6666666666666666,20,10,10,344.1768698226438,0.4588536848596978,0.3199582973236208,0.19553784802011764,130150.67737188381,-441.02945136963507,129709.64792051418,833,4,146.14893617021278,37,10,23,36.12140912672828,0.6199324324324325,44.90131578947369,1020.3947368421066,27.578236130867744,0
3299,4,0,1,45,0.0,0.021739130434782608,0.9782608695652174,46,1500,1100,400,0.7333333333333333,19,11,8,342.69316611754675,0.45894726247987117,0.26656207978484914,0.18264415996374755,127617.7300347223,-340.0833669975323,127277.64666772478,834,5,147.2826086956522,37,9,17,38.73926116838487,0.5943130630630631,47.395833333333336,1010.4166666666674,27.30855855855858,8
3300,4,0,2,43,0.0,0.044444444444444446,0.9555555555555556,45,1300,1000,300,0.7692307692307693,16,10,6,344.3853841974322,0.4589436026936027,0.2509308774014658,0.18400019098548517,127717.31190650108,-203.20489408327097,127514.10701241781,835,6,149.46666666666667,36,9,18,38.59458556149733,0.5972222222222222,47.2972972972973,1010.8108108108107,28.078078078078075,0
3301,4,1,0,44,0.022727272727272728,0.0,1.0,44,1050,600,450,0.5714285714285714,15,6,9,347.4797807918741,0.45940142706131076,0.2602998397802707,0.1862747438379998,127851.72994898836,85.17821930727615,127936.90816829563,836,0,151.9318181818182,35,9,20,38.37882429236287,0.6005952380952381,47.164351851851855,1011.3425925925927,28.89550264550265,0
3302,4,1,0,45,0.022222222222222223,0.0,1.0,45,800,600,200,0.75,10,6,4,359.398283334716,0.4602693602693602,0.3132090912472565,0.19000401280014134,127290.80590303168,156.7058663550016,127447.51176938668,837,0,149.53333333333333,36,9,18,38.65268013242571,0.5928819444444444,47.71959459459461,1009.1216216216238,28.031156156156218,8
3303,4,1,1,45,0.021739130434782608,0.021739130434782608,0.9782608695652174,46,1100,700,400,0.6363636363636364,15,7,8,355.957062387076,0.46224838969404186,0.312281488121918,0.18971337940410116,127617.73003472238,-114.71354166664844,127503.01649305574,838,0,147.2608695652174,37,9,19,38.40420962199313,0.5943130630630631,47.39583333333334,1010.416666666668,27.308558558558595,0
3304,4,2,0,47,0.0425531914893617,0.0,1.0,47,900,500,400,0.5555555555555556,13,5,8,352.83574248476066,0.4655411655874191,0.312753152400272,0.1897619146549218,127982.32299884968,-368.6524079552664,127613.67059089441,839,0,144.85106382978722,38,9,21,38.109756097560975,0.596217105263158,47.03525641025642,1011.8589743589762,26.627867746288846,0
3305,4,2,3,46,0.04081632653061224,0.061224489795918366,0.9387755102040817,49,1250,800,450,0.64,17,8,9,384.25516859055966,0.46634070294784585,0.32417258512758584,0.20390766975572033,127442.37075617282,129.47405307180725,127571.84480924463,840,0,139.89795918367346,35,14,14,37.869669876203574,0.5964285714285714,47.56944444444444,1009.7222222222222,28.849206349206348,8
3306,4,5,3,48,0.09803921568627451,0.058823529411764705,0.9411764705882353,51,1500,1100,400,0.7333333333333333,19,11,8,363.4269797024351,0.4673529411764706,0.32199861494413273,0.19731567844748676,128360.96871803986,-870.0321654248148,127490.93655261505,841,0,130.49019607843138,38,13,17,37.45431382885256,0.6000548245614035,46.661324786324776,1013.3547008546994,26.667228969860513,0
3307,4,1,0,49,0.02040816326530612,0.0,1.0,49,1500,1000,500,0.6666666666666666,20,10,10,364.3121095835596,0.4648880385487528,0.31496848901863195,0.19782447219572633,128366.66690712544,-444.151476386082,127922.51543073937,842,0,136.73469387755102,37,12,22,37.42606217990333,0.6019144144144144,46.65570175438597,1013.3771929824576,27.388572783309666,8
3308,4,2,2,49,0.0392156862745098,0.0392156862745098,0.9607843137254902,51,1600,1200,400,0.75,20,12,8,353.9016647074994,0.46669934640522875,0.31018289668808685,0.19523184549758102,128994.83194527085,-1069.7028471808912,127925.12909808996,843,0,132.33333333333334,40,11,21,37.048777844471125,0.603125,46.03658536585367,1015.8536585365869,25.39634146341467,0
3309,4,0,0,49,0.0,0.0,1.0,49,1300,700,600,0.5384615384615384,19,7,12,358.37927703572717,0.4646754535147392,0.3212145785466505,0.19832821771034734,129119.9380547336,-545.2179898093451,128574.72006492426,844,1,137.53061224489795,38,11,22,36.807526542625894,0.6077302631578947,45.91346153846153,1016.3461538461529,26.745951417004022,0
3310,4,1,2,48,0.02,0.04,0.96,50,1350,1100,250,0.8148148148148148,16,11,5,347.7576202774884,0.4655442176870748,0.31790993320405114,0.19421698143295055,129480.23069598296,-994.401255802925,128485.82944018004,845,0,135.76,37,13,13,36.71083818142642,0.6131756756756757,45.559210526315766,1017.7631578947335,27.507112375533335,0
3311,4,3,4,47,0.058823529411764705,0.0784313725490196,0.9215686274509804,51,1900,1400,500,0.7368421052631579,24,14,10,335.48556363777436,0.4658169934640523,0.32316415389264863,0.19075751984673653,130182.84640841997,-1465.106879340296,128717.73952907967,846,0,133.0392156862745,39,12,17,36.31054149229355,0.6167200854700854,44.86979166666666,1020.5208333333319,26.167200854700816,0
3312,4,2,0,49,0.04081632653061224,0.0,1.0,49,1700,1300,400,0.7647058823529411,21,13,8,353.1808567681103,0.4640731292517007,0.33525002521963065,0.20065329994408007,130150.67737188352,-606.6544513696642,129544.02292051386,847,0,138.55102040816325,37,12,20,35.89171860448458,0.6199324324324325,44.90131578947368,1020.3947368421041,27.578236130867676,0
3313,4,0,2,47,0.0,0.04081632653061224,0.9591836734693877,49,1450,1200,250,0.8275862068965517,17,12,5,350.0739884188421,0.4633645124716553,0.33812351882422353,0.19931735524103975,130234.60493853869,-681.6504838027151,129552.95445473597,848,1,139.55102040816325,37,12,20,35.88585866723961,0.620777027027027,44.81907894736842,1020.7236842105256,27.587126600284474,0
3314,4,0,1,46,0.0,0.02127659574468085,0.9787234042553191,47,950,500,450,0.5263157894736842,14,5,9,351.76644906298736,0.4623612395929695,0.3282043902826297,0.20058171989123527,130292.97052154191,-233.45487288868105,130059.51564865322,849,2,142.14893617021278,34,13,20,35.78348491915424,0.6274509803921569,44.76190476190476,1020.9523809523806,30.028011204481782,0
3315,4,0,0,46,0.0,0.0,1.0,46,1200,500,700,0.4166666666666667,19,5,14,359.69005423066903,0.4619263285024155,0.3284197836263718,0.2051045750715745,130293.86421388404,173.08141700306953,130466.9456308871,850,3,144.91304347826087,33,13,21,35.58033749449846,0.6297348484848485,44.7610294117647,1020.9558823529408,30.938057040998206,0
3316,4,0,0,46,0.0,0.0,1.0,46,1450,1000,450,0.6896551724137931,19,10,9,358.31777086342845,0.4615640096618357,0.3272555586857402,0.20481620729600888,130387.71896626287,144.04736159168723,130531.76632785455,851,4,145.91304347826087,33,13,22,35.520158387329026,0.6306818181818181,44.66911764705882,1021.3235294117638,30.949197860962542,0
3317,4,0,1,45,0.0,0.021739130434782608,0.9782608695652174,46,1600,900,700,0.5625,23,9,14,359.45387493533747,0.46073872785829306,0.3286003316403685,0.20612973928547737,130512.9112000191,182.6743319876831,130695.58553200678,852,5,146.91304347826087,33,13,15,35.36419605021189,0.6319444444444444,44.546568627450974,1021.813725490195,30.964052287581666,0
3318,4,0,1,44,0.0,0.022222222222222223,0.9777777777777777,45,1300,700,600,0.5384615384615384,19,7,12,364.037405750583,0.45974326599326604,0.33946608082018526,0.2099441707663176,130732.14215986634,518.2779760188332,131250.4201358852,853,6,150.3111111111111,33,12,15,35.02484022368684,0.6341540404040404,44.33210784313725,1022.6715686274505,30.990047534165168,0
3319,4,0,0,44,0.0,0.0,1.0,44,1200,500,700,0.4166666666666667,19,5,14,372.7192147318918,0.4595115398167724,0.3455336798033424,0.21485074164509574,130714.10323245089,943.9315822365188,131658.03481468742,854,7,154.0681818181818,32,12,15,34.821171338025266,0.6363932291666667,44.34974747474748,1022.6010101010111,31.956281565656596,0
3320,4,0,0,44,0.0,0.0,1.0,44,1400,1000,400,0.7142857142857143,18,10,8,369.71436938842135,0.4595225510923185,0.33991045981912427,0.21365376753102655,130810.95838434865,872.5381976329088,131683.49658198157,855,8,155.0681818181818,32,12,16,34.79979223237061,0.6373697916666667,44.25505050505051,1022.979797979799,31.968118686868717,0
3321,4,0,2,42,0.0,0.045454545454545456,0.9545454545454546,44,1750,1200,550,0.6857142857142857,23,12,11,369.1352949618531,0.45967670894996476,0.3401349668472955,0.21349773697900776,130843.25140610669,859.7724403122318,131703.02384641892,856,9,156.0681818181818,32,12,16,34.7818709120079,0.6376953125,44.22348484848486,1023.106060606062,31.972064393939437,0
3322,4,0,2,40,0.0,0.047619047619047616,0.9523809523809523,42,1350,1200,150,0.8888888888888888,15,12,3,385.43247124011486,0.4567242547425474,0.3558465469301866,0.22136167003850746,130571.48947855271,1665.2983726442685,132236.78785119698,857,11,164.07142857142858,30,12,17,34.641033228125536,0.6402777777777777,44.489247311827974,1022.0430107526904,34.06810035842302,0
3323,4,0,0,40,0.0,0.0,1.0,40,1100,600,500,0.5454545454545454,16,6,10,394.74610178291556,0.4550347222222222,0.343064428435504,0.2263559681073196,130510.8241705247,2303.727816358031,132814.55198688273,706,12,150.575,29,11,17,34.464767115219075,0.6426005747126438,44.548611111111114,1021.8055555555557,35.23467432950192,0
3324,4,0,0,40,0.0,0.0,1.0,40,900,500,400,0.5555555555555556,13,5,8,393.3786306657302,0.454821047008547,0.3403825926899817,0.2263266161001171,130640.18419759528,2278.211353913775,132918.39555150905,707,13,151.575,30,10,17,34.368152335875195,0.6409722222222223,44.4220430107527,1022.3118279569908,34.077060931899695,0
3325,4,0,2,38,0.0,0.05,0.95,40,1050,800,250,0.7619047619047619,13,8,5,389.8282696646957,0.45487446581196583,0.3350203717850775,0.22479524448946586,130728.22570800806,2192.3116048177353,132920.5373128258,708,14,152.575,31,9,18,34.36942959001781,0.6391129032258065,44.335937500000014,1022.6562500000019,32.98891129032264,0
3326,4,0,0,38,0.0,0.0,1.0,38,1300,1000,300,0.7692307692307693,16,10,6,400.8074420157527,0.45061344238975815,0.32766591845622983,0.2313256764903555,130761.51741875547,2882.0378621419386,133643.55528089742,562,15,142.60526315789474,31,7,18,34.054874814343336,0.6394489247311828,44.30338541666667,1022.7864583333337,32.9931115591398,0
3327,4,0,0,38,0.0,0.0,1.0,38,1350,800,550,0.5925925925925926,19,8,11,402.41892145627355,0.4505838074917022,0.33050756662648983,0.2332605252689019,130928.03955078126,2937.584092881946,133865.62364366322,563,16,143.60526315789474,31,7,20,33.84435962680237,0.6411290322580645,44.140625,1023.4375000000001,33.01411290322581,0
3328,4,0,0,38,0.0,0.0,1.0,38,1100,800,300,0.7272727272727273,14,8,6,340.0662946864099,0.4498281175912755,0.15753207307674866,0.19073283484585576,129647.68005540148,1217.7612342258954,130865.44128962737,564,17,144.60526315789474,37,1,19,36.736469997128914,0.6148648648648649,45.39473684210525,1018.4210526315775,27.52489331436696,8
3329,4,0,1,37,0.0,0.02631578947368421,0.9736842105263158,38,1050,800,250,0.7619047619047619,13,8,5,338.6625884443127,0.4490131578947369,0.1518771910945984,0.1906233455125984,129787.30384589493,1190.8208535318608,130978.12469942679,565,18,145.60526315789474,37,1,20,36.630505936367875,0.6162725225225225,45.25767543859649,1018.9692982456144,27.539710763394982,0
3330,4,0,0,37,0.0,0.0,1.0,37,1200,900,300,0.75,15,9,6,344.7483252716855,0.44763513513513514,0.15573611397277265,0.19441227987750972,129860.54202428802,1553.840876349344,131414.38290063737,566,19,148.86486486486487,36,1,20,36.40113431296723,0.6189236111111112,45.18581081081082,1019.2567567567586,28.31268768768774,0
3331,4,0,0,37,0.0,0.0,1.0,37,1200,1000,200,0.8333333333333334,14,10,4,344.7558579299982,0.44757257257257255,0.15050110311349685,0.19470210741361665,129917.93894823888,1557.9941005194498,131475.93304875834,567,20,149.86486486486487,36,1,20,36.34269487094518,0.6195023148148149,45.12950450450451,1019.4819819819827,28.318943943943964,0
3332,4,0,0,37,0.0,0.0,1.0,37,750,500,250,0.6666666666666666,10,5,5,342.94386349816176,0.4472597597597598,0.14548286418456424,0.19439208482893314,130061.48674011865,1520.757750994253,131582.2444911129,568,21,150.86486486486487,36,1,20,36.243284021491135,0.6209490740740741,44.988738738738746,1020.0450450450462,28.33458458458462,0
3333,4,0,0,37,0.0,0.0,1.0,37,1650,1400,250,0.8484848484848485,19,14,5,340.3581840899624,0.4464777277277277,0.14384997242140085,0.19392501186521127,130262.58680555565,1467.1875000000095,131729.77430555565,569,22,151.86486486486487,36,1,22,36.105442176870746,0.622974537037037,44.79166666666667,1020.8333333333342,28.356481481481506,0
3334,4,0,0,37,0.0,0.0,1.0,37,700,200,500,0.2857142857142857,12,2,10,338.77986436411595,0.44597722722722727,0.14483031144030778,0.19346632642618738,130351.21588059411,1432.0734471450537,131783.28932773916,570,23,152.86486486486487,35,2,22,36.05597585855151,0.6258928571428571,44.70486111111111,1021.1805555555554,29.176587301587297,0
3335,4,0,0,37,0.0,0.0,1.0,37,1250,1000,250,0.8,15,10,5,340.3608417215579,0.4454767267267267,0.15097666473813276,0.1952596407771041,130528.56445312485,1485.3624131944289,132013.9268663193,571,24,153.86486486486487,35,2,17,35.83609412164458,0.6276785714285714,44.53124999999999,1021.8749999999989,29.196428571428537,0
3336,4,0,0,37,0.0,0.0,1.0,37,1100,700,400,0.6363636363636364,15,7,8,339.81380458615166,0.4451013513513513,0.14942447826605942,0.19524370255694892,130587.7074358067,1475.1011391889497,132062.80857499567,572,25,154.86486486486487,35,2,17,35.790232325519945,0.6282738095238095,44.473379629629626,1022.1064814814811,29.203042328042315,0
3337,4,0,0,37,0.0,0.0,1.0,37,700,600,100,0.8571428571428571,8,6,2,342.26622600944626,0.4454767267267267,0.15237419402199892,0.19740629066706686,130735.62349965691,1549.2776920438787,132284.9011917008,573,26,155.86486486486487,35,2,17,35.57793873547608,0.6297619047619047,44.328703703703695,1022.685185185184,29.219576719576686,0
3338,4,0,0,37,0.0,0.0,1.0,37,650,300,350,0.46153846153846156,10,3,7,340.49683763914686,0.4448511011011011,0.14871743137776394,0.1971403105152387,130883.62328800141,1513.091965663567,132396.715253665,574,27,156.86486486486487,35,2,18,35.473574821852736,0.63125,44.18402777777777,1023.2638888888879,29.236111111111082,0
3339,4,0,0,37,0.0,0.0,1.0,37,1250,1000,250,0.8,15,10,5,334.4132211701206,0.44513263263263264,0.09334092202618094,0.18558560631582502,129230.80800165047,1252.008852023329,130482.8168536738,575,28,157.86486486486487,35,2,21,37.303761145892615,0.6145833333333333,45.80439814814815,1016.7824074074082,29.05092592592595,8
3340,4,1,0,38,0.02631578947368421,0.0,1.0,38,1300,1000,300,0.7692307692307693,16,10,6,325.49483371134403,0.4457681365576103,0.0966172894096835,0.18288361899085853,129717.1051964129,844.4495170846844,130561.55471349758,576,0,154.68421052631578,36,2,19,37.03708821578599,0.6174768518518519,45.32657657657659,1018.6936936936959,28.29704704704711,0
3341,4,0,1,37,0.0,0.02631578947368421,0.9736842105263158,38,1050,900,150,0.8571428571428571,12,9,3,337.9319168616165,0.4446271929824561,0.07999657866225696,0.18197850598790663,128033.53555901808,1054.4681332526577,129088.00369227074,577,1,155.68421052631578,37,1,18,38.4344528710726,0.5985360360360361,46.984649122807014,1012.0614035087713,27.353010905642467,7
3342,4,1,0,38,0.02631578947368421,0.0,1.0,38,1250,800,450,0.64,17,8,9,345.9369687250655,0.4438418681839735,0.11413188928178863,0.18797738988393764,128394.44739006227,1283.2771862496036,129677.72457631187,578,0,156.6315789473684,37,1,15,37.863225323668345,0.6021959459459459,46.628289473684205,1013.4868421052628,27.39153627311521,0
3343,4,0,0,38,0.0,0.0,1.0,38,850,200,650,0.23529411764705882,15,2,13,344.518321033904,0.4434417970602181,0.11063105525006578,0.18759813876793122,128477.80687326848,1252.5916628193092,129730.39853608779,579,1,157.6315789473684,37,1,15,37.81409979090058,0.6030405405405406,46.54605263157894,1013.8157894736823,27.400426742531955,0
3344,4,1,1,38,0.02564102564102564,0.02564102564102564,0.9743589743589743,39,1150,700,450,0.6086956521739131,16,7,9,339.7515911527974,0.44523166891587945,0.1139289347223682,0.1867356489719509,128848.62075617276,955.3047839506047,129803.92554012337,580,0,154.56410256410257,38,1,17,37.556999544003624,0.6049890350877193,46.18055555555555,1015.2777777777771,26.717836257309926,0
3345,4,0,0,38,0.0,0.0,1.0,38,1700,1200,500,0.7058823529411765,22,12,10,346.32567794455815,0.4452643432906591,0.10719826777828945,0.1905717233181552,128895.01006319249,1327.9303487611537,130222.94041195363,581,1,156.92105263157896,37,1,17,37.34286704099628,0.6072635135135135,46.13486842105263,1015.4605263157893,27.444879089615927,0
3346,4,0,0,38,0.0,0.0,1.0,38,900,700,200,0.7777777777777778,11,7,4,348.43060400251653,0.44474573257468,0.10882855957771964,0.191999564834938,128950.68825263533,1386.0732388811803,130336.7614915165,582,2,157.92105263157896,37,1,17,37.23269549102163,0.6078265765765766,46.080043859649116,1015.6798245614027,27.4508060692271,0
3347,4,1,1,38,0.02564102564102564,0.02564102564102564,0.9743589743589743,39,800,500,300,0.625,11,5,6,342.5369326588896,0.4465249662618083,0.11368977510879641,0.19022080919033185,129257.13320444747,1055.3118507617664,130312.44505520923,583,0,154.84615384615384,37,2,18,37.07048378980663,0.6109234234234234,45.77850877192982,1016.8859649122802,27.483404457088653,0
3348,4,0,0,38,0.0,0.0,1.0,38,1750,1100,650,0.6285714285714286,24,11,13,346.9021548878143,0.4458570412517781,0.10365708318672451,0.19264494517542433,129257.13320444735,1367.915608648794,130625.04881309615,584,1,158.81578947368422,37,1,19,36.959510459348714,0.6109234234234234,45.778508771929815,1016.8859649122793,27.48340445708863,0
3349,4,0,0,38,0.0,0.0,1.0,38,1300,1100,200,0.8461538461538461,15,11,4,346.99771140187795,0.44560514461830253,0.1053454213306253,0.19310724467157872,129340.77222077933,1376.190390312389,130716.96261109172,585,2,159.81578947368422,37,1,19,36.871990765692935,0.6117680180180181,45.696271929824555,1017.2149122807006,27.49229492650542,0
3350,4,1,0,39,0.02564102564102564,0.0,1.0,39,450,400,50,0.8888888888888888,5,4,1,340.673921392772,0.4463562753036437,0.09990100820986259,0.19101787168917084,129636.22708013744,1032.7363667908621,130668.9634469283,586,0,156.69230769230768,38,1,16,36.73262868932717,0.6129385964912281,45.40598290598291,1018.3760683760692,26.799370220422873,0
3351,4,2,1,40,0.04878048780487805,0.024390243902439025,0.975609756097561,41,1200,900,300,0.75,15,9,6,330.22492288045555,0.4486026422764227,0.10582144271487537,0.18740124368552238,130107.01844346938,392.91602634012906,130499.93446980951,587,0,150.0,40,1,18,36.52152438821927,0.6143229166666666,44.944105691056905,1020.2235772357715,25.505589430894286,0
3352,4,0,1,39,0.0,0.025,0.975,40,1150,800,350,0.6956521739130435,15,8,7,339.2300756147833,0.44553952991452994,0.10897632169830529,0.1930183670658333,130209.42382812513,834.19053819446,131043.6143663196,588,1,154.575,39,1,18,36.18808260189155,0.6169871794871795,44.84375000000001,1020.625000000001,26.16987179487182,0
3353,4,0,0,39,0.0,0.0,1.0,39,1150,600,550,0.5217391304347826,17,6,11,346.1051593731465,0.4446412505623032,0.12300020052485228,0.1976495677119267,130351.21588059394,1223.0782214505964,131574.29410204454,589,2,158.48717948717947,35,4,20,35.86896463787828,0.6258928571428571,44.7048611111111,1021.180555555554,29.176587301587254,0
3354,4,0,0,39,0.0,0.0,1.0,39,800,600,200,0.75,10,6,4,348.60247156091293,0.44374156545209176,0.12663669211018602,0.1998352349960868,130498.9979852536,1298.4546467763885,131797.45263203,590,3,159.48717948717947,35,4,14,35.65549010723457,0.6273809523809524,44.560185185185176,1021.7592592592579,29.193121693121654,0
3355,4,1,1,39,0.025,0.025,0.975,40,1300,900,400,0.6923076923076923,17,9,8,365.99301557371496,0.44375000000000003,0.1369644111449313,0.20327128342202042,129261.91184807269,1500.5323811623593,130762.44422923504,591,0,156.475,34,6,18,36.46930851478967,0.6170343137254901,45.77380952380953,1016.9047619047628,29.9089635854342,8
3356,4,1,2,38,0.025,0.05,0.95,40,1200,900,300,0.75,15,9,6,357.52916649531494,0.44272168803418804,0.14837153549292492,0.1999497647286749,129534.44054705226,1262.4681122449106,130796.90865929717,592,0,157.25,34,6,15,36.407047908626666,0.6197916666666667,45.50595238095239,1017.9761904761913,29.940476190476215,0
3357,4,1,0,39,0.02564102564102564,0.0,1.0,39,1050,800,250,0.7619047619047619,13,8,5,358.6885263926091,0.4404520917678812,0.1523131030751197,0.1973943954921909,128898.98667800475,1490.5576814059227,130389.54435941066,593,0,162.10256410256412,34,5,19,37.024960922235266,0.6133578431372548,46.130952380952394,1015.4761904761922,29.866946778711537,8
3358,4,1,1,39,0.025,0.025,0.975,40,950,700,250,0.7368421052631579,12,7,5,348.6679162662245,0.44285523504273505,0.14745618028682017,0.1936407277063874,129260.23046339171,1013.7790423525512,130274.00950574427,594,0,159.025,35,5,21,36.91146900371806,0.6148809523809524,45.77546296296297,1016.8981481481487,29.05423280423282,0
3359,4,0,0,39,0.0,0.0,1.0,39,1400,1000,400,0.7142857142857143,18,10,8,348.60090797046246,0.44104251012145745,0.13622305474831675,0.19389270754711552,129319.08543381348,1216.150120027441,130535.23555384092,595,1,158.53846153846155,35,4,21,36.85328478227886,0.6154761904761905,45.717592592592595,1017.12962962963,29.06084656084657,0
3360,4,0,0,39,0.0,0.0,1.0,39,1050,700,350,0.6666666666666666,14,7,7,350.27330733139723,0.44064889788573997,0.13750659911506236,0.19526015502538457,129407.39300679453,1265.5911083247775,130672.98411511931,596,2,159.53846153846155,35,4,21,36.720912486254896,0.6163690476190475,45.630787037037045,1017.4768518518529,29.070767195767225,0
3361,4,0,1,38,0.0,0.02564102564102564,0.9743589743589743,39,1150,800,350,0.6956521739130435,15,8,7,352.08219124441985,0.44017094017094016,0.1369128658951666,0.19695686935950246,129545.08562616688,1322.1035224413781,130867.18914860826,597,3,160.53846153846155,36,3,15,36.53484513274335,0.6157407407407407,45.495495495495504,1018.0180180180195,28.278278278278318,0
3362,4,0,1,37,0.0,0.02631578947368421,0.9736842105263158,38,1100,600,500,0.5454545454545454,16,6,10,351.74793388429725,0.43991524419156,0.12811004784688973,0.19740955473098326,129672.49657064481,1522.406550068594,131194.9031207134,598,4,163.55263157894737,35,3,17,36.41382575757575,0.6190476190476191,45.370370370370374,1018.5185185185193,29.100529100529123,0
3363,4,0,1,36,0.0,0.02702702702702703,0.972972972972973,37,1100,800,300,0.7272727272727273,14,8,6,381.31466587352713,0.4376564064064064,0.010678838767090415,0.19714873489199333,126383.31056986042,2328.436128195265,128711.74669805568,599,6,168.86486486486487,36,1,16,39.0350263187367,0.5836226851851851,48.6204954954955,1005.5180180180182,27.93105605605606,8
3364,4,1,0,37,0.02702702702702703,0.0,1.0,37,850,500,350,0.5882352941176471,12,5,7,381.8345629655498,0.44059684684684686,0.034108845923569886,0.1986517650632178,126638.2154959012,2270.9695337228995,128909.1850296241,600,0,169.67567567567568,36,1,17,38.75890393078243,0.5862268518518519,48.36711711711711,1006.5315315315306,27.959209209209185,0
3365,4,0,0,37,0.0,0.0,1.0,37,1200,900,300,0.75,15,9,6,382.29276738067915,0.440503003003003,0.03318450986497079,0.1993049348775892,126723.24087178409,2289.0756888645565,129012.31656064864,601,1,170.67567567567568,36,1,17,38.65968571748127,0.5870949074074074,48.282657657657666,1006.8693693693705,27.968593593593624,0
3366,4,1,0,38,0.02631578947368421,0.0,1.0,38,1000,700,300,0.7,13,7,6,356.6791784651464,0.4424638454243717,-0.0019259765348911273,0.18530727550956697,126581.54776398039,1437.7264933853048,128019.27425736569,602,0,167.1578947368421,36,2,16,39.45021075798272,0.5856481481481481,48.423423423423436,1006.3063063063079,27.952952952952998,8
3367,4,1,1,38,0.02564102564102564,0.02564102564102564,0.9743589743589743,39,950,600,350,0.631578947368421,13,6,7,348.2879468952044,0.44419140800719753,-0.000491164618286799,0.18223631298821977,126870.98434133588,1037.526931363505,127908.51127269938,603,0,163.84615384615384,37,2,18,39.363844144536344,0.5867117117117118,48.135964912280706,1007.4561403508778,27.22854433380751,0
3368,4,2,0,40,0.05,0.0,1.0,40,800,600,200,0.75,10,6,4,341.99810964083196,0.4450053418803419,0.0015543478260877652,0.18041184682887917,127202.6008002462,700.8021698984339,127903.40297014464,604,0,160.3,37,3,21,39.18206521739134,0.5900900900900901,47.80701754385965,1008.7719298245612,27.264106211474626,0
3369,4,1,2,39,0.024390243902439025,0.04878048780487805,0.9512195121951219,41,1250,900,350,0.72,16,9,7,336.3452875064394,0.4466717479674797,0.0036880669113341646,0.17920097937737445,127604.23657909637,383.81672784717614,127988.05330694355,605,0,157.3658536585366,38,3,17,38.91341510697543,0.5923793859649122,47.409188034188034,1010.363247863248,26.588506522717054,0
3370,4,1,1,39,0.025,0.025,0.975,40,1350,900,450,0.6666666666666666,18,9,9,344.28558796140646,0.446741452991453,0.003321754233608587,0.18311540625291456,127534.65008464154,781.6683979686195,128316.31848261016,606,0,162.225,37,3,18,38.784104067158786,0.5934684684684685,47.4780701754386,1010.0877192982466,27.2996680891418,0
3371,4,2,1,40,0.04878048780487805,0.024390243902439025,0.975609756097561,41,950,800,150,0.8421052631578947,11,8,3,332.77447543565495,0.44728150406504064,0.038743350396466925,0.17969821673525382,128144.53125000015,328.6458333333476,128473.17708333349,607,0,158.53658536585365,39,2,20,38.451646090535,0.5961538461538461,46.87500000000001,1012.5000000000011,25.961538461538492,0
3372,4,0,1,39,0.0,0.025,0.975,40,1150,800,350,0.6956521739130435,15,8,7,352.7160269285217,0.4455261752136752,0.048205386491358526,0.18470099111398602,126903.55994091969,952.1838930893387,127855.74383400903,608,1,163.4,38,2,18,39.21884388364612,0.5852521929824561,48.10363247863248,1007.5854700854699,26.515407107512363,7
3373,4,2,1,40,0.04878048780487805,0.024390243902439025,0.975609756097561,41,1100,600,500,0.5454545454545454,16,6,10,338.1598017575673,0.4471544715447155,0.07187867362824774,0.17985728024195768,127534.65008464128,425.6980476873431,127960.34813232863,609,0,160.21951219512195,37,4,14,38.9387936025474,0.5934684684684685,47.47807017543859,1010.0877192982443,27.29966808914174,0
3374,4,1,0,41,0.024390243902439025,0.0,1.0,41,850,600,250,0.7058823529411765,11,6,5,342.14358564066174,0.447510162601626,0.09240195883898306,0.18285343281282673,127728.54538175206,540.3005011157261,128268.84588286778,610,0,161.1951219512195,37,4,16,38.6397431030119,0.5954391891891893,47.286184210526315,1010.8552631578946,27.320412517780934,0
3375,4,0,0,41,0.0,0.0,1.0,41,1650,1200,450,0.7272727272727273,21,12,9,341.1418806688829,0.4474085365853659,0.0882880980040135,0.18322589155153987,127928.27641034762,528.3385610709252,128456.61497141854,611,1,162.1951219512195,38,3,16,38.46081071566868,0.5956688596491229,47.08867521367521,1011.6452991452983,26.622244714349954,0
3376,4,1,1,41,0.023809523809523808,0.023809523809523808,0.9761904761904762,42,1000,700,300,0.7,13,7,6,345.8109869435232,0.44910230352303526,0.118450062846428,0.18803980960623112,128422.23087873196,482.3289379081758,128904.55981664013,612,0,159.3095238095238,37,5,14,37.83805711813067,0.6024774774774775,46.60087719298246,1013.5964912280706,27.394499762920827,0
3377,4,2,2,41,0.046511627906976744,0.046511627906976744,0.9534883720930233,43,1000,400,600,0.4,16,4,12,343.86322720022105,0.4513196751568844,0.13189798870620684,0.1887374073731544,128794.3915392835,257.53102399738276,129051.92256328088,613,0,156.3953488372093,38,5,16,37.50789390590463,0.6044407894736843,46.233974358974365,1015.0641025641037,26.712213225371148,0
3378,4,0,3,38,0.0,0.07317073170731707,0.926829268292683,41,1050,700,350,0.6666666666666666,14,7,7,370.88855016191326,0.44989837398373983,0.12885896504046812,0.1913613409679329,126298.39932838247,1292.6477145324632,127591.04704291493,614,1,160.4878048780488,36,5,16,39.38470946299202,0.5827546296296297,48.70495495495496,1005.1801801801804,27.921671671671678,8
3379,4,0,0,38,0.0,0.0,1.0,38,1550,1200,350,0.7741935483870968,19,12,7,387.04937445702836,0.44904279279279274,0.1361089380901268,0.19888700538262563,126131.01912133477,2163.7864101080118,128294.80553144278,615,2,171.60526315789474,35,3,20,39.15161596958174,0.5830357142857143,48.87152777777777,1004.513888888888,28.7003968253968,0
3380,4,1,0,39,0.02564102564102564,0.0,1.0,39,1200,800,400,0.6666666666666666,16,8,8,378.1407466574531,0.4506578947368421,0.13586786445368904,0.19577826135638934,126439.93391617975,1762.4182036766574,128202.35211985641,616,0,168.17948717948718,36,3,17,39.05637666554698,0.5842013888888888,48.56418918918919,1005.7432432432438,27.93731231231233,0
3381,4,2,0,41,0.04878048780487805,0.0,1.0,41,1550,1200,350,0.7741935483870968,19,12,7,365.64360114346107,0.4534806910569105,0.14717902981891529,0.19197815118467182,127011.2307897764,1088.1687623274095,128099.3995521038,617,0,160.9268292682927,38,3,19,38.78245892951776,0.5863486842105263,47.99679487179487,1008.01282051282,26.52665317139,0
3382,4,1,0,42,0.023809523809523808,0.0,1.0,42,1000,800,200,0.8,12,8,4,355.76484566607667,0.4552845528455285,0.14591210187229686,0.1881609592475792,127307.56104353876,658.3366434728803,127965.89768701165,618,0,158.07142857142858,38,4,20,38.72715082221753,0.5893640350877193,47.70299145299146,1009.1880341880354,26.557579847053564,0
3383,4,1,1,42,0.023255813953488372,0.023255813953488372,0.9767441860465116,43,700,400,300,0.5714285714285714,10,4,6,359.1179307510773,0.45595699520118127,0.16866996301791093,0.19177332317433735,127696.68104383702,571.6335720486311,128268.31461588564,619,0,155.37209302325581,39,4,17,38.24343416125596,0.5916132478632479,47.31770833333334,1010.7291666666683,25.916132478632523,0
3384,4,0,0,42,0.0,0.0,1.0,42,950,600,350,0.631578947368421,13,6,7,360.1853620548147,0.45512727448703055,0.1597495960007851,0.19215980483228992,127658.21468195302,796.1240548981285,128454.33873685115,620,1,160.02380952380952,38,4,17,38.25589385770166,0.5929276315789473,47.35576923076925,1010.5769230769259,26.594129554655947,0
3385,4,2,3,41,0.045454545454545456,0.06818181818181818,0.9318181818181819,44,1150,600,550,0.5217391304347826,17,6,11,373.14579417562334,0.45732029598308666,0.16206241097286078,0.1909721730467594,125965.39849175335,662.8938192132961,126628.29231096664,621,0,153.70454545454547,39,5,12,39.67185932689982,0.5739850427350428,49.03645833333333,1003.8541666666656,25.7398504273504,8
3386,4,6,2,45,0.1276595744680851,0.0425531914893617,0.9574468085106383,47,1300,900,400,0.6923076923076923,17,9,8,362.6534765026752,0.46080018501387604,0.23552308442542635,0.19153007488576412,127249.61480034732,-155.44976128471336,127094.1650390626,622,0,144.51063829787233,39,8,15,38.6128604859247,0.5870726495726496,47.76041666666667,1008.9583333333342,25.87072649572652,0
3387,4,1,1,45,0.021739130434782608,0.021739130434782608,0.9782608695652174,46,1050,500,550,0.47619047619047616,16,5,11,376.01927055705977,0.4576187600644122,0.2385693636121573,0.19101778944298614,125658.76038781146,344.0660527758297,126002.82644058729,623,0,148.6304347826087,37,9,12,39.91688538932633,0.5743243243243243,49.34210526315788,1002.631578947367,27.09815078236127,8
3388,4,3,1,47,0.0625,0.020833333333333332,0.9791666666666666,48,1650,1200,450,0.7272727272727273,21,12,9,364.85561822956583,0.4593306737588652,0.2615539327394514,0.18876292274320655,126410.20507812528,-375.70529513886004,126034.49978298642,624,0,143.33333333333334,39,9,12,39.42105172294733,0.578525641025641,48.593750000000014,1005.6250000000022,25.785256410256466,0
3389,4,2,1,48,0.04081632653061224,0.02040816326530612,0.9795918367346939,49,1650,1100,550,0.6666666666666666,22,11,11,360.14605719894746,0.45976828231292516,0.27298749974258074,0.1880425409294825,126784.7810909515,-667.792195452404,126116.98889549909,625,0,141.3673469387755,40,9,14,39.153842919609836,0.5807291666666667,48.22154471544717,1007.1138211382142,25.177845528455357,0
3390,4,1,1,48,0.02040816326530612,0.02040816326530612,0.9795918367346939,49,950,500,450,0.5263157894736842,14,5,9,354.58262801491173,0.46053004535147396,0.27590487036267075,0.18619711024597016,127017.00015943896,-792.3956561791199,126224.60450325985,626,0,140.6326530612245,41,8,15,39.05527261096349,0.5815548780487805,47.99107142857144,1008.0357142857158,24.586236933797945,0
3391,4,1,0,49,0.02040816326530612,0.0,1.0,49,1400,1100,300,0.7857142857142857,17,11,6,356.7350374285641,0.4601580215419501,0.27946693407224865,0.18805762804042173,127174.94956380797,-726.359344378346,126448.59021942962,627,0,141.53061224489795,37,12,17,38.83880041308837,0.5898085585585586,47.8344298245614,1008.6622807017534,27.26114272166901,0
3392,4,1,3,47,0.02,0.06,0.94,50,1600,1300,300,0.8125,19,13,6,356.21368432580095,0.46104591836734693,0.2816751269035531,0.1896597184113047,127577.25180802093,-911.0474194608927,126666.20438856003,628,0,139.68,38,12,13,38.4392184856176,0.5921052631578947,47.43589743589743,1010.2564102564094,26.585695006747613,0
3393,4,2,1,48,0.04081632653061224,0.02040816326530612,0.9795918367346939,49,1400,1000,400,0.7142857142857143,18,10,8,361.26318125491844,0.4627444727891157,0.28602531528521236,0.19393182715127213,127907.33642578124,-558.357747395834,127348.9786783854,629,0,133.9387755102041,39,10,15,37.973367830295544,0.59375,47.109375,1011.5624999999999,25.937499999999996,0
3394,4,2,4,46,0.04,0.08,0.92,50,1000,600,400,0.6,14,6,8,356.50003940410795,0.4627891156462585,0.29630263015477887,0.19317911226126383,128283.34349270911,-852.7374183042082,127430.6060744049,630,0,132.16,37,13,18,37.70914510949958,0.6010698198198199,46.73793859649122,1013.0482456140337,27.379682313892804,0
3395,4,2,1,47,0.041666666666666664,0.020833333333333332,0.9791666666666666,48,1450,1000,450,0.6896551724137931,19,10,9,367.3753585605773,0.4609375,0.28893457805438283,0.1993753604540453,128344.14439777608,-169.90478654330508,128174.23961123277,631,0,135.1875,36,12,20,37.37149922204934,0.603587962962963,46.677927927927925,1013.2882882882877,28.14689689689688,0
3396,4,0,3,44,0.0,0.06382978723404255,0.9361702127659575,47,1200,800,400,0.6666666666666666,16,8,8,368.84158803271316,0.46103145235892695,0.2952582140177926,0.2008427163103925,128477.80687326864,77.59166281932488,128555.39853608796,632,1,138.5531914893617,37,10,15,37.19761698752614,0.6030405405405406,46.546052631578945,1013.8157894736838,27.400426742531995,0
3397,4,1,0,45,0.022222222222222223,0.0,1.0,45,950,600,350,0.631578947368421,13,6,7,385.9749821661484,0.4595328282828283,0.2963275789681652,0.20946941432635766,128344.14439777636,907.525769012277,129251.67016678864,633,0,145.15555555555557,36,9,19,36.90032970289693,0.603587962962963,46.67792792792794,1013.28828828829,28.146896896896944,0
3398,4,0,3,42,0.0,0.06666666666666667,0.9333333333333333,45,1200,700,500,0.5833333333333334,17,7,10,387.3206842291185,0.45873316498316496,0.3017889308362325,0.21140667164651186,128572.46393352834,959.7549407515883,129532.21887427993,634,1,146.15555555555557,36,9,15,36.632291435339404,0.6059027777777778,46.452702702702716,1014.189189189191,28.17192192192197,0
3399,4,0,0,42,0.0,0.0,1.0,42,1050,700,350,0.6666666666666666,14,7,7,395.4174293536702,0.4574017615176152,0.29973460375470373,0.2147813282519071,128379.01341735278,1752.6598936900164,130131.67331104279,635,5,154.28571428571428,35,7,15,36.625361656768696,0.605952380952381,46.64351851851853,1013.4259259259279,28.955026455026513,0
3400,4,1,0,43,0.023255813953488372,0.0,1.0,43,1300,800,500,0.6153846153846154,18,8,10,389.66065669128096,0.45863325950535255,0.29903274500988397,0.21411679645724438,128839.34389667967,1440.724670090788,130280.06856677045,636,0,151.67441860465115,37,6,16,36.29970389170898,0.6067004504504505,46.18969298245614,1015.2412280701748,27.438952110004724,0
3401,4,1,1,43,0.022727272727272728,0.022727272727272728,0.9772727272727273,44,1300,900,400,0.6923076923076923,17,9,8,387.6747381751849,0.4592913143058492,0.29855533763572795,0.21515299683207406,129232.53864198856,1222.5779603399274,130455.11660232849,637,0,149.20454545454547,33,11,17,35.94810875416816,0.6190025252525253,45.80269607843137,1016.7892156862738,30.81179441473557,0
3402,4,2,2,43,0.044444444444444446,0.044444444444444446,0.9555555555555556,45,1550,1100,450,0.7096774193548387,20,11,9,379.97868724693944,0.460016835016835,0.2928520380982085,0.2125047583157998,129534.44054705213,844.065334467117,130378.50588151925,638,0,146.64444444444445,34,11,15,35.835720968307804,0.6197916666666667,45.50595238095238,1017.9761904761903,29.940476190476183,0
3403,4,0,1,42,0.0,0.023255813953488372,0.9767441860465116,43,1300,800,500,0.6153846153846154,18,8,10,399.0214232160429,0.45812569213732,0.2995436246123335,0.22215136379050107,129357.17520004322,1723.2568303056505,131080.43203034886,639,2,154.46511627906978,33,10,19,35.532240091555245,0.6202651515151515,45.68014705882353,1017.2794117647056,30.826648841354714,0
3404,4,0,0,42,0.0,0.0,1.0,42,1200,700,500,0.5833333333333334,17,7,10,405.431267237625,0.45703881145954317,0.30016064257028097,0.22554152265900054,129326.0104286813,2086.5616589773163,131412.57208765863,640,3,158.73809523809524,33,9,19,35.40110441767067,0.619949494949495,45.71078431372549,1017.1568627450982,30.822935234699948,0
3405,4,0,0,42,0.0,0.0,1.0,42,1150,700,450,0.6086956521739131,16,7,9,399.73847352410775,0.45591366627951996,0.28491266559784023,0.209522363986475,126942.008574263,1748.7209467120176,128690.72952097502,641,4,159.73809523809524,41,1,18,37.994683992911995,0.5807926829268293,48.06547619047619,1007.7380952380951,24.578977932636466,8
3406,4,2,0,44,0.045454545454545456,0.0,1.0,44,800,300,500,0.375,13,3,10,389.12890542710477,0.4598088442565187,0.2928441545051492,0.20725761964511255,127591.41845703169,1130.2561096053432,128721.67456663703,642,0,153.4318181818182,39,5,17,37.593330068391936,0.5905448717948718,47.42187500000002,1010.3125000000035,25.905448717948808,0
3407,4,0,1,43,0.0,0.022727272727272728,0.9772727272727273,44,1500,1100,400,0.7333333333333333,19,11,8,390.48637279988753,0.45901603241719524,0.2959181284358985,0.20907066854762926,127801.98703342053,1180.986870659761,128982.9739040803,643,1,154.4318181818182,39,5,17,37.34257494591532,0.5926816239316239,47.213541666666686,1011.1458333333366,25.92681623931632,0
3408,4,1,1,43,0.022727272727272728,0.022727272727272728,0.9772727272727273,44,1750,1200,550,0.6857142857142857,23,12,11,398.70298541806744,0.45878479563072583,0.31353233195232755,0.2151613835717655,128118.80845561519,1416.2702838918763,129535.07873950707,644,0,155.27272727272728,40,4,18,36.80925015057217,0.5942708333333333,46.900406504065046,1012.398373983741,25.309959349593523,0
3409,4,1,1,43,0.022727272727272728,0.022727272727272728,0.9772727272727273,44,1200,700,500,0.5833333333333334,17,7,10,390.67802469135825,0.4586856941508104,0.30263636363636426,0.21232501341921642,128401.20525931333,1232.718757548609,129633.92401686193,645,0,154.04545454545453,36,8,18,36.72268518518519,0.6041666666666667,46.62162162162162,1013.5135135135132,28.153153153153145,0
3410,4,0,0,43,0.0,0.0,1.0,43,1250,600,650,0.48,19,6,13,394.7286567209651,0.4569952011812477,0.2927237026923011,0.21460119004652126,128415.10662073562,1537.8245078164957,129952.93112855211,646,2,158.62790697674419,38,5,18,36.60579389339798,0.6006030701754386,46.60790598290598,1013.568376068376,26.672852001799367,0
3411,4,0,1,42,0.0,0.023255813953488372,0.9767441860465116,43,1450,1200,250,0.8275862068965517,17,12,5,390.4985128204306,0.4568106312292359,0.2862581953958778,0.21302367147652457,128550.50131492439,1439.7559171597566,129990.25723208414,647,3,159.62790697674419,38,5,18,36.574220396123025,0.6019736842105263,46.47435897435897,1014.1025641025641,26.68690958164642,0
3412,4,1,1,42,0.023255813953488372,0.023255813953488372,0.9767441860465116,43,1450,1000,450,0.6896551724137931,19,10,9,382.6775320766952,0.45722591362126247,0.2748327623555451,0.21051583423722497,128883.87586805565,1264.1927083333385,130148.06857638899,648,0,156.4418604651163,39,4,19,36.43140473259471,0.6036324786324787,46.145833333333336,1015.4166666666674,26.036324786324805,0
3413,4,0,2,40,0.0,0.047619047619047616,0.9523809523809523,42,1250,1100,150,0.88,14,11,3,387.6181201087332,0.455925764614789,0.2673720436406244,0.2142331309722768,129069.0443250866,1605.9000651041472,130674.94439019074,649,1,155.42857142857142,39,3,19,36.11662822484196,0.6055021367521367,45.96354166666666,1016.1458333333317,26.055021367521324,0
3414,4,1,0,41,0.024390243902439025,0.0,1.0,41,1000,900,100,0.9,11,9,2,388.9392450974203,0.45391260162601627,0.27204941993240195,0.2163474550854401,129322.44897959185,1859.9864034155355,131182.4353830074,650,0,150.1951219512195,34,7,20,35.82411633895131,0.6176470588235294,45.714285714285715,1017.1428571428572,29.915966386554626,0
3415,4,1,0,42,0.023809523809523808,0.0,1.0,42,1400,1100,300,0.7857142857142857,17,11,6,376.68796656722293,0.454304587688734,0.26933767095164374,0.21164716432093805,129717.1051964128,1372.5745170846699,131089.67971349746,651,0,147.5952380952381,36,6,19,35.73333517576829,0.6174768518518519,45.326576576576585,1018.6936936936951,28.297047047047087,0
3416,4,0,0,42,0.0,0.0,1.0,42,900,400,500,0.4444444444444444,14,4,10,375.58390940151634,0.4540263259775455,0.2672606875060861,0.21110405942223157,129731.4453125,1345.0086805555552,131076.45399305556,652,1,148.5952380952381,37,5,19,35.74684730743012,0.6157094594594594,45.3125,1018.75,27.533783783783782,0
3417,4,1,1,42,0.023255813953488372,0.023255813953488372,0.9767441860465116,43,1250,800,450,0.64,17,8,9,369.0325175276866,0.4551264304171281,0.2721851110169118,0.20894332220161888,130017.30974687698,996.1230276134029,131013.43277449039,653,0,146.11627906976744,38,5,20,35.62290488162581,0.6167763157894737,45.03205128205128,1019.8717948717942,26.838731443994586,0
3418,4,0,1,41,0.0,0.023809523809523808,0.9761904761904762,42,1050,800,250,0.7619047619047619,13,8,5,373.448153283727,0.45399003097173823,0.2765315633674421,0.2109550989812936,129927.00277970142,1304.1998499538313,131231.20262965525,654,1,150.47619047619048,37,5,21,35.60219043521904,0.6176801801801801,45.12061403508772,1019.517543859649,27.554528212422944,0
3419,4,1,1,41,0.023809523809523808,0.023809523809523808,0.9761904761904762,42,1550,1100,450,0.7096774193548387,20,11,9,370.52186866308153,0.4538690476190476,0.2746359235720941,0.21050528142726732,130150.67737188376,1244.734437519252,131395.411809403,655,0,143.28571428571428,37,5,22,35.44935167275594,0.6199324324324325,44.90131578947369,1020.3947368421062,27.578236130867737,0
3420,4,0,1,40,0.0,0.024390243902439025,0.975609756097561,41,1300,800,500,0.6153846153846154,18,8,10,375.51155163759836,0.4520579268292683,0.2683303720454415,0.213166331944652,130118.92804967146,1572.2321138706463,131691.1601635421,656,1,147.46341463414635,36,5,22,35.354350625459915,0.6215277777777778,44.93243243243244,1020.2702702702717,28.34084084084088,0
3421,4,0,0,40,0.0,0.0,1.0,40,900,600,300,0.6666666666666666,12,6,6,372.78512793057826,0.45185630341880345,0.24308122045552216,0.2120955972358084,130206.62607725462,1707.8187519236733,131914.4448291783,596,2,135.75,37,3,22,35.33474788712218,0.6204954954954955,44.84649122807018,1020.61403508772,27.58416311047892,0
3422,4,1,1,40,0.024390243902439025,0.024390243902439025,0.975609756097561,41,1450,1000,450,0.6896551724137931,19,10,9,365.2239172169971,0.4521341463414634,0.25007990416871473,0.21057767569825706,130722.82745160692,1348.6446681717523,132071.4721197787,597,0,133.41463414634146,36,5,19,35.00394596777153,0.6276041666666667,44.34121621621621,1022.6351351351343,28.40653153153151,0
3423,4,0,0,40,0.0,0.0,1.0,40,1050,800,250,0.7619047619047619,13,8,5,371.75480453396415,0.45219017094017094,0.24639382283063704,0.21490782977604375,130824.41332572442,1726.9208408350412,132551.33416655948,598,1,134.4,35,5,20,34.73396783195685,0.6306547619047619,44.241898148148145,1023.0324074074072,29.229497354497347,0
3424,4,0,0,40,0.0,0.0,1.0,40,1150,800,350,0.6956521739130435,15,8,7,399.48782914412436,0.4515892094017094,0.2349749058971149,0.2187576388573726,128701.77636584776,2283.9265046296136,130985.70287047738,599,2,135.4,35,5,16,36.191233223071364,0.6092261904761904,46.325231481481474,1014.6990740740729,28.99140211640208,8
3425,4,2,0,42,0.047619047619047616,0.0,1.0,42,1400,800,600,0.5714285714285714,20,8,12,384.57622757367864,0.45234465737514523,0.23402108970929159,0.21392052658785907,129322.448979592,1549.7714792900365,130872.22045888203,600,0,129.9047619047619,34,8,19,35.93506164169788,0.6176470588235294,45.71428571428572,1017.1428571428584,29.915966386554658,0
3426,4,1,2,41,0.023255813953488372,0.046511627906976744,0.9534883720930233,43,1500,800,700,0.5333333333333333,22,8,14,373.8074587023939,0.4520118124769288,0.236742759471533,0.21026370983751907,129760.92470689732,1101.1203007115955,130862.04500760892,601,0,127.86046511627907,35,8,15,35.7620744821841,0.6199404761904762,45.28356481481482,1018.865740740741,29.11044973544974,0
3427,4,0,1,40,0.0,0.024390243902439025,0.975609756097561,41,1450,1000,450,0.6896551724137931,19,10,9,410.6563704752305,0.4485010162601626,0.23504344100954477,0.2158857962106056,127062.83925165044,2289.1285418810057,129351.96779353144,602,1,134.8048780487805,35,6,17,37.59482742126812,0.5925595238095238,47.945601851851855,1008.2175925925931,28.806216931216944,8
3428,4,4,3,41,0.09090909090909091,0.06818181818181818,0.9318181818181819,44,1000,900,100,0.9,11,9,2,384.6539317425694,0.45203488372093026,0.2359177137225914,0.20642423038541025,127894.85857427283,1039.055389030546,128933.91396330338,603,0,126.29545454545455,37,7,18,37.39464769647695,0.5971283783783784,47.12171052631579,1011.5131578947367,27.338193456614505,0
3429,4,2,1,42,0.046511627906976744,0.023255813953488372,0.9767441860465116,43,1200,900,300,0.75,15,9,6,387.3836463630387,0.45288851974898486,0.23836201684736613,0.2088975364032459,128089.02739304394,1323.9188981224938,129412.94629116643,604,0,126.53488372093024,37,6,20,37.12629982668978,0.5990990990990991,46.92982456140351,1012.2807017543854,27.35893788525366,0
3430,4,1,2,41,0.023255813953488372,0.046511627906976744,0.9534883720930233,43,1100,700,400,0.6363636363636364,15,7,8,377.09829291580553,0.455172572905131,0.22299755949537126,0.20567959586352694,128543.91289515869,1094.7620693567362,129638.67496451542,605,0,123.5813953488372,36,7,15,36.92069220803257,0.6056134259259259,46.48085585585586,1014.0765765765767,28.168793793793796,0
3431,4,1,2,40,0.023809523809523808,0.047619047619047616,0.9523809523809523,42,1050,700,350,0.6666666666666666,14,7,7,373.9094017840449,0.45452235772357724,0.23111667564740523,0.2052630540609856,128800.98637488857,1231.9799529259137,130032.96632781449,606,0,125.78571428571429,36,6,16,36.73868426891501,0.6082175925925926,46.227477477477485,1015.0900900900915,28.196946946946987,0
3432,4,0,2,38,0.0,0.05,0.95,40,950,500,450,0.5263157894736842,14,5,9,389.61557672856145,0.4524973290598291,0.23439443727262077,0.2129515284992991,128627.12762188211,2023.0265022675771,130650.15412414969,607,1,131.575,34,6,17,36.518112115166446,0.6106004901960784,46.398809523809526,1014.4047619047622,29.835434173669476,0
3433,4,1,0,39,0.02564102564102564,0.0,1.0,39,1300,800,500,0.6153846153846154,18,8,10,403.92829072979214,0.45223234367971205,0.2570169248102607,0.22189270294466854,128827.88470780487,2607.4454536716835,131435.33016147657,608,0,135.71794871794873,33,6,18,35.94931997424754,0.6148989898989898,46.20098039215687,1015.1960784313741,30.763517528223456,0
3434,4,1,0,40,0.025,0.0,1.0,40,1200,800,400,0.6666666666666666,16,8,8,394.37823028370576,0.4538595085470085,0.25899807205687453,0.21921935252005859,129294.84941188483,2198.755436610921,131493.60484849574,609,0,133.3,33,7,19,35.714016749005914,0.6196338383838385,45.74142156862745,1017.03431372549,30.819221628045153,0
3435,4,0,1,39,0.0,0.025,0.975,40,1050,700,350,0.6666666666666666,14,7,7,398.5253525937308,0.45317841880341886,0.26135597302504787,0.22240285806037238,129450.69204152252,2317.876537870047,131768.56857939257,610,1,134.3,33,7,18,35.44928147077711,0.6212121212121212,45.588235294117645,1017.6470588235296,30.83778966131908,0
3436,4,1,0,40,0.025,0.0,1.0,40,1550,1100,450,0.7096774193548387,20,11,9,390.65231736497753,0.45261752136752137,0.2438470973017175,0.22016948577758855,129837.58680555546,2144.2708333333253,131981.8576388888,460,0,120.025,34,6,19,35.254837830471516,0.6228553921568627,45.20833333333333,1019.1666666666658,29.975490196078407,0
3437,4,0,0,40,0.0,0.0,1.0,40,1550,1300,250,0.8387096774193549,18,13,5,386.25303224379286,0.4522569444444444,0.23686084520196182,0.2185365570806027,129989.2928004533,2041.7517006802454,132031.04450113355,461,1,121.025,34,6,19,35.212370612499036,0.6243872549019608,45.059523809523796,1019.761904761903,29.9929971988795,0
3438,4,1,0,41,0.024390243902439025,0.0,1.0,41,1400,1000,400,0.7142857142857143,18,10,8,376.1849534238201,0.4522865853658537,0.23412865134997696,0.21499067545413117,130380.76560356637,1609.4564471879103,131990.22205075427,462,0,119.04878048780488,35,6,21,35.07101843457237,0.6261904761904762,44.67592592592592,1021.296296296295,29.179894179894145,0
3439,4,0,1,40,0.0,0.024390243902439025,0.975609756097561,41,1100,800,300,0.7272727272727273,14,8,6,375.74580576559583,0.4515497967479675,0.23508748674443303,0.21605383831521727,130617.28395061701,1615.7793209876218,132233.06327160462,463,1,120.04878048780488,35,6,17,34.842051630434774,0.6285714285714286,44.44444444444443,1022.22222222222,29.20634920634914,0
3440,4,0,0,40,0.0,0.0,1.0,40,1500,1100,400,0.7333333333333333,19,11,8,380.9773856994835,0.4500133547008547,0.23701654240447412,0.21860360152702937,130536.16780045317,1946.2655895691219,132482.43339002228,464,4,124.025,34,6,17,34.7907444082013,0.6299019607843137,44.523809523809504,1021.9047619047592,30.056022408963507,0
3441,4,1,0,41,0.024390243902439025,0.0,1.0,41,800,400,400,0.5,12,4,8,374.640788815857,0.45030487804878044,0.24547444550556374,0.21778990101750434,131039.71370018649,1618.564341368373,132658.27804155488,465,0,121.97560975609755,36,5,19,34.44190863763014,0.630787037037037,44.03153153153152,1023.8738738738724,28.4409409409409,0
3442,4,0,2,39,0.0,0.04878048780487805,0.9512195121951219,41,1350,1100,250,0.8148148148148148,16,11,5,374.46884384119153,0.44946646341463414,0.2416561455426618,0.218836994869043,131241.56832085454,1629.175670603022,132870.74399145757,466,1,122.97560975609755,36,5,19,34.24185807964244,0.6328125,43.83445945945945,1024.6621621621614,28.462837837837817,0
3443,4,2,0,41,0.04878048780487805,0.0,1.0,41,900,600,300,0.6666666666666666,12,6,6,355.49733338431116,0.4493394308943089,0.22728271508759312,0.1982019379279653,129413.28125000001,1020.0696473500534,130433.35089735007,467,0,123.34146341463415,34,7,20,36.58203658203659,0.6185661764705883,45.625,1017.5000000000001,29.926470588235297,8
3444,4,0,1,40,0.0,0.024390243902439025,0.975609756097561,41,1250,1000,250,0.8,15,10,5,358.4448771968361,0.448755081300813,0.22925232525647665,0.20092644033694187,129625.34722222209,1092.7083333333148,130718.0555555554,468,1,124.34146341463415,34,7,17,36.29125750136388,0.6207107843137255,45.41666666666666,1018.3333333333322,29.95098039215683,0
3445,4,0,1,39,0.0,0.025,0.975,40,1500,1100,400,0.7333333333333333,19,11,8,365.7745547073573,0.4482371794871795,0.23287889731551736,0.20461206908781232,129544.24267409151,1476.7975358035164,131021.04020989503,469,2,127.2,33,7,18,36.1872266361703,0.6221590909090908,45.496323529411754,1018.0147058823514,30.84893048128338,0
3446,4,0,0,39,0.0,0.0,1.0,39,1050,500,550,0.47619047619047616,16,5,11,367.19989699135056,0.44694669365721995,0.2405912983391323,0.20622740160757463,129700.23548635136,1725.1826220684238,131425.41810841978,470,3,130.15384615384616,33,6,18,35.99213987808789,0.6237373737373737,45.343137254901954,1018.6274509803918,30.867498514557326,0
3447,4,0,1,38,0.0,0.02564102564102564,0.9743589743589743,39,1650,1300,350,0.7878787878787878,20,13,7,369.5072075200721,0.44618758434547906,0.24950524349418313,0.20851838209986132,129887.55076172615,1798.877234717397,131686.42799644356,471,4,131.15384615384616,33,6,20,35.74276669071089,0.6256313131313131,45.159313725490186,1019.3627450980383,30.889780154486008,0
3448,4,0,0,38,0.0,0.0,1.0,38,850,700,150,0.8235294117647058,10,7,3,367.278446055056,0.4467016358463727,0.22285255315650376,0.20792457333810713,130012.50270328713,1950.1579921184066,131962.66069540553,472,5,125.10526315789474,33,5,21,35.672514619883046,0.6268939393939394,45.03676470588235,1019.85294117647,30.904634581105153,0
3449,4,0,1,37,0.0,0.02631578947368421,0.9736842105263158,38,900,600,300,0.6666666666666666,12,6,6,368.8394701007314,0.4464201043148412,0.22493124703651035,0.20931074223507753,130106.2560823961,1997.6645100442001,132103.9205924403,473,6,126.10526315789474,33,5,21,35.53741241241241,0.6278409090909092,44.944852941176464,1020.2205882352933,30.915775401069496,0
3450,4,1,0,38,0.02631578947368421,0.0,1.0,38,1250,800,450,0.64,17,8,9,362.27787435914144,0.4473536036036036,0.2060966754017617,0.20724681419241195,130419.01139285363,1849.6783088235193,132268.68970167715,474,0,123.3157894736842,33,5,22,35.38729754049191,0.6309974747474747,44.63848039215686,1021.4460784313719,30.95291146761733,0
3451,4,0,0,38,0.0,0.0,1.0,38,1500,1100,400,0.7333333333333333,19,11,8,363.1767981066381,0.44671645329540066,0.20677323030498185,0.2080965612244014,130481.60750973185,1877.578485438295,132359.18599517015,475,1,124.3157894736842,33,5,22,35.30084262924313,0.6316287878787878,44.57720588235294,1021.6911764705883,30.960338680926917,0
3452,4,1,1,38,0.02564102564102564,0.02564102564102564,0.9743589743589743,39,1350,1000,350,0.7407407407407407,17,10,7,354.49295086300685,0.44719973009446695,0.20559944882382974,0.20550073490015297,130931.84700963712,1482.883361677999,132414.73037131512,476,0,122.1025641025641,34,5,18,35.066738397115266,0.6338848039215687,44.13690476190476,1023.4523809523804,30.10154061624648,0
3453,4,0,0,38,0.0,0.0,1.0,38,1200,700,500,0.5833333333333334,17,7,10,365.1303838023516,0.44551623992413464,0.20583787053841496,0.21177562260536403,130951.5570934257,1962.8784602076255,132914.43555363332,477,1,126.26315789473684,33,5,18,34.77460488505748,0.6363636363636364,44.117647058823536,1023.5294117647067,31.016042780748688,0
3454,4,0,0,38,0.0,0.0,1.0,38,1350,900,450,0.6666666666666666,18,9,9,364.64325058959844,0.44441974869606443,0.2050502331159214,0.2122233586990345,131084.19075963736,1959.7930839002463,133043.9838435376,478,2,127.26315789473684,34,4,18,34.65279392389368,0.6354166666666667,43.98809523809525,1024.0476190476204,30.11904761904766,0
3455,4,0,0,38,0.0,0.0,1.0,38,1250,900,350,0.72,16,9,7,366.15386343637454,0.44422712185870084,0.21003706104676012,0.21378020004975878,131206.12953514766,2008.3262471655642,133214.45578231322,479,3,128.26315789473685,34,4,20,34.49071384305525,0.6366421568627452,43.869047619047635,1024.5238095238117,30.133053221288577,0
3456,4,0,0,38,0.0,0.0,1.0,38,850,600,250,0.7058823529411765,11,6,5,366.18414964637395,0.44339734471313413,0.2079589216944795,0.2144792876500195,131328.12500000038,2018.0555555555977,133346.18055555597,480,4,129.26315789473685,34,4,21,34.36653116531165,0.6378676470588236,43.75000000000002,1025.000000000003,30.1470588235295,0
3457,4,0,0,38,0.0,0.0,1.0,38,850,400,450,0.47058823529411764,13,4,9,365.7285996244353,0.4427157420578473,0.20964272911936876,0.21509365075593131,131485.18786344212,2017.5787257305108,133502.76658917262,481,5,130.26315789473685,33,5,23,34.21941589994822,0.641729797979798,43.59681372549021,1025.6127450980407,31.07917409388002,0
3458,4,0,1,37,0.0,0.02631578947368421,0.9736842105263158,38,1000,700,300,0.7,13,7,6,367.09775977276155,0.44190078236130864,0.20650021686247144,0.21661096142194025,131610.90573637543,2062.813731497505,133673.71946787293,482,6,131.26315789473685,33,5,17,34.05726243082926,0.6429924242424243,43.474264705882355,1026.1029411764707,31.094028520499112,0
3459,4,0,0,37,0.0,0.0,1.0,37,1450,1000,450,0.6896551724137931,19,10,9,374.48943598088914,0.44115990990990994,0.19415157219735124,0.22083462676202503,131587.09092184465,2455.595092337517,134042.68601418217,483,7,131.59459459459458,32,5,17,33.89172614652557,0.6451822916666667,43.49747474747475,1026.0101010101007,32.06281565656565,0
3460,4,0,0,37,0.0,0.0,1.0,37,950,500,450,0.5263157894736842,14,5,9,376.19937730703884,0.4398460960960961,0.1975223286255139,0.22278784682327255,131749.0741537853,2512.7839314865805,134261.85808527187,484,8,132.59459459459458,32,5,19,33.68409994670603,0.6468098958333333,43.339646464646464,1026.641414141414,32.08254419191919,0
3461,4,0,1,36,0.0,0.02702702702702703,0.972972972972973,37,1450,1000,450,0.6896551724137931,19,10,9,379.6221969874957,0.4393455955955956,0.19409232241090635,0.22577530662940534,131911.15702479339,2615.280647382917,134526.4376721763,485,9,133.59459459459458,32,5,20,33.43242994100294,0.6484375,43.18181818181818,1027.2727272727273,32.10227272727273,0
3462,4,0,1,35,0.0,0.027777777777777776,0.9722222222222222,36,1200,900,300,0.75,15,9,6,386.3830748897452,0.4374834656084656,0.19747015271972312,0.2294043745367289,131846.31191970198,2988.636682481378,134834.94860218337,486,19,138.05555555555554,32,4,20,33.32436890418819,0.6477864583333333,43.244949494949495,1027.0202020202014,32.094381313131294,0
3463,4,0,2,33,0.0,0.05714285714285714,0.9428571428571428,35,950,500,450,0.5263157894736842,14,5,9,394.42856397003163,0.43634453781512605,0.1932574799831437,0.2345811985716503,131911.15702479336,3405.905647382915,135317.06267217628,487,20,139.94285714285715,32,3,20,33.05217551622419,0.6484375,43.18181818181818,1027.272727272727,32.10227272727272,0
3464,4,0,0,33,0.0,0.0,1.0,33,1000,600,400,0.6,14,6,8,409.71867976152225,0.4356060606060606,0.18131815800752404,0.24215261909125246,131672.7728639148,4189.758931668387,135862.5317955832,488,21,138.36363636363637,30,3,20,32.90116989697921,0.6513888888888889,43.41397849462365,1026.3440860215046,34.21146953405015,0
3465,4,0,0,33,0.0,0.0,1.0,33,1400,1100,300,0.7857142857142857,17,11,6,411.20748725221614,0.43438289141414144,0.19033459017758325,0.2445804533127385,131914.29509553133,4248.829163776161,136163.1242593075,489,22,139.36363636363637,30,3,21,32.61808190501111,0.6538194444444445,43.178763440860216,1027.2849462365596,34.24283154121865,0
3466,4,0,0,33,0.0,0.0,1.0,33,750,600,150,0.8,9,6,3,409.6540354968535,0.4345012626262626,0.19037992746298804,0.24410016378592722,131983.34209518452,4213.501741530823,136196.84383671533,490,23,140.36363636363637,30,3,21,32.58802049269674,0.6545138888888888,43.11155913978495,1027.553763440861,34.25179211469537,0
3467,4,0,0,33,0.0,0.0,1.0,33,1100,700,400,0.6363636363636364,15,7,8,407.88483062070134,0.4337515782828283,0.18951079421667671,0.2441564126954904,132156.03863163383,4180.888686553376,136336.9273181872,491,24,141.36363636363637,30,3,21,32.45860566448802,0.65625,42.94354838709678,1028.2258064516138,34.274193548387125,0
3468,4,0,0,33,0.0,0.0,1.0,33,1300,1000,300,0.7692307692307693,16,10,6,412.7631457118088,0.43292297979797983,0.19262981574539428,0.24890868483833314,132434.9732461355,4333.297840838954,136768.27108697445,492,25,142.36363636363637,28,5,22,32.050879396984925,0.6651785714285714,42.672413793103445,1029.3103448275856,36.76108374384234,0
3469,4,0,1,32,0.0,0.030303030303030304,0.9696969696969697,33,750,600,150,0.8,9,6,3,411.8196535271492,0.432488952020202,0.18971743671715768,0.2488279626623568,132508.92827652264,4313.956186418283,136822.8844629409,493,26,143.36363636363637,28,5,22,32.00036049865104,0.6659226190476191,42.60057471264368,1029.5977011494251,36.77134646962232,0
3470,4,1,1,32,0.030303030303030304,0.030303030303030304,0.9696969696969697,33,1150,800,350,0.6956521739130435,15,8,7,408.7151527179039,0.43276515151515155,0.18402372864168748,0.24841568434684785,132730.9172281674,4249.827421059572,136980.74464922698,494,0,138.5151515151515,28,5,20,31.855944413459756,0.6681547619047619,42.38505747126436,1030.4597701149416,36.8021346469622,0
3471,4,0,0,32,0.0,0.0,1.0,32,1000,700,300,0.7,13,7,6,419.2118372919685,0.43170362903225806,0.17831094742923148,0.25461603170259556,132704.48022959183,4726.257794784578,137430.73802437642,495,1,141.125,27,5,20,31.612266512613132,0.6712962962962963,42.410714285714285,1030.357142857143,38.161375661375665,0
3472,4,0,0,32,0.0,0.0,1.0,32,950,700,250,0.7368421052631579,12,7,5,417.01929656136,0.430653561827957,0.17034660468876295,0.2541147142100505,132827.17013888888,4678.298611111108,137505.46874999997,496,2,142.125,29,3,20,31.544731878199936,0.665948275862069,42.291666666666664,1030.8333333333333,35.54597701149425,0
3473,4,1,0,33,0.030303030303030304,0.0,1.0,33,1100,800,300,0.7272727272727273,14,8,6,403.7039714646753,0.43110795454545453,0.16102498241751517,0.24849107808788423,133203.26063368068,4154.937065972243,137358.19769965293,497,0,138.78787878787878,31,2,22,31.50857719475278,0.663978494623656,41.92708333333334,1032.2916666666679,33.29973118279574,0
3474,4,0,0,33,0.0,0.0,1.0,33,1000,600,400,0.6,14,6,8,400.2935694706057,0.4305950126262626,0.15492290530111985,0.24728415833651463,133337.7075195314,4074.845377604182,137412.55289713558,498,1,139.78787878787878,31,2,23,31.461169944528475,0.6653225806451613,41.79687500000001,1032.8125000000011,33.316532258064555,0
3475,4,0,0,33,0.0,0.0,1.0,33,850,600,250,0.7058823529411765,11,6,5,400.4734343178449,0.430279356060606,0.15645424368479932,0.24761931055677824,133371.3298373753,4082.3348999023547,137453.66473727764,499,2,140.78787878787878,31,2,23,31.422670070171023,0.6656586021505376,41.76432291666667,1032.942708333334,33.32073252688174,0
3476,4,0,0,33,0.0,0.0,1.0,33,1300,900,400,0.6923076923076923,17,9,8,399.7443186141797,0.42925347222222227,0.15618079363202875,0.24830644669976107,133541.67569950287,4076.543378791368,137618.21907829423,500,3,141.78787878787878,30,3,23,31.27004768097097,0.6701388888888888,41.5994623655914,1033.6021505376348,34.453405017921156,0
3477,4,0,0,33,0.0,0.0,1.0,33,900,500,400,0.5555555555555556,13,5,8,400.44610104737023,0.42870107323232326,0.15937849635197576,0.24920966094307212,133611.14724245574,4100.812593941496,137711.95983639723,501,4,142.78787878787878,30,3,23,31.182018114057897,0.6708333333333334,41.53225806451613,1033.8709677419351,34.46236559139784,0
3478,4,0,0,33,0.0,0.0,1.0,33,1100,900,200,0.8181818181818182,13,9,4,401.41624245679077,0.4280697601010101,0.16087581467698486,0.2505188958398219,133715.38843002074,4135.105756445829,137850.49418646656,502,5,143.78787878787878,30,3,19,31.052090101797706,0.671875,41.431451612903224,1034.2741935483866,34.47580645161289,0
3479,4,0,0,33,0.0,0.0,1.0,33,700,400,300,0.5714285714285714,10,4,6,400.38597113159955,0.4276357323232323,0.15674741438025874,0.25034693905767047,133784.9051371546,4113.119833217718,137898.02497037232,503,6,144.78787878787878,30,3,19,31.008834610887366,0.6725694444444444,41.36424731182796,1034.5430107526884,34.48476702508961,0
3480,4,0,0,33,0.0,0.0,1.0,33,1250,800,450,0.64,17,8,9,399.2477652217911,0.42716224747474746,0.15409681227863037,0.25034265408858236,133889.21407099083,4090.9939010290113,137980.20797201985,504,7,145.78787878787878,30,3,19,30.933441558441547,0.6736111111111112,41.26344086021505,1034.9462365591394,34.498207885304645,0
3481,4,1,0,34,0.029411764705882353,0.0,1.0,34,1000,700,300,0.7,13,7,6,386.69846363981327,0.42786319073083784,0.14807111137383022,0.24529932024195647,134314.47558932827,3587.8402709960847,137902.31586032436,505,0,142.47058823529412,31,3,20,30.831684671104977,0.6750672043010753,40.85286458333333,1036.588541666666,33.43834005376342,0
3482,4,0,1,33,0.0,0.029411764705882353,0.9705882352941176,34,900,600,300,0.6666666666666666,12,6,6,390.32323441035976,0.42732471776589426,0.1447762076072423,0.24805617842056601,134381.97029961468,3690.481058756491,138072.45135837118,506,1,143.47058823529412,31,3,20,30.670104441374686,0.675739247311828,40.78776041666666,1036.8489583333323,33.44674059139782,0
3483,4,0,0,33,0.0,0.0,1.0,33,1100,900,200,0.8181818181818182,13,9,4,401.9016452653975,0.42380839646464646,0.1632891905053646,0.2558641167382679,134446.214880333,4206.830992022202,138653.0458723552,507,2,148.54545454545453,30,3,20,30.30553395541731,0.6791666666666667,40.725806451612904,1037.0967741935485,34.56989247311829,0
3484,4,0,1,32,0.0,0.030303030303030304,0.9696969696969697,33,1000,600,400,0.6,14,6,8,404.43819516598614,0.4217171717171717,0.16067434249252455,0.2589611727256835,134655.38826742975,4291.956440050872,138947.34470748063,508,3,149.54545454545453,30,3,20,30.030000863334187,0.68125,40.524193548387096,1037.9032258064515,34.596774193548384,0
3485,4,0,0,32,0.0,0.0,1.0,32,800,500,300,0.625,11,5,6,415.2636524817389,0.42063592069892475,0.16166259536875893,0.2653921939855493,134586.80796682092,4777.801890432085,139364.609857253,509,4,153.65625,29,3,20,29.817934903850446,0.6835488505747127,40.59027777777777,1037.6388888888885,35.78065134099615,0
3486,4,0,0,32,0.0,0.0,1.0,32,850,600,250,0.7058823529411765,11,6,5,416.5546246686279,0.4202158938172043,0.16122491638796,0.2672743192616304,134730.96305941363,4824.561149691367,139555.524209105,510,5,154.65625,29,3,21,29.639771460423642,0.6849856321839081,40.45138888888889,1038.1944444444448,35.799808429118784,0
3487,4,0,0,32,0.0,0.0,1.0,32,1100,900,200,0.8181818181818182,13,9,4,417.16305602791255,0.4197748655913978,0.15788813853971595,0.2684634537845722,134839.13001543202,4849.980709876527,139689.11072530854,511,6,155.65625,29,3,20,29.515467593830774,0.6860632183908046,40.347222222222214,1038.6111111111106,35.81417624521071,0
3488,4,0,0,32,0.0,0.0,1.0,32,800,400,400,0.5,12,4,8,421.48066305155055,0.4184517809139785,0.20272110998479453,0.2512330357101841,131996.29041883684,4726.776801215282,136723.06722005212,512,7,156.65625,31,1,19,32.27107619530326,0.6518817204301075,43.098958333333336,1027.604166666667,33.14852150537635,7
3489,4,0,0,32,0.0,0.0,1.0,32,850,600,250,0.7058823529411765,11,6,5,416.34980332827826,0.41855678763440857,0.19653657378087352,0.2488328309823435,132096.66146172423,4599.683803982208,136696.34526570645,513,8,157.65625,31,1,19,32.301166350010554,0.6528897849462365,43.001302083333336,1027.994791666667,33.16112231182797,0
3490,4,0,0,32,0.0,0.0,1.0,32,950,600,350,0.631578947368421,13,6,7,412.44466594560527,0.4176537298387097,0.18934382122056226,0.2471538673473741,132197.07065158422,4504.795328776046,136701.86598036025,514,9,158.65625,31,1,19,32.29984384232295,0.6538978494623655,42.903645833333336,1028.3854166666667,33.173723118279575,0
3491,4,0,0,32,0.0,0.0,1.0,32,600,300,300,0.5,9,3,6,411.9093417267116,0.4164776545698925,0.1910671349025561,0.24770986440825532,132331.0089111328,4501.675754123264,136832.68466525606,515,10,159.65625,31,1,20,32.17803509660002,0.655241935483871,42.7734375,1028.90625,33.190524193548384,0
3492,4,0,0,32,0.0,0.0,1.0,32,1100,800,300,0.7272727272727273,14,8,6,412.95105919069204,0.4168346774193548,0.1938822146774617,0.249006237108844,132432.58794369287,4537.652446752554,136970.24039044543,516,11,160.65625,30,2,20,32.0484569513363,0.6590277777777778,42.674731182795696,1029.301075268817,34.3100358422939,0
3493,4,0,0,32,0.0,0.0,1.0,32,600,500,100,0.8333333333333334,7,5,2,412.95105919069204,0.4168346774193548,0.1938822146774617,0.249006237108844,132432.58794369287,4537.635492542484,136970.22343623536,517,12,161.65625,30,2,20,32.0484569513363,0.6590277777777778,42.674731182795696,1029.301075268817,34.3100358422939,0
3494,4,0,0,32,0.0,0.0,1.0,32,1000,700,300,0.7,13,7,6,415.33346058668366,0.4168346774193548,0.18944190600522215,0.25090333660047276,132501.77043588844,4606.483769799966,137108.2542056884,518,13,162.65625,30,2,20,31.91715622280244,0.6597222222222222,42.607526881720425,1029.5698924731175,34.318996415770584,0
3495,4,0,0,32,0.0,0.0,1.0,32,800,500,300,0.625,11,5,6,416.360140498854,0.4158896169354838,0.19006134168624356,0.25198668218816883,132570.9709937565,4639.453621805987,137210.4246155625,519,14,163.65625,30,2,20,31.820727834333933,0.6604166666666667,42.54032258064516,1029.8387096774193,34.32795698924731,0
3496,4,0,0,32,0.0,0.0,1.0,32,1000,800,200,0.8,12,8,4,414.9934650582884,0.4165196572580645,0.1459093673965941,0.2471917596216761,131969.53124999997,4588.273752745981,136557.80500274594,520,15,164.65625,29,3,18,32.464855366315234,0.6573275862068966,43.125,1027.4999999999998,35.43103448275861,8
3497,4,0,0,32,0.0,0.0,1.0,32,1450,1100,350,0.7586206896551724,18,11,7,414.86486486486496,0.4157006048387097,0.14763513513513504,0.24758064516129027,132040.8950617283,4555.825617283938,136596.72067901224,521,16,165.65625,29,3,18,32.395833333333336,0.6580459770114943,43.05555555555555,1027.7777777777771,35.4406130268199,0
3498,4,0,0,32,0.0,0.0,1.0,32,900,600,300,0.6666666666666666,12,6,6,415.4572367470561,0.41515456989247307,0.14753849270664499,0.24887098550770245,132183.6805555555,4583.3333333333285,136767.01388888882,522,17,166.65625,29,3,18,32.23595353862777,0.6594827586206897,42.916666666666664,1028.333333333333,35.459770114942515,0
3499,4,1,1,32,0.030303030303030304,0.030303030303030304,0.9696969696969697,33,1150,1000,150,0.8695652173913043,13,10,3,402.94434353493904,0.41729797979797983,0.144825077497311,0.244316886776248,132640.18961729686,4089.322826338312,136729.51244363518,523,0,162.57575757575756,30,3,17,32.09621824982602,0.6611111111111111,42.473118279569896,1030.107526881721,34.33691756272403,0
3500,4,0,0,32,0.0,0.0,1.0,32,950,600,350,0.631578947368421,13,6,7,411.39369236265077,0.41364247311827956,0.1480560426220663,0.24878244985128006,132540.98186728402,4505.304783950631,137046.28665123464,524,19,168.65625,29,3,21,31.9789137667476,0.6630747126436782,42.56944444444445,1029.7222222222229,35.507662835249064,0
3501,4,0,1,31,0.0,0.03125,0.96875,32,900,600,300,0.6666666666666666,12,6,6,413.7543795305772,0.41282342069892475,0.15341866657678271,0.2509252847897214,132648.26630015447,4576.760223765448,137225.02652391992,525,20,169.65625,29,3,18,31.80966585771425,0.6641522988505747,42.465277777777786,1030.13888888889,35.52203065134103,0
3502,4,0,0,31,0.0,0.0,1.0,31,1250,900,350,0.72,16,9,7,422.9988148743872,0.4134408602150537,0.15602268995641055,0.2568437342476062,132693.90616742623,5025.873009974878,137719.7791774011,526,21,172.51612903225808,28,3,19,31.52541486543021,0.6677827380952381,42.420977011494244,1030.316091954022,36.79700328407222,0
3503,4,0,0,31,0.0,0.0,1.0,31,800,500,300,0.625,11,5,6,422.94958352922225,0.41258960573476705,0.1585654289234426,0.2575755782885093,132804.95483221023,5033.960067380094,137838.91489959034,527,22,173.51612903225808,28,3,19,31.414366694545116,0.6688988095238095,42.31321839080459,1030.747126436781,36.812397372742176,0
3504,4,0,0,31,0.0,0.0,1.0,31,750,500,250,0.6666666666666666,10,5,5,423.99893163690217,0.4129032258064516,0.16219399797684608,0.2584700369154437,132841.98137551194,5064.971635949259,137906.95301146118,528,23,174.51612903225808,28,3,19,31.349883855981414,0.6692708333333333,42.27729885057471,1030.890804597701,36.81752873563217,0
3505,4,0,0,31,0.0,0.0,1.0,31,800,600,200,0.75,10,6,4,422.42295636762685,0.41303763440860214,0.1616499442586401,0.25776421215085804,132879.01307966703,5026.229108865104,137905.24218853214,529,24,175.51612903225808,28,3,19,31.353063452248232,0.6696428571428572,42.241379310344826,1031.0344827586205,36.82266009852216,0
3506,4,0,0,31,0.0,0.0,1.0,31,700,500,200,0.7142857142857143,9,5,4,449.65057528580945,0.4120967741935484,0.09772135298082008,0.25120857060920154,129493.69963007011,5445.3833069097755,134939.0829369799,530,25,176.51612903225808,28,3,18,34.10443722943722,0.6354166666666667,45.54597701149426,1017.8160919540237,36.350574712643706,7
3507,4,1,0,32,0.03125,0.0,1.0,32,1050,700,350,0.6666666666666666,14,7,7,433.08534890499755,0.41754872311827956,0.09220941713196229,0.2451924222829141,130014.58574459875,4861.482445987651,134876.0681905864,531,0,171.96875,29,3,21,33.99254959371738,0.6375718390804598,45.03472222222222,1019.861111111111,35.167624521072796,0
3508,4,1,0,33,0.030303030303030304,0.0,1.0,33,1050,800,250,0.7619047619047619,13,8,5,422.49407419491536,0.42021780303030304,0.07943472797313711,0.24182442923763456,130439.87509645065,4422.251157407411,134862.12625385806,532,0,167.72727272727272,29,4,22,33.82831973714027,0.641882183908046,44.61805555555556,1021.5277777777779,35.225095785440615,0
3509,4,0,1,32,0.0,0.030303030303030304,0.9696969696969697,33,400,100,300,0.25,7,1,6,421.3343101044942,0.42005997474747475,0.08199596597386649,0.24155229452597018,130502.81282518207,4397.062521678804,134899.87534686088,533,1,168.72727272727272,30,3,18,33.79373848987109,0.6395833333333334,44.556451612903224,1021.7741935483868,34.059139784946225,0
3510,4,0,1,31,0.0,0.03125,0.96875,32,1000,800,200,0.8,12,8,4,419.9571466372819,0.41838877688172044,0.06729884301866962,0.24161830993367372,130640.18419759508,4572.6557983581915,135212.83999595328,534,2,167.78125,30,2,18,33.68886405469366,0.6409722222222223,44.42204301075269,1022.3118279569892,34.07706093189964,0
3511,4,0,0,31,0.0,0.0,1.0,31,850,400,450,0.47058823529411764,13,4,9,429.80225549752396,0.4149641577060932,0.07461567797167379,0.246909820312746,130581.7925347221,5024.869791666648,135606.66232638876,535,4,174.1290322580645,29,2,19,33.49682361733931,0.6433189655172413,44.47916666666666,1022.0833333333323,35.244252873563184,0
3512,4,0,0,31,0.0,0.0,1.0,31,800,200,600,0.25,14,2,12,433.7412298268583,0.4142921146953405,0.08007992218103421,0.2498593845058944,130688.28125,5136.979166666667,135825.26041666666,536,5,175.1290322580645,29,2,19,33.28748981255093,0.6443965517241379,44.375,1022.5,35.258620689655174,0
3513,4,0,0,31,0.0,0.0,1.0,31,600,400,200,0.6666666666666666,8,4,4,434.9192176622143,0.41393369175627237,0.08225083569547853,0.25076822236858903,130723.78713348755,5170.857445987643,135894.6445794752,537,6,176.1290322580645,29,2,19,33.22114514011499,0.6447557471264368,44.34027777777777,1022.6388888888881,35.263409961685795,0
3514,4,1,0,32,0.03125,0.0,1.0,32,1250,900,350,0.72,16,9,7,426.48318022489156,0.41662466397849457,0.07806144206796994,0.24867852459784978,131155.97043372062,4787.163075211,135943.1335089316,538,0,171.59375,30,2,21,32.99654463543716,0.6461805555555555,43.91801075268817,1024.327956989247,34.1442652329749,0
3515,4,0,0,32,0.0,0.0,1.0,32,550,300,250,0.5454545454545454,8,3,5,428.92641686722015,0.41580561155913975,0.07754947773501919,0.22880268395351128,127652.81635802463,4556.699212979012,132209.51557100363,539,1,172.59375,29,3,18,36.52476177386844,0.6135057471264368,47.36111111111111,1010.5555555555551,34.84674329501914,8
3516,4,3,1,34,0.08571428571428572,0.02857142857142857,0.9714285714285714,35,1150,700,450,0.6086956521739131,16,7,9,393.023269354604,0.42142857142857143,0.08237929318068704,0.21514543545869205,128688.43102744623,3115.5095781042796,131803.9406055505,540,0,158.71428571428572,32,3,19,36.36889206902273,0.6158854166666667,46.33838383838384,1014.646464646465,31.70770202020203,0
3517,4,0,0,34,0.0,0.0,1.0,34,1150,900,250,0.782608695652174,14,9,5,403.6424697737957,0.417706476530006,0.08951899116514372,0.22050314442762065,128606.37240939673,3582.1987575954904,132188.57116699222,541,1,164.3235294117647,31,3,19,36.18367565254599,0.6176075268817205,46.419270833333336,1014.322916666667,32.72009408602152,0
3518,4,1,0,35,0.02857142857142857,0.0,1.0,35,1050,900,150,0.8571428571428571,12,9,3,395.21938141811296,0.41939775910364147,0.08744760957590447,0.2177496372689932,128944.78242016122,3192.29542903786,132137.0778491991,542,0,160.6,32,3,20,36.05067959555777,0.6184895833333333,46.08585858585859,1015.6565656565658,31.739267676767682,0
3519,4,0,0,35,0.0,0.0,1.0,35,1000,600,400,0.6,14,6,8,394.85925449076865,0.41999299719887956,0.08940950961077698,0.2184345112987077,129105.13157139583,3195.671200642794,132300.80277203862,543,1,161.6,32,3,20,35.895763448875634,0.6201171875,45.928030303030305,1016.2878787878792,31.758996212121225,0
3520,4,1,0,36,0.027777777777777776,0.0,1.0,36,1200,800,400,0.6666666666666666,16,8,8,381.94664485546764,0.4216931216931217,0.09006207025711,0.21348915425097684,129513.05537533648,2693.4153931180385,132206.4707684545,544,0,158.08333333333334,33,3,18,35.80744843085319,0.6218434343434344,45.52696078431373,1017.8921568627457,30.845216874628655,0
3521,4,1,0,37,0.02702702702702703,0.0,1.0,37,1150,1000,150,0.8695652173913043,13,10,3,371.4767549295268,0.4245808308308308,0.09101182471890246,0.20952463608080446,129867.92091836738,2248.582766439912,132116.5036848073,545,0,154.78378378378378,34,3,19,35.71254769134935,0.6231617647058824,45.17857142857143,1019.2857142857147,29.978991596638668,0
3522,4,1,2,36,0.02631578947368421,0.05263157894736842,0.9473684210526316,38,1000,800,200,0.8,12,8,4,362.0313940623627,0.42726114272166904,0.09612515070847882,0.2059608279252849,130203.51750042867,1827.5521905006874,132031.06969092935,546,0,151.68421052631578,35,3,20,35.612289256823175,0.6244047619047619,44.84953703703704,1020.6018518518518,29.16005291005291,0
3523,4,0,0,36,0.0,0.0,1.0,36,750,400,350,0.5333333333333333,11,4,7,381.1043823964499,0.42528108465608466,0.09611378205128229,0.21540682483277593,129950.01922337554,2704.904363706258,132654.9235870818,547,1,149.52777777777777,33,3,20,35.383613782051285,0.6262626262626263,45.09803921568627,1019.6078431372542,30.897207367795584,0
3524,4,1,0,37,0.02702702702702703,0.0,1.0,37,1000,700,300,0.7,13,7,6,374.6772178259056,0.425269019019019,0.09641478212906773,0.2134788799240627,130262.58680555565,2361.2847222222304,132623.87152777787,548,0,146.45945945945945,34,3,21,35.22959183673469,0.6271446078431373,44.79166666666667,1020.8333333333342,30.024509803921593,0
3525,4,1,2,36,0.02631578947368421,0.05263157894736842,0.9473684210526316,38,950,700,250,0.7368421052631579,12,7,5,369.7645912098297,0.42657954006638216,0.09854118993134975,0.21261463994565222,130617.28395061739,2059.5293209876654,132676.81327160506,549,0,143.57894736842104,35,3,19,34.99490489130434,0.6285714285714286,44.44444444444445,1022.2222222222231,29.20634920634923,0
3526,4,1,0,37,0.02702702702702703,0.0,1.0,37,1100,600,500,0.5454545454545454,16,6,10,372.52492898496865,0.4280217717717718,0.10237748513088918,0.21527281202204676,130810.03578514735,2345.9998582766407,133156.035643424,550,0,146.7027027027027,34,3,20,34.728849063190964,0.6326593137254901,44.25595238095238,1022.9761904761901,30.087535014005592,0
3527,4,0,0,37,0.0,0.0,1.0,37,950,500,450,0.5263157894736842,14,5,9,370.5344353786249,0.42705205205205204,0.09992076767321101,0.21463032388912787,130901.38888888883,2300.6944444444393,133202.08333333328,551,1,147.7027027027027,34,3,20,34.68716069489686,0.633578431372549,44.166666666666664,1023.3333333333328,30.09803921568626,0
3528,4,0,0,37,0.0,0.0,1.0,37,1000,700,300,0.7,13,7,6,370.5344353786249,0.42673923923923923,0.09992076767321101,0.21463032388912787,130901.38888888883,2300.6944444444393,133202.08333333328,552,2,148.7027027027027,34,3,20,34.68716069489686,0.633578431372549,44.166666666666664,1023.3333333333328,30.09803921568626,0
3529,4,0,1,36,0.0,0.02702702702702703,0.972972972972973,37,950,500,450,0.5263157894736842,14,5,9,373.063231202013,0.4261448948948949,0.09720053658214711,0.21729607163377923,131114.67013888896,2382.812500000006,133497.48263888896,553,3,149.7027027027027,34,3,20,34.40636018443177,0.6357230392156863,43.958333333333336,1024.1666666666672,30.12254901960786,0
3530,4,0,0,36,0.0,0.0,1.0,36,1100,800,300,0.7272727272727273,14,8,6,387.230587377089,0.42367724867724865,0.09839959731358516,0.21561277418778202,129361.8974626313,2825.0003188450046,132186.8977814763,554,4,154.63888888888889,32,4,21,35.82728269413759,0.6227213541666667,45.675505050505045,1017.2979797979793,31.790561868686854,5
3531,4,0,1,35,0.0,0.027777777777777776,0.9722222222222222,36,700,500,200,0.7142857142857143,9,5,4,388.78961483082315,0.42382605820105823,0.09413005708612521,0.21665744926049627,129394.01113406806,2861.409550045922,132255.42068411398,555,5,155.63888888888889,32,4,21,35.7548399106478,0.623046875,45.6439393939394,1017.4242424242433,31.794507575757603,0
3532,4,2,0,37,0.05405405405405406,0.0,1.0,37,600,300,300,0.5,9,3,6,386.42983851252717,0.4249874874874875,0.13875356283733242,0.2091727506442304,128240.42986685035,2514.091196051425,130754.52106290177,556,0,152.24324324324326,32,5,16,36.99513836948392,0.611328125,46.78030303030303,1012.8787878787881,31.652462121212128,8
3533,4,0,0,37,0.0,0.0,1.0,37,800,500,300,0.625,11,5,6,391.0897234126144,0.4248936436436436,0.1463891002889257,0.21237389175302046,128368.35048719516,2640.7085373941372,131009.0590245893,557,1,153.24324324324326,32,5,15,36.74594027743167,0.6126302083333333,46.6540404040404,1013.3838383838382,31.668244949494945,0
3534,4,1,2,36,0.02631578947368421,0.05263157894736842,0.9473684210526316,38,1250,1000,250,0.8,15,10,5,380.0415412261663,0.4275426742532005,0.14455886092041692,0.20811798686194824,128703.50346020756,2182.5355632449,130886.03902345247,558,0,150.18421052631578,33,5,16,36.68276972624798,0.6136363636363636,46.3235294117647,1014.7058823529408,30.748663101604265,0
3535,4,0,1,35,0.0,0.027777777777777776,0.9722222222222222,36,1300,900,400,0.6923076923076923,17,9,8,418.45185242340233,0.42627314814814815,0.1444360923188288,0.2194535273353218,126964.73095857569,3425.7253724109823,130390.45633098666,559,1,159.0,32,4,18,37.4997389960745,0.5983072916666667,48.042929292929294,1007.8282828282831,31.494633838383848,8
3536,4,4,1,38,0.10256410256410256,0.02564102564102564,0.9743589743589743,39,1000,600,400,0.6,14,6,8,387.2646898967358,0.43643162393162394,0.16113863637030335,0.2080565860102871,127939.53517500444,2109.292883016135,130048.82805802058,560,0,147.64102564102564,35,4,18,37.282752736147664,0.6014880952380952,47.077546296296305,1011.689814814816,28.905423280423314,0
3537,4,2,0,40,0.05,0.0,1.0,40,850,500,350,0.5882352941176471,12,5,7,381.0638483710367,0.43772702991452994,0.16742990654205614,0.20676385281795628,128336.36435376505,1781.5261773529526,130117.890531118,561,0,144.9,32,8,20,37.03271028037384,0.6123046875,46.68560606060607,1013.2575757575768,31.664299242424274,0
3538,4,1,3,38,0.024390243902439025,0.07317073170731707,0.926829268292683,41,1350,700,650,0.5185185185185185,20,7,13,368.1166670560698,0.4364075203252033,0.16821548051353896,0.20258291419279217,128898.98667800473,1289.9730725623854,130188.95975056711,562,0,142.34146341463415,34,7,17,36.785609613130134,0.6133578431372548,46.130952380952394,1015.4761904761921,29.866946778711533,0
3539,4,0,0,38,0.0,0.0,1.0,38,1050,500,550,0.47619047619047616,16,5,11,393.8959512186014,0.43025426742532,0.18506225749320637,0.21446670462853362,128474.33302137592,2521.1039225260506,130995.43694390196,563,1,154.44736842105263,31,7,17,36.56616576761709,0.616263440860215,46.54947916666667,1013.8020833333338,32.7032930107527,0
3540,4,1,0,39,0.02564102564102564,0.0,1.0,39,1050,800,250,0.7619047619047619,13,8,5,383.71398175023234,0.4318488529014845,0.18405576396884937,0.21078823772008817,128827.88470780497,2086.612120338365,130914.49682814334,564,0,151.46153846153845,33,6,18,36.46235715435377,0.6148989898989898,46.20098039215688,1015.1960784313749,30.76351752822348,0
3541,4,0,1,38,0.0,0.02564102564102564,0.9743589743589743,39,1100,600,500,0.5454545454545454,16,6,10,386.14068606107384,0.4321581196581197,0.17870890389348126,0.21298891235676468,128989.67013888921,2161.6319444444835,131151.3020833337,565,1,152.46153846153845,34,5,18,36.235302160240636,0.6142769607843137,46.041666666666686,1015.833333333336,29.877450980392236,0
3542,4,0,1,37,0.0,0.02631578947368421,0.9736842105263158,38,850,400,450,0.47058823529411764,13,4,9,398.95092842521524,0.4308469653864391,0.20433155794818925,0.21694432143359363,128423.8652951991,2735.852947183795,131159.7182423829,566,2,150.94736842105263,33,5,16,36.48981884496031,0.6107954545454546,46.59926470588236,1013.6029411764717,30.715240641711265,8
3543,4,0,1,36,0.0,0.02702702702702703,0.972972972972973,37,950,600,350,0.631578947368421,13,6,7,402.07437214022576,0.4311811811811812,0.19129934865975518,0.2191543712179335,128517.04422577863,2934.6819732795248,131451.72619905815,567,3,151.8108108108108,33,4,17,36.315063250342455,0.6117424242424243,46.50735294117648,1013.9705882352948,30.7263814616756,0
3544,4,1,1,36,0.02702702702702703,0.02702702702702703,0.972972972972973,37,1200,1000,200,0.8333333333333334,14,10,4,396.933248130802,0.43108733733733734,0.19495850530333314,0.2177768901906833,128778.12500000001,2823.26388888889,131601.3888888889,568,0,152.7027027027027,34,3,19,36.177818828680884,0.6121323529411764,46.25,1015.0000000000001,29.85294117647059,0
3545,4,1,0,37,0.02702702702702703,0.0,1.0,37,1150,900,250,0.782608695652174,14,9,5,386.29728986462294,0.4344657157157157,0.20008619097457347,0.21358250661280795,129083.74592764064,2572.9402434842305,131656.68617112486,569,0,152.9189189189189,35,2,20,36.13515565679575,0.6130952380952381,45.949074074074076,1016.203703703704,29.034391534391546,0
3546,4,0,0,37,0.0,0.0,1.0,37,1000,700,300,0.7,13,7,6,382.917300763393,0.43390265265265265,0.2026811696741131,0.21266190926088302,129260.23046339165,2499.1957090192045,131759.42617241087,570,1,153.9189189189189,35,2,21,36.04076561195841,0.6148809523809524,45.77546296296296,1016.8981481481483,29.054232804232807,0
3547,4,0,0,37,0.0,0.0,1.0,37,850,600,250,0.7058823529411765,11,6,5,381.3701321627908,0.4339652152152152,0.19990218965978634,0.211960743283646,129289.65627411265,2461.442660108027,131751.09893422067,571,2,154.9189189189189,35,2,21,36.05005974735405,0.6151785714285714,45.74652777777778,1017.0138888888889,29.057539682539684,0
3548,4,0,0,37,0.0,0.0,1.0,37,850,500,350,0.5882352941176471,12,5,7,382.13596828982,0.43346471471471476,0.19764685627499845,0.21302202265287315,129407.39300679445,2490.243886102541,131897.636892897,572,3,155.9189189189189,35,2,21,35.9104244871649,0.6163690476190475,45.63078703703704,1017.4768518518522,29.070767195767207,0
3549,4,1,0,38,0.02631578947368421,0.0,1.0,38,1100,600,500,0.5454545454545454,16,6,10,371.8230642261559,0.43643314366998576,0.1983452333883755,0.20983431280393813,129889.23890106339,2059.1629636393336,131948.40186470273,573,0,152.78947368421052,36,2,19,35.68203159522758,0.619212962962963,45.157657657657666,1019.3693693693707,28.315815815815853,0
3550,4,0,0,38,0.0,0.0,1.0,38,1500,1100,400,0.7333333333333333,19,11,8,376.98225137373083,0.43616642958748225,0.20385585292442854,0.21368618478994097,130061.48674011863,2206.174417660921,132267.66115777957,574,1,153.78947368421052,36,2,19,35.37526679914625,0.6209490740740741,44.988738738738746,1020.0450450450461,28.334584584584615,0
3551,4,0,1,37,0.0,0.02631578947368421,0.9736842105263158,38,900,700,200,0.7777777777777778,11,7,4,375.09627843245806,0.43618124703651023,0.19801172172236114,0.2130876099609094,130147.65346004804,2163.580091916257,132311.23355196428,575,2,154.78947368421052,36,2,19,35.335733730640484,0.6218171296296297,44.90427927927929,1020.382882882884,28.343968968969,0
3552,4,0,1,36,0.0,0.02702702702702703,0.972972972972973,37,750,500,250,0.6666666666666666,10,5,5,380.16298341563805,0.43355855855855857,0.20711624840949883,0.21578471982027359,130114.93866008651,2492.9766535922404,132607.91531367876,576,3,159.78378378378378,35,2,19,35.23976649650217,0.6235119047619048,44.93634259259259,1020.254629629629,29.150132275132258,0
3553,4,1,0,37,0.02702702702702703,0.0,1.0,37,850,400,450,0.47058823529411764,13,4,9,390.4479427287353,0.4323385885885886,0.24312834327005395,0.20510627661457326,127032.00113378644,2531.2196951503897,129563.22082893683,577,0,160.35135135135135,34,3,15,38.13597268146748,0.5943627450980392,47.97619047619045,1008.0952380952348,29.649859943977493,8
3554,4,3,0,40,0.075,0.0,1.0,40,950,700,250,0.7368421052631579,12,7,5,370.1283540935879,0.4361912393162393,0.2709264048906661,0.2000198081270683,128174.66695011324,1493.0945294784435,129667.76147959169,578,0,149.25,34,6,16,37.475262559761745,0.6060049019607843,46.84523809523809,1012.6190476190465,29.782913165266073,0
3555,4,1,0,41,0.024390243902439025,0.0,1.0,41,1300,900,400,0.6923076923076923,17,9,8,365.0971409455684,0.43899898373983737,0.2735157847870553,0.19963047039225873,128643.06205257634,1193.4428315757957,129836.50488415213,579,0,146.58536585365854,35,6,16,37.12362141091464,0.6086309523809523,46.383101851851855,1014.4675925925928,28.984788359788368,0
3556,4,0,2,39,0.0,0.04878048780487805,0.9512195121951219,41,1450,900,550,0.6206896551724138,20,9,11,357.4126932711211,0.43892276422764226,0.26284106435074306,0.19634828944784635,128829.5659468591,1009.0644276032906,129838.63037446239,580,1,147.58536585365854,36,5,16,37.128166019596975,0.6085069444444444,46.19932432432433,1015.2027027027034,28.200075075075095,0
3557,4,0,1,38,0.0,0.02564102564102564,0.9743589743589743,39,1400,1000,400,0.7142857142857143,18,10,8,365.90025539069353,0.43643162393162394,0.2547387345136205,0.2012097535929869,128868.76594387765,1630.622874149673,130499.38881802732,581,2,150.30769230769232,34,5,17,36.87272833860946,0.6130514705882353,46.16071428571429,1015.3571428571436,29.863445378151283,0
3558,4,0,0,38,0.0,0.0,1.0,38,1250,1100,150,0.88,14,11,3,370.50126106582246,0.4360627074442864,0.24874550605332968,0.20384949861828736,128890.0978589967,1950.7887591311198,130840.88661812781,582,3,151.71052631578948,33,5,17,36.73414997184004,0.615530303030303,46.13970588235295,1015.4411764705895,30.770944741533015,0
3559,4,0,0,38,0.0,0.0,1.0,38,1000,700,300,0.7,13,7,6,371.8290170882453,0.436284969179706,0.2519286816389503,0.2050625896636373,128983.44574502608,1991.957570405626,130975.4033154317,583,4,152.71052631578948,33,5,17,36.605114207584336,0.6164772727272727,46.047794117647065,1015.8088235294128,30.782085561497357,0
3560,4,1,1,38,0.02564102564102564,0.02564102564102564,0.9743589743589743,39,750,500,250,0.6666666666666666,10,5,5,367.5438475903509,0.43876518218623484,0.25522211620971325,0.20476073803827502,129383.00028344669,1710.7851473922908,131093.78543083897,584,0,149.76923076923077,34,5,18,36.30645916218115,0.6182598039215687,45.654761904761905,1017.3809523809522,29.922969187675065,0
3561,4,0,0,38,0.0,0.0,1.0,38,1150,600,550,0.5217391304347826,17,6,11,375.58412990872836,0.4365961356092935,0.25983075683665,0.20844291142827537,129232.53864198856,2107.5381163494703,131340.07675833802,585,1,154.31578947368422,33,5,18,36.25544875657868,0.6190025252525253,45.80269607843137,1016.7892156862738,30.81179441473557,0
3562,4,0,0,38,0.0,0.0,1.0,38,1500,1000,500,0.6666666666666666,20,10,10,377.06716079907596,0.4363442389758179,0.26026772132643705,0.21042780263948446,129450.69204152253,2162.3209823144925,131613.01302383703,586,2,155.31578947368422,33,5,17,35.99520311496466,0.6212121212121212,45.588235294117645,1017.6470588235297,30.837789661319082,0
3563,4,1,1,38,0.02564102564102564,0.02564102564102564,0.9743589743589743,39,1550,1300,250,0.8387096774193549,18,13,5,370.5367242299701,0.43828722447143503,0.26529060228266155,0.2093190307589357,129928.59977324268,1828.6635487528388,131757.2633219955,587,0,152.30769230769232,34,5,19,35.67477230266231,0.6237745098039216,45.11904761904762,1019.5238095238099,29.985994397759114,0
3564,4,0,0,38,0.0,0.0,1.0,38,750,500,250,0.6666666666666666,10,5,5,383.1134931003349,0.4353811047889995,0.27561793841187465,0.2156796679166748,129793.87622849393,2345.1570609861724,132139.0332894801,588,1,157.23684210526315,33,5,19,35.49145620364803,0.6246843434343434,45.251225490196084,1018.9950980392164,30.878639334521708,0
3565,4,0,0,38,0.0,0.0,1.0,38,950,500,450,0.5263157894736842,14,5,9,381.6597002668607,0.43474395448079656,0.27804138908396103,0.21554833988594801,129918.78311526813,2316.952764561701,132235.73587982982,589,2,158.23684210526315,33,5,19,35.401265176102896,0.6259469696969697,45.12867647058823,1019.4852941176467,30.89349376114081,0
3566,4,0,0,38,0.0,0.0,1.0,38,1050,800,250,0.7619047619047619,13,8,5,383.83196110281295,0.4339882645803699,0.28397715408708457,0.21784370242722564,130110.7213718821,2388.1306689342387,132498.85204081633,590,3,159.23684210526315,34,4,19,35.15047646830027,0.6256127450980392,44.94047619047619,1020.2380952380954,30.007002801120453,0
3567,4,0,0,38,0.0,0.0,1.0,38,950,700,250,0.7368421052631579,12,7,5,384.0066638900457,0.43385490753911804,0.2888292158968848,0.21879449454200292,130262.58680555563,2404.428854875293,132667.01566043092,591,4,160.23684210526315,33,5,19,34.99149659863946,0.6294191919191919,44.79166666666667,1020.833333333334,30.934343434343457,0
3568,4,0,0,38,0.0,0.0,1.0,38,900,700,200,0.7777777777777778,11,7,4,383.51338370440925,0.43366228070175433,0.28871873637351664,0.2188759868749161,130327.04132550267,2396.4329213855935,132723.47424688825,592,5,161.23684210526315,32,6,19,34.93853303656074,0.6324869791666667,44.728535353535364,1021.0858585858599,31.908933080808122,0
3569,4,0,0,38,0.0,0.0,1.0,38,1150,900,250,0.782608695652174,14,9,5,378.86936366372726,0.4333362968231389,0.27964348448376786,0.21676472079487674,130423.75299714331,2282.71286093258,132706.46585807588,593,6,162.23684210526315,32,6,19,34.958796868562025,0.6334635416666667,44.633838383838395,1021.4646464646478,31.920770202020243,0
3570,4,1,0,39,0.02564102564102564,0.0,1.0,39,1200,700,500,0.5833333333333334,17,7,10,369.2805162983249,0.4358412055780477,0.2742910531475795,0.21262300534692394,130669.48596993953,1850.7390486832087,132520.22501862273,594,0,159.05128205128204,33,6,18,34.95432797954373,0.6335227272727273,44.39338235294118,1022.426470588236,30.982620320855638,0
3571,4,0,0,39,0.0,0.0,1.0,39,1400,900,500,0.6428571428571429,19,9,10,364.86872960665494,0.43474471434997747,0.265327805926608,0.21127974287209228,130888.84833958103,1751.4495626682206,132640.29790224927,595,1,160.05128205128204,33,6,18,34.84481037924153,0.6357323232323233,44.17892156862746,1023.2843137254911,31.008615567439122,0
3572,4,2,0,41,0.04878048780487805,0.0,1.0,41,1200,900,300,0.75,15,9,6,348.1678887535732,0.4364837398373984,0.26506634366569415,0.20456017867086596,131446.7860510974,953.1099965706445,132399.89604766807,596,0,153.1951219512195,35,6,20,34.7084273890143,0.6369047619047619,43.63425925925926,1025.462962962963,29.2989417989418,0
3573,4,0,0,41,0.0,0.0,1.0,41,1150,800,350,0.6956521739130435,15,8,7,346.85793507018195,0.43602642276422765,0.2648146517566259,0.20442478300944783,131565.5006858712,926.9075788751873,132492.4082647464,597,1,154.1951219512195,35,6,17,34.62225481347774,0.638095238095238,43.518518518518526,1025.925925925927,29.312169312169342,0
3574,4,0,0,41,0.0,0.0,1.0,41,1150,600,550,0.5217391304347826,17,6,11,350.31108754004157,0.43551829268292686,0.2648240805177877,0.20694259914840438,131654.5718262389,1024.0112472136623,132678.58307345258,598,2,155.1951219512195,35,6,17,34.44384139693999,0.6389880952380953,43.43171296296297,1026.2731481481487,29.322089947089964,0
3575,4,0,1,40,0.0,0.024390243902439025,0.975609756097561,41,650,500,150,0.7692307692307693,8,5,3,345.2316595338585,0.4353404471544715,0.23805309053406165,0.19026767461961658,128957.11343277419,704.0156558185115,129661.1290885927,599,3,156.1951219512195,38,3,19,37.3073787735353,0.6060855263157895,46.073717948717935,1015.7051282051258,26.72908232118752,8
3576,4,0,2,38,0.0,0.05,0.95,40,1500,1100,400,0.7333333333333333,19,11,8,326.1476731218421,0.43522970085470086,0.06667607513086304,0.17882142820630914,128751.69406467037,398.41308593752444,129150.1071506079,600,4,160.125,39,1,16,38.00089380409867,0.6022970085470085,46.27604166666668,1014.8958333333353,26.022970085470135,8
3577,4,0,0,38,0.0,0.0,1.0,38,1400,1100,300,0.7857142857142857,17,11,6,335.49915882767164,0.431513750592698,0.08499945963471367,0.18358212398772583,128672.41753472213,1033.8975694444398,129706.31510416657,601,5,168.81578947368422,37,1,17,37.84437029431898,0.6050112612612613,46.354166666666664,1014.5833333333326,27.42117117117115,0
3578,4,0,0,38,0.0,0.0,1.0,38,1500,1100,400,0.7333333333333333,19,11,8,335.3038161096356,0.4310988620199146,0.08274288766285753,0.18476616589075287,128950.68825263547,1047.53157221453,129998.21982485,602,6,169.81578947368422,37,1,19,37.56601083162401,0.6078265765765766,46.08004385964912,1015.6798245614038,27.45080606922713,0
3579,4,0,0,38,0.0,0.0,1.0,38,1500,1100,400,0.7333333333333333,19,11,8,332.30811481981846,0.4299875533428165,0.0743484925906992,0.18402008508839418,129145.65659626045,983.2299361341971,130128.88653239465,603,7,170.81578947368422,37,1,20,37.44381517439767,0.6097972972972974,45.88815789473684,1016.4473684210532,27.471550497866303,0
3580,4,0,1,37,0.0,0.02631578947368421,0.9736842105263158,38,1150,900,250,0.782608695652174,14,9,5,331.8504262353409,0.42940967283072545,0.06884446639082298,0.18415613419989943,129229.25954380207,976.956972337651,130206.21651613971,604,8,171.81578947368422,37,1,21,37.370479708113145,0.6106418918918919,45.80592105263158,1016.7763157894747,27.480440967283098,0
3581,4,0,0,37,0.0,0.0,1.0,37,1050,700,350,0.6666666666666666,14,7,7,329.2125444918206,0.4295232732732733,0.04494696270054699,0.18320964458612,129340.77222077947,1116.1209458679614,130456.89316664744,605,9,171.78378378378378,37,0,21,37.324274190650726,0.6117680180180181,45.69627192982456,1017.2149122807017,27.49229492650545,0
3582,4,1,0,38,0.02631578947368421,0.0,1.0,38,1300,900,400,0.6923076923076923,17,9,8,324.0235782594255,0.43234352773826457,0.0639294860473334,0.1821868421156769,129745.05077069181,808.0911224340772,130553.1418931259,606,0,168.23684210526315,38,0,15,37.04623706655483,0.6140350877192983,45.2991452991453,1018.8034188034189,26.810616284300497,0
3583,4,1,0,39,0.02564102564102564,0.0,1.0,39,1400,1100,300,0.7857142857142857,17,11,6,317.94662309368175,0.43339518668466037,0.06242668007373875,0.1801697530864198,130050.00000000003,469.79166666666777,130519.7916666667,607,0,164.89743589743588,39,0,16,36.8923611111111,0.6153846153846154,45.0,1020.0000000000002,26.15384615384616,0
3584,4,0,1,38,0.0,0.02564102564102564,0.9743589743589743,39,1400,800,600,0.5714285714285714,20,8,12,315.14824948704313,0.43286099865047234,0.06365109151676518,0.17919369705307947,130182.84640842007,405.3792317708294,130588.2256401909,608,1,165.89743589743588,39,0,17,36.82940781191522,0.6167200854700854,44.869791666666664,1020.5208333333327,26.167200854700837,0
3585,4,0,0,38,0.0,0.0,1.0,38,900,500,400,0.5555555555555556,13,5,8,319.9769260877252,0.4300023707918445,0.07499669399629738,0.1819297379755923,130180.80210387894,730.9705785667269,130911.77268244568,609,2,170.3421052631579,38,0,18,36.708280988274716,0.618421052631579,44.87179487179487,1020.5128205128199,26.85560053981105,0
3586,4,0,0,38,0.0,0.0,1.0,38,1400,800,600,0.5714285714285714,20,8,12,318.5807250150569,0.4299282835467046,0.07728567552902899,0.18177841368506173,130318.55955678665,703.4219194208135,131021.98147620747,610,3,171.3421052631579,37,1,19,36.604649914089364,0.6216216216216216,44.73684210526316,1021.052631578947,27.59601706970127,0
3587,4,0,1,37,0.0,0.02631578947368421,0.9736842105263158,38,1050,500,550,0.47619047619047616,16,5,11,317.7915650983189,0.42949857752489334,0.08161368861673357,0.18198303700190765,130458.54403518386,691.7249778778042,131150.26901306165,611,4,172.3421052631579,37,1,20,36.48337716003006,0.6230292792792793,44.59978070175438,1021.6008771929821,27.610834518729245,0
3588,4,0,1,36,0.0,0.02702702702702703,0.972972972972973,37,1350,1200,150,0.8888888888888888,15,12,3,329.18362849520804,0.4271771771771771,0.08469521224454457,0.188392725178551,130435.08193582098,1187.4187109406657,131622.50064676165,612,5,177.59459459459458,36,1,21,36.21614669459448,0.6247106481481481,44.622747747747745,1021.5090090090092,28.375250250250257,0
3589,4,1,0,37,0.02702702702702703,0.0,1.0,37,1100,1000,100,0.9090909090909091,12,10,2,328.87163029476744,0.4265828328328329,0.092223515508018,0.1893357978088899,130665.25298524878,1194.4189544273988,131859.6719396762,613,0,177.8918918918919,36,1,17,35.99148217498254,0.627025462962963,44.39752252252252,1022.4099099099101,28.40027527527528,0
3590,4,0,0,37,0.0,0.0,1.0,37,1500,1100,400,0.7333333333333333,19,11,8,327.3546456670348,0.42623873873873874,0.09310596494479939,0.18950828494818647,130878.94833025527,1168.766351184962,132047.71468144024,614,1,178.8918918918919,37,0,17,35.814491355907975,0.6272522522522522,44.18859649122806,1023.2456140350862,27.65528686581314,0
3591,4,0,2,35,0.0,0.05405405405405406,0.9459459459459459,37,1050,800,250,0.7619047619047619,13,8,5,342.933765037427,0.42539414414414417,0.12493114272473727,0.19030669079545556,129229.25954380202,1463.415305670983,130692.674849473,615,2,179.8918918918919,37,0,18,37.08874779826736,0.6106418918918919,45.80592105263158,1016.7763157894743,27.48044096728309,8
3592,4,2,1,36,0.05405405405405406,0.02702702702702703,0.972972972972973,37,1050,900,150,0.8571428571428571,12,9,3,348.57261857409424,0.4269269269269269,0.1331188007902402,0.1956429639839735,129675.59880203521,1640.2726079178176,131315.87140995302,616,0,164.9189189189189,37,0,15,36.491526716187614,0.6151463963963963,45.36732456140351,1018.5307017543857,27.527856804172586,0
3593,4,0,0,36,0.0,0.0,1.0,36,1350,1200,150,0.8888888888888888,15,12,3,374.75720087171294,0.4247189153439153,0.16376794901328418,0.19297995361614523,126218.23157793195,2261.5637610717663,128479.79533900371,617,1,170.5,35,1,18,39.37024879060126,0.5839285714285714,48.784722222222214,1004.86111111111,28.710317460317427,8
3594,4,2,0,38,0.05263157894736842,0.0,1.0,38,950,600,350,0.631578947368421,13,6,7,364.401710936751,0.43059506875296344,0.18396423641539394,0.19079699839303693,126898.60251471576,1648.4135743690022,128547.01608908476,618,0,162.47368421052633,37,1,14,38.92958519244022,0.5869932432432432,48.10855263157893,1007.5657894736818,27.231507823613022,0
3595,4,0,0,38,0.0,0.0,1.0,38,750,300,450,0.4,12,3,9,366.1372002732786,0.430906235182551,0.1838439951892794,0.19183585350692273,126926.22369382867,1694.4824369036448,128620.70613073232,619,1,163.47368421052633,37,1,14,38.85745375408053,0.5872747747747749,48.081140350877185,1007.6754385964896,27.234471313418638,0
3596,4,2,2,38,0.05,0.05,0.95,40,1550,1300,250,0.8387096774193549,18,13,5,354.51306162372066,0.43867521367521367,0.1788573021181723,0.18861104168237078,127546.62390430958,1043.7134471307704,128590.33735144035,620,0,156.25,36,4,13,38.513563730955035,0.5954861111111112,47.46621621621621,1010.1351351351341,28.05930930930928,0
3597,4,0,1,37,0.0,0.02631578947368421,0.9736842105263158,38,1050,600,450,0.5714285714285714,15,6,9,374.04129793510316,0.4315582029397819,0.18747088961341407,0.1975077881619936,127242.1077806121,1918.76062925168,129160.86840986379,621,3,165.47368421052633,34,4,14,38.33333333333331,0.5965073529411764,47.76785714285713,1008.9285714285703,29.674369747899128,0
3598,4,0,0,37,0.0,0.0,1.0,37,1200,900,300,0.75,15,9,6,383.4683912276448,0.42964839839839836,0.1407717878306114,0.19380699772856635,125446.82716836726,2350.124007936498,127796.95117630376,622,4,169.8108108108108,34,3,16,39.94974252327195,0.578125,49.55357142857142,1001.7857142857135,29.464285714285694,8
3599,4,2,1,38,0.05128205128205128,0.02564102564102564,0.9743589743589743,39,1200,1000,200,0.8333333333333334,14,10,4,369.46773116449396,0.43679712100764734,0.15056157153745486,0.18919039766407028,125987.3022304399,1509.6485421232057,127496.95077256311,623,0,162.05128205128204,36,3,18,39.741540474855114,0.5795717592592593,49.01463963963964,1003.9414414414415,27.887262262262265,0
3600,4,0,0,38,0.0,0.0,1.0,38,1050,700,350,0.6666666666666666,14,7,7,377.39125894242045,0.4336919155998103,0.16958703545178144,0.19324773540905674,125987.30223043988,1909.3013199009827,127896.60355034086,624,1,167.18421052631578,36,2,18,39.54267152738831,0.5795717592592593,49.01463963963964,1003.9414414414413,27.887262262262258,0
3601,4,2,1,39,0.05,0.025,0.975,40,950,800,150,0.8421052631578947,11,8,3,377.1884330567295,0.43915598290598296,0.19548859570661858,0.197054517830572,126808.2947812679,1566.1497646295102,128374.44454589742,625,0,159.775,36,4,16,38.700525491949904,0.587962962962963,48.198198198198206,1007.2072072072085,27.977977977978014,0
3602,4,0,0,39,0.0,0.0,1.0,39,1000,600,400,0.6,14,6,8,385.0083256735794,0.43575686009896536,0.19746713104561842,0.20110098739564775,126800.41822059343,1963.8433427640762,128764.2615633575,626,1,164.87179487179486,35,4,16,38.51174059603156,0.5898809523809524,48.206018518518526,1007.1759259259272,28.776455026455064,0
3603,4,2,0,41,0.04878048780487805,0.0,1.0,41,1100,700,400,0.6363636363636364,15,7,8,368.9049735711288,0.4416158536585366,0.21194902076098,0.19553875024003367,127396.24361582422,1199.4215768313518,128595.66519265558,627,0,157.78048780487805,37,4,14,38.304528257485266,0.5920608108108107,47.61513157894738,1009.5394736842114,27.284850640113824,0
3604,4,1,1,41,0.023809523809523808,0.023809523809523808,0.9761904761904762,42,1600,1000,600,0.625,22,10,12,361.4501278582492,0.4415529423151374,0.218209013780589,0.19390501334274063,127880.9950086808,844.5203993055786,128725.51540798637,628,0,155.0,39,3,17,37.995623069001034,0.593482905982906,47.13541666666668,1011.4583333333353,25.93482905982911,0
3605,4,1,0,42,0.023809523809523808,0.0,1.0,42,1500,1200,300,0.8,18,12,6,360.47823036230994,0.44196428571428575,0.22600593543333214,0.19544968888083375,128306.84222961855,850.6359534229002,129157.47818304144,629,0,153.04761904761904,38,4,19,37.5843614889803,0.5995065789473684,46.714743589743584,1013.1410256410246,26.6616059379217,0
3606,4,1,0,43,0.023255813953488372,0.0,1.0,43,1050,800,250,0.7619047619047619,13,8,5,363.28520773036314,0.44319859726836475,0.21295825115903821,0.19051821285362328,126963.95503875027,627.9328922646116,127591.88793101488,630,0,150.46511627906978,40,3,15,38.890499479009115,0.5825520833333333,48.04369918699188,1007.825203252034,25.195630081300852,8
3607,4,1,0,44,0.022727272727272728,0.0,1.0,44,1350,800,550,0.5925925925925926,19,8,11,359.5578985186587,0.4437433932346723,0.212890418210693,0.19004053449964947,127280.60766171767,353.14320973967756,127633.75087145735,631,0,148.02272727272728,38,6,16,38.659122992765134,0.5890899122807017,47.729700854700866,1009.0811965811985,26.55476833108417,0
3608,4,1,2,43,0.022222222222222223,0.044444444444444446,0.9555555555555556,45,1250,700,550,0.56,18,7,11,349.6750939182152,0.44577020202020207,0.21510914394930025,0.18618747234284871,127579.22620670601,-77.74441883134747,127501.48178787465,632,0,145.7111111111111,40,5,14,38.602337122355245,0.5888020833333334,47.43394308943091,1010.2642276422791,25.25660569105698,0
3609,4,4,1,46,0.0851063829787234,0.02127659574468085,0.9787234042553191,47,800,600,200,0.75,10,6,4,340.12198741757663,0.44858156028368795,0.24594591709280267,0.18390209466175567,128195.98458465555,-677.0460498049881,127518.93853485056,633,0,140.29787234042553,40,7,18,38.21312092323129,0.5950520833333333,46.82418699186993,1012.7032520325224,25.31758130081306,0
3610,4,1,1,46,0.02127659574468085,0.02127659574468085,0.9787234042553191,47,1200,1000,200,0.8333333333333334,14,10,4,338.59329353289195,0.44786848596978107,0.25074417939684657,0.18378408981036842,128350.40655570441,-708.2826236036597,127642.12393210075,634,0,140.95744680851064,40,7,19,38.09422324741752,0.5966145833333334,46.67174796747968,1013.3130081300824,25.33282520325206,0
3611,4,0,0,46,0.0,0.0,1.0,46,1000,700,300,0.7,13,7,6,348.60726534981916,0.4457830112721417,0.2512015200625908,0.18886939585108597,128276.40109592021,-256.3829210069341,128020.01817491328,635,1,144.8695652173913,39,7,19,37.916131105398456,0.5974893162393162,46.74479166666667,1013.0208333333339,25.97489316239318,0
3612,4,0,1,45,0.0,0.021739130434782608,0.9782608695652174,46,1400,800,600,0.5714285714285714,20,8,12,353.0366134342562,0.44598429951690827,0.24324143169936052,0.19190202506789472,128408.33875868072,-133.430989583314,128274.90776909741,636,2,145.8695652173913,39,7,12,37.66915039397054,0.5988247863247863,46.61458333333334,1013.541666666668,25.988247863247896,0
3613,4,0,0,45,0.0,0.0,1.0,45,1050,500,550,0.47619047619047616,16,5,11,351.66500917639996,0.44650673400673396,0.23534865664143223,0.19128296278901918,128434.73442925369,33.20041232641182,128467.93484158009,637,3,149.22222222222223,39,6,12,37.676947384647015,0.5990918803418803,46.58854166666668,1013.6458333333351,25.990918803418847,0
3614,4,1,4,42,0.021739130434782608,0.08695652173913043,0.9130434782608696,46,1200,800,400,0.6666666666666666,16,8,8,351.98842486129763,0.4469504830917874,0.25252643948296094,0.19341938197823794,128840.02267995251,-129.96067155792377,128710.06200839458,638,0,146.95652173913044,40,6,13,37.25517183850518,0.6015625,46.18902439024391,1015.2439024390252,25.38109756097563,0
3615,4,1,0,43,0.023255813953488372,0.0,1.0,43,850,400,450,0.47058823529411764,13,4,9,369.29935816680796,0.4430140273163529,0.2506029648221493,0.20091240311276837,128442.1798524365,886.7229162101214,129328.90276864663,639,0,157.74418604651163,38,5,14,37.22245643620012,0.6008771929824561,46.58119658119659,1013.6752136752156,26.67566351776883,0
3616,4,1,0,44,0.022727272727272728,0.0,1.0,44,1450,1100,350,0.7586206896551724,18,11,7,362.4889245058046,0.4453290169133193,0.2585285573412226,0.19910623534449276,128823.44148596942,539.4141510771051,129362.85563704652,640,0,155.13636363636363,41,3,15,37.0055824293951,0.5998475609756098,46.205357142857146,1015.1785714285717,24.76045296167248,0
3617,4,1,2,43,0.022222222222222223,0.044444444444444446,0.9555555555555556,45,1350,700,650,0.5185185185185185,20,7,13,356.88155743264036,0.4462121212121212,0.2620362427053875,0.19778364601298634,129176.76150959986,220.1607663301569,129396.92227593002,641,0,152.66666666666666,42,3,16,36.78768309344517,0.6019345238095238,45.85755813953489,1016.5697674418611,24.204042081949076,0
3618,4,1,1,43,0.022727272727272728,0.022727272727272728,0.9772727272727273,44,1400,1000,400,0.7142857142857143,18,10,8,359.2804522478443,0.4446132840028189,0.2632366901177283,0.1991101565269693,129176.1751720365,482.09492709121605,129658.27009912771,642,0,156.63636363636363,41,3,18,36.72731449855243,0.6034044715447154,45.858134920634924,1016.5674603174612,24.79432830042588,0
3619,4,0,0,43,0.0,0.0,1.0,43,1600,1400,200,0.875,18,14,4,367.81033425504563,0.44239110372831303,0.2603088528356463,0.20356785572134536,129123.91067031855,898.6217487937018,130022.53241911225,643,1,160.8372093023256,40,3,19,36.563843615638426,0.6044270833333334,45.90955284552845,1016.3617886178858,25.409044715447145,0
3620,4,0,0,43,0.0,0.0,1.0,43,1550,1000,550,0.6451612903225806,21,10,11,362.7231413374078,0.441952750092285,0.2527924807585682,0.20184027052445686,129337.19735051852,782.7653782635732,130119.96272878209,644,2,161.8372093023256,38,5,19,36.475729090081565,0.6099232456140351,45.69978632478632,1017.2008547008535,26.768443544759304,0
3621,4,0,0,43,0.0,0.0,1.0,43,950,600,350,0.631578947368421,13,6,7,360.66220341404625,0.44153746770025837,0.25297602041788103,0.20108152984865305,129413.28124999988,734.8958333333192,130148.1770833332,645,3,162.8372093023256,39,4,19,36.45065520065519,0.608974358974359,45.62499999999999,1017.4999999999991,26.089743589743566,0
3622,4,1,0,44,0.022727272727272728,0.0,1.0,44,1250,1100,150,0.88,14,11,3,353.6753760420576,0.44308271670190275,0.2537273789708545,0.19866185783368948,129706.17992567384,374.77639203828573,130080.95631771213,646,0,160.11363636363637,41,3,16,36.33050902480198,0.608739837398374,45.33730158730158,1018.6507936507926,24.845141308555917,0
3623,4,0,0,44,0.0,0.0,1.0,44,1550,1200,350,0.7741935483870968,19,12,7,360.1521658053174,0.44222383720930236,0.2586794956867948,0.20321600788850258,129883.08930342956,555.5351828231126,130438.62448625267,647,1,161.11363636363637,41,3,16,35.985705596107046,0.6105182926829269,45.16369047619047,1019.3452380952369,24.862078977932608,0
3624,4,1,2,43,0.022222222222222223,0.044444444444444446,0.9555555555555556,45,1200,800,400,0.6666666666666666,16,8,8,353.0681956507399,0.4429924242424242,0.2545726626534708,0.20130432725845845,130289.17236328125,201.85342040462012,130491.02578368587,648,0,158.51111111111112,39,6,17,35.75411097507058,0.6177884615384616,44.765625,1020.9375,26.177884615384617,0
3625,4,0,2,41,0.0,0.046511627906976744,0.9534883720930233,43,1150,800,350,0.6956521739130435,15,8,7,361.0089129383127,0.440983757844223,0.2491749978097293,0.2058353921264027,130289.85407991793,807.1597176564891,131097.01379757441,649,1,162.2093023255814,38,5,18,35.550744732803146,0.6195175438596492,44.76495726495725,1020.9401709401689,26.866846603688654,0
3626,4,0,0,41,0.0,0.0,1.0,41,1150,900,250,0.782608695652174,14,9,5,371.95835080921995,0.43790650406504067,0.2473522683997118,0.21178500171874196,130236.00396050356,1488.4738498263955,131724.47781032996,650,2,165.609756097561,39,2,18,35.32598989692825,0.6172542735042735,44.817708333333336,1020.7291666666673,26.17254273504275,0
3627,4,1,0,42,0.023809523809523808,0.0,1.0,42,1300,900,400,0.6923076923076923,17,9,8,371.6630092231985,0.43816540843979873,0.26818665632118743,0.21461409229812464,130781.15297866912,1321.30879849356,132102.46177716268,651,0,162.64285714285714,38,4,14,34.78017721607131,0.6244517543859649,44.28418803418804,1022.8632478632488,26.917453891138127,0
3628,4,0,1,41,0.0,0.023809523809523808,0.9761904761904762,42,1400,700,700,0.5,21,7,14,367.92484133416133,0.43757259001161436,0.2613827322534774,0.2130582908282105,130890.45606874146,1231.5700562495567,132122.026124991,652,1,163.64285714285714,38,4,15,34.764999651980226,0.6255482456140351,44.17735042735043,1023.2905982905994,26.928699955015773,0
3629,4,1,0,42,0.023809523809523808,0.0,1.0,42,1150,700,450,0.6086956521739131,16,7,9,366.1287828069654,0.43855255516840885,0.26238179713083154,0.21277211192475165,131027.1491366245,1194.5621256118243,132221.71126223632,653,0,164.47619047619048,38,4,16,34.67251034818602,0.6269188596491229,44.04380341880343,1023.824786324788,26.942757534862842,0
3630,4,2,1,43,0.045454545454545456,0.022727272727272728,0.9772727272727273,44,1650,1400,250,0.8484848484848485,19,14,5,353.266418798312,0.4405170894996477,0.26885023953343,0.20810209529456414,131547.23340821112,494.93457338009597,132042.16798159122,654,0,157.95454545454547,38,6,19,34.47632437686591,0.6321271929824561,43.53632478632479,1025.8547008547018,26.99617633828163,0
3631,4,0,0,43,0.0,0.0,1.0,43,1450,1200,250,0.8275862068965517,17,12,5,435.10162987045624,0.43717700258397935,0.3199233247019162,0.24146868230822408,129231.64859693882,2841.3380939708827,132072.9866909097,655,1,162.27906976744185,34,9,16,34.74344339070367,0.6167279411764706,45.80357142857143,1016.7857142857147,29.90546218487396,8
3632,4,0,1,42,0.0,0.023255813953488372,0.9767441860465116,43,1250,1000,250,0.8,15,10,5,432.63500265957225,0.43724621631598376,0.320857855741576,0.24120883024992612,129413.28125000015,2597.74305555557,132011.0243055557,656,2,163.27906976744185,34,9,17,34.61984711984712,0.6185661764705883,45.62500000000001,1017.5000000000011,29.92647058823533,0
3633,4,1,1,42,0.023255813953488372,0.023255813953488372,0.9767441860465116,43,1150,800,350,0.6956521739130435,15,8,7,433.08268050132926,0.4380537098560355,0.3265118393715274,0.24269181038539459,129613.56122470848,2626.6777049039774,132240.23892961245,657,0,164.2093023255814,35,8,17,34.40317875274684,0.618452380952381,45.42824074074074,1018.2870370370368,29.093915343915338,0
3634,4,0,0,42,0.0,0.0,1.0,42,1400,1000,400,0.7142857142857143,18,10,8,440.33167290338747,0.43803232675183895,0.31654756339188306,0.24720982896072075,129685.96938775516,3020.9679705215494,132706.93735827671,658,1,156.64285714285714,34,8,17,34.144411329281596,0.6213235294117647,45.35714285714286,1018.571428571429,29.957983193277325,0
3635,4,1,0,43,0.023255813953488372,0.0,1.0,43,1200,800,400,0.6666666666666666,16,8,8,433.5116039069211,0.43906884459210044,0.31806351133753874,0.24513717781899716,129967.37423911183,2668.4729723936907,132635.84721150552,659,0,153.97674418604652,35,8,19,34.029984865682934,0.6220238095238095,45.08101851851852,1019.6759259259262,29.13359788359789,0
3636,4,1,0,44,0.022727272727272728,0.0,1.0,44,1450,1000,450,0.6896551724137931,19,10,9,426.790082523404,0.44140900281888656,0.3218563883582424,0.2441818788977609,130423.7529971432,2334.0524528392884,132757.8054499825,660,0,151.45454545454547,32,12,20,33.73506386485373,0.6334635416666667,44.63383838383839,1021.4646464646469,31.920770202020215,0
3637,4,0,2,42,0.0,0.045454545454545456,0.9545454545454546,44,1200,800,400,0.6666666666666666,16,8,8,406.26548064495455,0.4414970930232558,0.26205823516336957,0.2204811094597888,128344.14439777608,1643.1893811436657,129987.33377891974,661,1,152.45454545454547,36,8,18,36.386326591094324,0.603587962962963,46.677927927927925,1013.2882882882877,28.14689689689688,8
3638,4,1,0,43,0.023255813953488372,0.0,1.0,43,1500,1100,400,0.7333333333333333,19,11,8,410.52558560686117,0.4388612033960871,0.28671926449130347,0.22391174429980515,128543.91289515857,1954.1130234964585,130498.02591865504,662,0,156.86046511627907,36,7,16,36.07324634462335,0.6056134259259259,46.48085585585585,1014.0765765765758,28.16879379379377,0
3639,4,0,0,43,0.0,0.0,1.0,43,1350,1100,250,0.8148148148148148,16,11,5,414.3134399485898,0.43823827980804725,0.28776618255762365,0.2271163455484603,128743.83674214741,2068.0603745637363,130811.89711671114,663,1,157.86046511627907,36,7,17,35.771979952655705,0.6076388888888888,46.283783783783775,1014.8648648648638,28.19069069069066,0
3640,4,2,1,44,0.044444444444444446,0.022222222222222223,0.9777777777777777,45,1850,1400,450,0.7567567567567568,23,14,9,393.0697180480875,0.44328703703703703,0.27807004935077373,0.21859200866990747,129312.88954293617,1166.6078289583124,130479.49737189448,664,0,151.8,37,8,19,35.728852235158826,0.6114864864864865,45.72368421052631,1017.1052631578938,27.489331436699832,0
3641,4,0,0,44,0.0,0.0,1.0,44,950,600,350,0.631578947368421,13,6,7,397.60589000839923,0.44219080338266387,0.2801723292881373,0.22080221700226882,129257.13320444737,1478.679497537685,130735.81270198505,665,1,156.13636363636363,37,7,19,35.6705125440299,0.6109234234234234,45.778508771929815,1016.8859649122794,27.483404457088632,0
3642,4,0,0,44,0.0,0.0,1.0,44,1150,900,250,0.782608695652174,14,9,5,397.5595903053679,0.441926532769556,0.28909541633188995,0.22140203354460983,129368.65790435509,1486.3501269621315,130855.00803131722,666,2,157.13636363636363,37,7,19,35.55768125314364,0.6120495495495495,45.6688596491228,1017.3245614035079,27.495258416311025,0
3643,4,1,0,45,0.022222222222222223,0.0,1.0,45,1550,1200,350,0.7741935483870968,19,12,7,400.51422016534184,0.4426767676767677,0.3107756813417193,0.225821847540033,129853.92011834309,1401.6683103221453,131255.58842866524,667,0,154.62222222222223,38,7,16,34.98689727463313,0.6151315789473684,45.192307692307686,1019.2307692307683,26.82186234817811,0
3644,4,1,2,44,0.021739130434782608,0.043478260869565216,0.9565217391304348,46,1650,1300,350,0.7878787878787878,20,13,7,380.37506416159874,0.4447363123993559,0.2870001454122435,0.20237036331729205,127546.62390430986,646.8795413637043,128193.50344567356,668,0,152.2391304347826,36,10,17,37.8604607952434,0.5954861111111112,47.466216216216225,1010.1351351351364,28.05930930930934,8
3645,4,0,0,44,0.0,0.0,1.0,44,1900,1400,500,0.7368421052631579,24,14,10,383.37343881106136,0.4435562015503876,0.28367405331807327,0.20418513671705912,127590.03371229625,982.9259964604657,128572.95970875672,669,1,157.97727272727272,37,7,18,37.74012372476667,0.5940315315315315,47.423245614035096,1010.307017543861,27.305595068753,0
3646,4,0,1,43,0.0,0.022727272727272728,0.9772727272727273,44,1500,1200,300,0.8,18,12,6,382.2405566229167,0.4434681113460183,0.28418828703566756,0.20428264878299546,127728.54538175219,964.6060566712972,128693.15143842349,670,2,158.97727272727272,37,7,19,37.62643724915935,0.5954391891891893,47.28618421052632,1010.8552631578957,27.320412517780966,0
3647,4,2,0,45,0.044444444444444446,0.0,1.0,45,1450,1100,350,0.7586206896551724,18,11,7,371.2306624341577,0.4452020202020202,0.2869375546935209,0.20076663988095214,128204.80619331052,521.4161853568597,128726.22237866739,671,0,155.51111111111112,34,11,21,37.41649034128757,0.6063112745098039,46.81547619047618,1012.738095238094,29.786414565826295,0
3648,4,1,0,46,0.021739130434782608,0.0,1.0,46,1350,1000,350,0.7407407407407407,17,10,7,363.19813061719793,0.4471014492753623,0.28573095002903837,0.19771612343542788,128466.99948827576,131.79481202844576,128598.7943003042,672,0,153.1086956521739,35,11,18,37.351700156029985,0.606845238095238,46.556712962962955,1013.7731481481471,28.96494708994706,0
3649,4,0,2,44,0.0,0.043478260869565216,0.9565217391304348,46,1200,800,400,0.6666666666666666,16,8,8,365.40341511684926,0.4472121578099839,0.2909887918074512,0.19950343468342366,128584.36113522373,197.03293788579927,128781.39407310954,673,1,154.1086956521739,35,11,18,37.17583875385144,0.6080357142857142,46.44097222222222,1014.2361111111109,28.978174603174597,0
3650,4,0,0,44,0.0,0.0,1.0,44,1100,600,500,0.5454545454545454,16,6,10,372.1806899374847,0.44636407681465823,0.2732956954025205,0.1955399215061306,127038.15563591199,667.1105178541966,127705.26615376618,674,2,161.63636363636363,38,6,17,38.59001872262256,0.5866228070175439,47.970085470085465,1008.1196581196575,26.529464687359408,8
3651,4,0,0,44,0.0,0.0,1.0,44,1250,800,450,0.64,17,8,9,368.1665420835207,0.4464411557434813,0.26895386123649434,0.1868539656572119,125620.13660620061,491.1602026455834,126111.2968088462,675,3,162.63636363636363,36,8,19,40.153663970643294,0.5758101851851851,49.38063063063062,1002.4774774774759,27.84659659659655,8
3652,4,3,0,47,0.06382978723404255,0.0,1.0,47,650,500,150,0.7692307692307693,8,5,3,346.8977183545947,0.4526480111008326,0.28235163106647465,0.17943592639763012,126401.93527094852,-628.8647317221369,125773.07053922639,676,0,153.19148936170214,37,10,17,39.88103351143096,0.5819256756756757,48.60197368421051,1005.5921052631561,27.178165007112327,0
3653,4,0,0,47,0.0,0.0,1.0,47,1500,1100,400,0.7333333333333333,19,11,8,350.8911759943378,0.4527443724946038,0.2831962669709498,0.18186868071028514,126484.64551592767,-523.5307979378624,125961.11471798981,677,1,154.19148936170214,37,10,17,39.69551631422136,0.5827702702702703,48.519736842105246,1005.9210526315765,27.187055476529093,0
3654,4,1,0,48,0.020833333333333332,0.0,1.0,48,850,200,650,0.23529411764705882,15,2,13,342.36077511933496,0.45351285460992913,0.28544561719882733,0.1788052646565076,126795.93474915957,-918.0090994594509,125877.92564970012,678,0,151.95833333333334,38,10,18,39.59018422262297,0.5841557017543859,48.21047008547007,1007.1581196581169,26.504161043634657,0
3655,4,4,3,49,0.07692307692307693,0.057692307692307696,0.9423076923076923,52,1400,1100,300,0.7857142857142857,17,11,6,318.00462459587766,0.45696644042232276,0.28552502453385675,0.17001401493347293,127743.06047650543,-2275.0779198924765,125467.98255661296,679,0,141.19230769230768,41,11,14,39.234952567877,0.5889227642276422,47.2718253968254,1010.9126984126985,24.6564072783585,0
3656,4,1,0,50,0.02,0.0,1.0,50,1550,1100,450,0.7096774193548387,20,11,9,335.2959931980016,0.45359693877551016,0.2948865979381441,0.1787017106604737,127617.73003472242,-1442.0572916666456,126175.67274305578,680,0,147.82,39,11,15,38.92611683848798,0.5908119658119658,47.39583333333334,1010.4166666666683,25.908119658119702,0
3657,4,3,3,50,0.05660377358490566,0.05660377358490566,0.9433962264150944,53,1750,1400,350,0.8,21,14,7,324.2141203796162,0.45502237542331886,0.31588935555698305,0.17723468508375345,128633.75491605565,-2256.8539208638636,126376.90099519178,681,0,140.39622641509433,40,13,15,38.169955920657195,0.5994791666666667,46.39227642276425,1014.4308943089462,25.360772357723654,0
3658,4,3,0,53,0.05660377358490566,0.0,1.0,53,2050,1500,550,0.7317073170731707,26,15,11,325.1479595123905,0.4553096274794388,0.33236386010142605,0.17948670078660275,129020.64252635694,-2209.840269515476,126810.80225684146,682,0,141.1509433962264,40,13,18,37.7527841685839,0.6033854166666667,46.01117886178863,1015.9552845528477,25.398882113821195,0
3659,4,0,1,52,0.0,0.018867924528301886,0.9811320754716981,53,1600,1300,300,0.8125,19,13,6,327.93171825584415,0.4552945089501694,0.33205691498512535,0.18197507117085263,129227.86593967026,-2124.2902590456342,127103.57568062462,683,1,142.1509433962264,39,14,18,37.471506505480995,0.6071047008547008,45.80729166666667,1016.7708333333344,26.071047008547037,0
3660,4,0,0,52,0.0,0.0,1.0,52,1750,1300,450,0.7428571428571429,22,13,9,334.1024970718942,0.4542719331322273,0.3397015466599391,0.1850267971865804,129148.44292534735,-1770.2365451388798,127378.20638020847,684,2,145.78846153846155,39,13,18,37.3953849832616,0.6063034188034189,45.88541666666667,1016.4583333333344,26.063034188034216,0
3661,4,1,2,51,0.018867924528301886,0.03773584905660377,0.9622641509433962,53,1350,1000,350,0.7407407407407407,17,10,7,325.76275838659717,0.45467464925012097,0.3369575713099404,0.18186869425354585,129466.28146701382,-2164.9305555555607,127301.35091145826,685,0,144.0188679245283,39,14,15,37.28462981917435,0.6095085470085471,45.572916666666664,1017.7083333333327,26.095085470085454,0
3662,4,0,0,51,0.0,0.0,1.0,51,1950,1200,750,0.6153846153846154,27,12,15,331.14866038698966,0.45390522875816997,0.34455846220552155,0.18462671887329424,129413.28124999999,-1628.9930555555563,127784.28819444442,686,4,150.0,39,12,18,37.20140595140596,0.608974358974359,45.625,1017.4999999999999,26.089743589743588,0
3663,4,2,2,51,0.03773584905660377,0.03773584905660377,0.9622641509433962,53,1600,1200,400,0.75,20,12,8,318.1476498263204,0.4565342283502661,0.2636931952522821,0.17313272269599253,128453.40617563935,-2277.7854203847073,126175.62075525464,687,0,145.30188679245282,40,13,12,38.50730994152047,0.59765625,46.570121951219505,1013.7195121951207,25.342987804878017,8
3664,4,0,1,50,0.0,0.0196078431372549,0.9803921568627451,51,1550,1100,450,0.7096774193548387,20,11,9,328.98267605491003,0.4546241830065359,0.2684066456612173,0.17849380433093628,128333.90404704506,-1756.0737636058168,126577.83028343924,688,1,151.49019607843138,38,13,18,38.35450934907914,0.5997807017543859,46.68803418803419,1013.247863247863,26.664417453891133,0
3665,4,0,0,50,0.0,0.0,1.0,50,1650,1200,450,0.7272727272727273,21,12,9,332.99522120908387,0.45342687074829935,0.27662836056932005,0.18079334133761643,128360.96871803999,-1451.2821654247987,126909.6865526152,689,2,155.4,38,12,19,38.22526796696538,0.6000548245614035,46.66132478632478,1013.3547008547005,26.66722896986054,0
3666,4,0,0,50,0.0,0.0,1.0,50,1400,1100,300,0.7857142857142857,17,11,6,329.643039059671,0.4527380952380953,0.27786088564676814,0.17954200890698271,128487.53390842033,-1528.995768229149,126958.53814019119,690,3,156.4,39,11,16,38.18120911675057,0.5996260683760684,46.53645833333334,1013.8541666666682,25.996260683760724,0
3667,4,0,2,48,0.0,0.04,0.96,50,1350,800,550,0.5925925925925926,19,8,11,334.23423803279496,0.45238945578231293,0.27938398357289507,0.1828899706988443,128672.41753472244,-1398.6545138888641,127273.76302083358,691,4,157.4,39,11,16,37.876454483230674,0.6014957264957265,46.35416666666668,1014.5833333333351,26.01495726495731,0
3668,4,0,0,48,0.0,0.0,1.0,48,950,500,450,0.5263157894736842,14,5,9,341.4997687829428,0.45219230200945626,0.2994583076607107,0.18661755041572947,128619.58007812513,-815.2886284722085,127804.29144965293,692,5,159.375,39,9,16,37.746029301020066,0.6009615384615384,46.40625000000001,1014.375000000001,26.00961538461541,0
3669,4,0,0,48,0.0,0.0,1.0,48,1350,800,550,0.5925925925925926,19,8,11,343.34000354317897,0.452026078605201,0.3075049608265761,0.1882477014361956,128751.69406467023,-758.8785807291567,127992.81548394107,693,6,160.375,39,9,17,37.56468319135106,0.6022970085470085,46.27604166666667,1014.8958333333342,26.022970085470106,0
3670,4,0,0,48,0.0,0.0,1.0,48,1600,1000,600,0.625,22,10,12,344.8066727174863,0.4516843971631206,0.311036182564308,0.18959622823997854,128865.81776926777,-713.2412295921607,128152.5765396756,694,7,161.375,40,8,17,37.41117005304775,0.6018229166666667,46.16361788617887,1015.3455284552857,25.38363821138214,0
3671,4,1,0,49,0.02040816326530612,0.0,1.0,49,1050,700,350,0.6666666666666666,14,7,7,339.57517752164375,0.4525226757369614,0.3207292622645954,0.18844288576649912,129229.25954380188,-1021.6448437110118,128207.61470009087,695,0,159.0612244897959,37,12,18,37.17412110428125,0.6106418918918919,45.805921052631575,1016.7763157894731,27.480440967283055,0
3672,4,1,0,50,0.02,0.0,1.0,50,1200,900,300,0.75,15,9,6,333.99435383727894,0.45359693877551016,0.32710865561694313,0.18696797333365206,129572.31445312503,-1344.7157118055543,128227.59874131948,696,0,156.86,39,11,14,36.967549962485506,0.6105769230769231,45.46875,1018.1250000000002,26.105769230769237,0
3673,4,0,1,49,0.0,0.02,0.98,50,1500,1100,400,0.7333333333333333,19,11,8,334.0424555422878,0.45316326530612244,0.33259562282675326,0.18750098336925905,129678.39084201398,-1336.382378472218,128342.00846354176,697,1,157.86,39,11,15,36.85867934819662,0.6116452991452992,45.364583333333336,1018.5416666666674,26.11645299145301,0
3674,4,1,0,50,0.02,0.0,1.0,50,1400,900,500,0.6428571428571429,19,9,10,324.9721519598668,0.45235544217687074,0.28246683046682985,0.17212866455969003,127367.25368677572,-1721.8378960380392,125645.41579073768,698,0,158.8,41,9,14,39.44297706797706,0.5851117886178862,47.64384920634921,1009.4246031746038,24.620112272551314,8
3675,4,1,0,51,0.0196078431372549,0.0,1.0,51,1350,800,550,0.5925925925925926,19,8,11,336.1949349828811,0.45336601307189545,0.24189620991686112,0.16934678644945267,125307.9545902925,-1713.7718241685866,123594.18276612392,699,0,156.66666666666666,43,8,14,41.27701456540243,0.5612887596899225,49.692234848484865,1001.2310606060637,23.284443269908458,8
3676,4,3,0,54,0.05555555555555555,0.0,1.0,54,1250,1000,250,0.8,15,10,5,323.73874003714366,0.45659358257628696,0.260756250552169,0.16528636889853104,125865.85594443201,-2650.4692765705804,123215.38666786143,700,0,148.90740740740742,46,8,17,41.014187060105435,0.5631793478260869,49.13563829787235,1003.4574468085118,21.81429232192417,0
3677,4,0,0,54,0.0,0.0,1.0,54,1300,900,400,0.6923076923076923,17,9,8,323.611143517405,0.45701578150477523,0.2568324240878106,0.16566783857102624,125977.07924651692,-2646.482665610366,123330.59658090655,701,1,149.90740740740742,46,8,17,40.902986282821146,0.5643115942028986,49.02482269503547,1003.9007092198594,21.823928461301293,0
3678,4,5,2,57,0.0847457627118644,0.03389830508474576,0.9661016949152542,59,1550,1000,550,0.6451612903225806,21,10,11,327.8345881515918,0.4642752776154296,0.34165899652037246,0.16792070152947883,125999.32980138069,-3447.2503583823755,122552.07944299832,702,0,138.11864406779662,46,13,19,40.774098601913174,0.5645380434782609,49.00265957446808,1003.9893617021274,21.825855689176684,8
3679,4,3,5,55,0.05,0.08333333333333333,0.9166666666666666,60,1800,1500,300,0.8333333333333334,21,15,6,310.86705451250407,0.4653601694915254,0.2938852021029055,0.16240389164829236,126807.70403073117,-4035.567621850092,122772.13640888108,703,0,136.7,47,13,16,40.371114510615065,0.5715868794326241,48.19878472222221,1007.2048611111078,21.429890661938465,8
3680,4,1,1,55,0.017857142857142856,0.017857142857142856,0.9821428571428571,56,1850,1100,750,0.5945945945945946,26,11,15,331.3543674465622,0.45972673160173155,0.3335090948171633,0.17289609143408963,126758.03220414388,-2799.634484044977,123958.3977200989,704,0,147.23214285714286,43,13,17,39.906197103629886,0.5760658914728682,48.24810606060607,1007.0075757575771,23.41878083157156,0
3681,4,1,1,55,0.017857142857142856,0.017857142857142856,0.9821428571428571,56,1750,1300,450,0.7428571428571429,22,13,9,329.73817953907405,0.4599905303030303,0.32504563268373876,0.17306376642080398,126996.54571280998,-2824.878041781442,124171.66767102854,705,0,148.17857142857142,43,13,18,39.70233621445573,0.5784883720930232,48.01136363636364,1007.954545454546,23.44080338266386,0
3682,4,0,1,54,0.0,0.01818181818181818,0.9818181818181818,55,1300,800,500,0.6153846153846154,18,8,10,331.4600334860709,0.45924523007856344,0.32849952815350747,0.1741671812317718,127043.16522444565,-2578.0536401057607,124465.11158433989,706,1,151.25454545454545,42,13,18,39.61116717929002,0.5803571428571428,47.96511627906977,1008.139534883721,24.003322259136215,0
3683,4,0,0,54,0.0,0.0,1.0,54,1800,1400,400,0.7777777777777778,22,14,8,332.969059490472,0.45889383880736084,0.32797673706764585,0.17517067912324838,127092.01388888895,-2336.448943873555,124755.56494501539,707,2,154.33333333333334,40,14,18,39.52307162534435,0.5838541666666667,47.91666666666667,1008.3333333333339,25.20833333333335,0
3684,4,3,4,53,0.05263157894736842,0.07017543859649122,0.9298245614035088,57,1050,600,450,0.5714285714285714,15,6,9,318.61733197764426,0.46237990810359236,0.3319463890148753,0.17041876934836342,127761.29548324172,-3258.6073806244017,124502.68810261732,708,0,147.1578947368421,43,14,16,39.200855501436244,0.5862403100775193,47.25378787878789,1010.9848484848501,23.511275546159304,0
3685,4,0,0,53,0.0,0.0,1.0,53,1300,700,600,0.5384615384615384,19,7,12,329.55830042520796,0.4597393565553943,0.3305694470436302,0.1754256232739097,127567.61508133344,-2191.8067168997254,125375.80836443372,709,1,154.18867924528303,41,12,16,39.12229123702903,0.5871443089430894,47.445436507936506,1010.2182539682537,24.6394696089818,0
3686,4,0,1,52,0.0,0.018867924528301886,0.9811320754716981,53,1600,1000,600,0.625,22,10,12,345.5707981776324,0.45955793420416063,0.2444900621025956,0.18406344187452953,127592.67132779029,-1726.9147415910875,125865.7565861992,710,2,155.18867924528303,41,12,13,38.69222964126735,0.5873983739837398,47.42063492063492,1010.3174603174596,24.6418892760356,8
3687,4,0,0,52,0.0,0.0,1.0,52,1450,1000,450,0.6896551724137931,19,10,9,347.1712304917191,0.4573278029160382,0.2673780865152551,0.1852076564382863,127656.23967215282,-1536.285238614575,126119.95443353825,711,3,159.07692307692307,40,12,13,38.58671057924378,0.5895833333333333,47.357723577235774,1010.569105691057,25.264227642276424,0
3688,4,0,1,51,0.0,0.019230769230769232,0.9807692307692307,52,1850,1300,550,0.7027027027027027,24,13,11,331.84985824290277,0.45717854449472095,0.22274672569636644,0.1765969766300281,127556.54450040522,-1881.0809920701784,125675.46350833504,712,4,160.07692307692307,42,10,17,39.07573940847321,0.5855654761904762,47.45639534883719,1010.1744186046478,24.051771871539234,8
3689,4,1,3,49,0.019230769230769232,0.057692307692307696,0.9423076923076923,52,2000,1600,400,0.8,24,16,8,334.7648224886277,0.4579326923076923,0.24516755129525536,0.1795893053240096,127880.99500868045,-1837.9882812500034,126043.00672743045,713,0,160.46153846153845,43,9,18,38.670399931342274,0.5874515503875969,47.135416666666664,1011.4583333333325,23.522286821705407,0
3690,4,1,1,49,0.02,0.02,0.98,50,1400,1100,300,0.7857142857142857,17,11,6,333.34668137713226,0.45780612244897956,0.26347826086956583,0.18068664067002468,128295.24518140551,-1446.3698891015072,126848.875292304,714,0,159.8,41,9,19,38.28339208773992,0.5945121951219512,46.72619047619046,1013.095238095235,24.709639953542318,0
3691,4,0,0,49,0.0,0.0,1.0,49,1150,900,250,0.782608695652174,14,9,5,336.2807356788339,0.4565440759637189,0.2771515345006834,0.18264659565301364,128376.1525877453,-1165.914592834963,127210.23799491033,715,1,163.81632653061226,40,9,13,38.126545995453945,0.596875,46.64634146341463,1013.4146341463406,25.335365853658516,0
3692,4,0,0,49,0.0,0.0,1.0,49,1450,1200,250,0.8275862068965517,17,12,5,336.05349010931593,0.4558708900226757,0.27866415577352033,0.18358784262622257,128607.98306439641,-1156.1676870579458,127451.81537733847,716,2,164.81632653061226,40,9,15,37.89596065858464,0.59921875,46.41768292682928,1014.3292682926847,25.358231707317117,0
3693,4,2,1,50,0.0392156862745098,0.0196078431372549,0.9803921568627451,51,1600,1200,400,0.75,20,12,8,325.1712036492268,0.45727124183006534,0.282320040228885,0.17998526412014507,129127.51379311676,-1802.2901831319948,127325.22360998477,717,0,159.31372549019608,42,9,17,37.643602822003984,0.6014384920634921,45.906007751938,1016.3759689922509,24.19942783314883,0
3694,4,1,0,51,0.0196078431372549,0.0,1.0,51,1800,1200,600,0.6666666666666666,24,12,12,325.1392003408173,0.457483660130719,0.27902640428861547,0.18113347438018537,129382.2617675494,-1786.508721553557,127595.75304599584,718,0,160.01960784313727,40,11,19,37.385750674258325,0.60703125,45.655487804878064,1017.3780487804904,25.434451219512262,0
3695,4,0,1,50,0.0,0.0196078431372549,0.9803921568627451,51,1000,800,200,0.8,12,8,4,326.27475120549923,0.45759803921568626,0.28285747047357,0.18233000802660257,129504.14540816336,-1749.2134353741367,127754.93197278921,719,1,161.01960784313727,41,10,13,37.23318713450295,0.6067073170731707,45.53571428571429,1017.8571428571436,24.825783972125453,0
3696,4,2,2,50,0.038461538461538464,0.038461538461538464,0.9615384615384616,52,1800,1300,500,0.7222222222222222,23,13,10,316.8477725811919,0.45850615887380597,0.28527163507212894,0.1795015960274287,130040.11646685893,-2159.4157502553953,127880.70071660353,720,0,157.32692307692307,42,10,16,36.93037874469567,0.6106150793650793,45.00968992248062,1019.9612403100773,24.284791435954222,0
3697,4,0,0,50,0.0,0.0,1.0,50,1650,1100,550,0.6666666666666666,22,11,11,326.606143271361,0.4567687074829932,0.308427195798074,0.18500483520511632,130034.82187145685,-1505.9656675170115,128528.85620393984,721,1,164.14,41,9,18,36.68691032000779,0.6120426829268293,45.01488095238095,1019.9404761904757,24.876596980255506,0
3698,4,0,0,50,0.0,0.0,1.0,50,1600,1200,400,0.75,20,12,8,326.12980933425956,0.4561394557823129,0.3107932474133239,0.18503080531641994,130097.22650891643,-1514.283264746216,128582.94324417021,722,2,165.14,44,6,18,36.63588370545171,0.6084280303030303,44.95370370370371,1020.185185185186,23.186026936026956,0
3699,4,1,1,50,0.0196078431372549,0.0196078431372549,0.9803921568627451,51,900,400,500,0.4444444444444444,14,4,10,323.84088328144276,0.45700980392156865,0.3109145756204581,0.1852369852369852,130414.54081632645,-1752.8678858374697,128661.67293048897,723,0,162.88235294117646,41,10,19,36.37334887334888,0.6158536585365854,44.64285714285714,1021.4285714285708,24.9128919860627,0
3700,4,2,3,49,0.038461538461538464,0.057692307692307696,0.9423076923076923,52,1600,1100,500,0.6875,21,11,10,316.46195511418716,0.45687217194570134,0.3186885280134766,0.183196493764635,130877.70168895747,-2116.437328532235,128761.26436042524,724,0,160.34615384615384,44,8,14,36.094395680632246,0.6162405303030303,44.18981481481482,1023.2407407407406,23.255471380471377,0
3701,4,0,1,48,0.0,0.02040816326530612,0.9795918367346939,49,1100,700,400,0.6363636363636364,15,7,8,327.6038338066283,0.4545776643990929,0.3083186228742285,0.1887655388177145,130697.9641945017,-1236.5691718319697,129461.39502266973,725,1,162.44897959183675,43,6,15,35.990847070445156,0.6157945736434108,44.3655303030303,1022.5378787878778,23.77995066948553,0
3702,4,0,0,48,0.0,0.0,1.0,48,2100,1700,400,0.8095238095238095,25,17,8,328.2343022804317,0.4539745862884161,0.30397849959898804,0.19008037890902177,130891.69841167363,-1007.3709395087164,129884.3274721649,726,2,161.45833333333334,43,5,16,35.77911962489974,0.6177325581395349,44.17613636363637,1023.2954545454552,23.797568710359425,0
3703,4,0,2,46,0.0,0.041666666666666664,0.9583333333333334,48,1750,1200,550,0.6857142857142857,23,12,11,314.19066337169835,0.45345744680851063,0.16663057353879873,0.1728915707575218,128895.62864368968,-1491.0952344007133,127404.53340928897,727,3,162.45833333333334,44,4,13,38.15803471019119,0.5963541666666667,46.134259259259245,1015.4629629629604,23.078703703703646,8
3704,4,0,1,45,0.0,0.021739130434782608,0.9782608695652174,46,1250,700,550,0.56,18,7,11,336.19951488568233,0.4507347020933978,0.18125625075216534,0.1847069909521387,128832.22467287086,-537.3337126675423,128294.89096020331,728,4,169.84782608695653,42,4,13,37.66385097515192,0.5984623015873016,46.19670542635657,1015.2131782945708,24.171742340346924,0
3705,4,0,1,44,0.0,0.022222222222222223,0.9777777777777777,45,1300,800,500,0.6153846153846154,18,8,10,342.22183130879745,0.44884259259259257,0.19316005471956288,0.1880933523960379,128848.62075617256,-181.03780864200144,128667.58294753057,729,5,174.51111111111112,41,4,13,37.49430004559962,0.6001016260162602,46.18055555555554,1015.2777777777756,24.76287262872623,0
3706,4,0,1,43,0.0,0.022727272727272728,0.9772727272727273,44,850,500,350,0.5882352941176471,12,5,7,343.89338222736137,0.4490177942212826,0.1816748997025195,0.18934030680980815,128917.41569378324,66.76922218915328,128984.1849159724,730,6,175.1818181818182,40,4,13,37.381792254578215,0.60234375,46.11280487804877,1015.5487804878031,25.388719512195077,0
3707,4,1,0,44,0.022727272727272728,0.0,1.0,44,1300,700,600,0.5384615384615384,19,7,12,338.5447548922824,0.44993173009161386,0.1727822509133472,0.18821913379369168,129302.26836104791,-45.07905013859573,129257.18931090932,731,0,169.04545454545453,41,3,15,37.12608921836389,0.6046747967479675,45.73412698412697,1017.0634920634905,24.80642663569489,0
3708,4,1,1,44,0.022222222222222223,0.022222222222222223,0.9777777777777777,45,1150,800,350,0.6956521739130435,15,8,7,333.28912559089997,0.45018939393939394,0.1698811487543883,0.18668454859857,129595.7461991465,-361.4294137972653,129234.31678534923,732,0,166.26666666666668,42,3,13,36.961719642177385,0.6061507936507937,45.44573643410852,1018.2170542635644,24.24326319675153,0
3709,4,0,1,43,0.0,0.022727272727272728,0.9772727272727273,44,1000,700,300,0.7,13,7,6,338.0682422853764,0.44995375264270615,0.1662450939568183,0.1890418656179969,129529.39111118966,-42.04528454902305,129487.34582664064,733,1,170.77272727272728,41,3,14,36.90744485592696,0.6069613821138211,45.51091269841269,1017.9563492063477,24.82820363917921,0
3710,4,0,1,42,0.0,0.023255813953488372,0.9767441860465116,43,1150,900,250,0.782608695652174,14,9,5,343.4439978541418,0.4488510520487265,0.17025939623570152,0.19208701990535687,129537.39636005365,297.7682555026872,129835.16461555634,734,2,175.27906976744185,40,3,14,36.76250374363582,0.60859375,45.50304878048781,1017.9878048780497,25.449695121951244,0
3711,4,0,0,42,0.0,0.0,1.0,42,1050,700,350,0.6666666666666666,14,7,7,350.4614610451896,0.4494652535811072,0.16790915690946373,0.1960537984427384,129545.80213758688,680.1622178819546,130225.96435546884,735,3,173.4047619047619,39,3,14,36.57536495105563,0.610309829059829,45.49479166666667,1018.020833333334,26.103098290598307,0
3712,4,0,0,42,0.0,0.0,1.0,42,1350,1100,250,0.8148148148148148,16,11,5,349.43844993128465,0.4486667634533488,0.1656439626372126,0.19614289112675676,129678.39084201396,662.9231770833383,130341.3140190973,736,4,174.4047619047619,39,3,14,36.46664280357263,0.6116452991452992,45.364583333333336,1018.5416666666673,26.11645299145301,0
3713,4,0,1,41,0.0,0.023809523809523808,0.9761904761904762,42,1100,500,600,0.45454545454545453,17,5,12,346.9077928619845,0.4482917150600077,0.1589051181569885,0.1950505116904878,129744.38707325344,601.867791162676,130346.25486441611,737,5,175.4047619047619,40,2,14,36.46404821280133,0.6106770833333333,45.299796747967484,1018.8008130081308,25.470020325203272,0
3714,4,1,0,42,0.023809523809523808,0.0,1.0,42,1450,1100,350,0.7586206896551724,18,11,7,347.57175375434167,0.4483159117305459,0.16457482484975272,0.19724549666138125,130107.01844346937,644.304915229018,130751.32335869838,738,0,174.38095238095238,40,2,16,36.07908324202278,0.6143229166666666,44.944105691056905,1020.2235772357714,25.505589430894283,0
3715,4,0,1,41,0.0,0.023809523809523808,0.9761904761904762,42,1250,1000,250,0.8,15,10,5,344.48200081231005,0.4483159117305459,0.16490335805851486,0.1966777550357061,130342.3516167534,580.2117657287898,130922.56338248219,739,1,175.38095238095238,39,3,17,35.919382671971185,0.6183226495726496,44.713541666666664,1021.1458333333327,26.18322649572648,0
3716,4,0,0,41,0.0,0.0,1.0,41,1500,1300,200,0.8666666666666667,17,13,4,343.19146872426404,0.44659552845528455,0.14731160060198278,0.19620946652136487,130395.54172092004,750.1274956597134,131145.66921657976,740,2,173.78048780487805,39,2,17,35.898457419683844,0.6188568376068376,44.66145833333333,1021.3541666666658,26.188568376068353,0
3717,4,0,1,40,0.0,0.024390243902439025,0.975609756097561,41,1350,900,450,0.6666666666666666,18,9,9,344.5022064359224,0.4465701219512195,0.142755906099177,0.19749983301753138,130501.95448133675,791.6422526041622,131293.5967339409,741,3,174.78048780487805,39,2,15,35.75723400278655,0.6199252136752137,44.557291666666664,1021.7708333333329,26.199252136752126,0
3718,4,0,0,40,0.0,0.0,1.0,40,1350,1000,350,0.7407407407407407,17,10,7,349.32793773387965,0.4471020299145299,0.14146800501882062,0.2002981053049655,130508.09500328734,1118.024737015122,131626.11974030247,742,4,177.45,38,2,16,35.62774466750314,0.6217105263157895,44.55128205128205,1021.7948717948719,26.889338731444,0
3719,4,0,0,40,0.0,0.0,1.0,40,950,500,450,0.5263157894736842,14,5,9,352.2640004725898,0.44675480769230774,0.1400815217391307,0.20255180027173925,130617.28395061736,1202.35339506174,131819.6373456791,743,5,178.45,38,2,16,35.442142210144944,0.6228070175438596,44.44444444444445,1022.2222222222229,26.900584795321652,0
3720,4,0,2,38,0.0,0.05,0.95,40,850,400,450,0.47058823529411764,13,4,9,369.18548502167664,0.4460069444444445,0.10752384120647585,0.20325486592951678,128915.32368517187,1522.5912849786976,130437.91497015057,744,6,179.45,36,4,12,36.74179418939897,0.609375,46.11486486486488,1015.5405405405422,28.209459459459506,7
3721,4,1,0,39,0.02564102564102564,0.0,1.0,39,1250,900,350,0.72,16,9,7,373.55710042502756,0.4440227170490328,0.11897295750632209,0.20684605649007506,129142.56071030514,1848.4241040809297,130990.98481438607,745,0,183.64102564102564,35,4,15,36.39878919000988,0.6136904761904762,45.8912037037037,1016.4351851851847,29.041005291005277,0
3722,4,0,0,39,0.0,0.0,1.0,39,1450,1000,450,0.6896551724137931,19,10,9,373.4454104415682,0.44326360773729195,0.11538011327312536,0.20756956027341042,129292.17864229028,1856.7275399100001,131148.90618220027,746,1,184.64102564102564,34,5,17,36.24897576963594,0.6173406862745099,45.74404761904762,1017.0238095238097,29.912464985994404,0
3723,4,0,0,39,0.0,0.0,1.0,39,800,500,300,0.625,11,5,6,374.6140601177457,0.44317926225820964,0.11936411936411928,0.20886016776427735,129413.28124999999,1896.0069444444441,131309.28819444444,747,2,185.64102564102564,34,5,17,36.09575484575485,0.6185661764705883,45.625,1017.4999999999999,29.92647058823529,0
3724,4,0,1,38,0.0,0.02564102564102564,0.9743589743589743,39,900,600,300,0.6666666666666666,12,6,6,381.38464724081206,0.44250449842555106,0.15061495503403965,0.2020234944901973,127370.19903702894,2043.5326857458517,129413.7317227748,748,3,186.64102564102564,33,6,17,38.01634393589898,0.6000631313131313,47.64093137254901,1009.4362745098032,30.588978015448582,8
3725,4,2,1,39,0.05,0.025,0.975,40,1000,500,500,0.5,15,5,10,372.38109542881483,0.4448183760683761,0.16539571310799617,0.1989860214780408,127723.00347222229,1512.326388888899,129235.3298611112,749,0,182.85,34,6,19,37.88128606760099,0.6014093137254901,47.29166666666667,1010.8333333333339,29.730392156862763,0
3726,4,1,1,39,0.025,0.025,0.975,40,1300,1000,300,0.7692307692307693,16,10,6,373.24840344273184,0.4437366452991453,0.17366163349347996,0.20067266561478236,127968.81028163576,1552.8308256172763,129521.64110725303,750,0,182.275,35,5,20,37.60724090597118,0.6017857142857144,47.04861111111111,1011.8055555555552,28.908730158730148,0
3727,4,1,1,39,0.025,0.025,0.975,40,1100,800,300,0.7272727272727273,14,8,6,362.6503008465621,0.44337606837606836,0.16756269323256645,0.1937018395897876,127705.45488522378,1262.604890046299,128968.05977527007,751,0,182.775,35,5,17,38.14518206801787,0.5991071428571428,47.30902777777778,1010.7638888888889,28.878968253968253,7
3728,4,4,3,40,0.09302325581395349,0.06976744186046512,0.9302325581395349,43,1100,700,400,0.6363636363636364,15,7,8,346.27741015147416,0.44645164267257287,0.20365219993704842,0.19009406669338577,128800.98637488869,321.6814382654365,129122.66781315413,752,0,168.53488372093022,36,7,16,37.43990829080688,0.6082175925925926,46.22747747747749,1015.0900900900924,28.196946946947012,0
3729,4,0,0,40,0.0,0.0,1.0,40,1350,1000,350,0.7407407407407407,17,10,7,369.3137457256611,0.4442040598290598,0.21479925021163404,0.20051578223279679,128361.76478097378,1481.1528318435437,129842.91761281733,753,1,182.05,33,7,20,37.30436469544888,0.6101641414141414,46.660539215686285,1013.3578431372559,30.707813428401696,0
3730,4,0,1,39,0.0,0.025,0.975,40,1250,1100,150,0.88,14,11,3,367.18221392863023,0.4436431623931624,0.21086023455446812,0.19966890804758075,128423.86529519907,1430.9918360726847,129854.85713127175,754,2,183.05,33,7,16,37.29484040623868,0.6107954545454546,46.59926470588236,1013.6029411764715,30.715240641711258,0
3731,4,1,1,39,0.025,0.025,0.975,40,1250,900,350,0.72,16,9,7,360.5114830271335,0.4436030982905983,0.21451225231562931,0.19824644995089777,128868.76594387765,1291.7339852607852,130160.49992913843,755,0,181.975,34,6,19,37.00951655137375,0.6130514705882353,46.16071428571429,1015.3571428571436,29.863445378151283,0
3732,4,0,1,38,0.0,0.02564102564102564,0.9743589743589743,39,1050,600,450,0.5714285714285714,15,6,9,345.58533736227776,0.44410706252811516,0.07701420451309415,0.1883565603880116,128515.36502718943,1105.851329300903,129621.21635649033,756,1,182.69230769230768,36,3,16,37.748732045017036,0.6053240740740741,46.50900900900901,1013.9639639639646,28.165665665665685,7
3733,4,1,3,36,0.02564102564102564,0.07692307692307693,0.9230769230769231,39,1250,900,350,0.72,16,9,7,348.06741521608404,0.4430668016194332,0.1014893787930411,0.19099348326350266,128783.6897530971,1165.081202870117,129948.77095596722,757,0,183.64102564102564,37,2,17,37.41211605631776,0.6061373873873874,46.24451754385965,1015.0219298245613,27.43302513039355,0
3734,4,0,0,36,0.0,0.0,1.0,36,1100,500,600,0.45454545454545453,17,5,12,369.5354369288557,0.44287367724867727,0.1222189600052197,0.20106033517247332,128446.04768990936,2293.073270975063,130739.12096088442,758,1,198.66666666666666,34,2,17,37.212517126639256,0.6087622549019608,46.577380952380956,1013.6904761904767,29.814425770308137,0
3735,4,2,0,38,0.05263157894736842,0.0,1.0,38,1200,700,500,0.5833333333333334,17,7,10,354.360325657415,0.4448346372688478,0.1372065898819066,0.1960822770728493,129115.5360385724,1550.684679612049,130666.22071818446,759,0,189.1578947368421,36,2,19,36.91412742382272,0.611400462962963,45.917792792792795,1016.3288288288293,28.23135635635637,0
3736,4,0,0,38,0.0,0.0,1.0,38,1200,800,400,0.6666666666666666,16,8,8,357.10954542535353,0.444093764817449,0.13838769754058622,0.19877364121237673,129348.51794249381,1638.3466223785833,130986.86456487239,760,1,190.1578947368421,35,3,22,36.60695661243221,0.6157738095238094,45.6886574074074,1017.2453703703688,29.064153439153397,0
3737,4,0,0,38,0.0,0.0,1.0,38,1000,700,300,0.7,13,7,6,356.47947836053197,0.44347143195827404,0.1333566772612187,0.1990174002047082,129466.28146701373,1630.4144965277578,131096.69596354148,761,2,191.1578947368421,35,3,16,36.50311327192084,0.6169642857142856,45.57291666666666,1017.708333333332,29.077380952380913,0
3738,4,1,0,39,0.02564102564102564,0.0,1.0,39,900,700,200,0.7777777777777778,11,7,4,373.85794893381205,0.4440227170490328,0.14679757716144204,0.20472283812009529,128701.77636584775,1825.677833504787,130527.45419935253,762,0,187.23076923076923,35,4,20,36.841398616022225,0.6092261904761904,46.325231481481474,1014.6990740740728,28.991402116402078,8
3739,4,0,0,39,0.0,0.0,1.0,39,950,500,450,0.5263157894736842,14,5,9,373.04595719138047,0.4433198380566801,0.14471934025006705,0.2048832868206385,128819.2451801483,1811.0997245799047,130630.3449047282,763,1,188.23076923076923,35,4,20,36.74193839546994,0.6104166666666666,46.20949074074074,1015.1620370370368,29.004629629629623,0
3740,4,0,0,39,0.0,0.0,1.0,39,1250,900,350,0.72,16,9,7,375.24341464984417,0.44233580746738643,0.15338457448517895,0.20700889065881073,128995.54887099186,1880.9460465963589,130876.49491758822,764,2,189.23076923076923,35,4,20,36.506043256997465,0.6122023809523809,46.035879629629626,1015.8564814814807,29.024470899470877,0
3741,4,1,0,40,0.025,0.0,1.0,40,1300,1100,200,0.8461538461538461,15,11,4,366.9466155691971,0.4441105769230769,0.14469283276450495,0.20440182198056026,129377.95380015433,1495.124555255486,130873.07835540982,765,0,185.475,35,5,21,36.326791808873715,0.6160714285714286,45.65972222222222,1017.3611111111112,29.06746031746032,0
3742,4,1,2,39,0.024390243902439025,0.04878048780487805,0.9512195121951219,41,850,500,350,0.5882352941176471,12,5,7,358.95439766943537,0.44634146341463415,0.14943675415087165,0.20168332182097587,129717.10519641261,1112.505072640211,130829.61026905282,766,0,181.9268292682927,36,5,18,36.184962045839804,0.6174768518518519,45.32657657657658,1018.6936936936935,28.29704704704704,0
3743,4,0,0,39,0.0,0.0,1.0,39,900,400,500,0.4444444444444444,14,4,10,373.4770777276307,0.4435166441745389,0.17407219589533796,0.20928989362087203,129613.56122470838,1881.5388160150749,131495.10004072345,767,1,191.87179487179486,35,4,19,35.92056906872775,0.618452380952381,45.42824074074073,1018.287037037036,29.093915343915317,0
3744,4,0,1,38,0.0,0.02564102564102564,0.9743589743589743,39,900,400,500,0.4444444444444444,14,4,10,370.0611488555271,0.44281376518218624,0.1724195168828908,0.2084701481556566,129819.89354263099,1808.2597897376377,131628.15333236862,768,2,192.87179487179486,35,4,20,35.797487223168666,0.6205357142857143,45.225694444444436,1019.0972222222207,29.117063492063448,0
3745,4,1,0,39,0.02564102564102564,0.0,1.0,39,700,300,400,0.42857142857142855,11,3,8,366.9528782030818,0.4429262258209627,0.1944458990068254,0.20812887184568593,130085.41907793198,1747.043788580234,131832.4628665122,769,0,193.56410256410257,35,4,21,35.606705241661,0.6232142857142857,44.96527777777777,1020.1388888888879,29.146825396825367,0
3746,4,0,1,38,0.0,0.02564102564102564,0.9743589743589743,39,950,600,350,0.631578947368421,13,6,7,366.3648876725435,0.4424201529464687,0.2003128798320457,0.20842616641912792,130203.51750042844,1740.3994127228823,131943.91691315133,770,1,194.56410256410257,35,4,21,35.501719966734704,0.6244047619047619,44.849537037037024,1020.6018518518499,29.160052910052855,0
3747,4,0,1,37,0.0,0.02631578947368421,0.9736842105263158,38,1000,600,400,0.6,14,6,8,372.16566285916133,0.4412191797060218,0.20331579561290947,0.21171706885810138,130201.83000283434,2091.330073696128,132293.16007653048,771,2,196.81578947368422,34,4,22,35.35542789377502,0.626531862745098,44.85119047619047,1020.595238095237,30.01750700280109,0
3748,4,1,1,37,0.02631578947368421,0.02631578947368421,0.9736842105263158,38,1000,700,300,0.7,13,7,6,364.3461807653107,0.4422415836889521,0.19447067914484406,0.2087329054290985,130475.34722222216,1907.6530612244792,132383.00028344663,772,0,193.6315789473684,34,4,23,35.277324632952684,0.6292892156862745,44.58333333333333,1021.6666666666661,30.04901960784312,0
3749,4,1,0,38,0.02631578947368421,0.0,1.0,38,1200,1000,200,0.8333333333333334,14,10,4,360.3369294202916,0.44209340919867235,0.20263647946682384,0.2080655173104262,130779.59183673453,1824.9433106575789,132604.5351473921,773,0,192.6578947368421,34,4,17,35.071384233395406,0.6323529411764706,44.28571428571428,1022.8571428571415,30.08403361344534,0
3750,4,0,0,38,0.0,0.0,1.0,38,1700,1400,300,0.8235294117647058,20,14,6,362.1893001993857,0.44153034613560926,0.20727701206884297,0.21018386948578507,130972.46334876528,1887.364969135786,132859.82831790106,774,1,193.6578947368421,35,3,18,34.82869742198099,0.6321428571428571,44.097222222222214,1023.61111111111,29.24603174603171,0
3751,4,2,1,39,0.05,0.025,0.975,40,900,600,300,0.6666666666666666,12,6,6,349.0966690174855,0.4436298076923077,0.20884858400090245,0.205584304152955,131535.817003708,1184.7076206704355,132720.52462437845,775,0,184.925,35,5,21,34.59478073639474,0.6377976190476191,43.5474537037037,1025.8101851851852,29.308862433862434,0
3752,4,0,2,37,0.0,0.05128205128205128,0.9487179487179487,39,1100,1000,100,0.9090909090909091,12,10,2,350.93288002000827,0.44275753486279806,0.21058551521589686,0.20669778722709584,131541.7534722223,1432.4652777777878,132974.2187500001,776,1,188.25641025641025,34,5,21,34.54170051448686,0.6400122549019608,43.54166666666667,1025.8333333333342,30.171568627451006,0
3753,4,1,0,38,0.02631578947368421,0.0,1.0,38,1100,800,300,0.7272727272727273,14,8,6,389.73890275399043,0.44142662399241345,0.25285933844814923,0.2139925063608034,128808.33510487531,2443.1016156462583,131251.43672052157,777,0,193.07894736842104,34,4,18,36.329453500644995,0.6124387254901961,46.220238095238095,1015.1190476190478,29.85644257703082,8
3754,4,0,2,36,0.0,0.05263157894736842,0.9473684210526316,38,1050,600,450,0.5714285714285714,15,6,9,389.812932753991,0.44163406827880514,0.2544291611899958,0.2143594135047574,128868.76594387743,2446.9423185940896,131315.7082624715,778,1,194.07894736842104,34,4,19,36.265730644467894,0.6130514705882353,46.16071428571428,1015.3571428571419,29.86344537815123,0
3755,4,0,0,36,0.0,0.0,1.0,36,800,500,300,0.625,11,5,6,407.4177650749346,0.43860780423280427,0.2755341215515452,0.2228455917207011,128656.40503838887,3283.3810006631848,131939.78603905207,779,2,205.44444444444446,32,4,19,36.03661066168845,0.6155598958333333,46.36994949494949,1014.5202020202014,31.703756313131294,0
3756,4,0,0,36,0.0,0.0,1.0,36,1100,600,500,0.5454545454545454,16,6,10,411.34020402229817,0.4386739417989418,0.27386125865121613,0.22596434019368128,128827.8847078045,3398.417675893863,132226.30238369835,780,3,206.44444444444446,33,3,19,35.761206341541936,0.6148989898989898,46.20098039215685,1015.1960784313709,30.76351752822336,0
3757,4,0,0,36,0.0,0.0,1.0,36,1250,700,550,0.56,18,7,11,410.1035501855968,0.43811177248677247,0.27250911625911667,0.22599323297461585,128952.32602845048,3376.7613417916036,132329.08737024208,781,4,207.44444444444446,33,3,19,35.66501769626769,0.6161616161616161,46.07843137254901,1015.686274509803,30.778371954842513,0
3758,4,0,0,36,0.0,0.0,1.0,36,1500,1100,400,0.7333333333333333,19,11,8,411.1402928162863,0.4372685185185185,0.2704833480695552,0.22763668815876345,129139.10064638597,3418.8575307573947,132557.95817714336,782,5,208.44444444444446,33,3,19,35.44731130938026,0.6180555555555556,45.89460784313725,1016.4215686274506,30.80065359477123,0
3759,4,1,1,36,0.02702702702702703,0.02702702702702703,0.972972972972973,37,950,500,450,0.5263157894736842,14,5,9,402.7842778826337,0.43925175175175174,0.2596686750017605,0.225006518642544,129490.37606175395,3031.3675594812653,132521.74362123522,783,0,203.78378378378378,32,5,18,35.30036595955838,0.6240234375,45.54924242424243,1017.8030303030307,31.80634469696971,0
3760,4,0,0,36,0.0,0.0,1.0,36,1250,800,450,0.64,17,8,9,414.2446342954004,0.4356316137566138,0.2685611715362197,0.2310722210577126,129433.15505981447,3523.3979966905395,132956.553056505,784,7,210.44444444444446,31,5,18,35.06731179355939,0.626008064516129,45.60546875,1017.5781250000001,32.825100806451616,0
3761,4,0,1,35,0.0,0.027777777777777776,0.9722222222222222,36,1000,700,300,0.7,13,7,6,376.84935803458734,0.4364087301587301,0.19312681174496205,0.20220630992733282,127888.9769698245,2452.7468312846045,130341.72380110911,785,8,211.44444444444446,32,4,20,37.598042275204925,0.6077473958333333,47.12752525252525,1011.489898989899,31.609059343434343,8
3762,4,1,1,35,0.027777777777777776,0.027777777777777776,0.9722222222222222,36,1000,800,200,0.8,12,8,4,373.70507646096746,0.4377810846560846,0.19969520642837346,0.2019619078987167,128176.49347005397,2380.041258545038,130556.53472859901,786,0,210.52777777777777,32,4,22,37.38284497090607,0.6106770833333333,46.84343434343434,1012.6262626262619,31.644570707070685,0
3763,4,2,1,36,0.05405405405405406,0.02702702702702703,0.972972972972973,37,1050,900,150,0.8571428571428571,12,9,3,395.82651813846167,0.44272397397397395,0.21285185600538314,0.202966363556105,126043.8368055557,2667.092962452829,128710.92976800853,787,0,189.6216216216216,32,5,19,39.02143845089904,0.5888671875,48.95833333333334,1004.1666666666678,31.380208333333368,8
3764,4,3,0,39,0.07692307692307693,0.0,1.0,39,1150,800,350,0.6956521739130435,15,8,7,377.5434447205775,0.4454003598740441,0.23053542202478416,0.19816814504318736,126999.35308835529,1789.5546484525016,128788.90773680779,788,0,180.7948717948718,33,6,20,38.494807497467065,0.5962752525252526,48.00857843137254,1007.9656862745086,30.544414735591168,0
3765,4,3,1,41,0.07142857142857142,0.023809523809523808,0.9761904761904762,42,950,800,150,0.8421052631578947,11,8,3,355.1819287702727,0.45089285714285715,0.24903288713660454,0.19111765340896217,128002.04554216372,692.8026844411918,128694.84822660491,789,0,168.8095238095238,36,6,17,38.0302229393872,0.6001157407407407,47.015765765765764,1011.9369369369364,28.109359359359345,0
3766,4,3,1,43,0.06818181818181818,0.022727272727272728,0.9772727272727273,44,1400,1000,400,0.7142857142857143,18,10,8,340.5588420071768,0.4537856765327695,0.26381370169871254,0.1863507371432525,128672.417534722,-35.81483721899747,128636.602697503,790,0,162.04545454545453,37,7,15,37.71603353867214,0.6050112612612613,46.35416666666666,1014.5833333333316,27.421171171171125,0
3767,4,0,1,42,0.0,0.023255813953488372,0.9767441860465116,43,1400,1100,300,0.7857142857142857,17,11,6,337.59467539533915,0.45168881506090813,0.15941673786416644,0.1764075522022069,126817.07180846877,-37.446361646509814,126779.62544682226,791,1,166.8139534883721,41,2,18,39.688495190255736,0.5795223577235773,48.18948412698413,1007.2420634920636,24.566879597367404,8
3768,4,3,2,43,0.06666666666666667,0.044444444444444446,0.9555555555555556,45,1100,800,300,0.7272727272727273,14,8,6,327.4418324467019,0.453493265993266,0.1782055899333188,0.17408278308824376,127517.50996984425,-648.4911383535014,126869.01883149074,792,0,160.26666666666668,41,4,16,39.22697099171662,0.5866361788617886,47.49503968253968,1010.0198412698398,24.63463027487414,0
3769,4,2,3,42,0.044444444444444446,0.06666666666666667,0.9333333333333333,45,1550,1100,450,0.7096774193548387,20,11,9,325.42900461396965,0.4546085858585858,0.18494733591062573,0.17402361892042764,127752.38985224738,-685.1333866654716,127067.2564655819,793,0,161.15555555555557,42,3,19,39.03778874724433,0.5875496031746033,47.2625968992248,1010.9496124031001,24.07022886674048,0
3770,4,2,0,44,0.045454545454545456,0.0,1.0,44,900,600,300,0.6666666666666666,12,6,6,322.6866315390208,0.456582540521494,0.17816395619605152,0.17436557783161916,128170.89979383712,-525.7891151396261,127645.11067869749,794,0,152.0681818181818,39,5,21,38.68011264273222,0.5964209401709402,46.84895833333335,1012.6041666666691,25.964209401709464,0
3771,4,0,0,44,0.0,0.0,1.0,44,1500,1100,400,0.7333333333333333,19,11,8,317.68574954115394,0.4564944503171247,0.17583780038653685,0.17254696592725438,128376.15258774556,-643.3451483904897,127732.80743935506,795,1,153.0681818181818,40,4,13,38.59765677229576,0.596875,46.64634146341464,1013.4146341463428,25.33536585365857,0
3772,4,1,4,41,0.022222222222222223,0.08888888888888889,0.9111111111111111,45,1300,900,400,0.6923076923076923,17,9,8,331.9418660291525,0.4575757575757576,0.1714135851035934,0.17506145714649496,127192.06664147138,-550.6377532285107,126641.42888824287,796,0,150.64444444444445,41,4,17,39.44646603724102,0.5833333333333333,47.817460317460316,1008.7301587301585,24.603174603174597,8
3773,4,1,1,41,0.023809523809523808,0.023809523809523808,0.9761904761904762,42,1400,1100,300,0.7857142857142857,17,11,6,351.82853638441566,0.4557805845915602,0.2037102621236493,0.18521218383564583,127118.27392578125,544.7672526041671,127663.04117838542,797,0,161.6904761904762,39,3,18,39.02069775849602,0.5857371794871795,47.890625,1008.4375,25.857371794871796,0
3774,4,1,1,41,0.023809523809523808,0.023809523809523808,0.9761904761904762,42,1100,900,200,0.8181818181818182,13,9,4,349.39683330830565,0.4547280294231513,0.206324635117205,0.1850084871452176,127354.736328125,499.4683159722219,127854.20464409722,798,0,162.5952380952381,39,3,15,38.83943928448571,0.5881410256410257,47.65625,1009.375,25.881410256410255,0
3775,4,1,1,41,0.023809523809523808,0.023809523809523808,0.9761904761904762,42,1200,900,300,0.75,15,9,6,361.40304751028975,0.45414730933023617,0.15834498464909164,0.1888173750065622,126810.36962332287,779.2229082494848,127589.59253157236,799,0,163.42857142857142,40,2,16,39.0958699088555,0.5809895833333334,48.19613821138212,1007.2154471544724,25.18038617886181,8
3776,4,3,2,42,0.06818181818181818,0.045454545454545456,0.9545454545454546,44,1200,800,400,0.6666666666666666,16,8,8,363.4444933752751,0.45608703312191684,0.2198781423560361,0.19488144386157014,127861.72251966438,494.7526274043398,128356.47514706872,800,0,156.0909090909091,40,4,18,37.964940045551984,0.5916666666666667,47.154471544715456,1011.3821138211396,25.284552845528488,0
3777,4,2,0,44,0.045454545454545456,0.0,1.0,44,1400,1200,200,0.8571428571428571,16,12,4,355.91349962424454,0.45505197322057783,0.2587649652117585,0.18590391799100697,126800.4182205933,307.265950008428,127107.68417060173,801,0,156.4090909090909,35,9,18,39.24433080517887,0.5898809523809524,48.20601851851852,1007.1759259259262,28.776455026455036,8
3778,4,3,1,46,0.06382978723404255,0.02127659574468085,0.9787234042553191,47,850,500,350,0.5882352941176471,12,5,7,333.8516020627087,0.45787079864323155,0.25435623533987783,0.17774378172727362,127575.06397867472,-881.1023055400119,126693.9616731347,802,0,147.36170212765958,36,11,18,39.00624233641734,0.595775462962963,47.43806306306307,1010.2477477477485,28.062437437437456,0
3779,4,2,0,48,0.041666666666666664,0.0,1.0,48,1150,400,750,0.34782608695652173,19,4,15,326.94440819055495,0.4600325059101655,0.2648233467174572,0.17573940435832136,127960.02739800373,-1232.8369140624773,126727.19048394126,803,0,145.25,39,9,20,38.787471258450864,0.594284188034188,47.05729166666668,1011.7708333333354,25.942841880341934,0
3780,4,3,3,48,0.058823529411764705,0.058823529411764705,0.9411764705882353,51,1450,700,750,0.4827586206896552,22,7,15,311.0659102496883,0.46088235294117647,0.2762884088357007,0.1707102368996642,128788.44024720741,-2187.395478959074,126601.04476824834,804,0,137.64705882352942,40,11,17,38.3462238018956,0.6010416666666667,46.239837398373986,1015.0406504065046,25.376016260162615,0
3781,4,0,0,48,0.0,0.0,1.0,48,1400,1100,300,0.7857142857142857,17,11,6,336.4707204413398,0.45970929373522457,0.2692943819429705,0.1751506700551546,126661.46746475252,-1076.4249579954944,125585.04250675703,805,1,146.5625,38,10,15,39.876530106842125,0.5827850877192983,48.34401709401708,1006.62393162393,26.490103463787634,8
3782,4,1,3,46,0.02040816326530612,0.061224489795918366,0.9387755102040817,49,1450,1000,450,0.6896551724137931,19,10,9,337.1171574095001,0.4601934523809524,0.28212909634247496,0.17700937234138536,127013.25005425338,-1236.3308376736165,125776.91921657977,806,0,144.55102040816325,39,10,16,39.49926371809446,0.5846688034188035,47.994791666666664,1008.0208333333326,25.846688034188016,0
3783,4,0,0,46,0.0,0.0,1.0,46,1300,900,400,0.6923076923076923,17,9,8,360.7152336844996,0.45826288244766505,0.2989331025126063,0.1880556795552835,126723.24087178399,-57.79931113545993,126665.44156064853,807,1,154.69565217391303,36,10,16,39.202829661111714,0.5870949074074074,48.28265765765766,1006.8693693693697,27.968593593593603,0
3784,4,1,0,47,0.02127659574468085,0.0,1.0,47,1300,700,600,0.5384615384615384,19,7,12,353.42291781967623,0.4591620413197657,0.29116339972100125,0.18605784631869268,127119.65610812938,-414.6000452062201,126705.05606292316,808,0,152.38297872340425,37,10,18,38.97908285310429,0.5892454954954955,47.88925438596491,1008.4429824561399,27.255215742057835,0
3785,4,1,0,48,0.020833333333333332,0.0,1.0,48,1400,1100,300,0.7857142857142857,17,11,6,339.19859623203354,0.45951536643026003,0.30016172408780384,0.17557164360272032,126429.50234687564,-997.9211151508541,125431.58123172479,809,0,150.1875,37,11,16,40.046245820613436,0.5822072072072072,48.57456140350875,1005.7017543859623,27.1811284969179,8
3786,4,1,0,49,0.02040816326530612,0.0,1.0,49,1350,800,550,0.5925925925925926,19,8,11,334.05461829213147,0.4608134920634921,0.30668816968243684,0.1743866117520693,126777.10503472203,-1329.9045138889073,125447.20052083312,810,0,148.10204081632654,39,10,18,39.81864570404083,0.5822649572649572,48.22916666666666,1007.0833333333318,25.82264957264953,0
3787,4,0,0,49,0.0,0.0,1.0,49,1350,800,550,0.5925925925925926,19,8,11,325.04747330564214,0.46045918367346944,0.23171504626695394,0.16881497807164014,126567.38281250015,-1548.9583333333178,125018.42447916683,811,1,149.10204081632654,39,10,13,40.260524499654935,0.5801282051282051,48.43750000000001,1006.2500000000011,25.80128205128208,8
3788,4,0,1,48,0.0,0.02040816326530612,0.9795918367346939,49,1050,500,550,0.47619047619047616,16,5,11,330.231469119491,0.4603706065759637,0.24128335381328192,0.1721692222496764,126724.658203125,-1430.3059895833348,125294.35221354167,812,2,150.10204081632654,39,10,14,39.968704738257806,0.5817307692307692,48.28125,1006.875,25.817307692307693,0
3789,4,0,0,48,0.0,0.0,1.0,48,1400,800,600,0.5714285714285714,20,8,12,337.76639661229655,0.45921985815602834,0.2396760121387682,0.17609762619495462,126724.658203125,-1039.3337673611118,125685.32443576389,813,3,154.14583333333334,39,9,14,39.779036485274844,0.5817307692307692,48.28125,1006.875,25.817307692307693,0
3790,4,1,3,46,0.02040816326530612,0.061224489795918366,0.9387755102040817,49,1950,1400,550,0.717948717948718,25,14,11,337.067140222662,0.46091978458049887,0.2477652217911952,0.17732662594322685,127092.01388888912,-1232.2916666666429,125859.72222222248,814,0,151.9795918367347,40,9,15,39.419765840220386,0.5838541666666667,47.91666666666668,1008.3333333333353,25.208333333333382,0
3791,4,2,0,48,0.041666666666666664,0.0,1.0,48,950,500,450,0.5263157894736842,14,5,9,335.6419310928383,0.46292294621749414,0.2502851401260049,0.17778593887460709,127368.57133925834,-1049.953351031071,126318.61798822727,815,0,147.89583333333334,37,11,16,39.172369469186776,0.5917792792792793,47.64254385964913,1009.4298245614044,27.28188715030823,0
3792,4,2,2,48,0.04,0.04,0.96,50,1500,1300,200,0.8666666666666667,17,13,4,366.0342499007252,0.46548469387755104,0.2972080476565133,0.18513966579685914,125479.06172642241,-718.5990643634533,124760.46266205896,816,0,142.94,36,14,17,40.353021617773784,0.5743634259259259,49.5213963963964,1001.9144144144148,27.830955955955964,8
3793,4,1,1,48,0.02040816326530612,0.02040816326530612,0.9795918367346939,49,1350,1100,250,0.8148148148148148,16,11,5,370.68113813633914,0.46416170634920634,0.3318734836591979,0.18931215269105897,125878.73191751314,-467.82567713141697,125410.90624038172,817,0,146.26530612244898,37,12,18,39.82326267482517,0.5765765765765766,49.12280701754386,1003.5087719298251,27.121858700806083,0
3794,4,0,1,47,0.0,0.020833333333333332,0.9791666666666666,48,1500,900,600,0.6,21,9,12,375.53305043590046,0.4637171247044917,0.3376355975392229,0.1924317931080885,126016.31180988386,-135.34200427054395,125880.96980561332,818,1,149.75,37,11,18,39.55933074878963,0.5779842342342343,48.98574561403509,1004.0570175438601,27.136676149834056,0
3795,4,3,0,50,0.06,0.0,1.0,50,1800,1400,400,0.7777777777777778,22,14,8,355.53666342632425,0.4656972789115646,0.34363003264417835,0.18628175238813685,126926.22369382886,-974.6087738534975,125951.61491997536,819,0,144.34,37,13,21,39.12450126949582,0.5872747747747749,48.08114035087719,1007.6754385964912,27.23447131341868,0
3796,4,0,0,50,0.0,0.0,1.0,50,1800,1400,400,0.7777777777777778,22,14,8,351.64796985420924,0.465280612244898,0.34367492743916017,0.18551604911389918,127205.59030314103,-1053.5742767876377,126152.01602635339,820,1,145.34,36,14,21,38.93563481431867,0.5920138888888888,47.804054054054056,1008.7837837837842,28.021771771771782,0
3797,4,0,0,50,0.0,0.0,1.0,50,1800,1200,600,0.6666666666666666,24,12,12,349.3472725551376,0.46483843537414965,0.33743807185896024,0.1848199679243886,127319.21744379513,-1104.2757284311347,126214.941715364,821,2,146.34,36,14,17,38.87711076396639,0.5931712962962963,47.69144144144144,1009.2342342342341,28.034284284284283,0
3798,4,0,0,50,0.0,0.0,1.0,50,1350,900,450,0.6666666666666666,18,9,9,351.53576363056663,0.4641751700680272,0.3428041237113404,0.18735697292398318,127617.73003472213,-1027.5607638888978,126590.16927083323,822,3,147.34,37,13,17,38.51589347079038,0.5943130630630631,47.39583333333333,1010.4166666666658,27.308558558558538,0
3799,4,1,1,50,0.0196078431372549,0.0196078431372549,0.9803921568627451,51,1800,1100,700,0.6111111111111112,25,11,14,343.06884943960017,0.46465686274509804,0.3422388381028092,0.18463341715294823,128009.35057345293,-1416.7958762510248,126592.55469720191,823,0,145.4313725490196,38,13,19,38.32919833896397,0.5964912280701755,47.008547008547,1011.9658119658103,26.630679262258166,0
3800,4,2,1,51,0.038461538461538464,0.019230769230769232,0.9807692307692307,52,1650,1100,550,0.6666666666666666,22,11,11,342.33883680810345,0.4649399824032177,0.3679259801515671,0.18654138031611817,128505.59937913562,-1601.365838615803,126904.23354051981,824,0,143.51923076923077,37,15,19,37.84098896939546,0.603322072072072,46.51864035087718,1013.925438596489,27.40339023233754,0
3801,4,0,3,48,0.0,0.058823529411764705,0.9411764705882353,51,1400,1100,300,0.7857142857142857,17,11,6,347.0118822340416,0.4651633986928105,0.2919431515853874,0.18292234395151266,127172.82267011862,-1360.0955519882068,125812.72711813041,825,1,146.33333333333334,38,13,21,39.086166719627144,0.5879934210526316,47.836538461538474,1008.6538461538485,26.543522267206537,8
3802,4,1,1,48,0.02040816326530612,0.02040816326530612,0.9795918367346939,49,2050,1600,450,0.7804878048780488,25,16,9,342.8680484689944,0.46295705782312924,0.2772166743515725,0.1819058562567033,127433.60595703153,-1061.4176432291383,126372.18831380238,826,0,146.55102040816325,39,10,17,38.92338543278653,0.5889423076923077,47.578125000000014,1009.6875000000022,25.889423076923133,0
3803,4,1,1,48,0.02040816326530612,0.02040816326530612,0.9795918367346939,49,1350,1100,250,0.8148148148148148,16,11,5,346.51929004144915,0.46410856009070295,0.2964864296233951,0.18468335787923432,127617.73003472254,-955.5989583333003,126662.13107638924,827,0,147.53061224489795,39,10,19,38.6426116838488,0.5908119658119658,47.39583333333335,1010.4166666666692,25.908119658119723,0
3804,4,1,1,48,0.02040816326530612,0.02040816326530612,0.9795918367346939,49,1700,1300,400,0.7647058823529411,21,13,8,347.0858057852132,0.46437429138322,0.29227750396019947,0.18668834537085138,127986.37695312561,-915.5490451388291,127070.82790798678,828,0,146.69387755102042,39,10,21,38.25106375677715,0.594551282051282,47.03125000000003,1011.8750000000049,25.945512820512945,0
3805,4,2,2,48,0.04,0.04,0.96,50,1300,800,500,0.6153846153846154,18,8,10,340.29690315706847,0.46658163265306124,0.2951027115858662,0.18571360140903723,128566.75347222244,-1249.7287326388669,127317.02473958358,829,0,139.7,39,11,21,37.83038893453849,0.6004273504273504,46.45833333333334,1014.1666666666684,26.00427350427355,0
3806,4,1,0,49,0.02040816326530612,0.0,1.0,49,1500,1000,500,0.6666666666666666,20,10,10,344.00140244544576,0.4655435090702948,0.319662026039631,0.18894227318130763,128821.50472094363,-937.0443421725676,127884.46037877107,830,0,143.0204081632653,38,11,22,37.476759278748325,0.6047149122807017,46.20726495726495,1015.1709401709386,26.71502474134049,0
3807,4,2,1,50,0.0392156862745098,0.0196078431372549,0.9803921568627451,51,1850,1100,750,0.5945945945945946,26,11,15,331.76810893149434,0.46622549019607845,0.3198695418522348,0.18486996497101313,129391.54071015022,-1613.28404649721,127778.25666365301,831,0,138.37254901960785,38,13,25,37.20772515663835,0.6104714912280702,45.64636752136751,1017.4145299145277,26.7740665766981,0
3808,4,0,3,47,0.0,0.06,0.94,50,1900,1400,500,0.7368421052631579,24,14,10,336.4469740360195,0.4657482993197279,0.3133836953100413,0.18851711402335666,129609.02829141996,-1278.6869247205962,128330.34136669937,832,1,141.52,38,12,16,36.86785227153499,0.6126644736842105,45.4326923076923,1018.2692307692295,26.796558704453407,0
3809,4,0,0,47,0.0,0.0,1.0,47,1350,700,650,0.5185185185185185,20,7,13,349.38333952479564,0.46378738822078325,0.3184589480624993,0.19473648813118632,129401.8231702988,-357.83177603277596,129043.99139426602,833,3,150.59574468085106,36,11,23,36.749216011805935,0.6142939814814814,45.63626126126127,1017.454954954956,28.262637637637667,0
3810,4,0,0,47,0.0,0.0,1.0,47,1450,1000,450,0.6896551724137931,19,10,9,349.6178579623268,0.4636717545482578,0.31856282350947307,0.19543573395927494,129516.42679419304,-343.7488586559305,129172.67793553711,834,4,151.59574468085106,36,11,20,36.626700962495846,0.6154513888888888,45.52364864864866,1017.905405405407,28.275150150150196,0
3811,4,0,0,47,0.0,0.0,1.0,47,1500,900,600,0.6,21,9,12,381.7443108950074,0.4637102991057663,0.3133617210633328,0.20584880687673787,128087.52745566507,381.4801710494228,128469.00762671449,835,5,152.59574468085106,36,11,20,37.270552897986434,0.6009837962962963,46.931306306306304,1012.2747747747744,28.118743743743735,8
3812,4,0,1,46,0.0,0.02127659574468085,0.9787234042553191,47,1550,1200,350,0.7741935483870968,19,12,7,379.9590892252721,0.46326703669441877,0.3130283364602733,0.2054703601565165,128201.54772593528,342.26866224331275,128543.81638817859,836,6,153.59574468085106,36,11,20,37.19883983839282,0.6021412037037037,46.81869369369369,1012.7252252252242,28.13125625625623,0
3813,4,1,3,44,0.02127659574468085,0.06382978723404255,0.9361702127659575,47,1200,800,400,0.6666666666666666,16,8,8,380.5641825718009,0.4645004625346901,0.3095061313861711,0.20653296229077567,128344.14439777598,368.63688012334427,128712.78127789932,837,0,154.40425531914894,36,11,21,37.03739719937763,0.603587962962963,46.67792792792792,1013.2882882882868,28.146896896896855,0
3814,4,1,1,44,0.022222222222222223,0.022222222222222223,0.9777777777777777,45,1550,700,850,0.45161290322580644,24,7,17,376.94168983873516,0.46510942760942764,0.27262746259082493,0.20588925411628148,128601.0181422975,695.0170187078755,129296.03516100538,838,0,146.51111111111112,36,9,17,36.866233670108436,0.6061921296296297,46.42454954954954,1014.3018018018001,28.175050050050004,0
3815,4,0,1,43,0.0,0.022727272727272728,0.9772727272727273,44,1450,1000,450,0.6896551724137931,19,10,9,385.2929697197877,0.46371784707540525,0.2676588989645372,0.21020778335521628,128555.01570001684,1106.2687542866602,129661.2844543035,839,1,150.8181818181818,35,9,17,36.701571178574156,0.6077380952380953,46.46990740740739,1014.1203703703679,28.974867724867654,0
3816,4,0,0,43,0.0,0.0,1.0,43,1650,1300,350,0.7878787878787878,20,13,7,384.90553056819283,0.46248615725359915,0.2745140830662214,0.21101734071343028,128747.9184382085,1311.1571712017999,130059.0756094103,840,2,154.7906976744186,34,9,18,36.513929618768316,0.6118259803921569,46.2797619047619,1014.8809523809514,29.849439775910334,0
3817,4,1,1,43,0.022727272727272728,0.022727272727272728,0.9772727272727273,44,1100,600,500,0.5454545454545454,16,6,10,375.79968687642224,0.4629580690627202,0.273737028521718,0.2074697893963037,129024.9445408949,897.5067515431923,129922.45129243808,841,0,152.25,35,9,19,36.4618933697881,0.6125,46.006944444444436,1015.9722222222208,29.027777777777736,0
3818,4,0,0,43,0.0,0.0,1.0,43,1150,800,350,0.6956521739130435,15,8,7,381.0934472708236,0.4629014396456257,0.28601407940172097,0.2102049376575266,128989.67013888883,1231.4236111111065,130221.09374999994,842,1,156.3953488372093,34,9,20,36.36348099535138,0.6142769607843137,46.041666666666664,1015.8333333333328,29.87745098039214,0
3819,4,0,2,41,0.0,0.046511627906976744,0.9534883720930233,43,900,600,300,0.6666666666666666,12,6,6,360.39072912414923,0.46214008859357697,0.23575027587212705,0.1869651351644068,126522.46492346948,532.0046768707572,127054.46960034024,843,2,157.3953488372093,34,9,17,39.417672464797064,0.5891544117647058,48.48214285714286,1006.0714285714294,29.590336134453803,8
3820,4,1,1,41,0.023809523809523808,0.023809523809523808,0.9761904761904762,42,1150,600,550,0.5217391304347826,17,6,11,365.71537237311475,0.4627250290360046,0.2447330788546207,0.19070410724610387,126732.1499433107,869.5790816326573,127601.72902494336,844,0,160.73809523809524,34,8,18,39.06779577520297,0.5912990196078431,48.273809523809526,1006.9047619047622,29.614845938375357,0
3821,4,3,3,41,0.06818181818181818,0.06818181818181818,0.9318181818181819,44,950,800,150,0.8421052631578947,11,8,3,338.27850505837887,0.4668890944326991,0.2221770663999001,0.17950983443608876,127442.37075617292,-176.77665973795757,127265.59409643497,845,0,153.0681818181818,35,9,14,39.0302613480055,0.5964285714285714,47.56944444444445,1009.722222222223,28.84920634920637,0
3822,4,2,1,42,0.046511627906976744,0.023255813953488372,0.9767441860465116,43,1150,700,450,0.6086956521739131,16,7,9,351.6934630039698,0.46419342930970836,0.2410820737005106,0.18709210241935323,127542.56129535152,371.17701247165564,127913.73830782318,846,0,157.09302325581396,34,9,15,38.5889314476527,0.5995710784313726,47.470238095238095,1010.119047619048,29.709383753501413,0
3823,4,1,1,42,0.023255813953488372,0.023255813953488372,0.9767441860465116,43,1800,1300,500,0.7222222222222222,23,13,10,348.54352772573566,0.4650701365817645,0.242011722442806,0.1866173127876795,127802.69870799879,308.96069211106095,128111.65940010986,847,0,158.06976744186048,36,7,16,38.40210491146007,0.5980902777777778,47.21283783783785,1011.1486486486507,28.08746246246252,0
3824,4,0,0,42,0.0,0.0,1.0,42,1900,1500,400,0.7894736842105263,23,15,8,360.78507928632473,0.4644308943089431,0.2586672988984995,0.19326666080469784,127822.46823827604,823.2878675840386,128645.75610586007,848,1,162.42857142857142,35,7,16,38.07239803899127,0.600297619047619,47.193287037037045,1011.226851851853,28.8921957671958,0
3825,4,1,2,41,0.023255813953488372,0.046511627906976744,0.9534883720930233,43,1100,700,400,0.6363636363636364,15,7,8,351.8382184629808,0.4644241417497232,0.2563002819670428,0.18985747803014427,128116.02776763272,415.2229932635548,128531.25076089628,849,0,159.62790697674419,36,7,17,37.99823878383388,0.6012731481481481,46.90315315315316,1012.3873873873893,28.121871871871924,0
3826,4,1,0,42,0.023809523809523808,0.0,1.0,42,1150,800,350,0.6956521739130435,15,8,7,350.7705050601236,0.4649027293844367,0.2513982731111071,0.1901521157594784,128299.67928501074,600.7550011712955,128900.43428618203,837,0,143.71428571428572,33,9,21,37.837561993468,0.6095328282828283,46.72181372549021,1013.1127450980407,30.70038621509214,0
3827,4,1,2,41,0.023255813953488372,0.046511627906976744,0.9534883720930233,43,650,300,350,0.46153846153846156,10,3,7,345.54957421681405,0.4662929125138427,0.2592788624185616,0.18929720890900528,128717.71541950111,295.67035147392676,129013.38577097503,838,0,141.34883720930233,34,9,18,37.54326020647584,0.6115196078431373,46.30952380952381,1014.7619047619045,29.84593837535013,0
3828,4,1,0,42,0.023809523809523808,0.0,1.0,42,950,400,550,0.42105263157894735,15,4,11,344.06418723382484,0.4648906310491676,0.24931203286613002,0.18949074120669848,128929.21095521539,471.98483560090324,129401.19579081629,839,0,138.04761904761904,34,8,19,37.365441722345956,0.6136642156862745,46.101190476190474,1015.5952380952378,29.8704481792717,0
3829,4,1,1,42,0.023255813953488372,0.023255813953488372,0.9767441860465116,43,1500,1300,200,0.8666666666666667,17,13,4,334.9595522414122,0.46509320782576596,0.24270959489433563,0.18646445432591963,129352.7228599772,65.87301587300277,129418.59587585021,840,0,135.8139534883721,34,9,20,37.16598400624147,0.617953431372549,45.6845238095238,1017.2619047619038,29.91946778711482,0
3830,4,0,0,42,0.0,0.0,1.0,42,1450,1300,150,0.896551724137931,16,13,3,345.4035097789093,0.46354771583430116,0.24512721072515142,0.19242623171907153,129383.00028344663,537.8684807256105,129920.86876417224,841,1,139.9047619047619,34,8,23,36.869588111397135,0.6182598039215687,45.6547619047619,1017.3809523809517,29.92296918767505,0
3831,4,1,1,42,0.023255813953488372,0.023255813953488372,0.9767441860465116,43,1300,800,500,0.6153846153846154,18,8,10,330.61012453238686,0.4641703580657069,0.23282754249039228,0.18624581871450197,129819.89354263117,-16.045765817902748,129803.84777681326,842,0,137.62790697674419,35,8,17,36.802597955706986,0.6205357142857143,45.22569444444444,1019.0972222222222,29.11706349206349,0
3832,4,0,1,41,0.0,0.023809523809523808,0.9761904761904762,42,1200,800,400,0.6666666666666666,16,8,8,338.2732662241242,0.4636445025164537,0.2339786381842457,0.19050126045253318,129807.25623582774,382.0649092970581,130189.32114512479,843,1,140.97619047619048,34,8,18,36.62018107476635,0.6225490196078431,45.23809523809524,1019.0476190476196,29.971988795518225,0
3833,4,1,0,42,0.023809523809523808,0.0,1.0,42,1250,600,650,0.48,19,6,13,331.2008891933466,0.4617813588850174,0.22807628550910142,0.18856427642324874,130233.05047850225,226.66042416838812,130459.71090267063,844,0,139.64285714285714,35,7,20,36.3690374948029,0.624702380952381,44.820601851851855,1020.7175925925927,29.16335978835979,0
3834,4,0,1,41,0.0,0.023809523809523808,0.9761904761904762,42,1250,900,350,0.72,16,9,7,332.9874238580708,0.46144260549748356,0.23063013462015958,0.19001391030245143,130321.66950660142,279.09540037721825,130600.76490697864,845,1,140.64285714285714,35,7,20,36.23375273936371,0.6255952380952381,44.73379629629629,1021.0648148148142,29.173280423280406,0
3835,4,1,2,40,0.023809523809523808,0.047619047619047616,0.9523809523809523,42,1450,1000,450,0.6896551724137931,19,10,9,329.97368276927614,0.46053523035230354,0.2132993774759484,0.19017074280929905,130706.03358892752,225.9102527006254,130931.94384162815,846,0,128.45238095238096,35,7,14,35.92211375212223,0.6294642857142857,44.35763888888889,1022.5694444444448,29.216269841269852,0
3836,4,1,0,41,0.024390243902439025,0.0,1.0,41,1200,900,300,0.75,15,9,6,342.1331110630561,0.4601117886178862,0.2368365044906986,0.19802249761528415,130870.93431122461,755.0559807256327,131625.99029195023,847,0,132.0487804878049,34,7,17,35.44454140003878,0.6332720588235294,44.19642857142858,1023.2142857142867,30.094537815126078,0
3837,4,0,2,39,0.0,0.04878048780487805,0.9512195121951219,41,800,500,300,0.625,11,5,6,344.93405247117965,0.4596036585365854,0.24011300236272515,0.20027602411881662,130992.77388038556,836.7736678004609,131829.54754818603,848,1,133.0487804878049,34,7,17,35.24973834166764,0.6344975490196079,44.077380952380956,1023.6904761904768,30.108543417366967,0
3838,4,0,0,39,0.0,0.0,1.0,39,1050,800,250,0.7619047619047619,13,8,5,362.0938204206216,0.4565901934322987,0.24762158037871096,0.20872582573570242,130714.10323245097,1666.1538044587555,132380.25703690972,849,2,139.46153846153845,32,7,18,35.09280981191093,0.6363932291666667,44.34974747474749,1022.6010101010118,31.956281565656617,0
3839,4,1,0,40,0.025,0.0,1.0,40,1200,1100,100,0.9166666666666666,13,11,2,353.19257900732777,0.4573317307692308,0.2416427289048475,0.2053530965627157,131045.64838343434,1256.8701040465312,132302.51848748088,850,0,136.95,33,7,19,34.984914223020155,0.6373106060606061,44.02573529411765,1023.8970588235301,31.027183600713034,0
3840,4,0,1,39,0.0,0.025,0.975,40,1000,900,100,0.9,11,9,2,351.6252929418293,0.45729166666666665,0.2385710866443278,0.20460870110180543,131077.01965590162,1217.9990868896673,132295.0187427913,851,1,137.95,33,7,19,34.99331817456519,0.6376262626262627,43.99509803921569,1024.0196078431377,31.030897207367808,0
3841,4,0,0,39,0.0,0.0,1.0,39,950,500,450,0.5263157894736842,14,5,9,359.7138068629156,0.45554993252361675,0.24261230996982364,0.2085722545372529,130940.15438475678,1620.1962809917582,132560.35066574853,852,2,142.0,32,7,19,34.924747100912924,0.638671875,44.12878787878789,1023.4848484848494,31.983901515151544,0
3842,4,0,1,38,0.0,0.02564102564102564,0.9743589743589743,39,900,500,400,0.5555555555555556,13,5,8,362.77581217938655,0.45529689608636975,0.24383641354534258,0.21070102329158086,131004.77629833696,1705.072824201616,132709.84912253858,853,3,143.0,32,7,19,34.78097763525735,0.6393229166666667,44.06565656565657,1023.7373737373742,31.991792929292945,0
3843,4,1,0,39,0.02564102564102564,0.0,1.0,39,1400,1100,300,0.7857142857142857,17,11,6,359.9048185603807,0.4551563202878992,0.25515947467166966,0.2108013937282228,131328.1249999999,1653.5235562697549,132981.64855626968,854,0,143.02564102564102,31,8,22,34.52743902439024,0.6451612903225806,43.74999999999999,1024.9999999999993,33.064516129032235,0
3844,4,0,0,39,0.0,0.0,1.0,39,1350,900,450,0.6666666666666666,18,9,9,358.3166083253081,0.4546502474134053,0.2539664497551457,0.21040413421618412,131425.20732897156,1618.3669077134996,133043.57423668506,855,1,144.02564102564102,32,7,22,34.47004679226697,0.6435546875,43.65530303030303,1025.378787878788,32.043087121212125,0
3845,4,0,0,39,0.0,0.0,1.0,39,1350,1000,350,0.7407407407407407,17,10,7,359.0780000748373,0.45470647773279355,0.25206046774432855,0.21120858758927627,131489.9488094328,1643.0295696867793,133132.97837911957,856,2,145.02564102564102,32,7,22,34.38513069883869,0.6442057291666667,43.59217171717172,1025.6313131313138,32.05097853535356,0
3846,4,0,0,39,0.0,0.0,1.0,39,700,400,300,0.5714285714285714,10,4,6,358.1477869822484,0.4541722896986055,0.24869743589743565,0.21101891002398618,131554.70623214476,1623.205380828495,133177.91161297326,857,3,146.02564102564102,32,7,18,34.34358974358973,0.6448567708333333,43.52904040404041,1025.883838383839,32.05886994949497,0
3847,4,0,0,39,0.0,0.0,1.0,39,1250,900,350,0.72,16,9,7,355.6707981377292,0.4532726045883941,0.23879919416621775,0.21098983233071875,131813.89534550058,1576.470672635468,133390.36601813606,858,4,147.02564102564102,32,7,20,34.14561047583919,0.6474609375,43.27651515151516,1026.8939393939404,32.09043560606064,0
3848,4,0,0,39,0.0,0.0,1.0,39,950,500,450,0.5263157894736842,14,5,9,354.6826347840786,0.4523166891587944,0.23583315214137368,0.21112308699619967,131943.5855556832,1559.6197135496527,133503.20526923286,859,5,148.02564102564102,32,7,20,34.04023800745565,0.6487630208333333,43.15025252525253,1027.398989898991,32.10621843434347,0
3849,4,0,0,39,0.0,0.0,1.0,39,950,700,250,0.7368421052631579,12,7,5,354.0813326954466,0.45211988304093564,0.23446824331562577,0.2109453796102158,131976.0180721357,1546.0488725640448,133522.06694469973,860,6,149.02564102564102,32,7,20,34.02299909887769,0.6490885416666667,43.11868686868688,1027.525252525254,32.11016414141419,0
3850,4,0,1,38,0.0,0.02564102564102564,0.9743589743589743,39,1500,1100,400,0.7333333333333333,19,11,8,353.5480337230439,0.45099527665317135,0.2283638103873855,0.21171288137062302,132170.69686766676,1545.7379986736285,133716.4348663404,861,7,150.02564102564102,32,7,21,33.840608628028804,0.6510416666666667,42.92929292929294,1028.28282828283,32.13383838383844,0
3851,4,0,1,37,0.0,0.02631578947368421,0.9736842105263158,38,1050,700,350,0.6666666666666666,14,7,7,358.49597625266483,0.4510579658605975,0.2190983535557467,0.21501592379801085,132230.54885864267,1880.823940700968,134111.37279934363,862,8,148.42105263157896,31,7,21,33.653125923112654,0.654233870967742,42.87109375000001,1028.5156250000007,33.1779233870968,0
3852,4,0,0,37,0.0,0.0,1.0,37,1000,600,400,0.6,14,6,8,358.61726226440805,0.45013763763763764,0.20190837542659867,0.2156732155123736,132333.03880025004,2091.382416335076,134424.42121658512,863,9,146.75675675675674,32,5,21,33.546805333987805,0.6526692708333333,42.77146464646465,1028.914141414142,32.15356691919194,0
3853,4,0,1,36,0.0,0.02702702702702703,0.972972972972973,37,850,600,250,0.7058823529411765,11,6,5,360.11080332409983,0.4497622622622623,0.20549294233504756,0.21694480102695782,132398.00347222234,2135.6062200285864,134533.60969225093,864,10,147.75675675675674,31,6,21,33.442982456140356,0.6559139784946236,42.70833333333334,1029.1666666666677,33.19892473118283,0
3854,4,0,0,36,0.0,0.0,1.0,36,1150,700,450,0.6086956521739131,16,7,9,366.9751981387282,0.4498015873015873,0.20244523186816288,0.220687824634112,132331.0089111329,2512.4396430121665,134843.44855414506,865,11,150.88888888888889,31,5,21,33.333860626001865,0.655241935483871,42.77343750000001,1028.9062500000007,33.190524193548406,0
3855,4,0,0,36,0.0,0.0,1.0,36,1000,700,300,0.7,13,7,6,367.22187406123635,0.448941798941799,0.2104127688581412,0.2220431552630732,132536.3684566137,2534.067675391731,135070.43613200544,866,12,151.88888888888889,30,6,22,33.120676151938376,0.6600694444444444,42.57392473118281,1029.7043010752705,34.32347670250901,0
3856,4,0,0,36,0.0,0.0,1.0,36,1000,500,500,0.5,15,5,10,367.9280231514635,0.44821428571428573,0.21423135464231358,0.22329123495296668,132674.80570369415,2562.9557969129464,135237.7615006071,867,13,152.88888888888889,30,6,20,32.96314416177429,0.6614583333333333,42.43951612903226,1030.2419354838717,34.34139784946239,0
3857,4,0,0,36,0.0,0.0,1.0,36,950,500,450,0.5263157894736842,14,5,9,369.19604274638493,0.4478174603174603,0.21366824630813164,0.22447470735420574,132744.051425743,2601.715696901396,135345.7671226444,868,14,153.88888888888889,30,6,20,32.8607995304552,0.6621527777777778,42.372311827957,1030.5107526881732,34.3503584229391,0
3858,4,0,0,36,0.0,0.0,1.0,36,800,500,300,0.625,11,5,6,369.1119808236066,0.4472222222222222,0.21490198635198032,0.22483874352154395,132813.31521346403,2604.5971716383533,135417.9123851024,869,15,154.88888888888889,30,6,20,32.79328030599385,0.6628472222222221,42.30510752688173,1030.7795698924735,34.35931899641579,0
3859,4,0,1,35,0.0,0.027777777777777776,0.9722222222222222,36,1300,1000,300,0.7692307692307693,16,10,6,368.0735148880909,0.44679232804232805,0.21383456468202233,0.2244136613029935,132847.95388195178,2579.5626662042027,135427.51654815598,870,16,155.88888888888889,30,6,20,32.785202086049566,0.6631944444444444,42.271505376344095,1030.9139784946244,34.363799283154144,0
3860,4,0,0,35,0.0,0.0,1.0,35,1500,1200,300,0.8,18,12,6,376.4968265968457,0.44527310924369745,0.21007505074771426,0.22976190587306325,132882.59706685747,3005.975221123838,135888.5722879813,484,17,136.4857142857143,30,5,20,32.53324208056317,0.6635416666666667,42.237903225806456,1031.0483870967746,34.368279569892486,0
3861,4,0,0,35,0.0,0.0,1.0,35,1000,700,300,0.7,13,7,6,379.1556351340584,0.44516806722689073,0.21151196991697363,0.23202873556768455,132986.5537200832,3084.520248005543,136071.07396808875,485,18,137.4857142857143,30,5,20,32.36007948918426,0.6645833333333333,42.137096774193544,1031.4516129032254,34.381720430107514,0
3862,4,0,0,35,0.0,0.0,1.0,35,1300,800,500,0.6153846153846154,18,8,10,381.40475795622854,0.44380252100840334,0.22082488419251023,0.23449216463938183,133159.90513715456,3157.564277662157,136317.46941481673,486,19,138.4857142857143,30,5,21,32.12766419238617,0.6663194444444445,41.969086021505376,1032.1236559139784,34.40412186379928,0
3863,4,0,0,35,0.0,0.0,1.0,35,1150,900,250,0.782608695652174,14,9,5,381.05395219998263,0.44338235294117645,0.22016478509122694,0.23471334457482493,133229.2773189098,3153.508534223617,136382.78585313342,487,20,139.4857142857143,30,5,22,32.06695091784923,0.6670138888888889,41.90188172043011,1032.3924731182801,34.413082437276,0
3864,4,0,0,35,0.0,0.0,1.0,35,750,200,550,0.26666666666666666,13,2,11,380.87411407785993,0.4424019607843137,0.22322520680360647,0.23548009386068805,133368.07587943683,3159.289549369852,136527.3654288067,488,21,140.4857142857143,30,5,22,31.932064628063323,0.6684027777777778,41.76747311827956,1032.9301075268809,34.431003584229366,0
3865,4,0,0,35,0.0,0.0,1.0,35,1150,1000,150,0.8695652173913043,13,10,3,384.0400624349636,0.44131652661064424,0.22211981566820294,0.2381048387096773,133472.2222222221,3251.7767588738393,136723.99898109594,489,22,141.4857142857143,29,6,23,31.7456317204301,0.6724137931034483,41.66666666666666,1033.3333333333323,35.632183908045945,0
3866,4,0,0,35,0.0,0.0,1.0,35,1250,900,350,0.72,16,9,7,383.5682216132073,0.44054621848739495,0.22427067278230717,0.23893039100165184,133645.88978855917,3252.463254422452,136898.35304298162,490,23,142.4857142857143,30,5,23,31.58336583040859,0.6711805555555556,41.49865591397848,1034.0053763440844,34.46684587813615,0
3867,4,0,0,35,0.0,0.0,1.0,35,1100,900,200,0.8181818181818182,13,9,4,381.1080641381607,0.4400910364145658,0.19282439414889763,0.21938860114463624,130661.6550021701,2959.2420789930516,133620.89708116316,491,24,143.4857142857143,31,4,20,34.65995924605197,0.6384408602150538,44.401041666666664,1022.3958333333329,32.98051075268816,8
3868,4,0,0,35,0.0,0.0,1.0,35,1100,800,300,0.7272727272727273,14,8,6,383.2155138427604,0.44030112044817926,0.19496226243520964,0.22117251000991045,130761.51741875529,3021.9684176974647,133783.48583645275,492,25,144.4857142857143,31,4,20,34.50469446212603,0.6394489247311828,44.30338541666666,1022.7864583333322,32.99311155913975,0
3869,4,1,0,36,0.027777777777777776,0.0,1.0,36,1000,700,300,0.7,13,7,6,375.05525454290813,0.4414517195767196,0.20319690992767891,0.21856668281983255,131134.06795224966,2636.504247015594,133770.57219926527,493,0,141.44444444444446,32,4,21,34.33570636094673,0.640625,43.93939393939393,1024.2424242424233,32.00757575757573,0
3870,4,0,0,36,0.0,0.0,1.0,36,850,700,150,0.8235294117647058,10,7,3,369.2003669769542,0.441005291005291,0.16370701457679004,0.2018652997249157,128641.33536380227,2374.786700958927,131016.12206476119,494,1,142.44444444444446,33,3,22,37.02132157525971,0.6130050505050505,46.38480392156862,1014.4607843137245,30.741235888294682,8
3871,4,0,0,36,0.0,0.0,1.0,36,950,800,150,0.8421052631578947,11,8,3,368.5848997902425,0.4409391534391534,0.1588921087230677,0.20216027417634339,128765.68657487487,2292.2175365243916,131057.90411139926,495,2,143.44444444444446,33,3,22,36.9098647669645,0.6142676767676767,46.26225490196077,1014.9509803921554,30.756090314913802,0
3872,4,0,0,36,0.0,0.0,1.0,36,650,300,350,0.46153846153846156,10,3,7,371.5114886589135,0.44077380952380957,0.15590554348700603,0.20440532503504352,128890.09785899647,2376.8304257977584,131266.92828479424,496,3,144.44444444444446,33,3,23,36.70850430444926,0.615530303030303,46.139705882352935,1015.4411764705876,30.770944741532958,0
3873,4,0,0,36,0.0,0.0,1.0,36,900,600,300,0.6666666666666666,12,6,6,372.99848687853415,0.44027777777777777,0.15513810155590413,0.20603134275216037,129045.69644187328,2426.769902201073,131472.46634407435,497,4,145.44444444444446,33,3,24,36.51185522454066,0.6171085858585859,45.986519607843135,1016.0539215686272,30.789512774806884,0
3874,4,1,0,37,0.02702702702702703,0.0,1.0,37,700,300,400,0.42857142857142855,11,3,8,365.4333887321895,0.4413163163163163,0.15436202282745293,0.20361261699695551,129388.34372597077,2056.658046184159,131445.00177215494,498,0,142.48648648648648,33,4,25,36.354693648116914,0.6205808080808081,45.64950980392157,1017.4019607843137,30.830362448009506,0
3875,4,1,1,37,0.02631578947368421,0.02631578947368421,0.9736842105263158,38,1500,1000,500,0.6666666666666666,20,10,10,357.7686610544452,0.44284909909909914,0.15945538693359174,0.2010906612133605,129731.44531249991,1682.769097222209,131414.21440972213,499,0,139.71052631578948,35,3,16,36.200579413769574,0.6196428571428572,45.31249999999999,1018.7499999999993,29.107142857142836,0
3876,4,0,2,35,0.0,0.05405405405405406,0.9459459459459459,37,1100,700,400,0.6363636363636364,15,7,8,369.777022948768,0.44069069069069067,0.1683542104348652,0.20743884795584977,129655.65653344667,2188.7365362811743,131844.39306972784,500,1,144.45945945945945,34,3,16,35.97189752581336,0.6210171568627452,45.38690476190476,1018.4523809523806,29.954481792717075,0
3877,4,1,0,36,0.027777777777777776,0.0,1.0,36,950,600,350,0.631578947368421,13,6,7,350.61443057287414,0.44146825396825395,0.09363567471516676,0.18918941101470305,128114.39909297043,1783.7514172335468,129898.15051020398,501,0,143.25,34,2,21,38.0308776262151,0.6053921568627452,46.9047619047619,1012.3809523809516,29.775910364145634,8
3878,4,3,1,38,0.07692307692307693,0.02564102564102564,0.9743589743589743,39,900,700,200,0.7777777777777778,11,7,4,331.63362327400273,0.44450067476383265,0.10863115008192747,0.18287225511966435,128978.5318559556,754.7235687903865,129733.25542474599,502,0,133.15384615384616,37,2,20,37.63088298791017,0.6081081081081081,46.05263157894736,1015.78947368421,27.4537695590327,0
3879,4,0,0,38,0.0,0.0,1.0,38,1250,800,450,0.64,17,8,9,339.4748002115208,0.4430417259364628,0.10626958150280941,0.18730288518092506,129001.10995708527,1158.525205949174,130159.63516303444,503,1,137.6578947368421,36,2,20,37.40877766692534,0.6102430555555556,46.030405405405396,1015.8783783783767,28.2188438438438,0
3880,4,0,0,38,0.0,0.0,1.0,38,1150,1000,150,0.8695652173913043,13,10,3,337.8054161577391,0.44244902797534374,0.10487247367254837,0.1870571586650153,129144.15048494416,1125.1186997808327,130269.26918472498,504,2,138.6578947368421,36,2,21,37.30565403648719,0.6116898148148149,45.889639639639626,1016.4414414414395,28.23448448448443,0
3881,4,0,0,38,0.0,0.0,1.0,38,1300,900,400,0.6923076923076923,17,9,8,337.72889067670866,0.44188596491228066,0.10491275987852888,0.1877054878163335,129289.65627411232,1132.9831194862797,130422.6393935986,505,3,139.6578947368421,35,3,21,37.15965346534653,0.6151785714285714,45.74652777777776,1017.0138888888862,29.057539682539606,0
3882,4,0,1,37,0.0,0.02631578947368421,0.9736842105263158,38,1200,1000,200,0.8333333333333334,14,10,4,340.3044044507333,0.4415155286865813,0.10353910253340359,0.18984494441185554,129436.83556241407,1209.5850480109507,130646.42061042502,506,4,140.6578947368421,35,3,15,36.944570821959346,0.6166666666666667,45.60185185185184,1017.592592592591,29.07407407407403,0
3883,4,0,0,37,0.0,0.0,1.0,37,900,500,400,0.5555555555555556,13,5,8,346.7996191618186,0.44115990990990994,0.09323502257521854,0.1935015107438137,129443.5657596372,1578.195861678004,131021.7616213152,507,5,139.32432432432432,34,3,16,36.77249064108563,0.6188725490196079,45.595238095238095,1017.6190476190478,29.929971988795526,0
3884,4,0,0,37,0.0,0.0,1.0,37,1550,1400,150,0.9032258064516129,17,14,3,349.4724046189937,0.44069069069069067,0.039851043142837383,0.18885719654950192,128174.66695011339,1594.6215986394554,129769.28854875284,508,6,140.32432432432432,34,3,21,37.998177756877496,0.6060049019607843,46.845238095238095,1012.6190476190477,29.78291316526611,8
3885,4,2,0,39,0.05128205128205128,0.0,1.0,39,750,700,50,0.9333333333333333,8,7,1,335.1772435722924,0.44261695906432746,0.06018459263051601,0.18413301954931233,128829.56594685899,836.1477609366086,129665.7137077956,509,0,134.07692307692307,36,3,18,37.69250323534849,0.6085069444444444,46.19932432432432,1015.2027027027025,28.20007507507507,0
3886,4,1,0,40,0.025,0.0,1.0,40,1000,700,300,0.7,13,7,6,329.9555816224058,0.44480502136752137,0.0586030204962249,0.18271733821025665,129145.65659626022,522.4660472452924,129668.12264350551,510,0,131.7,37,3,19,37.50359582883856,0.6097972972972974,45.888157894736835,1016.4473684210512,27.47155049786625,0
3887,4,1,2,39,0.024390243902439025,0.04878048780487805,0.9512195121951219,41,1350,1000,350,0.7407407407407407,17,10,7,324.78513441791245,0.44789126016260167,0.06187382690827081,0.17242426577476713,127459.90125868075,79.41623263890847,127539.31749131966,511,0,129.46341463414635,39,2,14,39.3529502785228,0.5892094017094017,47.55208333333334,1009.7916666666682,25.892094017094056,8
3888,4,1,0,40,0.025,0.0,1.0,40,1050,400,650,0.38095238095238093,17,4,13,335.36594259425414,0.445446047008547,0.09239613066920427,0.17891858155662993,127658.21468195257,562.4434993425286,128220.65818129509,512,0,133.35,38,2,16,38.88294217147689,0.5929276315789473,47.355769230769226,1010.5769230769223,26.59412955465585,0
3889,4,0,1,39,0.0,0.025,0.975,40,1500,900,600,0.6,21,9,12,336.75562151802984,0.4448317307692307,0.09055567293471434,0.18050558965400174,127847.22792935933,610.6545401417242,128457.88246950106,513,1,134.35,38,2,18,38.65457074441864,0.5948464912280702,47.16880341880342,1011.3247863247863,26.613810166441745,0
3890,4,0,1,38,0.0,0.02564102564102564,0.9743589743589743,39,1200,1000,200,0.8333333333333334,14,10,4,339.19284931351035,0.44523166891587945,0.08876072888744457,0.18230171867190367,127955.2982778143,880.3044415223918,128835.60271933669,514,2,136.3846153846154,38,1,18,38.48248856036607,0.5959429824561404,47.06196581196581,1011.7521367521368,26.62505623031939,0
3891,4,0,0,38,0.0,0.0,1.0,38,1150,900,250,0.782608695652174,14,9,5,344.67772725703634,0.44489390706495974,0.07919264401384973,0.1852266388701614,127950.32035097324,1220.3251240766251,129170.64547504987,515,3,137.94736842105263,37,1,19,38.348844875546405,0.5976914414414414,47.066885964912274,1011.7324561403498,27.34412043622567,0
3892,4,2,0,40,0.05,0.0,1.0,40,1200,500,700,0.4166666666666667,19,5,14,332.3090395470009,0.4468215811965812,0.08795691562203722,0.18140366373891162,128577.5888144676,545.6462901350917,129123.23510460269,516,0,132.0,38,2,17,38.02187576810983,0.6022478070175439,46.44764957264956,1014.2094017093999,26.689721097615788,0
3893,4,1,0,41,0.024390243902439025,0.0,1.0,41,1150,700,450,0.6086956521739131,16,7,9,331.2234629470762,0.44923780487804876,0.10115211579676564,0.18281960577944736,129016.12548828125,346.6335720486108,129362.75906032986,517,0,129.7560975609756,39,2,19,37.60306657780512,0.6049679487179487,46.015625,1015.9375,26.049679487179485,0
3894,4,0,0,41,0.0,0.0,1.0,41,1150,800,350,0.6956521739130435,15,8,7,330.5318030552929,0.4486026422764227,0.10396161567376239,0.18269693193752767,129072.27143441407,332.4981203318142,129404.76955474589,518,1,130.7560975609756,40,1,19,37.5635480214688,0.60390625,45.96036585365854,1016.1585365853662,25.403963414634156,0
3895,4,1,0,42,0.023809523809523808,0.0,1.0,42,1150,900,250,0.782608695652174,14,9,5,326.78289513454297,0.4486667634533488,0.10977630892668255,0.18231536850767296,129439.78000217034,59.870309027280825,129499.65031119762,519,0,128.61904761904762,39,3,16,37.28556744122563,0.6092414529914529,45.59895833333334,1017.6041666666683,26.092414529914574,0
3896,4,0,2,40,0.0,0.047619047619047616,0.9523809523809523,42,750,300,450,0.4,12,3,9,325.67161710592103,0.4485336817653891,0.11348509052183187,0.18202717170384536,129511.53413973171,35.64615143103151,129547.18029116275,520,1,129.61904761904762,40,2,16,37.24103933706071,0.6083333333333334,45.52845528455285,1017.8861788617892,25.447154471544728,0
3897,4,0,2,38,0.0,0.05,0.95,40,900,500,400,0.5555555555555556,13,5,8,333.8264705076577,0.44759615384615387,0.11413043478260909,0.18588863463005337,129364.36760355021,637.0500493096588,130001.41765285988,521,2,135.1,38,2,21,37.18297101449277,0.6101973684210527,45.67307692307692,1017.3076923076916,26.771255060728727,0
3898,4,2,1,39,0.05,0.025,0.975,40,1000,600,400,0.6,14,6,8,330.7271281761721,0.4476095085470086,0.1120156425723342,0.18601736864238846,129757.97661675338,582.8965928819355,130340.87320963532,522,0,133.925,39,1,18,36.86239051903349,0.6124465811965811,45.28645833333333,1018.8541666666658,26.12446581196579,0
3899,4,0,0,39,0.0,0.0,1.0,39,1700,1400,300,0.8235294117647058,20,14,6,340.4152332665197,0.4450629779577148,0.11022199277232825,0.19140328210079777,129745.05077069171,1033.4383446562847,130778.489115348,523,1,138.35897435897436,38,1,18,36.62874021252797,0.6140350877192983,45.299145299145295,1018.8034188034181,26.810616284300476,0
3900,4,1,1,39,0.025,0.025,0.975,40,1050,600,450,0.5714285714285714,15,6,9,368.6459017622059,0.4449919871794872,0.10520715824018012,0.2032032893207052,128963.21750217034,1508.3523220486313,130471.56982421898,524,0,135.875,39,1,17,36.70659846853315,0.6044337606837606,46.06770833333334,1015.7291666666683,26.04433760683765,8
3901,4,0,1,38,0.0,0.02564102564102564,0.9743589743589743,39,1250,900,350,0.72,16,9,7,375.2644408649784,0.44250449842555106,0.10693828678683559,0.20696138652808682,128984.2437358464,1880.6400211849036,130864.8837570313,525,1,140.15384615384616,38,1,17,36.517055812649,0.606359649122807,46.04700854700855,1015.8119658119665,26.731893837157013,0
3902,4,1,0,39,0.02564102564102564,0.0,1.0,39,1000,500,500,0.5,15,5,10,372.1534764247452,0.44261695906432746,0.11496846372291225,0.2065217945473764,129229.25954380186,1818.806267392058,131048.06581119393,526,0,140.97435897435898,37,2,18,36.34600003594666,0.6106418918918919,45.805921052631575,1016.776315789473,27.48044096728305,0
3903,4,4,2,41,0.09302325581395349,0.046511627906976744,0.9534883720930233,43,750,400,350,0.5333333333333333,11,4,7,350.3392324266406,0.4474667774086379,0.1441652460558267,0.1990933339635593,130161.33334120677,520.124322877292,130681.45766408407,527,0,128.7674418604651,41,2,19,35.95339944260807,0.6133130081300813,44.89087301587301,1020.4365079365073,24.88869531552457,0
3904,4,1,0,42,0.023809523809523808,0.0,1.0,42,1350,800,550,0.5925925925925926,19,8,11,361.0034033121441,0.44579945799457993,0.15028783869652274,0.20527724666254496,130184.79100568414,999.4305225064131,131184.22152819054,528,0,132.78571428571428,40,2,20,35.657530040496574,0.6151041666666667,44.867886178861774,1020.5284552845503,25.51321138211376,0
3905,4,0,1,41,0.0,0.023809523809523808,0.9761904761904762,42,1150,700,450,0.6086956521739131,16,7,9,360.37147226054816,0.445255032907472,0.1508379602646306,0.20592023881194751,130374.54433094796,996.7230101368325,131371.26734108478,529,1,133.78571428571428,37,5,20,35.48108582062846,0.6221846846846847,44.68201754385965,1021.2719298245612,27.601944049312465,0
3906,4,1,0,42,0.023809523809523808,0.0,1.0,42,1150,1000,150,0.8695652173913043,13,10,3,352.84405349981904,0.4455332946186605,0.1532712570448418,0.20367136949544026,130766.77439212077,828.0557479224539,131594.83014004322,530,0,132.0952380952381,37,5,19,35.2759612635792,0.6261261261261262,44.298245614035096,1022.8070175438606,27.643432906590828,0
3907,4,0,2,40,0.0,0.047619047619047616,0.9523809523809523,42,950,600,350,0.631578947368421,13,6,7,352.0628011130583,0.4450130662020906,0.15128595297768221,0.20358414151320328,130835.79881656812,812.4835634451068,131648.28238001323,531,1,133.0952380952381,38,4,19,35.22608604845446,0.625,44.23076923076923,1023.0769230769235,26.923076923076934,0
3908,4,1,1,40,0.024390243902439025,0.024390243902439025,0.975609756097561,41,950,400,550,0.42105263157894735,15,4,11,356.3926672746765,0.4452997967479675,0.13928697401596413,0.2067697668744006,130963.1103440482,1134.8584420206234,132097.9687860688,532,0,128.09756097560975,37,4,20,34.98649794679522,0.6280968468468469,44.10635964912281,1023.5745614035089,27.664177335229972,0
3909,4,0,0,40,0.0,0.0,1.0,40,1300,1100,200,0.8461538461538461,15,11,4,364.2345494522124,0.44453792735042735,0.14170416800599983,0.21101185909605844,130906.99932912063,1536.1703841566766,132443.1697132773,533,1,132.175,37,3,20,34.84265063037965,0.6275337837837838,44.16118421052632,1023.3552631578958,27.658250355618804,0
3910,4,0,0,40,0.0,0.0,1.0,40,1150,800,350,0.6956521739130435,15,8,7,364.0577536054699,0.4439903846153846,0.13799271636675225,0.211370845003773,130991.17036011086,1537.6702446906793,132528.84060480155,534,2,133.175,37,3,20,34.76194301628105,0.6283783783783784,44.078947368421055,1023.6842105263162,27.667140825035574,0
3911,4,0,0,40,0.0,0.0,1.0,40,400,200,200,0.5,6,2,4,364.2204348650085,0.44365651709401704,0.14363522537562612,0.21181363153800026,131054.49631090672,1546.5451274746301,132601.04143838136,535,3,134.175,38,2,20,34.69367348358373,0.6271929824561404,44.017094017094024,1023.9316239316252,26.94556905083224,0
3912,4,0,2,38,0.0,0.05,0.95,40,1100,700,400,0.6363636363636364,15,7,8,366.1041414408808,0.4434695512820513,0.13764080100125153,0.21351621095712725,131163.9135437215,1603.9303911900347,132767.8439349115,536,4,135.175,38,2,20,34.53470483938257,0.6282894736842105,43.91025641025642,1024.3589743589764,26.956815114709904,0
3913,4,0,0,38,0.0,0.0,1.0,38,750,300,450,0.4,12,3,9,371.7336326176476,0.4409080132764343,0.15026885053713745,0.2161425069354667,131047.29940943375,2142.9377308402686,133190.23714027402,537,5,141.73684210526315,37,1,20,34.508638537873935,0.6289414414414414,44.02412280701755,1023.9035087719304,27.67306780464677,0
3914,4,0,0,38,0.0,0.0,1.0,38,1250,1000,250,0.8,15,10,5,374.0658868073189,0.44061166429587484,0.15613396514517208,0.21797563622377844,131131.51552641208,2210.365328755018,133341.8808551671,538,6,142.73684210526315,37,1,20,34.36362541483782,0.6297860360360361,43.94188596491229,1024.2324561403518,27.68195827406356,0
3915,4,0,0,38,0.0,0.0,1.0,38,1000,700,300,0.7,13,7,6,373.62847003043936,0.4396337126600285,0.15182056264256127,0.21835885256000356,131243.8457626386,2207.2874586411303,133451.13322127974,539,7,143.73684210526315,37,1,20,34.26107990012484,0.6309121621621622,43.83223684210527,1024.6710526315796,27.693812233285936,0
3916,4,1,0,39,0.02564102564102564,0.0,1.0,39,1200,900,300,0.75,15,9,6,366.2327384902855,0.44093004948268105,0.14692071213810354,0.21548112287916815,131501.32395909433,1832.0721009130673,133333.3960600074,540,0,141.02564102564102,36,3,21,34.19018079344166,0.6354166666666667,43.58108108108109,1025.6756756756765,28.490990990991016,0
3917,4,0,1,38,0.0,0.02564102564102564,0.9743589743589743,39,1400,1000,400,0.7142857142857143,18,10,8,363.56170455689346,0.44036774628879893,0.1468215155574919,0.214673438040881,131637.38031173046,1771.66207390735,133409.04238563782,541,1,142.02564102564102,37,2,16,34.12123357196282,0.6348536036036037,43.4484649122807,1026.2061403508767,27.735301090564235,0
3918,4,0,0,38,0.0,0.0,1.0,38,1050,700,350,0.6666666666666666,14,7,7,376.73272516299744,0.4386409435751541,0.14975446299612916,0.2219945101057508,131559.08230866006,2312.522319616919,133871.60462827698,542,10,146.73684210526315,36,2,16,33.86251372118551,0.6359953703703703,43.52477477477478,1025.9009009009012,28.497247247247255,0
3919,4,0,1,37,0.0,0.02631578947368421,0.9736842105263158,38,1100,900,200,0.8181818181818182,13,9,4,376.6574198170486,0.43819642010431487,0.15471351700884495,0.22296162591248156,131732.4334469605,2323.5996976706465,134056.03314463113,543,11,147.73684210526315,36,2,17,33.68916374140704,0.6377314814814814,43.35585585585586,1026.5765765765768,28.516016016016025,0
3920,4,0,0,37,0.0,0.0,1.0,37,1200,700,500,0.5833333333333334,17,7,10,385.84788732394367,0.4363738738738739,0.1603837076513135,0.22936369725385133,131892.24222232937,2778.0686031807254,134670.3108255101,544,12,151.6216216216216,35,2,17,33.29166666666667,0.6413690476190477,43.20023148148148,1027.199074074074,29.348544973544968,0
3921,4,0,0,37,0.0,0.0,1.0,37,1350,1100,250,0.8148148148148148,16,11,5,379.34175810458487,0.43559184184184185,0.14954812905032555,0.22620385965148487,132011.15779588904,2615.4689375428657,134626.6267334319,545,13,152.6216216216216,35,2,17,33.33861264406652,0.6425595238095239,43.08449074074074,1027.662037037037,29.361772486772484,0
3922,4,0,0,37,0.0,0.0,1.0,37,850,400,450,0.47058823529411764,13,4,9,379.665639451644,0.4352477477477477,0.1505057111134771,0.22746656820821679,132189.63162562152,2637.572204003765,134827.20382962527,546,14,153.6216216216216,35,2,17,33.15008910148189,0.6443452380952381,42.910879629629626,1028.356481481481,29.381613756613746,0
3923,4,0,0,37,0.0,0.0,1.0,37,950,600,350,0.631578947368421,13,6,7,379.04199291837523,0.4350913413413413,0.14914588268926043,0.2274507894034843,132249.14969403722,2625.5962523576814,134874.7459463949,547,15,154.6216216216216,35,2,17,33.106058474925916,0.6449404761904762,42.85300925925926,1028.587962962963,29.388227513227516,0
3924,4,0,1,36,0.0,0.02702702702702703,0.972972972972973,37,1250,1200,50,0.96,13,12,1,382.4648465623463,0.43531031031031026,0.15017176906940688,0.2300482060852001,132338.45191400885,2722.9611411179667,135061.41305512682,548,16,155.6216216216216,35,2,17,32.927915260592435,0.6458333333333333,42.7662037037037,1028.9351851851848,29.398148148148135,0
3925,4,0,0,36,0.0,0.0,1.0,36,1000,700,300,0.7,13,7,6,390.96217647476004,0.43225859788359783,0.15892310462812897,0.23419773095623989,132183.68055555562,3135.763888888898,135319.44444444453,549,17,160.36111111111111,34,2,17,32.865680713128036,0.6464460784313726,42.91666666666667,1028.333333333334,30.245098039215705,0
3926,4,0,1,35,0.0,0.027777777777777776,0.9722222222222222,36,1700,1400,300,0.8235294117647058,20,14,6,389.5547697701951,0.4314980158730159,0.1547637410663789,0.2344924394076302,132367.37528344686,3112.8684807256436,135480.2437641725,550,18,161.36111111111111,34,2,18,32.71633503007867,0.6482843137254901,42.73809523809525,1029.0476190476202,30.266106442577065,0
3927,4,0,0,35,0.0,0.0,1.0,35,1050,900,150,0.8571428571428571,12,9,3,390.92592896130077,0.4295868347338936,0.15546558704453473,0.235509035252296,132398.00347222234,3351.5625000000177,135749.56597222236,551,19,164.0,34,1,18,32.650134952766535,0.6485906862745099,42.70833333333334,1029.1666666666677,30.269607843137283,0
3928,4,0,1,34,0.0,0.02857142857142857,0.9714285714285714,35,750,500,250,0.6666666666666666,10,5,5,388.1626443098159,0.42843137254901964,0.1460876662019246,0.23462895953173202,132524.1568747598,3288.185433487135,135812.34230824694,552,20,165.0,33,2,18,32.593926049353335,0.6521464646464646,42.5857843137255,1029.6568627450988,31.201723113487844,0
3929,4,0,0,34,0.0,0.0,1.0,34,850,500,350,0.5882352941176471,12,5,7,397.932139515803,0.42624777183600715,0.1536749374102644,0.2401436516263761,132462.98408644527,3742.2557328333855,136205.23981927865,553,21,169.64705882352942,32,2,18,32.40422748272619,0.6539713541666667,42.64520202020202,1029.419191919192,32.16934974747475,0
3930,4,0,0,34,0.0,0.0,1.0,34,850,500,350,0.5882352941176471,12,5,7,395.065561821258,0.42628490790255497,0.14767194431420627,0.23882577143457095,132527.9806429192,3671.4482259463443,136199.42886886554,554,22,170.64705882352942,32,2,18,32.412374821173096,0.6546223958333333,42.58207070707071,1029.671717171718,32.17724116161619,0
3931,4,0,0,34,0.0,0.0,1.0,34,850,600,250,0.7058823529411765,11,6,5,394.94860063632905,0.42606209150326796,0.1477149820457726,0.23937523655209325,132625.5053693502,3676.051550862172,136301.55692021237,555,23,171.64705882352942,32,2,18,32.3169485985127,0.6555989583333333,42.487373737373744,1030.050505050506,32.18907828282831,0
3932,4,0,0,34,0.0,0.0,1.0,34,700,300,400,0.42857142857142855,11,3,8,391.35489965271995,0.4253193701723113,0.1475006457401542,0.23750247556764648,132673.8166099773,3584.5096371882078,136258.3262471655,556,24,172.64705882352942,34,0,18,32.360758030968334,0.6513480392156863,42.44047619047619,1030.2380952380952,30.30112044817927,0
3933,4,0,0,34,0.0,0.0,1.0,34,900,600,300,0.6666666666666666,12,6,6,393.8874042899945,0.42476232917409384,0.15388849624877632,0.23943043339425538,132735.1473922905,3656.5405328798447,136391.68792517035,557,25,173.64705882352942,34,0,18,32.23366258471965,0.6519607843137255,42.380952380952394,1030.4761904761924,30.308123249299776,0
3934,4,0,0,34,0.0,0.0,1.0,34,1300,900,400,0.6923076923076923,17,9,8,391.8692296394587,0.42485516934046347,0.1539896309684785,0.23839858896618385,132765.81809807263,3605.3677721088548,136371.18587018148,558,26,174.64705882352942,34,0,18,32.25472642562858,0.6522671568627452,42.35119047619048,1030.5952380952388,30.311624649859965,0
3935,4,0,0,34,0.0,0.0,1.0,34,1100,800,300,0.7272727272727273,14,8,6,390.1381421603796,0.42413101604278075,0.15211810884593957,0.23831992858908424,132919.22477324295,3571.3718820862046,136490.59665532917,559,27,175.64705882352942,34,0,18,32.14471253752021,0.6537990196078431,42.20238095238097,1031.1904761904786,30.329131652661136,0
3936,4,0,0,34,0.0,0.0,1.0,34,1250,900,350,0.72,16,9,7,390.9322712906582,0.42342543077837197,0.15062244607051212,0.23959116428605712,133042.01388888905,3602.0833333333526,136644.0972222224,560,28,176.64705882352942,34,0,18,32.00053850296177,0.6550245098039216,42.08333333333334,1031.666666666668,30.343137254902004,0
3937,4,0,1,33,0.0,0.029411764705882353,0.9705882352941176,34,1150,700,450,0.6086956521739131,16,7,9,391.3813166959635,0.42236705288175874,0.15041687301145878,0.24085645117606083,133195.5800028344,3626.0522959183686,136821.63229875278,561,29,177.64705882352942,34,0,19,31.8343232230039,0.6565563725490196,41.93452380952381,1032.2619047619044,30.36064425770307,0
3938,4,0,0,33,0.0,0.0,1.0,33,1000,800,200,0.8,12,8,4,396.2411114369729,0.421322601010101,0.1372432624955482,0.24379392853423099,133187.4478115389,3954.8684700595986,137142.3162815985,562,30,173.27272727272728,33,0,19,31.717099014602873,0.6587752525252526,41.942401960784316,1032.2303921568632,31.27970885323828,0
3939,4,0,0,33,0.0,0.0,1.0,33,700,400,300,0.5714285714285714,10,4,6,398.25276490360375,0.4211253156565657,0.14065152954041826,0.2452398604932719,133219.0743944637,4010.9729430988136,137230.04733756252,563,31,174.27272727272728,33,0,19,31.633329376384943,0.6590909090909092,41.911764705882355,1032.352941176471,31.28342245989306,0
3940,4,0,0,33,0.0,0.0,1.0,33,950,800,150,0.8421052631578947,11,8,3,398.98714145838073,0.42069128787878785,0.1381726114695494,0.2461102235672267,133282.33882401002,4035.587874855828,137317.92669886583,564,32,175.27272727272728,33,0,19,31.55065669752354,0.6597222222222222,41.85049019607843,1032.5980392156866,31.290849673202626,0
3941,4,0,0,33,0.0,0.0,1.0,33,950,700,250,0.7368421052631579,12,7,5,397.720169031828,0.41990214646464646,0.13857948480175963,0.24637610177129632,133440.56560277307,4014.4008614475306,137454.9664642206,565,33,176.27272727272728,33,0,19,31.424084726999556,0.661300505050505,41.69730392156863,1033.2107843137262,31.30941770647655,0
3942,4,0,0,33,0.0,0.0,1.0,33,650,400,250,0.6153846153846154,9,4,5,396.59644922344535,0.419113005050505,0.14437678504068518,0.246521079528354,133567.21460796337,3994.4566092368386,137561.6712172002,566,34,177.27272727272728,33,0,19,31.32570144240268,0.6625631313131313,41.57475490196079,1033.7009803921574,31.32427213309568,0
3943,4,0,0,33,0.0,0.0,1.0,33,1100,800,300,0.7272727272727273,14,8,6,397.58991431239855,0.41824494949494945,0.14211076280041812,0.24798679134385318,133693.92368620256,4031.071132497133,137724.9948186997,567,35,178.27272727272728,33,0,19,31.172606351463454,0.6638257575757576,41.45220588235295,1034.1911764705892,31.339126559714824,0
3944,4,0,0,33,0.0,0.0,1.0,33,950,500,450,0.5263157894736842,14,5,9,397.58170373749215,0.4178109217171717,0.14498933901918987,0.2486210920705117,133788.99491782003,4038.4113081507094,137827.40622597074,568,36,179.27272727272728,33,0,17,31.077252625760092,0.6647727272727273,41.36029411764706,1034.5588235294115,31.350267379679135,0
3945,4,0,1,32,0.0,0.030303030303030304,0.9696969696969697,33,650,400,250,0.6153846153846154,9,4,5,397.95943784121476,0.41729797979797983,0.14837144538707814,0.2492855707070636,133852.39451172622,4053.5647347174126,137905.95924644364,569,37,180.27272727272728,33,0,17,31.003769935259754,0.6654040404040404,41.299019607843135,1034.8039215686272,31.357694592988704,0
3946,4,0,1,31,0.0,0.03125,0.96875,32,650,400,250,0.6153846153846154,9,4,5,402.85928771750247,0.41693968413978494,0.14160335042109118,0.2517640079534324,133765.9442435721,4377.770603764922,138143.71484733702,570,38,181.71875,32,0,18,30.96393262541194,0.6669921875,41.38257575757576,1034.469696969697,32.32717803030303,0
3947,4,0,0,31,0.0,0.0,1.0,31,650,400,250,0.6153846153846154,9,4,5,409.1570607518012,0.4151881720430108,0.14893210901869414,0.25529729250208605,133707.78613620324,4741.496955023862,138449.28309122712,571,39,185.03225806451613,31,0,18,30.85958810692854,0.669018817204301,41.43880208333333,1034.2447916666658,33.36273521505374,0
3948,4,0,0,31,0.0,0.0,1.0,31,650,400,250,0.6153846153846154,9,4,5,408.7135074511755,0.41411290322580646,0.14650064126499696,0.2561872994654528,133876.17323133675,4743.4000651041615,138619.5732964409,572,40,186.03225806451613,31,0,18,30.701644019459824,0.6706989247311828,41.276041666666664,1034.895833333333,33.38373655913978,0
3949,4,0,0,31,0.0,0.0,1.0,31,700,400,300,0.5714285714285714,10,4,6,391.558210191359,0.4131272401433692,0.07926360708271307,0.23339708420167732,131996.29041883687,4136.846245659727,136133.1366644966,573,41,187.03225806451613,31,0,20,33.03978712620375,0.6518817204301075,43.098958333333336,1027.6041666666672,33.14852150537636,8
3950,4,0,0,31,0.0,0.0,1.0,31,550,300,250,0.5454545454545454,8,3,5,389.20777613940055,0.41299283154121863,0.07951512773670433,0.232200829710377,132029.74319458008,4077.4005466037324,136107.1437411838,574,42,188.03225806451613,31,0,20,33.066350986105846,0.6522177419354839,43.06640625,1027.734375,33.15272177419355,0
3951,4,0,0,31,0.0,0.0,1.0,31,900,600,300,0.6666666666666666,12,6,6,388.669727737179,0.41191756272401436,0.07843906265320144,0.23249516441005807,132130.126953125,4070.99609375,136201.123046875,575,43,189.03225806451613,31,0,20,32.97872340425532,0.6532258064516129,42.96875,1028.125,33.16532258064516,0
3952,4,1,0,32,0.03125,0.0,1.0,32,900,600,300,0.6666666666666666,12,6,6,381.6381038591275,0.41349546370967744,0.0747355916615573,0.23070857946413528,132527.98064291905,3715.5454481685524,136243.5260910876,576,0,184.09375,32,0,21,32.75802166360108,0.6546223958333333,42.582070707070706,1029.6717171717169,32.17724116161615,0
3953,4,0,0,32,0.0,0.0,1.0,32,900,600,300,0.6666666666666666,12,6,6,383.48021193771643,0.4122983870967742,0.07405790441176485,0.23282727153361335,132690.5417814507,3776.8394168962172,136467.38119834693,577,1,185.09375,32,0,17,32.54672181372548,0.65625,42.424242424242415,1030.3030303030291,32.19696969696966,0
3954,4,1,1,32,0.030303030303030304,0.030303030303030304,0.9696969696969697,33,850,500,350,0.5882352941176471,12,5,7,376.118392471268,0.41264204545454547,0.07072626502555268,0.23082484435918932,133092.59059015766,3411.7142445213462,136504.304834679,578,0,180.45454545454547,33,0,19,32.331749802058596,0.6578282828282829,42.0343137254902,1031.8627450980396,31.268568033273926,0
3955,4,0,0,32,0.0,0.0,1.0,32,1300,1000,300,0.7692307692307693,16,10,6,386.0114105316596,0.41055527553763443,0.07990956665442539,0.23620428559049633,132983.402921258,3866.6221877869602,136850.02510904497,579,1,187.03125,32,0,19,32.18646713183989,0.6591796875,42.140151515151516,1031.4393939393938,32.232481060606055,0
3956,4,0,0,32,0.0,0.0,1.0,32,1000,800,200,0.8,12,8,4,384.51847487585223,0.4096312163978495,0.07177752293577977,0.23652660136268558,133178.8230314509,3841.9435835629065,137020.76661501382,580,2,188.03125,32,0,19,32.028287461773694,0.6611328125,41.95075757575758,1032.19696969697,32.25615530303031,0
3957,4,0,0,32,0.0,0.0,1.0,32,700,500,200,0.7142857142857143,9,5,4,386.7299971094359,0.40889616935483875,0.06784207630227423,0.2385126633756387,133276.58689164388,3908.410812672198,137184.99770431608,581,3,189.03125,32,0,19,31.87286011249695,0.662109375,41.856060606060616,1032.5757575757589,32.267992424242465,0
3958,4,0,0,32,0.0,0.0,1.0,32,850,600,250,0.7058823529411765,11,6,5,373.2309281038505,0.40877016129032256,0.008010385005065901,0.22325995517484892,132130.12695312512,3483.6711396636974,135613.7980927888,582,4,190.03125,31,1,20,33.375548801080726,0.6532258064516129,42.96875000000001,1028.125000000001,33.16532258064519,8
3959,4,0,0,32,0.0,0.0,1.0,32,800,700,100,0.875,9,7,2,373.2309281038505,0.40877016129032256,0.008010385005065901,0.22325995517484892,132130.12695312512,3463.009982638904,135593.13693576402,583,5,191.03125,31,1,20,33.375548801080726,0.6532258064516129,42.96875000000001,1028.125000000001,33.16532258064519,0
3960,4,0,0,32,0.0,0.0,1.0,32,950,800,150,0.8421052631578947,11,8,3,370.31245900560526,0.409169186827957,0.013692397771869702,0.22210312176805452,132230.5488586427,3393.3239407009696,135623.87279934366,584,6,192.03125,31,1,20,33.34928999451407,0.654233870967742,42.87109375000001,1028.515625000001,33.177923387096804,0
3961,4,0,0,32,0.0,0.0,1.0,32,650,400,250,0.6153846153846154,9,4,5,382.4858884920629,0.4096522177419355,-0.034315247082195244,0.21245112730448773,129265.58036169768,3488.452071217212,132754.0324329149,585,7,193.03125,32,0,19,36.04627100405596,0.6217447916666667,45.770202020202014,1016.9191919191911,31.778724747474723,7
3962,4,1,1,32,0.030303030303030304,0.030303030303030304,0.9696969696969697,33,650,400,250,0.6153846153846154,9,4,5,373.8155656018922,0.4139046717171717,-0.0354720918101199,0.2091101618488158,129544.24267409154,3085.130869136849,132629.3735432284,586,0,188.15151515151516,33,0,18,35.982579952650354,0.6221590909090908,45.496323529411754,1018.0147058823517,30.848930481283386,0
3963,4,0,0,32,0.0,0.0,1.0,32,950,700,250,0.7368421052631579,12,7,5,385.515208687642,0.41255040322580644,-0.036830357142857206,0.2158885168650793,129586.776859504,3591.5346648301033,133178.3115243341,587,1,194.78125,32,0,19,35.64143105158731,0.625,45.454545454545446,1018.181818181817,31.81818181818178,0
3964,4,1,0,33,0.030303030303030304,0.0,1.0,33,550,400,150,0.7272727272727273,7,4,3,376.9596730861832,0.4172585227272727,-0.023275290759068534,0.21340533329409628,130012.5027032871,3201.894103229517,133214.39680651663,588,0,189.84848484848484,33,0,20,35.42567892333574,0.6268939393939394,45.03676470588235,1019.8529411764698,30.904634581105146,0
3965,4,0,0,33,0.0,0.0,1.0,33,1350,1000,350,0.7407407407407407,17,10,7,378.6088187200009,0.4164693813131313,-0.014105265456292093,0.21519970194412588,130168.77710796316,3256.6093870145955,133425.38649497775,589,1,190.84848484848484,33,0,20,35.22464573075536,0.6284722222222222,44.88357843137254,1020.4656862745088,30.923202614379054,0
3966,4,1,0,34,0.029411764705882353,0.0,1.0,34,1150,900,250,0.782608695652174,14,9,5,370.16825709652977,0.41889483065953653,-0.010017842408513111,0.21278934751496575,130606.84479827466,2869.3354118608204,133476.18021013547,590,0,186.2058823529412,33,1,16,34.99517943491988,0.6328914141414141,44.4546568627451,1022.1813725490192,30.975193107546037,0
3967,4,0,0,34,0.0,0.0,1.0,34,1000,600,400,0.6,14,6,8,369.86655912057506,0.419247623291741,-0.01032548173834602,0.21347899740112872,130763.47588667826,2873.0073769704013,133636.48326364867,591,1,187.2058823529412,33,1,19,34.84403706366324,0.634469696969697,44.3014705882353,1022.7941176470594,30.99376114081998,0
3968,4,0,0,34,0.0,0.0,1.0,34,1500,1300,200,0.8666666666666667,17,13,4,368.77624007281156,0.41824494949494945,-0.01318458417849877,0.2138902192422308,130951.5570934257,2858.3645713187366,133809.92166474444,592,2,188.2058823529412,33,1,20,34.68131385696042,0.6363636363636364,44.117647058823536,1023.5294117647067,31.016042780748688,0
3969,4,0,0,34,0.0,0.0,1.0,34,700,200,500,0.2857142857142857,12,2,10,369.752754149803,0.4175579322638146,-0.013176329777871088,0.21498150737102326,131045.64838343431,2890.8978818243077,133936.54626525863,593,3,189.2058823529412,33,1,20,34.561016357470585,0.6373106060606061,44.02573529411765,1023.8970588235298,31.027183600713027,0
3970,4,0,1,33,0.0,0.029411764705882353,0.9705882352941176,34,750,500,250,0.6666666666666666,10,5,5,369.17487736372874,0.417242275698158,-0.009982260017458167,0.21482070161917252,131077.01965590162,2878.0685313341105,133955.08818723573,594,4,190.2058823529412,33,1,20,34.54404021062711,0.6376262626262627,43.99509803921569,1024.0196078431377,31.030897207367808,0
3971,4,1,0,34,0.029411764705882353,0.0,1.0,34,1000,600,400,0.6,14,6,8,366.72096002453384,0.4176322043969103,-0.0063862128174632105,0.2139162948251974,131171.15600069685,2820.6424512206895,133991.79845191754,595,0,190.94117647058823,33,1,21,34.51157933564621,0.6385732323232323,43.90318627450981,1024.387254901961,31.042038027332147,0
3972,4,0,0,34,0.0,0.0,1.0,34,900,600,300,0.6666666666666666,12,6,6,369.15856963447686,0.4173165478312537,-0.005021520803443202,0.216221447928765,131328.125,2896.180555555555,134224.30555555556,596,1,191.94117647058823,33,1,22,34.29031165311653,0.6401515151515151,43.75,1025.0,31.060606060606062,0
3973,4,0,0,34,0.0,0.0,1.0,34,850,700,150,0.8235294117647058,10,7,3,368.7451787561832,0.41698232323232326,0.0010403779102468036,0.21668958257245366,131453.7677816224,2894.5886197616255,134348.35640138402,597,2,192.94117647058823,33,1,24,34.1738368387508,0.6414141414141414,43.627450980392155,1025.490196078431,31.07546048722518,0
3974,4,0,0,34,0.0,0.0,1.0,34,800,700,100,0.875,9,7,2,368.2481690939966,0.41648098633392755,0.0015213587525562122,0.21693211987936956,131548.0392907774,2888.464923346766,134436.50421412417,598,3,193.94117647058823,33,1,24,34.09128240353603,0.6423611111111112,43.53553921568626,1025.8578431372534,31.086601307189497,0
3975,4,0,0,34,0.0,0.0,1.0,34,550,300,250,0.5454545454545454,8,3,5,365.24924036533747,0.4162210338680927,-0.0012607550482879315,0.21587596246010593,131673.78720023538,2818.7501501826086,134492.537350418,599,4,194.94117647058823,33,1,18,34.041169154228854,0.6436237373737373,43.412990196078425,1026.3480392156855,31.101455733808653,0
3976,4,0,0,34,0.0,0.0,1.0,34,750,500,250,0.6666666666666666,10,5,5,365.7287213689424,0.4159982174688057,-0.006980073976852186,0.21723404775287766,131862.52170138882,2845.1822916666624,134707.70399305547,600,5,195.94117647058823,33,1,20,33.8383198106829,0.6455176767676767,43.229166666666664,1027.0833333333328,31.123737373737356,0
3977,4,0,1,33,0.0,0.029411764705882353,0.9705882352941176,34,1050,700,350,0.6666666666666666,14,7,7,364.4286023137493,0.4154226084373143,-0.0049031298663038125,0.2173611848508605,132019.90370290255,2822.3657968088964,134842.26949971146,601,6,196.94117647058823,33,1,21,33.7129342555052,0.6470959595959596,43.07598039215685,1027.696078431371,31.142305407011243,0
3978,4,0,0,33,0.0,0.0,1.0,33,950,700,250,0.7368421052631579,12,7,5,367.2571734855686,0.4143781565656566,-0.011546075923758226,0.21941261903112158,132082.88278546702,3101.6772395232488,135184.56002499026,602,7,197.84848484848484,33,0,21,33.576736607852496,0.6477272727272727,43.014705882352935,1027.9411764705874,31.14973262032083,0
3979,4,0,1,32,0.0,0.030303030303030304,0.9696969696969697,33,950,800,150,0.8421052631578947,11,8,3,367.4156617006738,0.41398358585858586,-0.016700978798714017,0.2198728531860666,132145.87688629373,3110.492959438676,135256.3698457324,603,8,198.84848484848484,33,0,21,33.509137862534764,0.6483585858585859,42.95343137254902,1028.1862745098038,31.157159833630416,0
3980,4,0,0,32,0.0,0.0,1.0,32,700,500,200,0.7142857142857143,9,5,4,373.88604821037217,0.41057627688172044,-0.011148648648649173,0.22312554489973846,132040.89506172857,3473.6496913580436,135514.5447530866,604,9,205.65625,32,0,21,33.448761261261254,0.6497395833333333,43.055555555555564,1027.7777777777792,32.1180555555556,0
3981,4,0,0,32,0.0,0.0,1.0,32,550,300,250,0.5454545454545454,8,3,5,375.8885990531914,0.40929519489247307,-0.014563889230013727,0.22489793255621893,132138.24043783802,3533.8516159065452,135672.09205374456,605,10,206.65625,32,0,21,33.29905030905889,0.6507161458333333,42.96085858585859,1028.156565656566,32.12989267676769,0
3982,4,0,0,32,0.0,0.0,1.0,32,1000,700,300,0.7,13,7,6,376.65624028093384,0.40862315188172044,-0.013793870413547626,0.22652189683020896,132333.03880025004,3568.812971890633,135901.85177214068,606,11,207.65625,32,0,22,33.08279134454125,0.6526692708333333,42.77146464646465,1028.914141414142,32.15356691919194,0
3983,4,0,0,32,0.0,0.0,1.0,32,1000,600,400,0.6,14,6,8,379.91085761398546,0.40845514112903225,-0.000632435913160645,0.22926818816630823,132462.9840864453,3664.8251772778317,136127.80926372315,607,12,208.65625,32,0,23,32.86801381904411,0.6539713541666667,42.64520202020202,1029.4191919191921,32.169349747474755,0
3984,4,0,0,32,0.0,0.0,1.0,32,900,700,200,0.7777777777777778,11,7,4,379.39467014637285,0.4075310819892473,-0.0016435270319969941,0.22974924457193516,132592.9931416439,3661.0149793388664,136254.00812098276,608,13,209.65625,32,0,23,32.75024518818193,0.6552734375,42.518939393939405,1029.9242424242439,32.18513257575762,0
3985,4,0,0,32,0.0,0.0,1.0,32,650,300,350,0.46153846153846156,10,3,7,380.05713175721394,0.40698504704301075,0.002907065816889487,0.23054915524216427,132658.02158261914,3683.525437455367,136341.5470200745,609,14,210.65625,32,0,19,32.66765739265432,0.6559244791666667,42.45580808080808,1030.176767676768,32.193023989899,0
3986,4,0,0,32,0.0,0.0,1.0,32,1050,600,450,0.5714285714285714,15,6,9,374.0469389484865,0.4060819892473118,0.006819434239529576,0.22828604659591506,132885.74667125818,3541.1013544536418,136426.84802571184,610,15,211.65625,32,0,21,32.593221895664946,0.658203125,42.23484848484849,1031.0606060606071,32.22064393939397,0
3987,4,0,0,32,0.0,0.0,1.0,32,800,300,500,0.375,13,3,10,374.58820140291,0.4064390120967742,0.0026510282776348593,0.22921430840901677,132983.4029212582,3562.802743342532,136546.20566460074,611,16,212.65625,32,0,21,32.48102582935488,0.6591796875,42.14015151515152,1031.4393939393951,32.2324810606061,0
3988,4,0,0,32,0.0,0.0,1.0,32,650,400,250,0.6153846153846154,9,4,5,374.3539246716714,0.4055989583333333,0.009718057765267574,0.22947081158981478,133048.5270157384,3561.4476520253306,136609.97466776372,612,17,213.65625,32,0,21,32.4215722269816,0.6598307291666667,42.077020202020215,1031.6919191919208,32.240372474747524,0
3989,4,0,0,32,0.0,0.0,1.0,32,500,200,300,0.4,8,2,6,374.4051705555123,0.4057669690860215,0.010220390309556127,0.229903340266732,133113.66705246916,3567.6890432098853,136681.35609567905,613,18,214.65625,32,0,21,32.354755495738004,0.6604817708333333,42.01388888888889,1031.9444444444448,32.2482638888889,0
3990,4,0,0,32,0.0,0.0,1.0,32,750,600,150,0.8,9,6,3,374.74152007406775,0.4054309475806452,0.01400229357798155,0.2305125603164413,133178.8230314509,3581.5269168962386,136760.34994834714,614,19,215.65625,32,0,21,32.28058103975535,0.6611328125,41.95075757575758,1032.19696969697,32.25615530303031,0
3991,4,1,0,33,0.030303030303030304,0.0,1.0,33,500,300,200,0.6,7,3,4,364.86898516765774,0.406841856060606,0.010265147022352483,0.22602574680003848,133440.56560277307,3137.6647503364197,136578.23035310948,615,0,210.0909090909091,33,0,23,32.272639663147906,0.661300505050505,41.69730392156863,1033.2107843137262,31.30941770647655,0
3992,4,0,1,32,0.0,0.030303030303030304,0.9696969696969697,33,1100,700,400,0.6363636363636364,15,7,8,366.64649976022264,0.40648674242424243,0.012457433510065119,0.22809954808091754,133598.8862456749,3196.7128027681856,136795.59904844308,616,1,211.0909090909091,33,0,23,32.06792318634424,0.6628787878787878,41.54411764705883,1033.823529411766,31.327985739750485,0
3993,4,0,0,32,0.0,0.0,1.0,32,550,500,50,0.9090909090909091,6,5,1,373.8580452270321,0.4044648857526882,0.017512981062919764,0.23199606521480393,133504.84206012168,3582.371856188173,137087.21391630985,617,2,216.0,32,0,23,31.97592140093667,0.6643880208333333,41.635101010101025,1033.4595959595981,32.29561237373744,0
3994,4,0,0,32,0.0,0.0,1.0,32,1150,1100,50,0.9565217391304348,12,11,1,375.04665680036635,0.404275873655914,0.015369227950159159,0.23293868987616087,133537.46588358344,3616.5560274461986,137154.02191102965,618,3,217.0,32,0,23,31.912462334066284,0.6647135416666667,41.603535353535364,1033.5858585858596,32.29955808080811,0
3995,4,0,0,32,0.0,0.0,1.0,32,550,300,250,0.5454545454545454,8,3,5,374.82322317487126,0.40440188172043007,0.006547619047618802,0.23362269389666648,133668.00103305798,3620.3741965105723,137288.37522956854,619,4,218.0,32,0,23,31.78724053724054,0.666015625,41.477272727272734,1034.0909090909101,32.31534090909094,0
3996,4,0,0,32,0.0,0.0,1.0,32,650,500,150,0.7692307692307693,8,5,3,375.6039698266147,0.4044228830645162,0.004657176858293699,0.23473099350033977,133765.9442435721,3648.6039370982553,137414.54818067036,620,5,219.0,32,0,18,31.668802636396926,0.6669921875,41.38257575757576,1034.469696969697,32.32717803030303,0
3997,4,0,0,32,0.0,0.0,1.0,32,550,200,350,0.36363636363636365,9,2,7,377.5892893508743,0.40419186827956993,0.008304355783308903,0.23659952718041027,133863.92332415062,3709.116735537192,137573.0400596878,621,6,220.0,32,0,19,31.51918618838458,0.66796875,41.28787878787879,1034.848484848485,32.339015151515156,0
3998,4,0,0,32,0.0,0.0,1.0,32,1200,800,400,0.6666666666666666,16,8,8,378.10440678353444,0.40402385752688175,0.00830232983654522,0.23734302655523873,133929.26263901655,3727.8488802163174,137657.11151923286,622,7,221.0,32,0,19,31.44034114011547,0.6686197916666667,41.22474747474748,1035.101010101011,32.346906565656596,0
3999,4,0,1,31,0.0,0.03125,0.96875,32,1100,700,400,0.6363636363636364,15,7,8,381.9255103444177,0.4039398521505377,0.006286576444769487,0.2405954712630505,134059.98909550064,3840.1859504132426,137900.17504591387,623,8,222.0,32,0,19,31.210375518166313,0.669921875,41.09848484848486,1035.606060606062,32.36268939393944,0
4000,4,0,0,31,0.0,0.0,1.0,31,850,700,150,0.8235294117647058,10,7,3,420.3729782303458,0.4020609318996416,0.07833279939541815,0.24240891123503208,130728.22570800791,4790.922715928833,135519.14842393674,624,29,229.90322580645162,31,0,15,33.58851116204059,0.6391129032258065,44.33593750000001,1022.6562500000008,32.988911290322605,8
4001,4,0,0,31,0.0,0.0,1.0,31,1100,500,600,0.45454545454545453,17,5,12,421.39363948216555,0.40174731182795703,0.07962683135142257,0.24341679645381586,130794.8133680557,4823.220486111131,135618.03385416683,625,30,230.90322580645162,31,0,15,33.494568906992534,0.6397849462365591,44.27083333333334,1022.9166666666678,32.99731182795703,0
4002,4,0,0,31,0.0,0.0,1.0,31,950,600,350,0.631578947368421,13,6,7,413.97681225735505,0.40165770609319,0.08482873803300062,0.24016765469779122,130961.35669284414,4642.992994520423,135604.34968736456,626,31,231.90322580645162,31,0,16,33.51474049103168,0.6414650537634409,44.10807291666668,1023.5677083333347,33.01831317204306,0
4003,4,0,0,31,0.0,0.0,1.0,31,550,500,50,0.9090909090909091,6,5,1,412.8617816014288,0.40174731182795703,0.08270667437939228,0.2399358602167064,131028.00369262707,4619.291008843331,135647.2947014704,627,32,232.90322580645162,31,0,16,33.47548115647124,0.6421370967741935,44.04296875000001,1023.8281250000009,33.02671370967745,0
4004,4,0,0,31,0.0,0.0,1.0,31,650,500,150,0.7692307692307693,8,5,3,414.3537904619796,0.40174731182795703,0.08662305436498974,0.24122076698619332,131094.66764662013,4663.914489746114,135758.58213636625,628,33,233.90322580645162,31,0,16,33.369490358126725,0.6428091397849462,43.97786458333334,1024.0885416666679,33.03511424731187,0
4005,4,0,0,31,0.0,0.0,1.0,31,550,200,350,0.36363636363636365,9,2,7,413.23627636762154,0.40161290322580645,0.07949528365697955,0.24140729463524999,131228.04641723644,4645.637851291247,135873.6842685277,629,34,234.90322580645162,31,0,16,33.26251217859111,0.6441532258064516,43.84765625000001,1024.609375000001,33.051915322580676,0
4006,4,0,0,31,0.0,0.0,1.0,31,900,600,300,0.6666666666666666,12,6,6,412.56554295792375,0.40129928315412183,0.08022119815668205,0.24227842287797557,131428.24172973644,4644.552781846804,136072.79451158326,630,35,235.90322580645162,31,0,17,33.07632275132276,0.6461693548387097,43.65234375000001,1025.390625000001,33.0771169354839,0
4007,4,1,0,32,0.03125,0.0,1.0,32,500,400,100,0.8,6,4,2,401.01392687164457,0.4037718413978495,0.07152299557304453,0.23768551409039482,131781.4827568617,4169.24197785942,135950.72473472112,631,0,229.5,32,0,15,33.01437735694376,0.6471354166666667,43.30808080808082,1026.767676767678,32.08648989898994,0
4008,4,0,0,32,0.0,0.0,1.0,32,950,600,350,0.631578947368421,13,6,7,404.2994752917222,0.4037718413978495,0.07478337020648995,0.24045179319981366,131911.15702479336,4266.322314049582,136177.47933884294,632,1,230.5,32,0,16,32.7986725663717,0.6484375,43.18181818181818,1027.272727272727,32.10227272727272,0
4009,4,0,0,32,0.0,0.0,1.0,32,1200,800,400,0.6666666666666666,16,8,8,404.39823948657613,0.40389784946236557,0.08008724502334741,0.24092187942472576,131976.01807213546,4274.173872564017,136250.19194469947,633,2,231.5,32,0,17,32.73045178995658,0.6490885416666667,43.118686868686865,1027.525252525252,32.110164141414124,0
4010,4,0,0,32,0.0,0.0,1.0,32,450,300,150,0.6666666666666666,6,3,3,406.7695456209778,0.4034988239247312,0.0791710170740696,0.2429575107043566,132073.33953486886,4344.682462248744,136418.0219971176,634,3,232.5,32,0,17,32.57098841256192,0.6500651041666667,43.023989898989896,1027.9040404040402,32.122001262626256,0
4011,4,0,0,32,0.0,0.0,1.0,32,900,700,200,0.7777777777777778,11,7,4,410.98596230612975,0.4031628024193548,0.07356123388581937,0.24631940124970003,132203.15728305766,4466.728363177199,136669.88564623485,635,4,233.5,32,0,18,32.33118477593615,0.6513671875,42.89772727272726,1028.4090909090894,32.137784090909044,0
4012,4,0,0,32,0.0,0.0,1.0,32,1150,700,450,0.6086956521739131,16,7,9,407.5105228593309,0.4016927083333333,0.07397685469037385,0.24634902252912091,132527.980642919,4401.309337057426,136929.28997997643,636,5,234.5,32,0,18,32.09201921111792,0.6546223958333333,42.5820707070707,1029.6717171717162,32.17724116161613,0
4013,4,0,0,32,0.0,0.0,1.0,32,700,400,300,0.5714285714285714,10,4,6,407.5105228593309,0.4016927083333333,0.07397685469037385,0.24634902252912091,132527.980642919,4401.309337057426,136929.28997997643,637,6,235.5,32,0,18,32.09201921111792,0.6546223958333333,42.5820707070707,1029.6717171717162,32.17724116161613,0
4014,4,0,0,32,0.0,0.0,1.0,32,800,500,300,0.625,11,5,6,408.35181590183197,0.4017137096774193,0.07131253065228038,0.24707102451745838,132560.48489949998,4426.26294510763,136986.7478446076,638,7,236.5,32,0,18,32.037508173941454,0.6549479166666667,42.550505050505045,1029.7979797979792,32.18118686868685,0
4015,4,0,0,32,0.0,0.0,1.0,32,750,500,250,0.6666666666666666,10,5,5,405.9041887503638,0.4008526545698925,0.06408184213751689,0.2462284220084918,132658.02158261894,4369.289326344225,137027.31090896318,639,8,237.5,32,0,14,32.001981451975325,0.6559244791666667,42.45580808080807,1030.1767676767663,32.19302398989895,0
4016,4,1,0,33,0.030303030303030304,0.0,1.0,33,800,500,300,0.625,11,5,6,395.0390120730932,0.4036458333333333,0.06144851149009445,0.24182133560867072,132997.76715986623,3907.8613093521553,136905.62846921838,640,0,231.27272727272728,33,0,15,31.93920537800484,0.6568813131313131,42.12622549019607,1031.4950980392143,31.257427213309526,0
4017,4,0,0,33,0.0,0.0,1.0,33,600,500,100,0.8333333333333334,7,5,2,394.50303942591887,0.40317234848484845,0.06119642612871434,0.24169771367448195,133029.3712153978,3896.098255478644,136925.46947087644,641,1,232.27272727272728,33,0,15,31.921180803041093,0.6571969696969697,42.09558823529411,1031.6176470588225,31.261140819964318,0
4018,4,0,1,32,0.0,0.030303030303030304,0.9696969696969697,33,750,500,250,0.6666666666666666,10,5,5,397.6416291941481,0.403488005050505,0.06289498308500696,0.24403371121098597,133092.59059015766,3984.630911188012,137077.2215013457,642,2,233.27272727272728,33,0,16,31.77652414885195,0.6578282828282829,42.0343137254902,1031.8627450980396,31.268568033273926,0
4019,4,0,1,31,0.0,0.03125,0.96875,32,800,600,200,0.75,10,6,4,406.3536739331706,0.402364751344086,0.06647935779816505,0.249957959699298,133178.8230314509,4423.540805785127,137602.36383723604,643,3,234.59375,32,0,16,31.46483180428135,0.6611328125,41.95075757575758,1032.19696969697,32.25615530303031,0
4020,4,0,0,31,0.0,0.0,1.0,31,1050,1000,50,0.9523809523809523,11,10,1,416.92175459233073,0.39802867383512547,0.07944453940888696,0.2561644827053344,133136.0626220703,4901.464165581596,138037.5267876519,644,4,242.7741935483871,31,0,18,31.235280511397093,0.6633064516129032,41.9921875,1032.03125,33.29133064516129,0
4021,4,0,0,31,0.0,0.0,1.0,31,950,500,450,0.5263157894736842,14,5,9,415.00092231405273,0.39690860215053764,0.08436161253707297,0.2556753933976787,133236.86599731445,4858.684455023871,138095.55045233833,645,5,243.7741935483871,31,0,19,31.183130491444903,0.6643145161290323,41.89453125,1032.421875,33.303931451612904,0
4022,4,0,0,31,0.0,0.0,1.0,31,1100,500,600,0.45454545454545453,17,5,12,415.7685547762142,0.39632616487455197,0.09212639728695571,0.2570765350771399,133371.32983737512,4890.321011013433,138261.65084838856,646,6,244.7741935483871,31,0,19,31.02769549140719,0.6656586021505376,41.76432291666666,1032.9427083333323,33.32073252688169,0
4023,4,0,0,31,0.0,0.0,1.0,31,750,300,450,0.4,12,3,9,416.23309053069727,0.3957437275985663,0.09001040582726327,0.25806451612903214,133472.2222222221,4911.187405056404,138383.4096272785,647,7,245.7741935483871,29,2,20,30.913978494623652,0.6724137931034483,41.66666666666666,1033.3333333333323,35.632183908045945,0
4024,4,0,0,31,0.0,0.0,1.0,31,650,500,150,0.7692307692307693,8,5,3,415.7137684363328,0.3956989247311828,0.08778286615335573,0.2587111898715431,133611.14724245577,4908.798705052605,138519.9459475084,648,8,246.7741935483871,30,1,20,30.787398162593167,0.6708333333333334,41.53225806451613,1033.8709677419354,34.46236559139785,0
4025,4,0,0,31,0.0,0.0,1.0,31,1000,700,300,0.7,13,7,6,411.80314635166843,0.39498207885304665,0.08117545955689676,0.25700123367202654,133715.38843002077,4812.883534223606,138528.27196424437,649,9,247.7741935483871,30,1,17,30.783517435564217,0.671875,41.431451612903224,1034.2741935483868,34.4758064516129,0
4026,4,0,0,31,0.0,0.0,1.0,31,400,100,300,0.25,7,1,6,411.80314635166843,0.39498207885304665,0.08117545955689676,0.25700123367202654,133715.38843002077,4812.883534223606,138528.27196424437,650,10,248.7741935483871,30,1,17,30.783517435564217,0.671875,41.431451612903224,1034.2741935483868,34.4758064516129,0
4027,4,0,0,31,0.0,0.0,1.0,31,900,500,400,0.5555555555555556,13,5,8,412.71401033650625,0.3949372759856631,0.0829229653782162,0.2580552183233217,133784.9051371546,4842.98094432883,138627.88608148342,651,11,249.7741935483871,30,1,17,30.68998744099434,0.6725694444444444,41.36424731182796,1034.5430107526884,34.48476702508961,0
4028,4,0,1,30,0.0,0.03225806451612903,0.967741935483871,31,1000,700,300,0.7,13,7,6,411.2420306965762,0.39413082437275987,0.08203602848764135,0.2578634883032276,133889.2140709908,4812.174456584566,138701.38852757536,652,12,250.7741935483871,30,1,19,30.62310606060605,0.6736111111111112,41.26344086021505,1034.9462365591392,34.49820788530464,0
4029,4,0,0,30,0.0,0.0,1.0,30,650,500,150,0.7692307692307693,8,5,3,413.1068939235401,0.3941810344827586,0.07661775526987857,0.2592776031055567,133923.99274843905,5064.984933229268,138988.97768166833,653,13,251.86666666666667,30,0,19,30.539864952603562,0.6739583333333333,41.229838709677416,1035.0806451612898,34.502688172042994,0
4030,4,0,0,30,0.0,0.0,1.0,30,400,300,100,0.75,5,3,2,392.63281128652443,0.3933429118773946,0.073004979141434,0.24132790907114687,133149.50086805565,4457.23588890335,137606.736756959,654,14,252.86666666666667,29,1,21,31.84842215045081,0.6691810344827587,41.97916666666667,1032.0833333333342,35.589080459770145,8
4031,4,0,0,30,0.0,0.0,1.0,30,1100,900,200,0.8181818181818182,13,9,4,388.942790564837,0.39327107279693485,0.07100591715976323,0.24021416865781814,133328.74228395073,4371.450617283967,137700.1929012347,655,15,253.86666666666667,29,1,22,31.76326878249955,0.6709770114942528,41.805555555555564,1032.7777777777787,35.613026819923405,0
4032,4,0,0,30,0.0,0.0,1.0,30,900,700,200,0.7777777777777778,11,7,4,388.94086475182536,0.39305555555555555,0.06728054846081433,0.2409101659357893,133436.34500385806,4379.769483024697,137816.11448688275,656,16,254.86666666666667,29,1,23,31.655100371913793,0.6720545977011494,41.70138888888889,1033.1944444444448,35.62739463601534,0
4033,4,0,0,30,0.0,0.0,1.0,30,650,500,150,0.7692307692307693,8,5,3,390.0811016608125,0.3937739463601533,0.07503694746741907,0.24255418877706159,133579.88281249997,4421.397569444443,138001.2803819444,657,17,255.86666666666667,29,1,23,31.481341528953394,0.6734913793103448,41.5625,1033.7499999999998,35.64655172413792,0
4034,4,1,0,31,0.03225806451612903,0.0,1.0,31,850,500,350,0.5882352941176471,12,5,7,380.3742933969877,0.39623655913978495,0.07893403035215418,0.23873369465771796,133923.99274843896,3988.248822118142,137912.24157055712,658,0,248.58064516129033,30,1,20,31.386886984374314,0.6739583333333333,41.22983870967741,1035.080645161289,34.50268817204297,0
4035,4,0,0,31,0.0,0.0,1.0,31,850,400,450,0.47058823529411764,13,4,9,398.0122513834621,0.39543010752688174,0.08802409862209215,0.2373792257471099,132017.872369638,4308.946120938822,136326.8184905768,659,1,249.58064516129033,30,1,19,32.852144912372474,0.6548611111111111,43.077956989247305,1027.68817204301,34.25627240143366,8
4036,4,0,0,31,0.0,0.0,1.0,31,850,600,250,0.7058823529411765,11,6,5,397.55089292341984,0.39538530465949817,0.08424461979006326,0.23775346207750092,132121.49029150757,4305.003287952348,136426.4935794599,660,2,250.58064516129033,30,1,19,32.75918420708589,0.6559027777777777,42.9771505376344,1028.0913978494616,34.26971326164872,0
4037,4,0,0,31,0.0,0.0,1.0,31,1000,800,200,0.8,12,8,4,401.79087363576923,0.39413082437275987,0.12288907865053966,0.22852420251059152,130193.99144771074,4262.151513180717,134456.14296089145,661,3,251.58064516129033,30,1,20,34.60753325431319,0.6364583333333333,44.858870967741936,1020.5645161290324,34.01881720430108,8
4038,4,0,1,30,0.0,0.03225806451612903,0.967741935483871,31,1000,700,300,0.7,13,7,6,399.8676427704255,0.39350358422939063,0.12319905265235431,0.22887365856626288,130439.87509645053,4231.7551412896055,134671.63023774014,662,4,252.58064516129033,29,2,20,34.40615794244279,0.641882183908046,44.61805555555555,1021.527777777777,35.22509578544059,0
4039,4,1,1,30,0.03225806451612903,0.03225806451612903,0.967741935483871,31,600,400,200,0.6666666666666666,8,4,4,415.33336094802314,0.3942204301075269,0.10595788581639964,0.21580080564391355,126585.45547628486,4349.875319514175,130935.33079579903,663,0,253.41935483870967,28,3,18,37.970564439367976,0.6056547619047619,48.41954022988506,1006.3218390804599,35.940065681445,8
4040,4,0,0,30,0.0,0.0,1.0,30,650,400,250,0.6153846153846154,9,4,5,426.35061797556114,0.39068486590038315,0.11999999999999988,0.2210222528769014,126492.52409297058,4786.033163265317,131278.5572562359,664,1,262.1,27,3,18,37.789694280078905,0.6080246913580247,48.511904761904766,1005.9523809523814,37.25749559082894,0
4041,4,1,0,31,0.03225806451612903,0.0,1.0,31,550,300,250,0.5454545454545454,8,3,5,413.704468939128,0.3967293906810036,0.12137125514450608,0.21706333953687243,126983.38050353425,4306.718399061981,131290.09890259622,665,0,254.61290322580646,28,3,19,37.60008315514375,0.6097470238095238,48.02442528735633,1007.9022988505756,35.996510673234845,0
4042,4,0,0,31,0.0,0.0,1.0,31,850,600,250,0.7058823529411765,11,6,5,413.9061539512327,0.39637096774193553,0.12503332444681403,0.2177506288178226,127092.01388888895,4320.833333333343,131412.8472222223,666,1,255.61290322580646,28,3,20,37.48278236914601,0.6108630952380952,47.91666666666667,1008.3333333333339,36.01190476190478,0
4043,4,1,0,32,0.03125,0.0,1.0,32,1000,700,300,0.7,13,7,6,398.49034408391327,0.4031418010752688,0.11716171617161719,0.21182907764460662,127512.50000000001,3762.500000000001,131275.00000000003,667,0,248.59375,29,3,19,37.43811881188119,0.6120689655172413,47.5,1010.0000000000001,34.827586206896555,0
4044,4,2,0,34,0.058823529411764705,0.0,1.0,34,500,300,200,0.6,7,3,4,376.9239653963353,0.413287284610814,0.11988007308046633,0.20371199105423168,128178.55568562835,2864.276397560402,131042.83208318875,668,0,234.91176470588235,30,4,21,37.29924342978498,0.6159722222222221,46.84139784946236,1012.6344086021502,33.75448028673834,0
4045,4,0,0,34,0.0,0.0,1.0,34,1150,900,250,0.782608695652174,14,9,5,375.9925770263105,0.41295306001188353,0.12172389847303866,0.20407545271428026,128348.74561004149,2851.635124002759,131200.38073404424,669,1,235.91176470588235,30,4,22,37.14849449529117,0.6177083333333333,46.673387096774185,1013.306451612902,33.77688172043007,0
4046,4,0,0,34,0.0,0.0,1.0,34,550,300,250,0.5454545454545454,8,3,5,374.75912315236917,0.41263740344622696,0.11765485828380662,0.20392736701408126,128450.91376170646,2827.630361891531,131278.544123598,670,2,236.91176470588235,30,4,19,37.07515689914257,0.61875,46.57258064516128,1013.709677419354,33.79032258064513,0
4047,4,0,0,34,0.0,0.0,1.0,34,950,800,150,0.8421052631578947,11,8,3,374.75912315236917,0.41213606654783125,0.11765485828380662,0.20392736701408126,128450.91376170646,2827.630361891531,131278.544123598,671,3,237.91176470588235,30,4,19,37.07515689914257,0.61875,46.57258064516128,1013.709677419354,33.79032258064513,0
4048,4,1,0,35,0.02857142857142857,0.0,1.0,35,950,700,250,0.7368421052631579,12,7,5,355.2805840533932,0.4147759103641457,0.10589127686472821,0.18760142989735246,127242.10778061218,2041.3300736961369,129283.43785430831,672,0,232.0857142857143,34,1,22,38.806538839724666,0.5965073529411764,47.76785714285714,1008.9285714285709,29.674369747899142,8
4049,4,1,0,36,0.027777777777777776,0.0,1.0,36,650,200,450,0.3076923076923077,11,2,9,346.2742492242931,0.41648478835978836,0.10046407700240678,0.18415206416699612,127530.03532503863,1632.0734471450694,129162.1087721837,673,0,226.61111111111111,35,1,21,38.73861292540393,0.5973214285714286,47.48263888888889,1010.0694444444448,28.859126984126995,0
4050,4,0,0,36,0.0,0.0,1.0,36,600,400,200,0.6666666666666666,8,4,4,344.63308638111283,0.41602182539682536,0.09637415511513336,0.1835449793179216,127588.49511584794,1594.2433716992466,129182.73848754719,674,1,227.61111111111111,35,1,21,38.720190361629804,0.5979166666666667,47.42476851851852,1010.3009259259262,28.865740740740748,0
4051,4,2,0,38,0.05263157894736842,0.0,1.0,38,950,400,550,0.42105263157894735,15,4,11,329.72615963013766,0.4222972972972973,0.10970327052198381,0.17805212620027433,128144.53125,851.7298150291491,128996.26106502915,675,0,216.57894736842104,36,2,23,38.528806584362144,0.6015625,46.875,1012.5,28.125,0
4052,4,2,2,38,0.05,0.05,0.95,40,850,400,450,0.47058823529411764,13,4,9,317.1187951349804,0.42622863247863246,0.10873011692826284,0.173111484888808,128577.58881446798,154.87400924101343,128732.462823709,676,0,206.7,38,2,16,38.40702798553322,0.6022478070175439,46.44764957264958,1014.209401709403,26.68972109761587,0
4053,4,0,0,38,0.0,0.0,1.0,38,1300,800,500,0.6153846153846154,18,8,10,333.37764682135185,0.42288999525841636,0.10219488367467444,0.18079558097960868,128315.61872260802,955.5118040337924,129271.13052664182,677,2,218.57894736842104,36,2,24,38.2618280167463,0.6032986111111112,46.706081081081095,1013.1756756756779,28.14376876876883,0
4054,4,1,1,38,0.02564102564102564,0.02564102564102564,0.9743589743589743,39,500,400,100,0.8,6,4,2,326.2329417821926,0.4245389113810167,0.1045466700159634,0.1780867921988705,128577.58881446808,589.2490092410287,129166.83782370911,678,0,213.94871794871796,38,1,17,38.175936655079184,0.6022478070175439,46.44764957264959,1014.2094017094039,26.68972109761589,0
4055,4,1,0,39,0.02564102564102564,0.0,1.0,39,700,400,300,0.5714285714285714,10,4,6,328.5580486605751,0.4252136752136752,0.12162884493901549,0.17996795537359536,128713.06911571347,657.9429651545149,129371.012080868,679,0,214.84615384615384,38,1,19,37.97904822067803,0.6036184210526316,46.31410256410257,1014.7435897435907,26.703778677462914,0
4056,4,1,0,40,0.025,0.0,1.0,40,1100,700,400,0.6363636363636364,15,7,8,324.28287439601405,0.42761752136752135,0.12520504408447763,0.17910844602824033,129042.58355034732,369.2599826388936,129411.84353298621,680,0,210.45,39,1,20,37.752460529013725,0.6052350427350428,45.989583333333336,1016.0416666666674,26.052350427350447,0
4057,4,1,1,40,0.024390243902439025,0.024390243902439025,0.975609756097561,41,1350,1100,250,0.8148148148148148,16,11,5,314.59163786376797,0.43066565040650406,0.1173433848790475,0.1753210695338078,129396.54659366324,-58.2927258868352,129338.25386777641,681,0,206.29268292682926,37,4,23,37.63954000071845,0.6123310810810811,45.64144736842104,1017.4342105263142,27.4982219061166,0
4058,4,0,1,39,0.0,0.025,0.975,40,1100,700,400,0.6363636363636364,15,7,8,321.52633597838235,0.4293402777777778,0.12050536920181565,0.1789493156434213,129344.54038075234,317.53522948623925,129662.07561023858,682,1,212.25,36,4,24,37.51591387136057,0.6137152777777778,45.692567567567565,1017.2297297297293,28.25638138138137,0
4059,4,2,2,39,0.04878048780487805,0.04878048780487805,0.9512195121951219,41,950,700,250,0.7368421052631579,12,7,5,316.8107629417146,0.4297764227642276,0.1354746496411392,0.17850312272303706,129826.6985010776,26.099080466075236,129852.79758154367,683,0,207.65853658536585,38,3,18,37.14728133626866,0.6148574561403508,45.2190170940171,1019.1239316239323,26.819050832208745,0
4060,4,0,0,39,0.0,0.0,1.0,39,1450,800,650,0.5517241379310345,21,8,13,330.71863001972093,0.4247638326585695,0.13705771577837078,0.1852263690206954,129591.85157933213,771.6879232071449,130363.53950253928,684,1,219.25641025641025,37,2,20,37.03110417115371,0.6143018018018018,45.449561403508774,1018.201754385965,27.518966334755813,0
4061,4,1,0,40,0.025,0.0,1.0,40,550,300,250,0.5454545454545454,8,3,5,326.6813002105691,0.4264957264957265,0.1562951901917633,0.184577835873858,129935.60209155169,489.5062869822518,130425.10837853394,685,0,214.75,38,2,22,36.78547102588283,0.615953947368421,45.11217948717949,1019.5512820512827,26.830296896086384,0
4062,4,0,0,40,0.0,0.0,1.0,40,650,200,450,0.3076923076923077,11,2,9,327.55092156724464,0.4266559829059829,0.16077789418543742,0.18532741827856253,129990.07100819997,515.673510665493,130505.74451886547,686,1,215.75,38,2,22,36.70813689540769,0.6165021929824561,45.05876068376068,1019.7649572649569,26.83591992802518,0
4063,4,0,1,39,0.0,0.025,0.975,40,850,500,350,0.5882352941176471,12,5,7,330.4565348296851,0.4260016025641025,0.16882593213238373,0.18736336072172408,130071.79578493677,596.6149828329276,130668.41076776969,687,2,216.75,38,2,22,36.55128473676861,0.6173245614035088,44.97863247863248,1020.0854700854698,26.844354475933415,0
4064,4,0,1,38,0.0,0.02564102564102564,0.9743589743589743,39,950,700,250,0.7368421052631579,12,7,5,341.13169152503167,0.4241734143049933,0.17438103115522452,0.19297595688459826,129982.90339335185,1068.2575407817826,131051.16093413363,688,3,223.07692307692307,37,2,22,36.36917562724014,0.6182432432432432,45.06578947368421,1019.7368421052636,27.56045519203415,0
4065,4,0,0,38,0.0,0.0,1.0,38,700,400,300,0.5714285714285714,10,4,6,349.73024125394454,0.42066737790422004,0.17796130463823556,0.19755721647504138,129927.00277970168,1487.8804055094163,131414.8831852111,689,4,229.42105263157896,37,1,23,36.20671112067113,0.6176801801801801,45.12061403508773,1019.517543859651,27.554528212423,0
4066,4,1,0,39,0.02564102564102564,0.0,1.0,39,650,500,150,0.7692307692307693,8,5,3,345.68464857755265,0.42271142600089967,0.1814946619217075,0.1968218791722256,130235.32238476179,1204.0703301921537,131439.39271495395,690,0,224.51282051282053,38,1,24,35.997139069150776,0.6189692982456141,44.81837606837608,1020.7264957264982,26.861223571749953,0
4067,4,0,0,39,0.0,0.0,1.0,39,1000,800,200,0.8,12,8,4,344.1047625967643,0.42254273504273504,0.17587543053960975,0.19621292845943153,130292.97052154191,1166.8977521427098,131459.8682736846,691,1,225.51282051282053,34,5,24,35.979040345149244,0.6274509803921569,44.76190476190476,1020.9523809523806,30.028011204481782,0
4068,4,0,0,39,0.0,0.0,1.0,39,950,600,350,0.631578947368421,13,6,7,346.3290788465614,0.42203666216824115,0.17775387006156196,0.19810023310023317,130414.54081632658,1233.2695578231355,131647.8103741497,692,2,226.51282051282053,34,5,25,35.799096736596745,0.6286764705882353,44.642857142857146,1021.4285714285718,30.0420168067227,0
4069,4,1,0,40,0.025,0.0,1.0,40,1050,800,250,0.7619047619047619,13,8,5,339.5872728952993,0.42433226495726495,0.18125990491283694,0.19556153642484206,130676.44702717778,875.2116555212801,131551.65868269905,693,0,221.825,35,5,21,35.706267451513106,0.6291666666666667,44.38657407407408,1022.4537037037048,29.212962962962994,0
4070,4,0,1,39,0.0,0.025,0.975,40,1050,700,350,0.6666666666666666,14,7,7,333.13398858976814,0.4234775641025641,0.1309827213822894,0.18318412911765153,128867.17547706972,626.864786149756,129494.04026321947,694,1,222.825,37,3,19,37.70608351331893,0.6069819819819819,46.162280701754376,1015.3508771929812,27.441915599810304,8
4071,4,0,0,39,0.0,0.0,1.0,39,1100,800,300,0.7272727272727273,14,8,6,336.8467507354504,0.42057467386414754,0.14720490360805316,0.1855846575982301,128943.91593874281,886.8678222141125,129830.78376095693,695,2,229.43589743589743,36,3,19,37.53372509886538,0.6096643518518519,46.086711711711715,1015.6531531531532,28.21258758758759,0
4072,4,0,0,39,0.0,0.0,1.0,39,1450,1100,350,0.7586206896551724,18,11,7,335.27295022571786,0.4207714799820063,0.14776550281869416,0.18538621953657342,129086.92476260042,855.8708201444643,129942.79558274489,696,3,230.43589743589743,36,3,20,37.42820072399526,0.6111111111111112,45.945945945945944,1016.216216216216,28.22822822822822,0
4073,4,0,0,39,0.0,0.0,1.0,39,1050,600,450,0.5714285714285714,15,6,9,334.9234076861061,0.4202372919478183,0.1548970155527536,0.18573025335320412,129201.38888888879,854.5646152909572,130055.95350417975,697,4,231.43589743589743,35,4,21,37.320696721311485,0.6142857142857143,45.83333333333333,1016.6666666666658,29.047619047619023,0
4074,4,0,0,39,0.0,0.0,1.0,39,1350,1000,350,0.7407407407407407,17,10,7,335.8471404192706,0.42020917678812414,0.15510661391407865,0.1867990297471237,129319.0854338136,886.2890089163441,130205.37444272994,698,5,232.43589743589743,35,4,21,37.17759065392202,0.6154761904761905,45.7175925925926,1017.1296296296309,29.0608465608466,0
4075,4,0,0,39,0.0,0.0,1.0,39,1300,1100,200,0.8461538461538461,15,11,4,337.2865231938043,0.4202372919478183,0.16056554910058107,0.18816136496953872,129436.83556241443,931.4600480109948,130368.29561042543,699,6,233.43589743589743,35,4,16,37.02134516226874,0.6166666666666667,45.60185185185186,1017.5925925925939,29.07407407407411,0
4076,4,1,0,40,0.025,0.0,1.0,40,800,500,300,0.625,11,5,6,329.17538574673404,0.42182158119658114,0.15743975237674146,0.18495158630217143,129717.1051964129,539.9356281957957,130257.0408246087,700,0,228.575,36,4,17,36.943354337091904,0.6174768518518519,45.32657657657659,1018.6936936936959,28.29704704704711,0
4077,4,0,0,40,0.0,0.0,1.0,40,1150,700,450,0.6086956521739131,16,7,9,328.38327538107023,0.42154113247863245,0.15916372072470186,0.18531953919884367,129889.23890106345,530.690741417123,130419.92964248058,701,1,229.575,36,4,19,36.78906134924143,0.619212962962963,45.15765765765767,1019.3693693693712,28.315815815815867,0
4078,4,1,1,40,0.024390243902439025,0.024390243902439025,0.975609756097561,41,1150,1000,150,0.8695652173913043,13,10,3,322.64415671321444,0.4222052845528455,0.15467581811496522,0.18344624910265614,130180.80210387894,200.41502301116975,130381.21712689011,702,0,224.9512195121951,38,3,20,36.64023241206031,0.618421052631579,44.87179487179487,1020.5128205128199,26.85560053981105,0
4079,4,1,0,41,0.024390243902439025,0.0,1.0,41,1400,1100,300,0.7857142857142857,17,11,6,325.8329117375396,0.4228912601626016,0.17096479350920468,0.18605039282720445,130346.55044100103,294.2648951441144,130640.81533614514,703,0,225.70731707317074,37,4,21,36.39122284262143,0.6219031531531531,44.709429824561404,1021.162280701754,27.598980559506863,0
4080,4,0,0,41,0.0,0.0,1.0,41,800,500,300,0.625,11,5,6,323.991945300883,0.4227134146341463,0.16826780828194776,0.18526611236818455,130402.54122662742,249.87460083872406,130652.41582746615,704,1,226.70731707317074,37,4,22,36.38162014671678,0.6224662162162162,44.6546052631579,1021.3815789473684,27.604907539118066,0
4081,4,1,0,42,0.023809523809523808,0.0,1.0,42,1500,1100,400,0.7333333333333333,19,11,8,318.86601976198506,0.4252564847077042,0.17136290370724128,0.18386659886516388,130726.51855504417,-63.15107020235848,130663.36748484182,705,0,222.28571428571428,38,4,18,36.18540186655523,0.6239035087719298,44.337606837606835,1022.6495726495724,26.911830859199274,0
4082,4,0,1,41,0.0,0.023809523809523808,0.9761904761904762,42,900,600,300,0.6666666666666666,12,6,6,317.0716822665639,0.4247967479674797,0.1694516971279374,0.1832203595475165,130808.4744708342,-104.86738896194555,130703.60708187227,706,1,223.28571428571428,38,4,18,36.14860748476936,0.6247258771929824,44.25747863247863,1022.9700854700851,26.920265407107504,0
4083,4,0,0,41,0.0,0.0,1.0,41,950,700,250,0.7368421052631579,12,7,5,326.83265555985565,0.42339939024390244,0.17436919303255394,0.18851998629602815,130738.73842191833,345.93781259618413,131084.6762345145,707,2,229.6341463414634,37,4,18,35.9693854758586,0.6258445945945945,44.32565789473684,1022.697368421053,27.64046941678522,0
4084,4,1,1,41,0.023809523809523808,0.023809523809523808,0.9761904761904762,42,650,400,250,0.6153846153846154,9,4,5,320.1733429533362,0.42540166473093305,0.17903350822799857,0.18619789556218286,131054.49631090659,-7.9687614142747805,131046.52754949231,708,0,225.14285714285714,38,4,20,35.82120374234836,0.6271929824561404,44.01709401709402,1023.9316239316241,26.945569050832216,0
4085,4,1,2,40,0.023809523809523808,0.047619047619047616,0.9523809523809523,42,850,600,250,0.7058823529411765,11,6,5,317.259230829695,0.4241918312040263,0.1857500297867276,0.18555795988527019,131273.37643363274,-70.46191284974026,131202.914520783,709,0,225.33333333333334,38,4,21,35.67534577425635,0.6293859649122807,43.8034188034188,1024.786324786324,26.968061178587476,0
4086,4,0,0,40,0.0,0.0,1.0,40,850,400,450,0.47058823529411764,13,4,9,333.2204793209195,0.4214877136752137,0.18416684985711118,0.19458536077418007,131212.72243527308,744.5532525768917,131957.27568784996,710,1,232.75,36,4,21,35.32759031288926,0.6325231481481481,43.86261261261261,1024.5495495495493,28.459709709709703,0
4087,4,0,0,40,0.0,0.0,1.0,40,1000,900,100,0.9,11,9,2,332.14356533809234,0.42151442307692305,0.18008130081300844,0.19454123112659685,131328.12499999988,723.9583333333175,132052.0833333332,711,2,233.75,36,4,23,35.23882113821138,0.6336805555555556,43.74999999999999,1024.999999999999,28.472222222222197,0
4088,4,0,0,40,0.0,0.0,1.0,40,700,500,200,0.7142857142857143,9,5,4,330.74536774424683,0.4215010683760683,0.18235310269082916,0.19416096539725122,131414.71021274655,692.9613312636953,132107.67154401026,712,3,234.75,36,4,23,35.18739703459637,0.6345486111111112,43.66554054054054,1025.337837837838,28.481606606606608,0
4089,4,0,0,40,0.0,0.0,1.0,40,1150,900,250,0.782608695652174,14,9,5,328.9364304286683,0.4214610042735043,0.1785298638559505,0.1935370160429141,131501.32395909424,651.1152199496784,132152.43917904393,713,4,235.75,36,4,23,35.14652869272433,0.6354166666666667,43.58108108108108,1025.6756756756758,28.490990990990994,0
4090,4,1,0,41,0.024390243902439025,0.0,1.0,41,750,600,150,0.8,9,6,3,321.7754710023084,0.4235010162601626,0.17381565101426344,0.19070288040921574,131778.07113727275,280.59018159431025,132058.66131886706,714,0,230.97560975609755,37,4,17,35.05179410508328,0.6362612612612613,43.31140350877192,1026.7543859649104,27.750118539592172,0
4091,4,1,2,40,0.023809523809523808,0.047619047619047616,0.9523809523809523,42,1250,1000,250,0.8,15,10,5,338.0178153046434,0.42489353464963225,0.20101101897080587,0.1901323212860558,129760.92470689719,433.6298228722443,130194.55452976943,715,0,226.45238095238096,35,7,19,36.67369552046651,0.6199404761904762,45.28356481481481,1018.86574074074,29.110449735449713,8
4092,4,0,0,40,0.0,0.0,1.0,40,1300,1000,300,0.7692307692307693,16,10,6,339.7049607119401,0.42394497863247865,0.2058914592826262,0.19115941872015083,129776.92920918355,817.1733276643768,130594.10253684793,716,1,232.175,34,6,19,36.6144798847217,0.6222426470588236,45.26785714285713,1018.9285714285704,29.968487394957954,0
4093,4,1,0,41,0.024390243902439025,0.0,1.0,41,1250,1000,250,0.8,15,10,5,330.51402710352016,0.42545731707317075,0.21155170173173254,0.18845922644344854,130292.1264815885,412.6750846621927,130704.80156625068,717,0,227.4878048780488,35,6,20,36.32678173298569,0.625297619047619,44.762731481481474,1020.9490740740728,29.16997354497351,0
4094,4,1,0,42,0.023809523809523808,0.0,1.0,42,1500,1100,400,0.7333333333333333,19,11,8,325.3041976362826,0.4273736933797909,0.20768827354730468,0.18742145396811197,130694.03863322774,103.06387468548832,130797.10250791322,718,0,223.04761904761904,36,6,18,36.05359765051395,0.6273148148148149,44.369369369369366,1022.5225225225219,28.403403403403384,0
4095,4,1,0,43,0.023255813953488372,0.0,1.0,43,950,600,350,0.631578947368421,13,6,7,319.03862704345335,0.42924049464747144,0.19920247278270264,0.18536799382107788,131019.2333819059,-239.9607331101971,130779.2726487957,719,0,218.8372093023256,37,6,20,35.88579040376994,0.6286599099099099,44.051535087719294,1023.7938596491222,27.67010431484114,0
4096,4,0,1,42,0.0,0.023255813953488372,0.9767441860465116,43,1450,1100,350,0.7586206896551724,18,11,7,323.6922661165632,0.42815614617940195,0.20410865156096403,0.18917474839645296,131243.84576263843,-103.47643024777585,131140.36933239066,720,1,219.8372093023256,37,6,20,35.540284465846284,0.6309121621621622,43.83223684210526,1024.6710526315783,27.6938122332859,0
4097,4,0,0,42,0.0,0.0,1.0,42,1800,1400,400,0.7777777777777778,22,14,8,331.0256372536553,0.4260670731707317,0.19996285892144394,0.1940326063052173,131356.98356718203,296.50583860887286,131653.4894057909,721,2,224.76190476190476,36,6,20,35.238382950675586,0.6339699074074074,43.721846846846844,1025.1126126126126,28.47535035035035,0
4098,4,0,0,42,0.0,0.0,1.0,42,1300,700,600,0.5384615384615384,19,7,12,329.75454766693167,0.4255347464188928,0.19938547632122594,0.1935793137657906,131414.71021274655,266.91966459702786,131681.62987734357,722,3,225.76190476190476,36,6,21,35.21279516749038,0.6345486111111112,43.66554054054054,1025.337837837838,28.481606606606608,0
4099,4,0,0,42,0.0,0.0,1.0,42,1050,800,250,0.7619047619047619,13,8,5,333.05423399152255,0.4249540263259775,0.20508553923813588,0.1965145978368643,131609.25116381957,366.60366651276445,131975.85483033233,723,4,226.76190476190476,37,5,16,34.932232670798605,0.634572072072072,43.47587719298245,1026.0964912280697,27.73233760075864,0
4100,4,0,0,42,0.0,0.0,1.0,42,1100,800,300,0.7272727272727273,14,8,6,331.19757382154523,0.4249540263259775,0.20290861191213727,0.196141864876099,131749.92696069926,327.05123210986653,132076.97819280913,724,5,227.76190476190476,37,5,16,34.83825963900462,0.6359797297297297,43.33881578947368,1026.6447368421038,27.747155049786592,0
4101,4,0,0,42,0.0,0.0,1.0,42,950,700,250,0.7368421052631579,12,7,5,333.0939084623169,0.42489353464963225,0.20555513182315077,0.19755696344202656,131806.21831957917,380.7696839412181,132186.98800352038,725,6,228.76190476190476,37,5,16,34.73293735540132,0.6365427927927928,43.28399122807018,1026.86403508772,27.753082029397834,0
4102,4,0,0,42,0.0,0.0,1.0,42,1400,1100,300,0.7857142857142857,17,11,6,335.5339425423907,0.4243007162214479,0.20395893682980137,0.1997428870153874,131946.99931709742,454.5393775007561,132401.5386945982,726,7,229.76190476190476,37,5,18,34.528637495553184,0.6379504504504505,43.1469298245614,1027.4122807017534,27.767899478425768,0
4103,4,0,2,40,0.0,0.047619047619047616,0.9523809523809523,42,950,600,350,0.631578947368421,13,6,7,334.7894044444444,0.4240950445218738,0.20294349206349205,0.2000414701508391,132087.85545792937,444.32289262080315,132532.17835055018,727,8,230.76190476190476,37,5,18,34.406111111111116,0.6393581081081081,43.00986842105263,1027.9605263157894,27.782716927453766,0
4104,4,1,0,41,0.024390243902439025,0.0,1.0,41,850,600,250,0.7058823529411765,11,6,5,345.6760217676859,0.42281504065040654,0.21349548947544217,0.2060283278007928,131992.67415642014,925.3405009739629,132918.0146573941,728,0,236.9512195121951,36,5,19,34.22214611872146,0.6403356481481481,43.102477477477485,1027.5900900900915,28.54416916916921,0
4105,4,0,1,40,0.0,0.024390243902439025,0.975609756097561,41,1100,500,600,0.45454545454545453,17,5,12,343.8909076513158,0.421849593495935,0.21730558598028438,0.20574862299190827,132137.36329234674,888.1675594513786,133025.5308517981,729,1,237.9512195121951,36,5,19,34.122398685651696,0.6417824074074074,42.96171171171173,1028.1531531531557,28.55980980980988,0
4106,4,0,0,40,0.0,0.0,1.0,40,900,400,500,0.4444444444444444,14,4,10,349.3425858290719,0.4202724358974359,0.2202702702702699,0.20847863993025287,132040.8950617286,1225.501543209894,133266.3966049385,730,2,243.65,35,5,19,34.07939189189189,0.6428571428571428,43.055555555555564,1027.7777777777794,29.365079365079414,0
4107,4,0,0,40,0.0,0.0,1.0,40,1350,900,450,0.6666666666666666,18,9,9,348.6003299113025,0.42043269230769226,0.21347366051328232,0.20869038618140254,132159.87761488356,1214.1953875171648,133374.07300240072,731,3,244.65,35,5,19,33.97868827855321,0.644047619047619,42.939814814814824,1028.240740740742,29.378306878306915,0
4108,4,0,0,40,0.0,0.0,1.0,40,1200,800,400,0.6666666666666666,16,8,8,349.83313047079764,0.42001869658119656,0.21389951614718106,0.20992349969574484,132249.14969403733,1253.026807913252,133502.1765019506,732,4,245.65,35,5,20,33.857155583061406,0.6449404761904762,42.85300925925927,1028.587962962964,29.38822751322754,0
4109,4,0,0,40,0.0,0.0,1.0,40,900,700,200,0.7777777777777778,11,7,4,346.8618757313498,0.42041933760683764,0.2093380947025083,0.20879816771343493,132368.2260186258,1182.6982328103713,133550.92425143617,733,5,246.65,35,5,20,33.813805158774784,0.6461309523809524,42.737268518518526,1029.050925925927,29.401455026455057,0
4110,4,0,0,40,0.0,0.0,1.0,40,1500,1000,500,0.6666666666666666,20,10,10,359.69689670283725,0.4198851495726496,0.2073509369676323,0.20263155313298054,129819.89354263128,1343.747320816199,131163.64086344748,734,6,247.65,35,5,17,36.061541737649065,0.6205357142857143,45.22569444444445,1019.0972222222231,29.117063492063515,8
4111,4,1,0,41,0.024390243902439025,0.0,1.0,41,1150,800,350,0.6956521739130435,15,8,7,351.66907355204455,0.42352642276422764,0.2041218623514489,0.19919116942844722,130032.77084094248,945.7008106079259,130978.47165155041,735,0,242.58536585365854,36,5,18,36.04992455191197,0.6206597222222222,45.0168918918919,1019.932432432434,28.3314564564565,0
4112,4,0,0,41,0.0,0.0,1.0,41,1050,700,350,0.6666666666666666,14,7,7,351.46704147188274,0.42266260162601627,0.21369448690073867,0.20010661205409247,130233.8487135788,954.5811013716864,131188.42981495048,736,1,243.58536585365854,36,5,19,35.85107752280083,0.6226851851851851,44.81981981981984,1020.7207207207235,28.35335335335343,0
4113,4,0,0,41,0.0,0.0,1.0,41,1100,900,200,0.8181818181818182,13,9,4,351.4736586404902,0.4224593495934959,0.21500743621395868,0.20085158224389488,130377.57087746556,964.8563681925516,131342.42724565812,737,2,244.58536585365854,36,5,21,35.70519535413682,0.6241319444444444,44.67905405405407,1021.2837837837859,28.368993993994053,0
4114,4,0,1,40,0.0,0.024390243902439025,0.975609756097561,41,1100,600,500,0.5454545454545454,16,6,10,348.9714072643227,0.4223577235772358,0.2074783843076522,0.19986544234229434,130463.8422205993,905.6301233666438,131369.47234396593,738,3,245.58536585365854,36,5,21,35.68167621987067,0.625,44.59459459459461,1021.6216216216242,28.37837837837845,0
4115,4,0,0,40,0.0,0.0,1.0,40,950,600,350,0.631578947368421,13,6,7,355.32059482059867,0.4209001068376068,0.2127847025495755,0.2032212734472966,130410.3186755188,1267.494400505845,131677.81307602464,739,4,251.85,35,5,21,35.573772426817754,0.6264880952380952,44.64699074074075,1021.4120370370381,29.18320105820109,0
4116,4,1,1,40,0.024390243902439025,0.024390243902439025,0.975609756097561,41,550,300,250,0.5454545454545454,8,3,5,348.1373574379679,0.4235010162601626,0.21086989810310008,0.20042733469748364,130665.25298524903,897.8911766496507,131563.14416189867,740,0,246.6829268292683,36,5,17,35.49904541616183,0.627025462962963,44.397522522522536,1022.409909909912,28.400275275275334,0
4117,4,0,1,39,0.0,0.025,0.975,40,1250,900,350,0.72,16,9,7,351.52122502442853,0.42175480769230766,0.22069795086607003,0.20227928212643512,130646.8638144076,1185.0291227280545,131831.89293713565,741,1,252.475,35,5,18,35.431171931016266,0.6288690476190476,44.41550925925926,1022.3379629629632,29.20965608465609,0
4118,4,0,0,39,0.0,0.0,1.0,39,750,500,250,0.6666666666666666,10,5,5,359.59747345165295,0.419899910031489,0.22010437939641503,0.20698546260072354,130657.8514739229,1596.846655328799,132254.6981292517,742,2,257.94871794871796,34,5,19,35.21362172022979,0.6311274509803921,44.404761904761905,1022.3809523809523,30.070028011204478,0
4119,4,0,0,39,0.0,0.0,1.0,39,1600,1200,400,0.75,20,12,8,374.4747659834771,0.4195906432748538,0.21386603995299636,0.20297963430059793,128295.24518140574,1810.3812358276464,130105.62641723339,743,3,258.94871794871796,34,5,20,37.241725421073234,0.6072303921568627,46.72619047619047,1013.0952380952369,29.79691876750697,8
4120,4,0,1,38,0.0,0.02564102564102564,0.9743589743589743,39,700,500,200,0.7142857142857143,9,5,4,371.16977995242206,0.4199561403508772,0.11726998491704421,0.19415034643665177,126858.71056241443,1681.7966409815172,128540.50720339594,744,4,259.94871794871796,35,4,22,38.80016850490198,0.5904761904761905,48.14814814814816,1007.4074074074088,28.78306878306882,8
4121,4,2,1,39,0.05,0.025,0.975,40,1150,800,350,0.6956521739130435,15,8,7,364.61201015834973,0.4243189102564102,0.14639582855833155,0.19376397080644103,127500.81045310371,1297.8796939300594,128798.69014703378,745,0,254.175,35,5,18,38.30554282221714,0.5970238095238095,47.51157407407408,1009.9537037037048,28.85582010582014,0
4122,4,3,0,42,0.07142857142857142,0.0,1.0,42,1500,1100,400,0.7333333333333333,19,11,8,353.08865263324554,0.42802700348432055,0.16838739053548957,0.19107577267048223,128230.0607195035,656.9367795128995,128886.99749901639,746,0,243.0,36,6,21,37.85000185308726,0.6024305555555556,46.790540540540555,1012.8378378378395,28.134384384384433,0
4123,4,0,0,42,0.0,0.0,1.0,42,850,200,650,0.23529411764705882,15,2,13,351.81930972682585,0.4281842818428185,0.15867018067507055,0.19093306085174816,128344.14439777637,630.7896579011679,128974.93405567754,747,1,244.0,36,6,22,37.765568274431345,0.603587962962963,46.67792792792794,1013.2882882882901,28.146896896896948,0
4124,4,0,1,41,0.0,0.023809523809523808,0.9761904761904762,42,1150,1000,150,0.8695652173913043,13,10,3,355.67046390097914,0.4280874951606659,0.16274117690626966,0.19343745290469572,128429.74044568226,735.7330725996346,129165.47351828188,748,2,245.0,36,6,16,37.58054660593268,0.6044560185185186,46.59346846846847,1013.6261261261268,28.1562812812813,0
4125,4,0,1,40,0.0,0.024390243902439025,0.975609756097561,41,1250,900,350,0.72,16,9,7,356.7302433924916,0.4278201219512195,0.16259982013414054,0.19443093895314756,128515.36502718946,969.0634891648481,129484.42851635431,749,3,246.34146341463415,36,5,17,37.46621871760697,0.6053240740740741,46.50900900900901,1013.9639639639648,28.16566566566569,0
4126,4,1,0,41,0.024390243902439025,0.0,1.0,41,1750,1500,250,0.8571428571428571,20,15,5,357.0021743460265,0.42535569105691057,0.15283145507886475,0.19569973206851532,128743.83674214764,992.3659301193206,129736.20267226697,750,0,247.2439024390244,36,5,19,37.2260596981802,0.6076388888888888,46.28378378378379,1014.8648648648657,28.190690690690715,0
4127,4,0,0,41,0.0,0.0,1.0,41,1000,800,200,0.8,12,8,4,363.81306248032047,0.4256605691056911,0.15098851221405618,0.2001526775097652,128886.73460200077,1178.1355257284479,130064.87012772921,751,1,248.2439024390244,36,5,20,36.90736941333037,0.6090856481481481,46.143018018018026,1015.427927927929,28.20633133133136,0
4128,4,1,1,41,0.023809523809523808,0.023809523809523808,0.9761904761904762,42,1350,1100,250,0.8148148148148148,16,11,5,359.885213277335,0.427930216802168,0.16151294932448934,0.20001969443820003,129289.65627411264,906.654341383897,130196.31061549654,752,0,243.3095238095238,35,7,21,36.59632127005804,0.6151785714285714,45.74652777777778,1017.0138888888888,29.05753968253968,0
4129,4,0,0,41,0.0,0.0,1.0,41,850,600,250,0.7058823529411765,11,6,5,361.80260699473865,0.4270833333333333,0.17505601621259048,0.20140737959413954,129352.72285997734,1160.030470521544,130512.75333049888,753,1,249.17073170731706,34,7,22,36.483323581041546,0.617953431372549,45.68452380952381,1017.2619047619048,29.919467787114847,0
4130,4,0,0,41,0.0,0.0,1.0,41,1150,800,350,0.6956521739130435,15,8,7,361.30133632571363,0.4269817073170732,0.1749053647443808,0.2020117770492467,129525.18332315245,1159.524364497603,130684.70768765005,754,2,250.17073170731706,35,6,18,36.32047091150275,0.6175595238095238,45.5150462962963,1017.939814814815,29.083994708994716,0
4131,4,0,0,41,0.0,0.0,1.0,41,1400,1100,300,0.7857142857142857,17,11,6,359.43434510639923,0.42629573170731705,0.17591245124861787,0.2015718803436076,129643.02722318661,1119.6313175154212,130762.65854070203,755,3,251.17073170731706,35,6,18,36.24808216842825,0.61875,45.39930555555555,1018.4027777777768,29.097222222222193,0
4132,4,0,1,40,0.0,0.024390243902439025,0.975609756097561,41,850,700,150,0.8235294117647058,10,7,3,359.78328324421034,0.42609247967479674,0.177612854415103,0.2020710067538156,129701.9692670823,1132.9200692300913,130834.8893363124,756,4,252.17073170731706,35,6,19,36.17924572965193,0.6193452380952381,45.341435185185176,1018.6342592592578,29.103835978835935,0
4133,4,0,2,38,0.0,0.05,0.95,40,1150,900,250,0.782608695652174,14,9,5,348.012072348304,0.423971688034188,0.11869132127318527,0.18601820317564768,127734.70320001694,901.9833997770684,128636.686599794,757,5,247.175,35,5,18,38.48513472254026,0.5994047619047619,47.28009259259258,1010.879629629628,28.882275132275083,8
4134,4,1,1,38,0.02564102564102564,0.02564102564102564,0.9743589743589743,39,1050,600,450,0.5714285714285714,15,6,9,355.5037467872083,0.42571974808816915,0.13627339162759267,0.19096528699100435,127933.68055555524,1296.180555555517,129229.86111111076,758,0,245.56410256410257,34,5,19,38.092051070840185,0.6035539215686274,47.083333333333314,1011.6666666666641,29.754901960784238,0
4135,4,2,0,40,0.05,0.0,1.0,40,800,700,100,0.875,9,7,2,344.2368043742001,0.4310496794871795,0.13235831809872,0.18643319999275962,128261.74554183791,830.4826817558014,129092.22822359372,759,0,240.175,35,5,21,38.04178092626446,0.6047619047619048,46.759259259259245,1012.9629629629611,28.94179894179889,0
4136,4,0,2,38,0.0,0.05,0.95,40,1350,900,450,0.6666666666666666,18,9,9,346.03115030962664,0.43054220085470085,0.12506849315068536,0.1885095072582293,128496.3348765431,892.7469135802337,129389.08179012334,760,1,241.175,35,5,17,37.756849315068486,0.6071428571428572,46.52777777777777,1013.888888888888,28.968253968253943,0
4137,4,0,0,38,0.0,0.0,1.0,38,1350,1000,350,0.7407407407407407,17,10,7,362.6068620390515,0.42370495495495497,0.1333114645502782,0.1959594833897112,128175.55334787109,1695.4670379181218,129871.0203857892,761,3,254.81578947368422,33,5,20,37.66476562184842,0.608270202020202,46.844362745098046,1012.6225490196084,30.685531788472982,0
4138,4,1,0,39,0.02564102564102564,0.0,1.0,39,900,600,300,0.6666666666666666,12,6,6,352.64010283396806,0.42628205128205127,0.13246608549016048,0.19186776202116543,128446.04768990938,1259.0454931972868,129705.09318310667,762,0,249.25641025641025,34,5,18,37.64068310824035,0.6087622549019608,46.577380952380956,1013.6904761904768,29.81442577030814,0
4139,4,1,1,39,0.025,0.025,0.975,40,900,700,200,0.7777777777777778,11,7,4,346.0917375996845,0.4303151709401709,0.12350644168281888,0.19007956358715294,128819.24518014828,916.6552801354596,129735.90046028374,763,0,244.0,35,5,19,37.42601090715618,0.6104166666666666,46.20949074074074,1015.1620370370367,29.00462962962962,0
4140,4,0,0,39,0.0,0.0,1.0,39,800,400,400,0.5,12,4,8,356.3397664165618,0.42889676113360325,0.12240551564812474,0.19520823707807014,128717.71541950105,1373.4481292516884,130091.16354875274,764,1,250.35897435897436,34,5,20,37.26952330674174,0.6115196078431373,46.3095238095238,1014.761904761904,29.84593837535012,0
4141,4,1,0,40,0.025,0.0,1.0,40,750,500,250,0.6666666666666666,10,5,5,354.57666406550214,0.430448717948718,0.14489069793920084,0.19648245050393093,129171.97312510718,1160.2734642918404,130332.24658939902,765,0,245.075,35,5,21,36.85113761433071,0.6139880952380952,45.86226851851852,1016.5509259259261,29.044312169312175,0
4142,4,0,0,40,0.0,0.0,1.0,40,950,700,250,0.7368421052631579,12,7,5,353.2336069283122,0.43051549145299145,0.14649964879419342,0.1961847510001069,129261.91184807262,1131.9336210886138,130393.84546916123,766,1,246.075,34,6,21,36.79368610005463,0.6170343137254901,45.773809523809526,1016.9047619047623,29.908963585434183,0
4143,4,0,0,40,0.0,0.0,1.0,40,1500,1100,400,0.7333333333333333,19,11,8,349.2671180379734,0.4300080128205128,0.14519110453873285,0.19469925394241117,129407.39300679442,1039.5494416580955,130446.94244845251,767,2,247.075,35,5,21,36.74650684412089,0.6163690476190475,45.63078703703704,1017.476851851852,29.0707671957672,0
4144,4,0,0,40,0.0,0.0,1.0,40,1250,900,350,0.72,16,9,7,350.67332638911955,0.4299813034188034,0.1422445151756282,0.19636366978008177,129584.09857521,1088.3373789008867,130672.43595411089,768,3,248.075,35,5,19,36.531038043272325,0.6181547619047619,45.457175925925924,1018.1712962962958,29.090608465608454,0
4145,4,0,1,39,0.0,0.025,0.975,40,1100,700,400,0.6363636363636364,15,7,8,350.409090909091,0.4303151709401709,0.14322727272727254,0.19665816326530608,129672.49657064465,1087.6843278463566,130760.180898491,769,4,249.075,35,5,19,36.44791666666667,0.6190476190476191,45.37037037037037,1018.518518518518,29.100529100529087,0
4146,4,2,1,40,0.04878048780487805,0.024390243902439025,0.975609756097561,41,1150,800,350,0.6956521739130435,15,8,7,315.95253804386294,0.433130081300813,0.04536640270731018,0.17674894987422282,129545.8021375867,-13.93500434028391,129531.86713324641,770,0,243.78048780487805,39,2,13,37.453635014836806,0.610309829059829,45.494791666666664,1018.0208333333325,26.10309829059827,8
4147,4,1,1,40,0.024390243902439025,0.024390243902439025,0.975609756097561,41,1000,600,400,0.6,14,6,8,318.19797029753056,0.43417174796747965,0.06594611567858788,0.17970014629555278,129917.22140842004,67.87923177082217,129985.10064019087,771,0,244.17073170731706,39,2,15,37.02030329348457,0.6140491452991452,45.13020833333333,1019.4791666666658,26.14049145299143,0
4148,4,0,0,40,0.0,0.0,1.0,40,1050,800,250,0.7619047619047619,13,8,5,320.03448337252985,0.43091613247863253,0.04280671006509751,0.175290417798942,128711.08596280332,238.39718008461418,128949.48314288794,772,1,251.075,40,0,14,38.19729594391587,0.6002604166666667,46.31605691056911,1014.7357723577243,25.368394308943106,8
4149,4,0,1,39,0.0,0.025,0.975,40,950,700,250,0.7368421052631579,12,7,5,318.05784240329774,0.4301415598290598,0.046483631995194896,0.17466079097122297,128814.2301725992,194.0752239077496,129008.30539650696,773,2,252.075,40,0,14,38.14258184002403,0.6013020833333333,46.214430894308954,1015.1422764227659,25.37855691056915,0
4150,4,1,0,40,0.025,0.0,1.0,40,900,500,400,0.5555555555555556,13,5,8,319.8621193929083,0.42863247863247866,0.052716629977987095,0.17622392619695318,128943.2185289843,248.81023200478583,129192.0287609891,774,0,253.0,40,0,16,37.96569608431727,0.6026041666666666,46.08739837398375,1015.650406504067,25.391260162601675,0
4151,4,1,1,40,0.024390243902439025,0.024390243902439025,0.975609756097561,41,850,400,450,0.47058823529411764,13,4,9,353.82233987391646,0.43150406504065036,0.04454444025352999,0.19279877294131417,128505.59937913572,961.6728110348024,129467.27219017052,775,0,247.8048780487805,37,4,17,37.54990357232977,0.603322072072072,46.518640350877185,1013.9254385964898,27.403390232337564,7
4152,4,0,0,40,0.0,0.0,1.0,40,1150,800,350,0.6956521739130435,15,8,7,356.26383555878505,0.4287793803418803,0.061242504996668945,0.1944552789722676,128572.46393352798,1161.1438296404351,129733.60776316842,776,1,254.975,36,4,18,37.41972943963284,0.6059027777777778,46.452702702702695,1014.189189189188,28.17192192192189,0
4153,4,1,1,40,0.024390243902439025,0.024390243902439025,0.975609756097561,41,1250,1000,250,0.8,15,10,5,347.42085108767975,0.4301321138211382,0.07110376188507628,0.19144314953153901,128950.68825263518,760.0315722144994,129710.71982484969,777,0,249.73170731707316,37,4,19,37.258335132606426,0.6078265765765766,46.08004385964911,1015.6798245614015,27.450806069227067,0
4154,4,0,0,40,0.0,0.0,1.0,40,1450,1100,350,0.7586206896551724,18,11,7,355.32863653571,0.4284989316239316,0.08323170731707297,0.1959085758894931,128972.51136271423,1165.525322619933,130138.03668533415,778,1,255.4,36,4,19,37.03529194382854,0.6099537037037037,46.058558558558566,1015.765765765767,28.21571571571575,0
4155,4,0,1,39,0.0,0.025,0.975,40,900,600,300,0.6666666666666666,12,6,6,354.56543798624,0.42852564102564106,0.08676014187541559,0.19577046398481407,129029.71172185717,1149.8952499797292,130179.6069718369,779,2,256.4,36,4,19,36.996369984482364,0.6105324074074074,46.00225225225226,1015.9909909909925,28.221971971972014,0
4156,4,0,0,39,0.0,0.0,1.0,39,1100,700,400,0.6363636363636364,15,7,8,353.84105306276285,0.42608524516419255,0.09557083734551308,0.19607877139334345,129172.76810171679,1341.3256584287228,130514.09376014551,780,3,263.28205128205127,36,3,20,36.86902256194381,0.6119791666666667,45.8614864864865,1016.5540540540558,28.23761261261266,0
4157,4,0,0,39,0.0,0.0,1.0,39,700,200,500,0.2857142857142857,12,2,10,354.37614701575245,0.4258040935672514,0.09827989750593957,0.19681092463213667,129260.23046339171,1361.351657197124,130621.58212058884,781,4,264.28205128205127,35,4,20,36.76635177175812,0.6148809523809524,45.77546296296297,1016.8981481481487,29.05423280423282,0
4158,4,1,0,40,0.025,0.0,1.0,40,900,500,400,0.5555555555555556,13,5,8,350.30858158423416,0.42593482905982905,0.12789046092627387,0.1969696542941315,129745.78622118777,1090.2124675351429,130835.9986887229,782,0,258.65,36,4,19,36.37600862164253,0.6177662037037037,45.29842342342344,1018.8063063063092,28.300175175175255,0
4159,4,0,0,40,0.0,0.0,1.0,40,1050,800,250,0.7619047619047619,13,8,5,352.08522328378217,0.42581463675213677,0.12621546961326002,0.19840418871221888,129831.84831791285,1142.3750608717228,130974.22337878458,783,1,259.65,36,4,19,36.24332412523022,0.6186342592592593,45.213963963963984,1019.1441441441469,28.309559559559638,0
4160,4,0,0,40,0.0,0.0,1.0,40,1000,800,200,0.8,12,8,4,351.43742602277223,0.4256143162393162,0.11984148900916836,0.19847554696095843,129917.93894823913,1131.605211630589,131049.54415986972,784,2,260.65,36,4,20,36.172401413895955,0.6195023148148149,45.129504504504524,1019.4819819819847,28.31894394394402,0
4161,4,0,0,40,0.0,0.0,1.0,40,1300,800,500,0.6153846153846154,18,8,10,353.6225734199086,0.424866452991453,0.11583130933980978,0.20044513579709253,130061.48674011878,1198.5355287720447,131260.0222688908,785,3,261.65,36,4,20,35.970964892912335,0.6209490740740741,44.98873873873875,1020.0450450450473,28.334584584584647,0
4162,4,0,0,40,0.0,0.0,1.0,40,1350,900,450,0.6666666666666666,18,9,9,357.72908290803684,0.42481303418803423,0.1104927320590594,0.19162961357250266,127822.46823827588,1145.4735667967464,128967.94180507262,786,4,262.65,35,5,21,38.14965567891343,0.600297619047619,47.19328703703704,1011.2268518518517,28.892195767195762,8
4163,4,1,0,41,0.024390243902439025,0.0,1.0,41,850,500,350,0.5882352941176471,12,5,7,348.1116702404473,0.42870934959349594,0.10819067256300996,0.1878465735571204,128116.02776763268,719.7368821524406,128835.76464978512,787,0,257.219512195122,36,5,22,38.092556544308486,0.6012731481481481,46.90315315315316,1012.3873873873889,28.121871871871914,0
4164,4,1,1,41,0.023809523809523808,0.023809523809523808,0.9761904761904762,42,1200,900,300,0.75,15,9,6,357.1644262739187,0.43044667053813396,0.13050443135807566,0.18139388973854548,125648.36109335707,624.3505752374174,126272.7116685945,788,0,252.07142857142858,36,6,17,40.40023961960387,0.576099537037037,49.352477477477485,1002.5900900900917,27.84972472472477,8
4165,4,3,0,44,0.06818181818181818,0.0,1.0,44,1500,1100,400,0.7333333333333333,19,11,8,339.9104843600001,0.43601347780126853,0.1707543056463927,0.17617733240218328,126484.64551592813,-200.68717729012815,126283.95833863801,789,0,241.52272727272728,37,7,18,39.971659036407246,0.5827702702702703,48.519736842105274,1005.9210526315802,27.187055476529196,0
4166,4,2,0,46,0.043478260869565216,0.0,1.0,46,950,400,550,0.42105263157894735,15,4,11,329.78579259417336,0.43911030595813205,0.18203754761393376,0.17316809299849711,127015.17083292046,-822.4402430761814,126192.73058984427,790,0,231.97826086956522,40,6,20,39.68204960177439,0.5830729166666666,47.9928861788618,1008.0284552845548,25.20071138211387,0
4167,4,2,2,46,0.041666666666666664,0.041666666666666664,0.9583333333333334,48,1200,800,400,0.6666666666666666,16,8,8,317.70621515407373,0.44272680260047287,0.19676925845932303,0.1694322255266699,127642.79120212902,-1489.3951454378189,126153.3960566912,791,0,223.27083333333334,41,7,15,39.34485241180705,0.5879065040650406,47.37103174603175,1010.5158730158732,24.64672861014325,0
4168,4,1,1,46,0.02127659574468085,0.02127659574468085,0.9787234042553191,47,950,500,450,0.5263157894736842,14,5,9,326.5131688557263,0.4393308664816528,0.20728309300324899,0.1739653764610735,127604.89477989299,-1067.0642887831225,126537.83049110987,792,0,228.95744680851064,40,7,16,39.161092670824125,0.5890625,47.40853658536586,1010.365853658537,25.259146341463428,0
4169,4,0,0,46,0.0,0.0,1.0,46,1300,800,500,0.6153846153846154,18,8,10,334.1602610408774,0.4378824476650564,0.16592678134889138,0.1739193171916521,126654.74597318652,-607.2296572681125,126047.51631591842,793,1,234.56521739130434,35,11,17,39.94157468092446,0.5883928571428572,48.350694444444436,1006.5972222222206,28.759920634920586,7
4170,4,1,2,45,0.02127659574468085,0.0425531914893617,0.9574468085106383,47,1050,600,450,0.5714285714285714,15,6,9,326.85595609548676,0.439986123959297,0.1665315129997218,0.1711164563596441,126893.37722435262,-1104.8287730298,125788.54845132281,794,0,230.5531914893617,36,11,18,39.88068626355202,0.5888310185185186,48.11373873873873,1007.5450450450442,27.987362362362337,0
4171,4,2,0,47,0.0425531914893617,0.0,1.0,47,1150,700,450,0.6086956521739131,16,7,9,329.5339216583011,0.4399283071230342,0.19013085370049,0.1737486570137391,127182.0595946713,-1017.5287282249084,126164.5308664464,795,0,231.3404255319149,34,13,21,39.517437743420274,0.5958946078431373,47.827380952380956,1008.690476190477,29.66736694677874,0
4172,4,1,1,47,0.020833333333333332,0.020833333333333332,0.9791666666666666,48,1300,900,400,0.6923076923076923,17,9,8,319.08851775337075,0.44288379137115835,0.1911472655056523,0.1698173526189892,127559.26354595345,-1459.4607338820183,126099.80281207143,796,0,227.5,35,13,16,39.39524136877483,0.5976190476190476,47.45370370370371,1010.1851851851859,28.862433862433882,0
4173,4,3,1,49,0.06,0.02,0.98,50,950,600,350,0.631578947368421,13,6,7,307.39819305933514,0.4460119047619047,0.21195061193544906,0.16588004187708025,128116.77781865583,-2123.4267995921714,125993.35101906366,797,0,219.32,37,13,19,39.12223816744287,0.5993806306306306,46.90241228070176,1012.3903508771937,27.36190137505929,0
4174,4,1,2,48,0.02,0.04,0.96,50,1400,1000,400,0.7142857142857143,18,10,8,310.4046026123948,0.4464965986394558,0.21397402597402593,0.16831798874052412,128311.11495844883,-2034.3278701138715,126276.78708833495,798,0,220.24,37,13,22,38.84830447330448,0.6013513513513513,46.71052631578948,1013.1578947368428,27.382645803698452,0
4175,4,1,2,47,0.02040816326530612,0.04081632653061224,0.9591836734693877,49,1450,1100,350,0.7586206896551724,18,11,7,310.5903283320317,0.44789895124716556,0.21611863086318084,0.1692415301170477,128505.599379136,-1817.4807392659177,126688.11863987008,799,0,225.0204081632653,37,12,13,38.645754478930094,0.603322072072072,46.5186403508772,1013.9254385964921,27.403390232337625,0
4176,4,2,3,46,0.04081632653061224,0.061224489795918366,0.9387755102040817,49,1200,800,400,0.6666666666666666,16,8,8,327.4626971521182,0.44747378117913833,0.10940268390314367,0.17558775657639414,127861.72251966398,-1337.2758603972381,126524.44665926674,800,0,225.9591836734694,40,9,15,38.874723673633426,0.5916666666666667,47.154471544715435,1011.3821138211362,25.284552845528403,8
4177,4,1,0,47,0.02127659574468085,0.0,1.0,47,1150,900,250,0.782608695652174,14,9,5,335.2704824889291,0.4432624113475177,0.142201876078206,0.18043647784858716,128009.35057345308,-816.4486540287895,127192.90191942429,801,0,236.17021276595744,38,9,17,38.52649035754502,0.5964912280701755,47.008547008547005,1011.9658119658114,26.630679262258194,0
4178,4,0,0,47,0.0,0.0,1.0,47,1400,800,600,0.5714285714285714,20,8,12,333.08782481471934,0.4428384212149245,0.13554062671205203,0.17974602664830752,128117.48940755353,-865.1248265030265,127252.3645810505,802,1,237.17021276595744,38,9,17,38.47131349373857,0.5975877192982456,46.901709401709404,1012.3931623931626,26.64192532613586,0
4179,4,1,2,46,0.020833333333333332,0.041666666666666664,0.9583333333333334,48,1300,700,600,0.5384615384615384,19,7,12,329.0140898777377,0.4440565898345154,0.15041161771753297,0.17979456830692545,128619.58007812513,-1136.4691840277644,127483.11089409736,803,0,233.20833333333334,39,9,14,38.06265831450674,0.6009615384615384,46.40625000000001,1014.375000000001,26.00961538461541,0
4180,4,1,0,47,0.02127659574468085,0.0,1.0,47,1350,800,550,0.5925925925925926,19,8,11,331.7651001607709,0.4455558125192723,0.17705478854310241,0.182996224930308,128989.67013888925,-841.1458333332944,128148.52430555595,804,0,235.12765957446808,39,8,15,37.61621547716708,0.6047008547008548,46.041666666666686,1015.8333333333363,26.047008547008623,0
4181,4,1,2,46,0.020833333333333332,0.041666666666666664,0.9583333333333334,48,1250,900,350,0.72,16,9,7,324.0967390609507,0.44663305260047287,0.1914382482671706,0.18047071048762436,129364.36760355052,-1214.338839579201,128150.02876397132,805,0,231.20833333333334,38,10,17,37.430424280613316,0.6101973684210527,45.673076923076934,1017.3076923076941,26.77125506072879,0
4182,4,1,1,46,0.02127659574468085,0.02127659574468085,0.9787234042553191,47,1200,700,500,0.5833333333333334,17,7,10,334.15977039727204,0.44397548566142464,0.19833472360462823,0.18643099925819256,129439.78000217021,-749.2865668402728,128690.49343532995,806,0,236.82978723404256,39,8,12,37.097898966117285,0.6092414529914529,45.598958333333336,1017.6041666666673,26.092414529914546,0
4183,4,0,0,46,0.0,0.0,1.0,46,1300,900,400,0.6923076923076923,17,9,8,337.890335142828,0.4418176328502415,0.19046912317394504,0.18802185160110232,129337.19735051852,-459.6422081598549,128877.55514235866,807,2,242.97826086956522,38,8,17,37.10722788222525,0.6099232456140351,45.69978632478632,1017.2008547008535,26.768443544759304,0
4184,4,0,0,46,0.0,0.0,1.0,46,1100,500,600,0.45454545454545453,17,5,12,338.2838680254918,0.4413144122383253,0.19419164027056413,0.18889168386933355,129473.0771513622,-440.26933121486826,129032.80782014734,808,3,243.97826086956522,38,8,13,36.95915564420182,0.6112938596491229,45.566239316239304,1017.7350427350411,26.782501124606345,0
4185,4,1,1,46,0.02127659574468085,0.02127659574468085,0.9787234042553191,47,1200,800,400,0.6666666666666666,16,8,8,332.48853697765276,0.44391766882516187,0.205323607386674,0.1872616785982945,129811.04736328112,-767.862955729182,129043.18440755193,809,0,239.7659574468085,39,8,14,36.763710007155275,0.6129807692307692,45.23437499999999,1019.062499999999,26.129807692307665,0
4186,4,1,1,46,0.02127659574468085,0.02127659574468085,0.9787234042553191,47,1250,800,450,0.64,17,8,9,327.71166330693217,0.44461147086031455,0.2149020937526498,0.18609870472859702,130132.94004891253,-870.783553109931,129262.1564958026,810,0,239.91489361702128,40,7,16,36.55938745019923,0.6145833333333333,44.918699186991866,1020.3252032520312,25.50813008130078,0
4187,4,0,0,46,0.0,0.0,1.0,46,1150,800,350,0.6956521739130435,15,8,7,333.08060482158373,0.4435889694041868,0.20839266623192843,0.18990826107366737,130289.17236328124,-520.5761844620644,129768.59617881918,811,1,229.97826086956522,39,7,17,36.26426300037412,0.6177884615384616,44.765625,1020.9374999999999,26.177884615384613,0
4188,4,0,1,45,0.0,0.021739130434782608,0.9782608695652174,46,1000,600,400,0.6,14,6,8,330.8568880286167,0.4434681964573269,0.20331541695492517,0.18902802623732856,130368.9453125,-573.3072916666665,129795.63802083333,812,2,230.97826086956522,39,7,17,36.240310077519375,0.6185897435897436,44.6875,1021.25,26.185897435897434,0
4189,4,0,1,44,0.0,0.022222222222222223,0.9777777777777777,45,1400,1000,400,0.7142857142857143,18,10,8,337.8793417603226,0.44097222222222227,0.19360596869225666,0.19332521762839258,130426.23325525945,-186.33403188694746,130239.8992233725,813,3,236.86666666666667,38,7,18,36.003033155527646,0.6208881578947368,44.63141025641024,1021.474358974357,26.88090418353571,0
4190,4,1,1,44,0.022222222222222223,0.022222222222222223,0.9777777777777777,45,950,500,450,0.5263157894736842,14,5,9,336.9077812169043,0.44162457912457914,0.20442633157864964,0.1939442740553615,130661.65500217005,-195.81434461806066,130465.84065755199,814,0,237.48888888888888,39,6,13,35.78971387332317,0.6215277777777778,44.401041666666664,1022.3958333333326,26.215277777777757,0
4191,4,0,0,44,0.0,0.0,1.0,44,1000,700,300,0.7,13,7,6,336.1110995889351,0.4402418076109937,0.20648953897426447,0.19415358811549058,130794.81336805546,-7.682291666677031,130787.13107638879,815,1,241.4090909090909,39,5,13,35.6754921928038,0.6228632478632479,44.27083333333333,1022.9166666666658,26.228632478632456,0
4192,4,0,1,43,0.0,0.022727272727272728,0.9772727272727273,44,1250,900,350,0.72,16,9,7,334.10899390737404,0.43984540169133196,0.2006361323155219,0.1936649477958671,130928.03955078112,-51.15288628473712,130876.88666449639,816,2,242.4090909090909,39,5,14,35.59213316369804,0.624198717948718,44.14062499999999,1023.437499999999,26.241987179487154,0
4193,4,0,0,43,0.0,0.0,1.0,43,650,400,250,0.6153846153846154,9,4,5,340.73395297856905,0.4375692137320044,0.20109553385423018,0.19731256358093896,130890.45606874117,319.7645006939692,131210.22056943513,817,3,248.90697674418604,38,5,16,35.46060416231642,0.6255482456140351,44.17735042735042,1023.290598290597,26.928699955015713,0
4194,4,0,1,42,0.0,0.023255813953488372,0.9767441860465116,43,1200,800,400,0.6666666666666666,16,8,8,339.10256292240535,0.43773071244001477,0.20308604966709787,0.19678629045182094,130972.46334876529,282.61959876541414,131255.0829475307,818,4,249.90697674418604,38,5,16,35.419493441881485,0.6263706140350878,44.097222222222214,1023.6111111111101,26.93713450292395,0
4195,4,0,0,42,0.0,0.0,1.0,42,1150,800,350,0.6956521739130435,15,8,7,346.31513889522626,0.4348988579171506,0.20468431771894124,0.20004792140888925,130794.81336805536,659.2447916666409,131454.058159722,819,5,256.64285714285717,37,5,16,35.41454514596061,0.6264076576576576,44.27083333333332,1022.916666666665,27.64639639639635,0
4196,4,0,1,41,0.0,0.023809523809523808,0.9761904761904762,42,1900,1500,400,0.7894736842105263,23,15,8,349.70978457307274,0.43442702284165696,0.2101125429816244,0.20274479063385428,130935.05333371779,757.8538588796271,131692.90719259743,820,6,257.64285714285717,37,5,17,35.185879580030004,0.6278153153153153,44.13377192982455,1023.4649122806995,27.66121384542431,0
4197,4,0,1,40,0.0,0.024390243902439025,0.975609756097561,41,950,700,250,0.7368421052631579,12,7,5,395.85098610120207,0.4325457317073171,0.23841570577393,0.21867884571998394,129050.14349489767,2108.4679018190477,131158.6113967167,821,7,263.5853658536585,34,7,18,35.92682093341144,0.6148897058823529,45.98214285714284,1016.0714285714262,29.884453781512534,8
4198,4,0,0,40,0.0,0.0,1.0,40,1100,500,600,0.45454545454545453,17,5,12,396.68828381898936,0.4325988247863248,0.22750783699059607,0.21963502176199573,129139.10064638591,2245.593641868504,131384.69428825442,821,8,250.65,33,7,18,35.81454465075156,0.6180555555555556,45.89460784313725,1016.4215686274501,30.800653594771216,0
4199,4,0,1,39,0.0,0.025,0.975,40,1150,700,450,0.6086956521739131,16,7,9,393.97631979973875,0.43253205128205124,0.20510492808299974,0.20911809415152566,127452.38803854854,2042.6595760853095,129495.04761463385,822,9,251.65,34,6,18,37.613966831722074,0.5986519607843137,47.559523809523796,1009.761904761903,29.698879551820678,8
4200,4,0,0,39,0.0,0.0,1.0,39,1300,900,400,0.6923076923076923,17,9,8,396.86094387999105,0.43370445344129555,0.20009518565869389,0.2111894616141229,127555.82475790549,2324.385002162607,129880.2097600681,823,10,245.23076923076923,33,6,18,37.43466678798171,0.6019570707070707,47.457107843137244,1010.1715686274499,30.61125965537727,0
4201,4,1,2,38,0.025,0.05,0.95,40,600,300,300,0.5,9,3,6,394.5186443714058,0.4354433760683761,0.208525535420099,0.21192284702074612,127933.68055555547,2094.4444444444343,130028.12499999991,824,0,240.075,34,6,19,37.10529928610652,0.6035539215686274,47.08333333333333,1011.666666666666,29.75490196078429,0
4202,4,0,0,38,0.0,0.0,1.0,38,600,300,300,0.5,9,3,6,401.9310309875014,0.43066915599810335,0.22394089549573626,0.21553845345937964,127865.50132461084,2678.6225550269232,130544.12387963777,825,1,250.73684210526315,33,5,19,36.98793872935094,0.6051136363636364,47.15073529411765,1011.3970588235303,30.648395721925162,0
4203,4,0,0,38,0.0,0.0,1.0,38,1000,700,300,0.7,13,7,6,398.577700573391,0.43029871977240397,0.21506154267830135,0.21440104714231223,127989.4770791283,2602.750294357945,130592.22737348624,826,2,251.73684210526315,33,5,20,36.94529389205118,0.6063762626262627,47.02818627450981,1011.8872549019613,30.663250148544282,0
4204,4,1,0,39,0.02564102564102564,0.0,1.0,39,750,300,450,0.4,12,3,9,388.2900576221494,0.4339293747188484,0.21735948296180507,0.2106549997650876,128330.72015570951,2166.00240892928,130496.7225646388,827,0,246.25641025641025,33,6,21,36.85544670214482,0.6098484848484849,46.691176470588246,1013.2352941176483,30.70409982174692,0
4205,4,0,0,39,0.0,0.0,1.0,39,1250,900,350,0.72,16,9,7,387.38851018934565,0.4330578047683311,0.2146134007836138,0.21082090501883355,128454.92118416008,2152.3921088043244,130607.3132929644,828,1,247.25641025641025,33,6,20,36.75098726627982,0.6111111111111112,46.5686274509804,1013.7254901960795,30.718954248366046,0
4206,4,0,0,39,0.0,0.0,1.0,39,1550,1100,450,0.7096774193548387,20,11,9,390.118777180113,0.4322143499775079,0.21460652579280204,0.21330272374484682,128641.33536380262,2237.0800893887213,130878.41545319134,829,2,248.25641025641025,33,6,20,36.490798904727384,0.6130050505050505,46.38480392156864,1014.4607843137275,30.74123588829477,0
4207,4,0,0,39,0.0,0.0,1.0,39,900,500,400,0.5555555555555556,13,5,8,390.29936103060703,0.4321581196581197,0.21255733513798059,0.21397440853928776,128747.91843820861,2250.046060090704,130997.96449829932,830,3,249.25641025641025,34,5,21,36.37707722385141,0.6118259803921569,46.279761904761905,1014.8809523809523,29.849439775910362,0
4208,4,0,0,39,0.0,0.0,1.0,39,700,600,100,0.8571428571428571,8,6,2,390.0758590366908,0.43210188933873145,0.21529801264760806,0.21417751770804014,128808.3351048753,2249.004393424036,131057.33949829933,831,4,250.25641025641025,34,5,21,36.3209022321254,0.6124387254901961,46.220238095238095,1015.1190476190477,29.856442577030815,0
4209,4,2,0,41,0.04878048780487805,0.0,1.0,41,1150,900,250,0.782608695652174,14,9,5,373.9175812027353,0.4361788617886179,0.22281712168865142,0.20831158076653056,129383.00028344685,1476.9132653061383,130859.91354875299,832,0,239.0,34,7,23,36.144346282861385,0.6182598039215687,45.65476190476191,1017.3809523809535,29.922969187675104,0
4210,4,0,0,41,0.0,0.0,1.0,41,1450,1100,350,0.7586206896551724,18,11,7,379.91801959743435,0.434984756097561,0.2273023490436139,0.19861874256569562,126836.65242522935,1472.2317256583772,128308.88415088772,833,1,240.0,36,5,18,38.6025712688653,0.5882523148148149,48.17004504504505,1007.3198198198203,27.981106106106118,8
4211,4,3,1,43,0.06818181818181818,0.022727272727272728,0.9772727272727273,44,1100,1000,100,0.9090909090909091,12,10,2,358.3232880209283,0.44326990838618746,0.24162223200982158,0.19109918730571876,127644.0443250867,347.5667317708278,127991.61105685752,834,0,224.5681818181818,39,5,16,38.31746297632547,0.5910790598290598,47.369791666666664,1010.5208333333325,25.910790598290575,0
4212,4,2,0,45,0.044444444444444446,0.0,1.0,45,1150,700,450,0.6086956521739131,16,7,9,352.65960609884456,0.44276094276094274,0.24217176791016493,0.18934054579869986,127913.11905115994,21.95803589132879,127935.07708705126,835,0,220.53333333333333,40,5,20,38.185026120152706,0.5921875,47.103658536585364,1011.5853658536579,25.28963414634145,0
4213,4,0,0,45,0.0,0.0,1.0,45,1150,700,450,0.6086956521739131,16,7,9,354.86605773761517,0.44276094276094274,0.2307175763254472,0.1913817434284995,128093.08824319192,91.17784965960033,128184.26609285151,836,1,221.53333333333333,40,5,21,37.945069102834395,0.5940104166666667,46.925813008130085,1012.29674796748,25.307418699187,0
4214,4,0,0,45,0.0,0.0,1.0,45,1100,600,500,0.5454545454545454,16,6,10,353.30783780211823,0.44244528619528617,0.2264694728858554,0.19066374215518433,128118.80845561513,53.07583944742862,128171.88429506255,837,2,222.53333333333333,40,5,21,37.95819949140068,0.5942708333333333,46.900406504065046,1012.3983739837405,25.309959349593512,0
4215,4,0,0,45,0.0,0.0,1.0,45,1200,800,400,0.6666666666666666,16,8,8,351.9392065445537,0.4428240740740741,0.22172317954419118,0.1905895943930319,128258.57688347128,27.85468402768015,128286.43156749896,838,3,223.53333333333333,36,9,21,37.84996294237539,0.6027199074074074,46.762387387387385,1012.9504504504501,28.137512512512505,0
4216,4,0,1,44,0.0,0.022222222222222223,0.9777777777777777,45,1300,1000,300,0.7692307692307693,16,10,6,350.791111111111,0.4431607744107744,0.21529876543209858,0.19064734299516908,128401.20525931338,8.400292184076818,128409.60555149746,839,4,224.53333333333333,36,9,16,37.73333333333333,0.6041666666666667,46.62162162162162,1013.5135135135137,28.153153153153156,0
4217,4,1,0,45,0.022222222222222223,0.0,1.0,45,1350,1000,350,0.7407407407407407,17,10,7,350.67820836618614,0.4423190235690236,0.2231348391512662,0.1918879634543064,128672.4175347223,24.522569444455314,128696.94010416676,840,0,225.17777777777778,37,8,17,37.45936002737852,0.6050112612612613,46.35416666666667,1014.583333333334,27.421171171171192,0
4218,4,0,0,45,0.0,0.0,1.0,45,950,800,150,0.8421052631578947,11,8,3,354.4708097713944,0.442276936026936,0.2225198948543443,0.19450718945191448,128783.68975309702,130.01175842565837,128913.70151152267,841,1,226.17777777777778,37,8,17,37.24962640884375,0.6061373873873874,46.244517543859644,1015.0219298245606,27.43302513039353,0
4219,4,0,2,43,0.0,0.044444444444444446,0.9555555555555556,45,1400,1100,300,0.7857142857142857,17,11,6,349.69068847808603,0.4419191919191919,0.21243864815593905,0.19285725441123222,128984.2437358464,20.917798962681786,129005.16153480907,842,2,227.17777777777778,38,7,17,37.16650890478194,0.606359649122807,46.04700854700855,1015.8119658119665,26.731893837157013,0
4220,4,2,0,45,0.044444444444444446,0.0,1.0,45,1150,700,450,0.6086956521739131,16,7,9,350.04031174415445,0.44400252525252526,0.2300546448087426,0.19411326378539498,129201.38888888908,45.50414566442174,129246.8930345535,843,0,227.82222222222222,36,9,19,36.93647540983606,0.6122685185185186,45.83333333333334,1016.6666666666682,28.240740740740783,0
4221,4,2,2,45,0.0425531914893617,0.0425531914893617,0.9574468085106383,47,1200,800,400,0.6666666666666666,16,8,8,338.3941362052864,0.44553654024051803,0.24581182548640812,0.1905314799956329,129799.47973738037,-615.3234348747205,129184.15630250565,844,0,219.08510638297872,38,9,16,36.624991263018096,0.6145833333333333,45.245726495726494,1019.017094017094,26.816239316239315,0
4222,4,0,0,45,0.0,0.0,1.0,45,1400,700,700,0.5,21,7,14,354.2011621014276,0.44271885521885523,0.24288365347982643,0.19828685489529468,129573.74762854083,179.0343975732624,129752.7820261141,845,1,229.7111111111111,36,9,17,36.45176602883162,0.6160300925925926,45.46734234234235,1018.1306306306317,28.281406406406436,0
4223,4,0,1,44,0.0,0.022222222222222223,0.9777777777777777,45,1050,700,350,0.6666666666666666,14,7,7,354.5426237768834,0.44257154882154887,0.2475228794300104,0.1990588474278035,129688.4273420382,196.01506066879858,129884.44240270699,846,2,230.7111111111111,36,9,18,36.326469504330205,0.6171875,45.35472972972974,1018.5810810810827,28.293918918918965,0
4224,4,1,0,45,0.022222222222222223,0.0,1.0,45,1450,1000,450,0.6896551724137931,19,10,9,356.02350453626514,0.44288720538720544,0.2403786167580937,0.20096845911801203,129899.05698147508,249.42350050015204,130148.48048197523,847,0,230.13333333333333,37,8,20,36.07469703488579,0.6173986486486487,45.14802631578947,1019.4078947368422,27.551564722617357,0
4225,4,0,0,45,0.0,0.0,1.0,45,1500,1200,300,0.8,18,12,6,352.51211610739165,0.44326599326599325,0.23394855989200725,0.19955661545434245,130010.8582087757,166.08054882270542,130176.9387575984,848,1,231.13333333333333,37,8,20,36.05067107479481,0.6185247747747749,45.03837719298245,1019.8464912280696,27.563418681839718,0
4226,4,0,1,44,0.0,0.022222222222222223,0.9777777777777777,45,1300,800,500,0.6153846153846154,18,8,10,356.20065249510526,0.4428661616161616,0.23768822019225033,0.20222373834453647,130122.707527797,269.9586651662043,130392.66619296321,849,2,232.13333333333333,37,8,20,35.84307272075946,0.6196509009009009,44.92872807017544,1020.2850877192982,27.575272641062114,0
4227,4,0,0,44,0.0,0.0,1.0,44,1100,900,200,0.8181818181818182,13,9,4,365.30241239681936,0.4416072057787174,0.2446305626367442,0.20706566029351672,130061.48674011881,702.3549732164909,130763.8417133353,850,3,237.1590909090909,36,8,20,35.67311584602928,0.6209490740740741,44.98873873873875,1020.0450450450476,28.334584584584654,0
4228,4,0,0,44,0.0,0.0,1.0,44,1050,800,250,0.7619047619047619,13,8,5,364.17043112144154,0.44111169837914027,0.24489263495885982,0.20672832744111952,130118.92804967161,677.0932249817745,130796.02127465338,851,4,238.1590909090909,36,8,20,35.64362582781458,0.6215277777777778,44.93243243243245,1020.2702702702728,28.34084084084091,0
4229,4,0,0,44,0.0,0.0,1.0,44,1550,1200,350,0.7741935483870968,19,12,7,361.0717694413478,0.4405170894996477,0.24447748513169065,0.20557902762871627,130234.60493853888,604.8078495306327,130839.41278806952,852,5,239.1590909090909,37,7,21,35.605216278153755,0.620777027027027,44.819078947368425,1020.7236842105272,27.587126600284517,0
4230,4,1,1,44,0.022222222222222223,0.022222222222222223,0.9777777777777777,45,750,400,350,0.5333333333333333,11,4,7,354.29429545023265,0.44210858585858587,0.23966784244561956,0.20291400557604272,130463.84222059918,244.52502372058277,130708.36724431976,853,0,234.82222222222222,36,9,22,35.54572677836566,0.625,44.594594594594604,1021.6216216216233,28.378378378378425,0
4231,4,0,1,43,0.0,0.022727272727272728,0.9772727272727273,44,1450,1000,450,0.6896551724137931,19,10,9,351.0368949508654,0.44124383368569414,0.2315988703959624,0.20194632017515576,130636.47050766996,371.6441948705642,131008.11470254052,854,1,236.9318181818182,36,8,15,35.45407395167808,0.6267361111111112,44.425675675675684,1022.2972972972983,28.397147147147177,0
4232,4,0,1,42,0.0,0.023255813953488372,0.9767441860465116,43,1250,900,350,0.72,16,9,7,357.42914731167605,0.4393918420081211,0.22969823533904088,0.20536478854322773,130587.70743580669,735.1705836333941,131322.87801944008,855,8,243.41860465116278,35,8,15,35.34011342618805,0.6282738095238095,44.473379629629626,1022.106481481481,29.20304232804231,0
4233,4,0,0,42,0.0,0.0,1.0,42,950,700,250,0.7368421052631579,12,7,5,357.85493192708566,0.438758226867983,0.210986771887836,0.20608151686074822,130676.44702717778,952.6422110768368,131629.08923825462,856,9,237.16666666666666,35,7,15,35.239321560636945,0.6291666666666667,44.38657407407408,1022.4537037037048,29.212962962962994,0
4234,4,1,1,42,0.023255813953488372,0.023255813953488372,0.9767441860465116,43,750,400,350,0.5333333333333333,11,4,7,348.86645152462944,0.4393226282761167,0.20763662694747298,0.2023514472180832,130953.25213304552,537.0392774531648,131490.2914104987,857,0,232.62790697674419,36,7,16,35.18905636850406,0.6299189814814814,44.11599099099101,1023.5360360360386,28.43155655655663,0
4235,4,1,0,43,0.023255813953488372,0.0,1.0,43,950,700,250,0.7368421052631579,12,7,5,350.31735444173825,0.43853820598006643,0.22479512126519818,0.2041086699966439,131126.20380092942,587.1569627059691,131713.3607636354,858,0,233.37209302325581,36,7,18,34.977093641194806,0.6316550925925926,43.94707207207208,1024.2117117117127,28.450325325325352,0
4236,4,0,0,43,0.0,0.0,1.0,43,1150,800,350,0.6956521739130435,15,8,7,349.5219626688872,0.43823827980804725,0.22037273016884407,0.20412082619863017,131215.75869498312,572.5579024315234,131788.31659741464,859,1,234.37209302325581,37,6,18,34.90698130707764,0.6306306306306306,43.85964912280702,1024.5614035087722,27.69084874348033,0
4237,4,0,0,43,0.0,0.0,1.0,43,1050,900,150,0.8571428571428571,12,9,3,349.72125270709,0.43775378368401624,0.2218545435545789,0.2046865716376438,131300.0289151471,583.6821185364863,131883.7110336836,860,2,235.37209302325581,37,6,20,34.81676384579723,0.6314752252252251,43.77741228070176,1024.890350877194,27.699739212897132,0
4238,4,1,0,44,0.022727272727272728,0.0,1.0,44,1350,1100,250,0.8148148148148148,16,11,5,369.9959506742909,0.43980135658914726,0.3047574187470554,0.20402633851468036,128978.53185595563,762.1308960449268,129740.66275200056,861,0,231.0,37,7,20,36.656681778929176,0.6081081081081081,46.05263157894736,1015.7894736842102,27.453769559032708,7
4239,4,0,1,43,0.0,0.022727272727272728,0.9772727272727273,44,1100,500,600,0.45454545454545453,17,5,12,373.0267492398698,0.4399445031712474,0.30252677835759356,0.20627756037918338,129089.93632656203,830.7998614958422,129920.73618805788,862,1,232.0,37,7,20,36.46597611854408,0.6092342342342343,45.94298245614035,1016.2280701754387,27.4656235182551,0
4240,4,1,1,43,0.022727272727272728,0.022727272727272728,0.9772727272727273,44,1150,700,450,0.6086956521739131,16,7,9,373.0593959183673,0.439922480620155,0.20096103896103856,0.20174720113014294,128203.1316979595,946.5899927304254,129149.72169068993,863,0,232.3409090909091,35,9,18,37.37190476190475,0.6041666666666667,46.817129629629626,1012.7314814814812,28.935185185185176,7
4241,4,0,0,43,0.0,0.0,1.0,43,1100,700,400,0.6363636363636364,15,7,8,369.72709178981967,0.4389304171280915,0.21545493087366996,0.20036535649043488,128287.0962178395,886.2429997565175,129173.33921759602,864,1,238.6046511627907,36,7,18,37.370312731584406,0.6030092592592593,46.734234234234236,1013.0630630630634,28.14064064064065,0
4242,4,0,0,43,0.0,0.0,1.0,43,1250,1000,250,0.8,15,10,5,369.7859041124049,0.4388381321520856,0.21918275303580992,0.2014024497715657,128486.82032962014,902.5230044233406,129389.34333404349,865,2,239.6046511627907,36,7,15,37.164463697286095,0.6050347222222222,46.53716216216216,1013.8513513513511,28.16253753753753,0
4243,4,1,0,44,0.022727272727272728,0.0,1.0,44,1050,500,550,0.47619047619047616,16,5,11,329.8908366147553,0.4410566420014094,0.19073343279272326,0.1743603218705296,127280.60766171748,-388.09025254797155,126892.51740916951,866,0,235.13636363636363,38,6,17,39.40753485089113,0.5890899122807017,47.72970085470086,1009.081196581197,26.55476833108413,8
4244,4,0,0,44,0.0,0.0,1.0,44,1300,700,600,0.5384615384615384,19,7,12,332.3341161168874,0.4414530479210712,0.20083105091359355,0.17620253027378946,127407.31336805546,-331.6406250000048,127075.67274305546,867,1,236.13636363636363,39,5,15,39.21619204842483,0.5886752136752137,47.604166666666664,1009.5833333333326,25.88675213675212,0
4245,4,1,0,45,0.022222222222222223,0.0,1.0,45,1150,1000,150,0.8695652173913043,13,10,3,327.91539764825586,0.44210858585858587,0.20470527808483863,0.17571815411942848,127836.02812685867,-616.1196006015246,127219.90852625715,868,0,231.86666666666667,40,5,16,38.88951696646903,0.59140625,47.17987804878047,1011.2804878048753,25.282012195121883,0
4246,4,3,2,46,0.0625,0.041666666666666664,0.9583333333333334,48,1450,1200,250,0.8275862068965517,17,12,5,309.3194582346815,0.4473533540189125,0.21437503982667483,0.16837149698497544,128463.58861396507,-1652.3706709105797,126811.2179430545,869,0,218.3125,42,6,13,38.72068756770533,0.5947420634920635,46.560077519379824,1013.7596899224772,24.137135474344696,0
4247,4,0,0,46,0.0,0.0,1.0,46,1200,600,600,0.5,18,6,12,321.70907649301085,0.4439814814814815,0.21739348545853443,0.1741702534169386,128247.4482471578,-948.3263723643322,127299.12187479346,870,1,228.80434782608697,40,6,17,38.62684358382662,0.5955729166666667,46.77337398373984,1012.9065040650408,25.32266260162602,0
4248,4,1,0,47,0.02127659574468085,0.0,1.0,47,1300,900,400,0.6923076923076923,17,9,8,323.5254576569355,0.443763490595128,0.23641401575982512,0.1771423116121592,128697.58204207603,-1072.611174099277,127624.97086797675,871,0,224.91489361702128,41,6,16,38.122474253682704,0.5985772357723578,46.329365079365076,1014.6825396825391,24.74835462640339,0
4249,4,1,1,47,0.020833333333333332,0.020833333333333332,0.9791666666666666,48,850,500,350,0.5882352941176471,12,5,7,319.88677670753884,0.44451832151300236,0.23711207033610027,0.17640047765518813,128979.82698042474,-1348.211777387187,127631.61520303755,872,0,221.20833333333334,42,6,17,37.92787529015232,0.5999503968253967,46.05135658914728,1015.7945736434099,24.185585086747853,0
4250,4,0,0,47,0.0,0.0,1.0,47,800,500,300,0.625,11,5,6,329.7237626355653,0.4426842429848905,0.24758900574150178,0.18180084036755775,128974.55401431379,-894.8049532313199,128079.74906108248,873,1,226.82978723404256,41,6,18,37.683428557476304,0.6013719512195121,46.056547619047606,1015.7738095238074,24.7749709639953,0
4251,4,1,0,48,0.020833333333333332,0.0,1.0,48,1150,700,450,0.6086956521739131,16,7,9,322.3529033126182,0.4429484338061466,0.24455090696313686,0.1794466162088805,129352.72285997692,-1260.3555484694307,128092.36731150748,874,0,223.08333333333334,41,7,19,37.48659059879069,0.6051829268292683,45.68452380952379,1017.2619047619015,24.811265969802477,0
4252,4,0,0,48,0.0,0.0,1.0,48,1350,1000,350,0.7407407407407407,17,10,7,320.41909113368047,0.4423112440898345,0.23813527653213828,0.17882802159136477,129453.66138353448,-1304.1150951121583,128149.54628842232,875,1,224.08333333333334,41,7,17,37.43338532527458,0.6061991869918699,45.58531746031744,1017.6587301587268,24.82094463801773,0
4253,4,1,1,48,0.02040816326530612,0.02040816326530612,0.9795918367346939,49,1200,700,500,0.5833333333333334,17,7,10,317.01843808865107,0.4428323412698412,0.2573403993146184,0.1785796954139442,129817.83626472247,-1569.0704622619014,128248.76580246058,876,0,220.48979591836735,42,7,18,37.15096193464551,0.6083829365079365,45.227713178294564,1019.08914728682,24.264027316352855,0
4254,4,0,0,48,0.0,0.0,1.0,48,1900,1500,400,0.7894736842105263,23,15,8,317.30163823158404,0.4415078309692671,0.2485037474062377,0.1788956276734696,129852.06400833595,-1359.5454724805136,128492.51853585543,877,1,226.04166666666666,43,5,18,37.10909675121556,0.6073158914728682,45.194128787878775,1019.2234848484828,23.702871740662392,0
4255,4,0,0,48,0.0,0.0,1.0,48,1200,800,400,0.6666666666666666,16,8,8,342.84053858229686,0.44107380319148937,0.27066163003663024,0.183520523594053,127793.20987654319,-804.4026717618119,126988.80720478138,878,2,227.04166666666666,44,4,19,38.55597527472527,0.5852272727272727,47.22222222222222,1011.111111111111,22.979797979797976,8
4256,4,1,1,48,0.02040816326530612,0.02040816326530612,0.9795918367346939,49,1000,500,500,0.5,15,5,10,350.0482650002539,0.4418048469387755,0.2981439489375999,0.18902606310013725,128144.53125000013,-827.1990740740604,127317.33217592607,879,0,223.3877551020408,42,7,20,38.014403292181086,0.5915178571428572,46.87500000000001,1012.500000000001,24.107142857142883,0
4257,4,1,0,49,0.02040816326530612,0.0,1.0,49,1350,900,450,0.6666666666666666,18,9,9,343.9124027135407,0.4427614795918367,0.2954074813846581,0.18657199895117765,128329.16802300366,-973.2014973958135,127355.96652560784,880,0,223.30612244897958,39,10,21,37.98115640313903,0.5980235042735043,46.69270833333334,1013.2291666666682,25.98023504273508,0
4258,4,1,1,49,0.02,0.02,0.98,50,1550,1200,350,0.7741935483870968,19,12,7,335.64793294950164,0.44371598639455784,0.2961654813182404,0.1836040172402675,128659.52934967642,-1363.1389839050528,127296.39036577137,881,0,219.82,40,10,17,37.853726334769114,0.5997395833333333,46.3668699186992,1014.5325203252056,25.36331300813014,0
4259,4,1,0,50,0.02,0.0,1.0,50,700,400,300,0.5714285714285714,10,4,6,337.50286823359886,0.44316326530612243,0.2997437437437436,0.18545949690064112,128840.02267995251,-1303.2245604468126,127536.7981195057,882,0,220.78,40,10,19,37.62283116449783,0.6015625,46.18902439024391,1015.2439024390252,25.38109756097563,0
4260,4,1,1,50,0.0196078431372549,0.0196078431372549,0.9803921568627451,51,1950,1500,450,0.7692307692307693,24,15,9,330.6722952384345,0.44428104575163396,0.30013939605754203,0.18361905268018208,129254.34570312513,-1650.8216383373665,127603.52406478777,883,0,217.4313725490196,39,12,20,37.37494024448543,0.6073717948717949,45.78125000000001,1016.875000000001,26.073717948717974,0
4261,4,0,1,49,0.0,0.02,0.98,50,1750,1200,550,0.6857142857142857,23,12,11,330.34173153649436,0.4432227891156462,0.2914048926610082,0.18451603130719427,129485.67450137158,-1445.0956152092012,128040.57888616239,884,1,221.1,40,10,14,37.148444000665656,0.6080729166666667,45.55386178861789,1017.7845528455289,25.444613821138223,0
4262,4,0,0,49,0.0,0.0,1.0,49,900,700,200,0.7777777777777778,11,7,4,336.51396049505666,0.44223001700680276,0.29252606131015946,0.18749183412180356,129386.78521050341,-1091.9080946180588,128294.87711588535,885,2,226.3673469387755,39,10,20,37.09184413501247,0.6087072649572649,45.651041666666664,1017.3958333333328,26.087072649572637,0
4263,4,1,2,48,0.02,0.04,0.96,50,1250,900,350,0.72,16,9,7,332.62307428223903,0.44265306122448983,0.30228674049685766,0.18677204893730426,129692.62390318261,-1372.248145118643,128320.37575806396,886,0,222.82,40,10,15,36.88038345139515,0.61015625,45.35060975609756,1018.5975609756096,25.46493902439024,0
4264,4,1,2,47,0.02040816326530612,0.04081632653061224,0.9591836734693877,49,1850,1400,450,0.7567567567567568,23,14,9,305.25508777508463,0.44277919501133783,0.22858016634537148,0.16800268969300303,128902.27175389878,-1930.3851442711675,126971.8866096276,887,0,217.6530612244898,45,4,15,38.37813680016651,0.5951388888888889,46.127717391304344,1015.4891304347819,22.566425120772934,8
4265,4,0,0,47,0.0,0.0,1.0,47,1050,800,250,0.7619047619047619,13,8,5,328.18353417247204,0.44029448041936475,0.2628982662191215,0.16838326996593694,126068.74296304176,-1055.8799678263251,125012.86299521543,888,1,227.68085106382978,41,6,15,40.69394365965294,0.571900406504065,48.93353174603175,1004.2658730158735,24.494289585753013,8
4266,4,2,1,48,0.04081632653061224,0.02040816326530612,0.9795918367346939,49,1700,1200,500,0.7058823529411765,22,12,10,316.9570863510302,0.44517077664399096,0.2532040758725165,0.1649014621059765,126638.85952027379,-1772.1832135273166,124866.67630674648,889,0,219.3469387755102,43,6,14,40.390774453539066,0.5748546511627908,48.36647727272727,1006.5340909090912,23.40776955602538,0
4267,4,3,0,51,0.058823529411764705,0.0,1.0,51,1150,800,350,0.6956521739130435,15,8,7,311.6728064639432,0.4494607843137255,0.2784377078779816,0.1648935617104108,127320.45280009444,-2263.5354311069177,125056.91736898752,890,0,208.2549019607843,45,6,12,39.82640758690839,0.5791666666666666,47.690217391304344,1009.2391304347819,22.427536231884044,0
4268,4,2,0,53,0.03773584905660377,0.0,1.0,53,1250,900,350,0.72,16,9,7,301.58919854850956,0.4539943154329947,0.29181310227548884,0.16161518689467008,127837.09867500939,-2889.1423731674586,124947.95630184193,891,0,201.35849056603774,47,6,14,39.55400572246066,0.5820035460992907,47.178819444444436,1011.2847222222201,21.516696217494044,0
4269,4,0,2,51,0.0,0.03773584905660377,0.9622641509433962,53,1600,1300,300,0.8125,19,13,6,299.5926700391784,0.45425133043057575,0.29160461532484705,0.16107251669634073,127968.81028163599,-2932.29648919751,125036.51379243848,892,1,202.35849056603774,47,6,14,39.47037291237705,0.5833333333333333,47.04861111111112,1011.805555555557,21.52777777777781,0
4270,4,0,2,49,0.0,0.0392156862745098,0.9607843137254902,51,1750,1100,650,0.6285714285714286,24,11,13,313.17444350362223,0.450718954248366,0.17542402445304583,0.16236467122201004,126495.92628163766,-2235.9502239088833,124259.97605772878,893,2,211.1764705882353,43,8,13,40.63245238319373,0.5734011627906976,48.50852272727274,1005.9659090909113,23.39455602537003,8
4271,4,3,1,51,0.057692307692307696,0.019230769230769232,0.9807692307692307,52,1350,800,550,0.5925925925925926,19,8,11,295.9502508853555,0.45387914781297134,0.2039797107214918,0.15030719120950406,125648.98834019192,-2812.792322203169,122836.19601798875,894,0,207.5,44,8,12,41.93391361901246,0.5634469696969697,49.35185185185185,1002.5925925925916,22.786195286195262,8
4272,4,3,0,54,0.05555555555555555,0.0,1.0,54,1600,1200,400,0.75,20,12,8,285.011854241491,0.4562368972746331,0.2226480155240047,0.14682261151508302,126234.09162649256,-3602.4992135155894,122631.59241297697,895,0,200.6851851851852,43,11,17,41.608556351300436,0.5707364341085271,48.76893939393941,1004.9242424242453,23.370331219168495,0
4273,4,1,3,52,0.01818181818181818,0.05454545454545454,0.9454545454545454,55,2100,1700,400,0.8095238095238095,25,17,8,278.4563617315908,0.4584455667789001,0.2302484695714797,0.14453706851002399,126544.59737975222,-3952.570363369034,122592.02701638319,896,0,198.01818181818183,45,10,11,41.455857640139236,0.5712962962962963,48.460144927536234,1006.1594202898557,22.35909822866346,0
4274,4,1,1,52,0.018867924528301886,0.018867924528301886,0.9811320754716981,53,1550,1200,350,0.7741935483870968,19,12,7,284.8718554499623,0.4557480648282535,0.2310952344597501,0.148035853685416,126591.20613987926,-3387.545644656766,123203.66049522249,897,0,205.43396226415095,43,10,13,41.24684373137606,0.5743701550387597,48.41382575757577,1006.3446969696998,23.40336504580697,0
4275,4,1,1,52,0.018867924528301886,0.018867924528301886,0.9811320754716981,53,1800,1300,500,0.7222222222222222,23,13,10,284.8033207152303,0.4574111030478955,0.22900797037876708,0.1487425139987154,126795.34995438221,-3377.652656348428,123417.69729803379,898,0,205.18867924528303,45,8,15,41.04001783733549,0.5738425925925925,48.211050724637694,1007.1557971014513,22.381239935587807,0
4276,4,2,1,53,0.037037037037037035,0.018518518518518517,0.9814814814814815,54,1200,900,300,0.75,15,9,6,279.4734650456128,0.4603860936408106,0.23290230634200615,0.14763459445022342,127259.16950936936,-3685.847843994853,123573.3216653745,899,0,202.12962962962962,43,11,18,40.701255279211665,0.5811531007751938,47.750946969696976,1008.9962121212129,23.465028188865418,0
4277,4,0,4,49,0.0,0.07547169811320754,0.9245283018867925,53,1800,1100,700,0.6111111111111112,25,11,14,308.5361034170764,0.4602080309627479,0.1460637605725439,0.16178221511279148,126957.96237613783,-2730.7476384913307,124227.2147376465,900,1,206.37735849056602,46,7,17,40.276067323481115,0.5742753623188406,48.049645390070914,1007.8014184397148,21.908726487819887,8
4278,4,1,1,49,0.02,0.02,0.98,50,1800,1100,700,0.6111111111111112,25,11,14,322.0601342855803,0.45305272108843536,0.19248346803820726,0.1692370049276734,127045.3360768174,-1816.7524005487116,125228.5836762687,901,0,219.54,44,6,19,39.84585476365417,0.5776515151515151,47.962962962962955,1008.1481481481469,22.912457912457885,0
4279,4,2,1,50,0.0392156862745098,0.0196078431372549,0.9803921568627451,51,1350,1000,350,0.7407407407407407,17,10,7,304.9444858160394,0.4528921568627451,0.15895343272196016,0.16116804104865168,127278.81087105622,-2379.02734910837,124899.78352194786,902,0,216.05882352941177,44,7,18,40.03869211476111,0.5800189393939394,47.73148148148148,1009.0740740740739,22.933501683501678,8
4280,4,0,2,48,0.0,0.04,0.96,50,1350,900,450,0.6666666666666666,18,9,9,302.0157963440424,0.4506122448979592,0.1466116295764539,0.15996502064914445,127366.16519638698,-2306.6812381852874,125059.48395820169,903,1,221.16,45,5,13,40.02340571907155,0.5796296296296296,47.64492753623187,1009.4202898550698,22.43156199677933,0
4281,4,0,1,47,0.0,0.020833333333333332,0.9791666666666666,48,1350,1100,250,0.8148148148148148,16,11,5,311.30183255559484,0.4492279846335698,0.143267786746762,0.1643513242838109,127235.28340937772,-1678.2846217860583,125556.99878759166,904,2,231.08333333333334,43,5,18,39.92279894875163,0.5809108527131783,47.774621212121204,1008.9015151515139,23.462825933756136,0
4282,4,0,2,45,0.0,0.0425531914893617,0.9574468085106383,47,1550,1300,250,0.8387096774193549,18,13,5,317.3543273404777,0.4495451742213999,0.13336738133420445,0.16786416044952152,127311.94907344824,-1319.4004078781236,125992.54866557011,905,3,236.0212765957447,42,5,19,39.69175068010882,0.5830853174603174,47.69864341085272,1009.2054263565902,24.028700627537862,0
4283,4,3,3,45,0.0625,0.0625,0.9375,48,950,800,150,0.8421052631578947,11,8,3,312.62640959745636,0.4506316489361702,0.1541994596958054,0.16691654175255907,127689.5026705265,-1616.1778473656814,126073.32482316083,906,0,221.45833333333334,43,5,15,39.42551688060213,0.5855135658914729,47.324810606060616,1010.7007575757593,23.50466878083161,0
4284,4,1,0,46,0.021739130434782608,0.0,1.0,46,1650,1300,350,0.7878787878787878,20,13,7,327.22736828762606,0.44937600644122383,0.1589557876406842,0.17461839710560767,127667.85483001084,-844.7167698097628,126823.13806020108,907,0,231.95652173913044,41,5,17,39.07870733941952,0.588160569105691,47.346230158730165,1010.6150793650804,24.649148277197085,0
4285,4,3,3,46,0.061224489795918366,0.061224489795918366,0.9387755102040817,49,1250,900,350,0.72,16,9,7,313.6463699316397,0.45503826530612246,0.1791485118763061,0.17041181210987125,128389.92478103792,-1744.4167684262566,126645.50801261167,908,0,218.69387755102042,42,7,14,38.685980176562445,0.5939980158730158,46.6327519379845,1013.4689922480629,24.130214101144354,0
4286,4,2,1,47,0.041666666666666664,0.020833333333333332,0.9791666666666666,48,1600,900,700,0.5625,23,9,14,318.46489212333813,0.4550180998817967,0.19083675564681735,0.17426112636411878,128672.4175347223,-1404.4704861111024,127267.9470486112,909,0,222.95833333333334,41,7,16,38.276437371663256,0.5983231707317074,46.35416666666667,1014.583333333334,24.74593495934961,0
4287,4,0,2,45,0.0,0.0425531914893617,0.9574468085106383,47,1300,1100,200,0.8461538461538461,15,11,4,325.2540913799737,0.454209065679926,0.18483629534413226,0.17768807258147362,128607.98306439641,-1033.9454648357255,127574.03759956069,910,1,228.70212765957447,40,7,16,38.16981431386299,0.59921875,46.41768292682928,1014.3292682926847,25.358231707317117,0
4288,4,1,0,46,0.021739130434782608,0.0,1.0,46,1450,900,550,0.6206896551724138,20,9,11,334.0668133626724,0.4547504025764895,0.21435591466119286,0.18453038674033154,129046.45568940455,-577.9723544186539,128468.4833349859,911,0,220.1086956521739,40,6,17,37.5,0.6036458333333333,45.98577235772358,1016.0569105691065,25.401422764227664,0
4289,4,0,0,46,0.0,0.0,1.0,46,1150,700,450,0.6086956521739131,16,7,9,334.0668133626724,0.45488123993558777,0.21435591466119286,0.18453038674033154,129046.45568940455,-577.9723544186539,128468.4833349859,912,1,221.1086956521739,40,6,17,37.5,0.6036458333333333,45.98577235772358,1016.0569105691065,25.401422764227664,0
4290,4,1,0,47,0.02127659574468085,0.0,1.0,47,1050,600,450,0.5714285714285714,15,6,9,324.3302428553633,0.456618100524206,0.21337392091798169,0.180445881086122,129330.57089240875,-1010.7439561438199,128319.82693626493,913,0,217.38297872340425,40,7,19,37.45878709161752,0.6065104166666666,45.706300813008134,1017.1747967479686,25.429369918699216,0
4291,4,0,0,47,0.0,0.0,1.0,47,1200,600,600,0.5,18,6,12,322.22536947848164,0.4558472093740364,0.21762347246452007,0.1797461072193892,129433.96297053664,-1058.6186917509467,128375.34427878569,914,1,218.38297872340425,40,7,13,37.40741203102634,0.6075520833333333,45.604674796747965,1017.5813008130075,25.439532520325187,0
4292,4,0,1,46,0.0,0.02127659574468085,0.9787234042553191,47,1500,1300,200,0.8666666666666667,17,13,4,323.67954922975446,0.4555003083564601,0.21528457632625742,0.18127140322710503,129589.12854658271,-1010.9298573930834,128578.19868918962,915,2,219.38297872340425,40,7,13,37.213045214093235,0.6091145833333333,45.452235772357724,1018.1910569105689,25.454776422764223,0
4293,4,1,0,47,0.02127659574468085,0.0,1.0,47,1300,800,500,0.6153846153846154,18,8,10,324.5471045070444,0.4542668825161887,0.22163403576098295,0.18235763316023623,129718.50419723711,-980.0470123603612,128738.45718487675,916,0,220.31914893617022,40,7,14,37.05980646448525,0.6104166666666666,45.32520325203252,1018.69918699187,25.46747967479675,0
4294,4,2,1,48,0.04081632653061224,0.02040816326530612,0.9795918367346939,49,1450,1100,350,0.7586206896551724,18,11,7,309.0379008746359,0.4556051587301588,0.21657642648896358,0.17607973421926923,130262.58680555547,-1748.7847222222267,128513.80208333324,917,0,212.28571428571428,42,7,16,36.90476190476192,0.6128472222222222,44.791666666666664,1020.8333333333327,24.30555555555554,0
4295,4,0,1,47,0.0,0.020833333333333332,0.9791666666666666,48,2150,1800,350,0.8372093023255814,25,18,7,314.85907596473436,0.4540946365248227,0.21276479448061325,0.17951328259019858,130287.90632283021,-1395.5340411627515,128892.37228166746,918,1,217.5,41,7,16,36.73061817769569,0.6145833333333333,44.76686507936508,1020.9325396825409,24.90079365079368,0
4296,4,0,0,47,0.0,0.0,1.0,47,1250,900,350,0.72,16,9,7,322.85054967915175,0.4506051495528831,0.20703263155935336,0.18359113347426376,130186.64301658153,-993.8341482426401,129192.80886833889,919,2,222.91489361702128,41,6,16,36.62905852046272,0.6135670731707317,44.86607142857142,1020.5357142857134,24.891114982578376,0
4297,4,0,0,47,0.0,0.0,1.0,47,1750,1300,450,0.7428571428571429,22,13,9,321.57083069184637,0.4506822386679001,0.20411724469461578,0.18346519795349164,130314.46358194559,-1018.9117946838832,129295.5517872617,920,3,223.91489361702128,40,7,16,36.53246408546499,0.61640625,44.7408536585366,1021.0365853658561,25.525914634146403,0
4298,4,0,0,47,0.0,0.0,1.0,47,1100,800,300,0.7272727272727273,14,8,6,323.02194368828833,0.44977644156645086,0.20198587203568796,0.1851575040958981,130496.11363110585,-969.3783462224865,129526.73528488337,921,4,224.91489361702128,40,7,13,36.31183276971023,0.6182291666666666,44.5630081300813,1021.747967479675,25.543699186991876,0
4299,4,0,0,47,0.0,0.0,1.0,47,1200,800,400,0.6666666666666666,16,8,8,321.74615312563117,0.4496993524514339,0.2020218690228346,0.18467347693101296,130548.03688280788,-999.3342669707106,129548.70261583717,922,5,225.91489361702128,40,7,13,36.29197328294883,0.61875,44.51219512195122,1021.9512195121953,25.548780487804883,0
4300,4,0,3,44,0.0,0.06382978723404255,0.9361702127659575,47,1200,700,500,0.5833333333333334,17,7,10,348.18168964264396,0.44931390687634903,0.17500617268183882,0.19207638905451802,128994.83194527058,-414.9485260096605,128579.88341926092,923,6,226.91489361702128,40,7,16,37.19404428438042,0.603125,46.036585365853654,1015.8536585365846,25.396341463414615,7
4301,4,1,2,43,0.022222222222222223,0.044444444444444446,0.9555555555555556,45,1050,700,350,0.6666666666666666,14,7,7,350.05676010019624,0.4474326599326599,0.1960001822240447,0.19360282038194537,129095.5078125,38.1510416666666,129133.65885416667,924,0,235.44444444444446,39,6,17,37.04387043870439,0.6057692307692308,45.9375,1016.25,26.057692307692307,0
4302,4,1,0,44,0.022727272727272728,0.0,1.0,44,1150,500,650,0.43478260869565216,18,5,13,353.20975581403763,0.4468816067653277,0.22295270766968844,0.1962864281111565,129285.00987082577,332.9887561557507,129617.99862698153,925,0,240.75,37,7,18,36.77077717879605,0.611204954954955,45.751096491228076,1016.9956140350888,27.48636794689429,0
4303,4,0,1,43,0.0,0.022727272727272728,0.9772727272727273,44,1100,900,200,0.8181818181818182,13,9,4,393.51783173075137,0.44657329105003524,0.25481321299406545,0.20717772234873794,127122.0255810657,1319.7396883499412,128441.76526941564,926,1,241.75,34,10,19,37.96580490300241,0.595281862745098,47.88690476190476,1008.4523809523804,29.660364145658246,8
4304,4,2,2,43,0.044444444444444446,0.044444444444444446,0.9555555555555556,45,1050,900,150,0.8571428571428571,12,9,3,376.9702593865657,0.4470538720538721,0.2532070566388114,0.20126758346189347,127688.8559801356,626.9802319211155,128315.83621205672,927,0,231.84444444444443,36,9,18,37.80037140204272,0.5969328703703703,47.325450450450454,1010.6981981981987,28.074949949949964,0
4305,4,2,0,45,0.044444444444444446,0.0,1.0,45,1000,800,200,0.8,12,8,4,373.0895048395821,0.44806397306397305,0.2590457821791974,0.20089606830397375,128030.5363429307,553.36988170602,128583.90622463672,928,0,228.9777777777778,36,9,20,37.54798597974852,0.6004050925925926,46.98761261261261,1012.049549549549,28.112487487487474,0
4306,4,0,1,44,0.0,0.022222222222222223,0.9777777777777777,45,1100,800,300,0.7272727272727273,14,8,6,372.8373310738627,0.44802188552188554,0.2587036601614552,0.2014837571864213,128174.66695011323,557.7616001964311,128732.42855030966,929,1,229.9777777777778,34,11,20,37.40668351751706,0.6060049019607843,46.84523809523809,1012.6190476190463,29.78291316526607,0
4307,4,2,2,44,0.043478260869565216,0.043478260869565216,0.9565217391304348,46,1500,1100,400,0.7333333333333333,19,11,8,364.99597206028767,0.45035225442834137,0.24584001230750885,0.19898753647916498,128525.67361379034,182.27063507373634,128707.94424886408,930,0,223.19565217391303,35,11,17,37.246152455960114,0.6074404761904761,46.498842592592595,1014.00462962963,28.97156084656086,0
4308,4,0,0,44,0.0,0.0,1.0,44,1350,1000,350,0.7407407407407407,17,10,7,381.24280167821087,0.44713486610288933,0.25299216756138376,0.20619047860397438,128206.57920030731,975.5670895808992,129182.14628988822,931,3,234.3409090909091,33,11,20,37.161181026137456,0.6085858585858586,46.81372549019606,1012.7450980392136,30.689245395127685,0
4309,4,0,1,43,0.0,0.022727272727272728,0.9772727272727273,44,1250,900,350,0.72,16,9,7,380.810116525505,0.44618789640591966,0.2550462296199383,0.20675763976030184,128361.7647809735,976.2917207323883,129338.0565017059,932,4,235.3409090909091,33,11,20,37.013116257507946,0.6101641414141414,46.66053921568626,1013.3578431372537,30.707813428401625,0
4310,4,2,2,43,0.044444444444444446,0.044444444444444446,0.9555555555555556,45,1450,1100,350,0.7586206896551724,18,11,7,362.9768566010265,0.4481691919191919,0.24576770781939894,0.20113727012787447,129171.97312510692,377.28735318069903,129549.26047828762,933,0,221.8,35,10,20,36.63765702683214,0.6139880952380952,45.862268518518505,1016.5509259259239,29.04431216931211,0
4311,4,2,2,43,0.044444444444444446,0.044444444444444446,0.9555555555555556,45,950,500,450,0.5263157894736842,14,5,9,362.58258869308895,0.44928451178451173,0.26161271574053035,0.20257632051887042,129495.73072059313,390.57945387515394,129886.31017446828,934,0,222.11111111111111,35,10,17,36.317849291183386,0.6172619047619048,45.543981481481474,1017.8240740740729,29.080687830687797,0
4312,4,0,0,43,0.0,0.0,1.0,43,1150,800,350,0.6956521739130435,15,8,7,381.18867982414645,0.4464747139165744,0.26906369407669883,0.2112245384178057,129171.13272392283,1247.7147108843437,130418.84743480718,935,2,233.4418604651163,34,9,20,36.175684116016704,0.6161151960784313,45.863095238095234,1016.5476190476185,29.898459383753483,0
4313,4,1,0,44,0.022727272727272728,0.0,1.0,44,1200,700,500,0.5833333333333334,17,7,10,372.9371542639358,0.4479607117688513,0.26675228947956264,0.20792523532249563,129413.28124999997,852.6077097505665,130265.88895975053,936,0,229.11363636363637,34,10,21,36.13841113841114,0.6185661764705883,45.625,1017.4999999999998,29.926470588235286,0
4314,4,0,1,43,0.0,0.022727272727272728,0.9772727272727273,44,1400,1100,300,0.7857142857142857,17,11,6,373.96510966670337,0.4478285764622974,0.2675990812322546,0.20881957691317096,129473.85381235827,883.7407879818572,130357.59460034013,937,1,230.11363636363637,34,10,18,36.05051273053378,0.6191789215686274,45.56547619047619,1017.7380952380952,29.93347338935574,0
4315,4,1,1,43,0.022727272727272728,0.022727272727272728,0.9772727272727273,44,950,500,450,0.5263157894736842,14,5,9,378.5247933884296,0.4478836328400282,0.2794008264462804,0.21243738404452678,129672.49657064478,1016.8509945130377,130689.34756515782,938,0,231.0681818181818,35,9,19,35.73200757575757,0.6190476190476191,45.370370370370374,1018.518518518519,29.100529100529116,0
4316,4,0,1,42,0.0,0.023255813953488372,0.9767441860465116,43,1050,900,150,0.8571428571428571,12,9,3,396.58699427763565,0.44758213362864524,0.28042049046831097,0.20849344449604684,127063.62771132642,1488.8588397582068,128552.48655108463,939,1,235.25581395348837,36,7,19,37.94863918984328,0.5905671296296297,47.944819819819834,1008.2207207207226,28.006131131131184,8
4317,4,3,2,43,0.06666666666666667,0.044444444444444446,0.9555555555555556,45,1200,800,400,0.6666666666666666,16,8,8,381.4859549307793,0.45204124579124577,0.2924325661964864,0.20439999255837688,127831.16731596457,753.1653274896496,128584.33264345423,940,0,225.6,36,9,18,37.54013548626577,0.5983796296296297,47.18468468468468,1011.2612612612609,28.09059059059058,0
4318,4,0,0,43,0.0,0.0,1.0,43,950,400,550,0.42105263157894735,15,4,11,391.91780516107303,0.44862033960871167,0.2973568457986884,0.20872791465838952,127588.49511584775,1400.840593921454,128989.3357097692,941,1,236.8139534883721,35,8,18,37.52589548249132,0.5979166666666667,47.42476851851851,1010.3009259259246,28.865740740740705,0
4319,4,1,1,43,0.022727272727272728,0.022727272727272728,0.9772727272727273,44,1050,700,350,0.6666666666666666,14,7,7,381.11924881455934,0.449810606060606,0.2905912835772555,0.2044930162994248,127888.11404309716,948.1243912831769,128836.23843438033,942,0,232.4090909090909,36,8,19,37.49095413048319,0.5989583333333333,47.12837837837838,1011.4864864864866,28.096846846846848,0
4320,4,1,1,43,0.022727272727272728,0.022727272727272728,0.9772727272727273,44,1400,1000,400,0.7142857142857143,18,10,8,371.8893412778193,0.4501079105003523,0.2979899001444326,0.20096725428286832,128173.82979948977,733.5530290480243,128907.3828285378,943,0,232.47727272727272,35,9,20,37.4315397950242,0.6038690476190476,46.84606481481481,1012.6157407407399,28.931878306878282,0
4321,4,1,0,44,0.022727272727272728,0.0,1.0,44,800,500,300,0.625,11,5,6,364.45715317019483,0.4515613988724454,0.2889350678207472,0.1982162438480316,128429.74044568212,561.4275170440637,128991.16796272619,944,0,223.97727272727272,36,8,17,37.357886160796944,0.6044560185185186,46.593468468468465,1013.6261261261258,28.15628128128127,0
4322,4,2,2,44,0.043478260869565216,0.043478260869565216,0.9565217391304348,46,1300,900,400,0.6923076923076923,17,9,8,364.1211347414559,0.45131843800322063,0.3119293306888702,0.20164426518802128,129147.08547921664,205.03666264881173,129352.12214186545,945,0,215.19565217391303,38,8,19,36.633951720271874,0.6080043859649122,45.88675213675212,1016.4529914529894,26.748762932973406,0
4323,4,0,0,44,0.0,0.0,1.0,44,1400,600,800,0.42857142857142855,22,6,16,384.26998883977967,0.44766340732910503,0.3285527111469464,0.21186523834564858,128972.51136271395,1112.0531003976807,130084.56446311163,946,1,225.86363636363637,36,8,20,36.300351071692525,0.6099537037037037,46.05855855855855,1015.7657657657649,28.21571571571569,0
4324,4,0,2,42,0.0,0.045454545454545456,0.9545454545454546,44,1050,700,350,0.6666666666666666,14,7,7,386.49159034351976,0.448213971106413,0.32980419278574113,0.21357290206996954,129062.0807003113,1176.2817645813743,130238.36246489268,947,2,226.86363636363637,37,7,20,36.15236412359267,0.6089527027027026,45.97039473684209,1016.1184210526288,27.462660028449427,0
4325,4,1,1,42,0.023255813953488372,0.023255813953488372,0.9767441860465116,43,1450,1300,150,0.896551724137931,16,13,3,391.1376783819609,0.44954318936877075,0.3385863082586864,0.21674645934646794,129172.76810171663,1504.8673250953743,130677.635426812,948,0,222.30232558139534,36,7,21,35.92117167017467,0.6119791666666667,45.86148648648649,1016.5540540540544,28.237612612612622,0
4326,4,3,1,44,0.06666666666666667,0.022222222222222223,0.9777777777777777,45,1350,900,450,0.6666666666666666,18,9,9,366.6678672581506,0.4532407407407408,0.31216473977188697,0.20697277174235612,129898.25857426293,525.9161679950644,130424.174742258,949,0,208.7111111111111,34,11,21,35.80423527579898,0.623468137254902,45.14880952380952,1019.404761904761,29.982492997198854,0
4327,4,2,0,46,0.043478260869565216,0.0,1.0,46,1450,1000,450,0.6896551724137931,19,10,9,353.22810373242487,0.4532910628019324,0.30909201496244165,0.20173040438194004,130353.74858276639,9.431689342396282,130363.18027210879,950,0,205.1304347826087,34,12,23,35.68455156602161,0.6280637254901961,44.70238095238095,1021.1904761904758,30.03501400560223,0
4328,4,0,1,45,0.0,0.021739130434782608,0.9782608695652174,46,900,600,300,0.6666666666666666,12,6,6,353.22810373242487,0.4533212560386473,0.30909201496244165,0.20173040438194004,130353.74858276639,8.921485260763518,130362.67006802716,951,1,206.1304347826087,34,12,23,35.68455156602161,0.6280637254901961,44.70238095238095,1021.1904761904758,30.03501400560223,0
4329,4,0,0,45,0.0,0.0,1.0,45,1300,900,400,0.6923076923076923,17,9,8,359.18517550730365,0.4524621212121212,0.30976770221102745,0.20580940262573122,130481.60750973185,373.411818771628,130855.01932850348,952,2,211.57777777777778,33,12,24,35.40279776898164,0.6316287878787878,44.57720588235294,1021.6911764705883,30.960338680926917,0
4330,4,1,0,46,0.021739130434782608,0.0,1.0,46,1700,1200,500,0.7058823529411765,22,12,10,346.1128590191206,0.453743961352657,0.30041480132534026,0.20032592749288494,130870.93431122448,-140.77735260771433,130730.15695861678,953,0,207.95652173913044,34,12,20,35.3427380259841,0.6332720588235294,44.19642857142857,1023.2142857142856,30.094537815126046,0
4331,4,0,1,45,0.0,0.021739130434782608,0.9782608695652174,46,1300,1000,300,0.7692307692307693,16,10,6,315.9624124912921,0.453371578099839,0.17357181967512325,0.17294286294103778,128684.1606652948,-1068.12842935529,127616.0322359395,954,1,208.95652173913044,44,2,13,38.32797195351951,0.5942234848484849,46.34259259259259,1014.6296296296285,23.059764309764287,8
4332,4,0,2,43,0.0,0.044444444444444446,0.9555555555555556,45,1100,700,400,0.6363636363636364,15,7,8,317.71728766771724,0.45229377104377105,0.17072705404172428,0.17406229318237507,128720.46100206605,-820.6568526170836,127899.80414944896,955,2,214.48888888888888,43,2,13,38.24654721911162,0.5959302325581395,46.30681818181818,1014.7727272727268,23.59936575052853,0
4333,4,0,2,41,0.0,0.046511627906976744,0.9534883720930233,43,1600,1000,600,0.625,22,10,12,329.9493071120562,0.4505583241048357,0.16917438528686635,0.18048951125722193,128660.12878583021,-109.73593083347998,128550.39285499672,956,3,225.2093023255814,42,1,13,37.997652021649166,0.5967261904761905,46.366279069767444,1014.5348837209305,24.15559246954596,0
4334,4,2,0,43,0.046511627906976744,0.0,1.0,43,1400,1000,400,0.7142857142857143,18,10,8,330.8760226760804,0.4504660391288298,0.19738496855973686,0.18268747223584536,129029.04652852892,-61.476454990686705,128967.57007353824,957,0,225.65116279069767,42,1,15,37.598752185662065,0.6004464285714286,46.002906976744185,1015.9883720930231,24.19019933554817,0
4335,4,0,0,43,0.0,0.0,1.0,43,1100,900,200,0.8181818181818182,13,9,4,330.3379329883196,0.45002768549280175,0.19659819158392722,0.18307317775913673,129176.76150959969,-65.60312255874771,129111.15838704094,958,1,226.65116279069767,42,1,15,37.46226924665588,0.6019345238095238,45.85755813953488,1016.5697674418598,24.20404208194904,0
4336,4,0,1,42,0.0,0.023255813953488372,0.9767441860465116,43,1550,1100,450,0.7096774193548387,20,11,9,333.2050695740365,0.44993540051679587,0.20781574359008426,0.18535525253411034,129324.5609958086,18.3198688480293,129342.88086465663,959,2,227.65116279069767,42,1,16,37.23921120320091,0.6034226190476191,45.71220930232558,1017.1511627906981,24.217884828349955,0
4337,4,0,1,41,0.0,0.023809523809523808,0.9761904761904762,42,850,300,550,0.35294117647058826,14,3,11,337.33121802841447,0.4500217770034843,0.20018531161611297,0.18766451320918795,129327.49438027528,325.2402407722391,129652.73462104752,960,3,230.33333333333334,41,1,16,37.13130709710979,0.6049288617886179,45.7093253968254,1017.1626984126985,24.808846302748744,0
4338,4,0,0,41,0.0,0.0,1.0,41,1200,600,600,0.5,18,6,12,340.3694982805973,0.44997459349593494,0.19583802189130295,0.1899922048930828,129459.81744497338,612.8346222486732,130072.65206722205,961,4,233.82926829268294,40,1,14,36.919562612342716,0.6078125,45.57926829268293,1017.6829268292695,25.44207317073174,0
4339,4,0,1,40,0.0,0.024390243902439025,0.975609756097561,41,1200,1000,200,0.8333333333333334,14,10,4,341.1013300435336,0.44977134146341463,0.19636361865714846,0.19090240918302373,129563.26116233737,638.8401414502073,130202.10130378757,962,5,234.82926829268294,40,1,14,36.79585080188993,0.6088541666666667,45.47764227642277,1018.0894308943101,25.452235772357753,0
4340,4,1,0,41,0.024390243902439025,0.0,1.0,41,1200,800,400,0.6666666666666666,16,8,8,343.6032208893264,0.44939024390243903,0.21115843933558986,0.19408938693478167,129925.63950029749,728.5736416815442,130654.21314197904,963,0,226.82926829268294,40,1,16,36.364259370015965,0.6125,45.1219512195122,1019.5121951219515,25.487804878048788,0
4341,4,0,1,40,0.0,0.024390243902439025,0.975609756097561,41,1450,1200,250,0.8275862068965517,17,12,5,347.243544010207,0.4490599593495935,0.21977706874807135,0.19679748454152718,130055.18297846845,832.1645308678643,130887.34750933632,964,1,227.82926829268294,40,1,16,36.14003188203646,0.6138020833333333,44.99491869918699,1020.0203252032517,25.500508130081293,0
4342,4,0,1,39,0.0,0.025,0.975,40,1300,900,400,0.6923076923076923,17,9,8,348.4350084323354,0.44640758547008547,0.22110946594506253,0.19758100970340842,130076.56385633697,1064.6457248264073,131141.2095811634,965,2,234.35,39,1,16,36.08795823547433,0.6156517094017093,44.97395833333334,1020.104166666668,26.15651709401713,0
4343,4,0,1,38,0.0,0.02564102564102564,0.9743589743589743,39,1150,900,250,0.782608695652174,14,9,5,354.48172784821577,0.44472559604138556,0.22425961135638572,0.20098524569446347,130071.79578493688,1421.6149828329417,131493.41076776982,966,3,240.71794871794873,38,1,17,35.938590978913574,0.6173245614035088,44.978632478632484,1020.0854700854707,26.84435447593344,0
4344,4,0,0,38,0.0,0.0,1.0,38,1450,1100,350,0.7586206896551724,18,11,7,364.219254106227,0.44133771929824567,0.23316474029317047,0.2064796904905686,130066.7768568213,1874.5648901585064,131941.3417469798,967,4,247.31578947368422,37,1,17,35.69536260704431,0.6190878378378378,44.983552631578945,1020.065789473684,27.56934566145092,0
4345,4,0,0,38,0.0,0.0,1.0,38,1000,600,400,0.6,14,6,8,363.4516722195253,0.4405820293978189,0.23376608689751932,0.20678534016010627,130206.6260772544,1864.7631963681029,132071.3892736225,968,5,248.31578947368422,37,1,17,35.57289428448648,0.6204954954954955,44.84649122807017,1020.6140350877182,27.58416311047887,0
4346,4,1,0,39,0.02564102564102564,0.0,1.0,39,1100,600,500,0.5454545454545454,16,6,10,354.45966003245763,0.44140800719748086,0.2302381954705166,0.20327443519030583,130514.55886667038,1452.4412559633565,131967.00012263373,969,0,242.92307692307693,37,2,17,35.490105340344094,0.6235923423423424,44.54495614035087,1021.8201754385955,27.616761498340416,0
4347,4,0,0,39,0.0,0.0,1.0,39,950,800,150,0.8421052631578947,11,8,3,356.15744981692876,0.44109874044084574,0.2330937310016814,0.2045436592571527,130570.58572108703,1500.7373663049898,132071.32308739203,970,1,243.92307692307693,37,2,17,35.38995726495724,0.6241554054054055,44.490131578947356,1022.0394736842086,27.622688477951584,0
4348,4,0,0,39,0.0,0.0,1.0,39,1450,1100,350,0.7586206896551724,18,11,7,355.31210563385616,0.4408738191632928,0.22849222849222883,0.204501856353708,130654.64854570608,1484.6356571252336,132139.2842028313,971,2,244.92307692307693,37,2,18,35.3263978263978,0.625,44.40789473684209,1022.3684210526292,27.631578947368357,0
4349,4,1,0,40,0.025,0.0,1.0,40,1250,1100,150,0.88,14,11,3,349.2350193293029,0.4412393162393162,0.23170979860169139,0.20295446878306264,131027.14913662401,1151.853792278444,132179.00292890245,972,0,239.775,38,2,19,35.104916692754536,0.6269188596491229,44.04380341880341,1023.824786324784,26.942757534862736,0
4350,4,0,1,39,0.0,0.025,0.975,40,1400,1100,300,0.7857142857142857,17,11,6,347.3753691802592,0.4411858974358975,0.22862082994304322,0.2023338050817717,131114.67013888882,1109.2013888888775,132223.8715277777,973,1,240.775,39,1,19,35.0640764849471,0.6260683760683761,43.95833333333333,1024.166666666666,26.260683760683744,0
4351,4,0,1,38,0.0,0.02564102564102564,0.9743589743589743,39,1400,1100,300,0.7857142857142857,17,11,6,360.89217595202103,0.43851214574898784,0.24704249977944093,0.21092729186811893,131246.006430802,1673.131369165007,132919.137799967,974,2,246.69230769230768,38,1,19,34.585157960588056,0.6291118421052632,43.8301282051282,1024.6794871794862,26.965249662618056,0
4352,4,0,0,38,0.0,0.0,1.0,38,850,600,250,0.7058823529411765,11,6,5,366.7222171725469,0.4382408724513988,0.2433647260273979,0.21416577482876703,131215.75869498285,2023.9467913203837,133239.70548630322,975,3,234.21052631578948,37,1,19,34.466413384703195,0.6306306306306306,43.85964912280701,1024.5614035087701,27.690848743480274,0
4353,4,0,3,35,0.0,0.07894736842105263,0.9210526315789473,38,1000,700,300,0.7,13,7,6,325.8353180835644,0.437485182550972,0.0843964356689535,0.18108423123770262,129287.27027280645,825.31985841965,130112.5901312261,976,4,235.21052631578948,36,2,19,37.46447421843281,0.6131365740740741,45.74887387387387,1017.0045045045033,28.25012512512509,8
4354,4,0,0,35,0.0,0.0,1.0,35,950,500,450,0.5263157894736842,14,5,9,357.0540994022345,0.4343137254901961,0.027898195807434023,0.1931173925357602,128208.45967567094,2171.4532081035054,130379.91288377444,977,14,253.28571428571428,32,3,21,37.771682666334215,0.6110026041666667,46.81186868686869,1012.752525252526,31.648516414141437,7
4355,4,0,1,34,0.0,0.02857142857142857,0.9714285714285714,35,1100,700,400,0.6363636363636364,15,7,8,358.40475150668186,0.4346638655462185,0.025612817089452955,0.19446910959033978,128336.36435376504,2199.272555096438,130535.63690886147,978,15,254.28571428571428,32,3,21,37.60669781931466,0.6123046875,46.68560606060607,1013.2575757575767,31.66429924242427,0
4356,4,1,0,35,0.02857142857142857,0.0,1.0,35,1000,700,300,0.7,13,7,6,351.2222194337084,0.43735994397759104,0.002808494488243385,0.19248651218600538,128734.59314025861,2042.889904123423,130777.48304438204,979,0,238.71428571428572,33,2,21,37.382134806585356,0.6139520202020202,46.29289215686275,1014.8284313725495,30.752376708259078,0
4357,4,0,0,35,0.0,0.0,1.0,35,1250,900,350,0.72,16,9,7,348.8179297499425,0.4371498599439776,-0.0037727390292263685,0.19176884857188278,128858.98940611786,1989.6651828623637,130848.65458898022,980,1,239.71428571428572,33,2,21,37.3163095956548,0.6152146464646464,46.1703431372549,1015.3186274509807,30.7672311348782,0
4358,4,1,0,36,0.027777777777777776,0.0,1.0,36,900,600,300,0.6666666666666666,12,6,6,337.94678849771526,0.44090608465608466,-0.002049180327869271,0.18740685543964222,129201.38888888899,1532.6388888888937,130734.02777777788,981,0,234.02777777777777,34,2,22,37.24385245901638,0.616421568627451,45.833333333333336,1016.6666666666675,29.90196078431375,0
4359,4,1,0,37,0.02702702702702703,0.0,1.0,37,950,800,150,0.8421052631578947,11,8,3,331.81329124867756,0.4422547547547548,-0.0007436657806183522,0.18552434180115204,129525.18332315261,1195.6354756087298,130720.81879876133,982,0,228.67567567567568,35,2,19,37.07089729012694,0.6175595238095238,45.515046296296305,1017.9398148148163,29.08399470899475,0
4360,4,0,1,36,0.0,0.02702702702702703,0.972972972972973,37,700,400,300,0.5714285714285714,10,4,6,333.62838823285426,0.4418793793793794,0.001708004890546455,0.18695939870526462,129613.56122470862,1248.5527049039927,130862.11392961262,983,1,229.67567567567568,35,2,19,36.935004167613855,0.618452380952381,45.42824074074075,1018.2870370370381,29.093915343915373,0
4361,4,1,0,37,0.02702702702702703,0.0,1.0,37,1000,700,300,0.7,13,7,6,337.20647777402945,0.4395958458458458,0.014576856861403753,0.1902483952438103,129878.87577428426,1359.1996474194289,131238.0754217037,984,0,230.59459459459458,35,2,21,36.57471802732676,0.6211309523809524,45.16782407407408,1019.3287037037047,29.12367724867728,0
4362,4,0,0,37,0.0,0.0,1.0,37,1300,1100,200,0.8461538461538461,15,11,4,337.1321186203194,0.43871996996997,0.014024006990541293,0.19135992438107643,130114.93866008664,1373.184986925589,131488.12364701222,985,1,231.59459459459458,35,2,21,36.33732747211192,0.6235119047619048,44.936342592592595,1020.2546296296301,29.15013227513229,0
4363,4,0,1,36,0.0,0.02702702702702703,0.972972972972973,37,900,600,300,0.6666666666666666,12,6,6,337.4424265391791,0.4378753753753754,0.017641942315449688,0.19241397938829782,130292.97052154191,1393.358951251534,131686.32947279344,986,2,232.59459459459458,34,3,23,36.149088541666664,0.6274509803921569,44.76190476190476,1020.9523809523806,30.028011204481782,0
4364,4,1,0,37,0.02702702702702703,0.0,1.0,37,1200,700,500,0.5833333333333334,17,7,10,333.74227251316654,0.4371246246246246,0.022221242449628198,0.1912000121967953,130475.34722222212,1309.027777777768,131784.37499999988,987,0,233.3783783783784,34,3,24,36.058999456226225,0.6292892156862745,44.58333333333333,1021.6666666666657,30.04901960784311,0
4365,4,1,1,37,0.02631578947368421,0.02631578947368421,0.9736842105263158,38,1100,800,300,0.7272727272727273,14,8,6,325.63966472370356,0.4394114509246088,0.022225067136672605,0.18824911684060258,130824.4133257243,920.3236186128051,131744.73694433708,988,0,228.21052631578948,35,3,20,35.91339989440737,0.6306547619047619,44.24189814814814,1023.0324074074061,29.22949735449732,0
4366,4,2,0,39,0.05128205128205128,0.0,1.0,39,1100,600,500,0.5454545454545454,16,6,10,318.9227736464476,0.43882141250562307,0.032103443803465526,0.1856775738502431,131097.37059694843,561.9874097070151,131659.35800665544,989,0,223.28205128205127,36,3,22,35.81001209588738,0.6313657407407407,43.97522522522523,1024.0990990991002,28.447197197197227,0
4367,4,0,1,38,0.0,0.02564102564102564,0.9743589743589743,39,1500,1000,500,0.6666666666666666,20,10,10,314.84579157106623,0.4378654970760234,0.02298112144266007,0.1841321788751095,131270.4173768364,465.9876937748663,131736.40507061128,990,1,224.28205128205127,36,3,22,35.74015567765568,0.6331018518518519,43.80630630630631,1024.7747747747756,28.46596596596599,0
4368,4,0,1,37,0.0,0.02631578947368421,0.9736842105263158,38,1200,900,300,0.75,15,9,6,322.12203030858575,0.43595898530109056,0.023584687311947627,0.18782192228762148,131155.04017531042,849.5855652950258,132004.62574060544,991,2,230.97368421052633,36,2,22,35.66998314277339,0.6319444444444444,43.91891891891892,1024.3243243243242,28.45345345345345,0
4369,4,0,0,37,0.0,0.0,1.0,37,1300,1000,300,0.7692307692307693,16,10,6,321.89834093462895,0.43584209209209207,0.04438584926389799,0.18854045683313975,131328.12499999997,1054.975245515785,132383.10024551576,992,3,236.94594594594594,35,2,23,35.50135501355014,0.6357142857142857,43.75,1024.9999999999998,29.285714285714278,0
4370,4,0,0,37,0.0,0.0,1.0,37,950,800,150,0.8421052631578947,11,8,3,322.5049335898107,0.4354667167167167,0.048195858988363094,0.18918865574427415,131387.44882758893,1074.6200917352312,132462.06891932417,993,4,237.94594594594594,35,2,24,35.42607435839544,0.6363095238095238,43.69212962962962,1025.2314814814797,29.29232804232799,0
4371,4,0,1,36,0.0,0.02702702702702703,0.972972972972973,37,1400,1100,300,0.7857142857142857,17,11,6,321.4222747631836,0.43568568568568566,0.048709657739003154,0.18884624366059705,131446.78605109727,1049.9849965706298,132496.7710476679,994,5,238.94594594594594,35,2,25,35.394093303235515,0.6369047619047619,43.63425925925925,1025.462962962962,29.29894179894177,0
4372,4,0,0,36,0.0,0.0,1.0,36,1350,1000,350,0.7407407407407407,17,10,7,321.6981935517974,0.4330853174603175,0.038551884842334516,0.19033630944702412,131713.96933138295,1274.429199888551,132988.3985312715,995,6,233.08333333333334,35,1,17,35.118225466982366,0.6395833333333334,43.373842592592595,1026.5046296296302,29.32870370370372,0
4373,4,0,0,36,0.0,0.0,1.0,36,950,700,250,0.7368421052631579,12,7,5,320.7345182934984,0.43225859788359783,0.03196025395394253,0.19035969102462957,131832.80452942822,1256.6662112054246,133089.47074063364,996,7,234.08333333333334,35,1,18,35.023502949021356,0.6407738095238096,43.258101851851855,1026.967592592593,29.34193121693123,0
4374,4,0,0,36,0.0,0.0,1.0,36,1150,900,250,0.782608695652174,14,9,5,321.3124555616911,0.4321759259259259,0.02933002854138511,0.19115076109688806,131921.96609224967,1277.6341735253804,133199.60026577505,997,8,235.08333333333334,35,1,19,34.91907015171999,0.6416666666666666,43.1712962962963,1027.314814814815,29.35185185185186,0
4375,4,0,0,36,0.0,0.0,1.0,36,800,500,300,0.625,11,5,6,321.4762790312184,0.4319940476190476,0.029629838194991764,0.19169831306367965,132011.1577958892,1287.691159765103,133298.84895565428,998,9,236.08333333333334,35,1,20,34.82526654653301,0.6425595238095239,43.08449074074075,1027.662037037038,29.361772486772516,0
4376,4,0,2,34,0.0,0.05555555555555555,0.9444444444444444,36,800,600,200,0.75,10,6,4,321.31933091068714,0.43136574074074074,0.03320759674210905,0.19190564746589214,132070.63567654768,1287.3696577074988,133358.00533425517,999,10,237.08333333333334,35,1,20,34.7695689299253,0.643154761904762,43.02662037037038,1027.89351851852,29.368386243386286,0
4377,4,0,0,34,0.0,0.0,1.0,34,700,500,200,0.7142857142857143,9,5,4,340.5006268335359,0.42784462269756385,0.036952522713549874,0.20174782543220401,131768.1375552673,2173.4266868512254,133941.56424211853,1000,12,251.44117647058823,33,1,20,34.58114506246519,0.6445707070707071,43.321078431372555,1026.7156862745105,31.112596553773045,0
4378,4,0,0,34,0.0,0.0,1.0,34,1100,800,300,0.7272727272727273,14,8,6,339.19115290484217,0.4269533571004159,0.04072182308037697,0.2019729137751563,131956.93963860074,2151.7252979623445,134108.6649365631,1001,13,252.44117647058823,33,1,21,34.42469783715013,0.6464646464646464,43.137254901960794,1027.4509803921585,31.134878193701773,0
4379,4,0,0,34,0.0,0.0,1.0,34,1500,900,600,0.6,21,9,12,341.3216085090967,0.42548648247177656,0.037191356943111264,0.20476856756374903,132240.39619677534,2227.3009479527227,134467.69714472807,1002,14,253.44117647058823,33,1,23,34.084827634139565,0.6493055555555556,42.86151960784314,1028.553921568628,31.16830065359479,0
4380,4,1,0,35,0.02857142857142857,0.0,1.0,35,850,600,250,0.7058823529411765,11,6,5,330.51784838391006,0.42591036414565825,0.0357943755470056,0.20009166594606065,132581.84700963716,1764.1333616780062,134345.98037131518,1003,0,247.17142857142858,34,1,24,34.01991099294878,0.6504289215686274,42.529761904761905,1029.8809523809523,30.290616246498598,0
4381,4,0,0,35,0.0,0.0,1.0,35,400,200,200,0.5,6,2,4,331.8330348446287,0.4256302521008403,0.03324086916319935,0.20105177993527507,132612.50000000003,1801.041666666668,134413.5416666667,1004,1,248.17142857142858,34,1,24,33.9552993527508,0.6507352941176471,42.5,1030.0000000000002,30.29411764705883,0
4382,4,0,0,35,0.0,0.0,1.0,35,750,500,250,0.6666666666666666,10,5,5,331.81560427858267,0.42521008403361343,0.034144408861302766,0.20136972225994776,132673.8166099773,1804.6485260770974,134478.4651360544,1005,2,249.17142857142858,34,1,19,33.894249287420074,0.6513480392156863,42.44047619047619,1030.2380952380952,30.30112044817927,0
4383,4,0,1,34,0.0,0.02857142857142857,0.9714285714285714,35,900,600,300,0.6666666666666666,12,6,6,331.3904557809828,0.42454481792717086,0.03388174722355153,0.20160556399831117,132765.81809807254,1799.4649943310633,134565.2830924036,1006,3,250.17142857142858,34,1,20,33.81295483423819,0.6522671568627452,42.351190476190474,1030.595238095238,30.311624649859944,0
4384,4,0,0,34,0.0,0.0,1.0,34,650,200,450,0.3076923076923077,11,2,9,340.45274897508926,0.4243352644087938,0.03968087413345622,0.20700413348745664,132745.069879974,2238.684790705491,134983.7546706795,1007,4,255.58823529411765,33,1,21,33.600284417489206,0.6543560606060606,42.37132352941176,1030.5147058823527,31.227718360071293,0
4385,4,0,0,34,0.0,0.0,1.0,34,1000,700,300,0.7,13,7,6,339.55356314554376,0.423852495543672,0.03799995803814338,0.20680557709030895,132808.22167255377,2219.1009767877645,135027.32264934154,1008,5,256.5882352941176,33,1,21,33.560094915388554,0.6549873737373737,42.31004901960784,1030.7598039215682,31.235145573380855,0
4386,4,0,0,34,0.0,0.0,1.0,34,1350,1200,150,0.8888888888888888,15,12,3,339.74289836609995,0.42351827094474154,0.04048837794746962,0.20709545369968352,132839.80320069203,2226.2759515570824,135066.07915224912,1009,6,257.5882352941176,33,1,21,33.52353780313837,0.6553030303030303,42.27941176470588,1030.8823529411764,31.238859180035647,0
4387,4,0,0,34,0.0,0.0,1.0,34,750,500,250,0.6666666666666666,10,5,5,340.8662145519835,0.4228312537136067,0.04175373369022095,0.2086597038461122,132997.76715986626,2266.889087129934,135264.6562469962,1010,7,258.5882352941176,33,1,21,33.33617975525723,0.6568813131313131,42.12622549019607,1031.4950980392146,31.257427213309533,0
4388,4,0,0,34,0.0,0.0,1.0,34,500,300,200,0.6,7,3,4,342.41986910725933,0.4222742127153892,0.04815089119149252,0.2099659780053907,133060.97902549486,2312.544604238736,135373.5236297336,1011,8,259.5882352941176,33,1,21,33.23274240804528,0.6575126262626263,42.06495098039215,1031.7401960784302,31.2648544266191,0
4389,4,0,0,34,0.0,0.0,1.0,34,950,600,350,0.631578947368421,13,6,7,343.4489743735068,0.42160576351752826,0.05238806908255422,0.21131268890781935,133187.44781153876,2348.6184700595836,135536.06628159835,1012,9,260.5882352941176,33,1,21,33.0794402231984,0.6587752525252526,41.94240196078431,1032.230392156862,31.279708853238244,0
4390,4,0,0,34,0.0,0.0,1.0,34,400,200,200,0.5,6,2,4,344.4957607667328,0.42140151515151514,0.05582090386011984,0.21213686320898792,133219.0743944636,2378.681276432132,135597.7556708957,1013,10,261.5882352941176,33,1,21,33.020734409623294,0.6590909090909092,41.91176470588235,1032.3529411764698,31.283422459893025,0
4391,4,0,0,34,0.0,0.0,1.0,34,800,500,300,0.625,11,5,6,348.28164114773966,0.4203988413547237,0.06287767776149589,0.2155663902258036,133408.91273788924,2492.7750144175297,135901.68775230678,1014,11,262.5882352941176,33,1,21,32.73279952550415,0.6609848484848485,41.72794117647059,1033.0882352941176,31.305704099821746,0
4392,4,0,0,34,0.0,0.0,1.0,34,1350,1000,350,0.7407407407407407,17,10,7,346.9490310331692,0.42000891265597146,0.062489100940981146,0.21529221329674136,133503.88259623697,2463.808541186076,135967.69113742304,1015,12,263.5882352941176,33,1,21,32.672116486817664,0.6619318181818181,41.6360294117647,1033.4558823529408,31.316844919786085,0
4393,4,0,0,34,0.0,0.0,1.0,34,700,400,300,0.5714285714285714,10,4,6,347.7439947749298,0.4196004159239453,0.05675630451303437,0.21652517224472956,133630.56163795193,2493.8450655997885,136124.40670355174,1016,13,264.5882352941176,33,1,21,32.524766899766895,0.6631944444444444,41.51348039215687,1033.946078431374,31.331699346405273,0
4394,4,0,0,34,0.0,0.0,1.0,34,1400,1000,400,0.7142857142857143,18,10,8,346.26435603061077,0.41796642899584074,0.060227074844147355,0.21709001385883514,133884.09994052775,2471.85832972896,136355.95827025673,1017,14,265.5882352941176,33,1,20,32.30942865600947,0.665719696969697,41.26838235294118,1034.9264705882358,31.36140819964351,0
4395,4,0,0,34,0.0,0.0,1.0,34,900,500,400,0.5555555555555556,13,5,8,345.1440003730487,0.4175393642305407,0.061970811051693886,0.2169476573773449,133979.23875432528,2448.426086120729,136427.664840446,1018,15,266.5882352941176,33,1,22,32.24333175505052,0.6666666666666667,41.1764705882353,1035.294117647059,31.37254901960785,0
4396,4,0,0,34,0.0,0.0,1.0,34,1050,700,350,0.6666666666666666,14,7,7,345.7805512975631,0.4167409387997623,0.0594324326205109,0.21828849888859608,134137.87853529895,2476.453917964245,136614.3324532632,1019,16,267.5882352941176,33,1,22,32.06837316140226,0.6682449494949495,41.02328431372549,1035.9068627450981,31.39111705288176,0
4397,4,0,0,34,0.0,0.0,1.0,34,750,500,250,0.6666666666666666,10,5,5,347.40541181215565,0.41596108140225785,0.06033637293157801,0.22007547323561047,134264.85794225775,2528.8676530661232,136793.72559532386,1020,17,268.5882352941176,33,1,22,31.89948661858027,0.6695075757575757,40.900735294117645,1036.397058823529,31.40597147950088,0
4398,4,0,1,33,0.0,0.029411764705882353,0.9705882352941176,34,550,300,250,0.5454545454545454,8,3,5,346.581046113263,0.4155525846702317,0.05664024475038265,0.22012579955842365,134360.13192041512,2513.3350153786923,136873.4669357938,1021,18,269.5882352941176,33,1,22,31.825748620961388,0.6704545454545454,40.80882352941176,1036.7647058823522,31.41711229946522,0
4399,4,1,0,34,0.029411764705882353,0.0,1.0,34,650,400,250,0.6153846153846154,9,4,5,344.6424791019579,0.4163510101010101,0.04274380119356125,0.22023304683443592,134582.56927924344,2476.5740640618837,137059.14334330533,1022,0,251.91176470588235,33,1,23,31.654142553442785,0.6726641414141414,40.59436274509803,1037.6225490196068,31.44310754604869,0
4400,4,0,1,33,0.0,0.029411764705882353,0.9705882352941176,34,1000,600,400,0.6,14,6,8,350.6033170699316,0.41499554367201424,0.04582182176623295,0.22541824801597887,134805.19061178388,2652.6293973471647,137457.82000913104,1023,1,252.91176470588235,33,1,18,31.277535205727325,0.6748737373737373,40.37990196078431,1038.4803921568623,31.469102792632192,0
4401,4,0,0,33,0.0,0.0,1.0,33,1350,1000,350,0.7407407407407407,17,10,7,353.5989018845263,0.412918244949495,0.043428941824663836,0.22801032638760824,134911.26543209865,2940.895061728382,137852.16049382702,1024,2,257.6666666666667,32,1,18,31.094028520499116,0.6783854166666667,40.27777777777777,1038.888888888888,32.46527777777775,0
4402,4,0,1,32,0.0,0.030303030303030304,0.9696969696969697,33,1300,1000,300,0.7692307692307693,16,10,6,353.6393212012001,0.4122080176767677,0.04410725329092702,0.22886469277738047,135042.4701561065,2951.265495867762,137993.73565197425,1025,3,258.6666666666667,32,1,19,30.9622509718173,0.6796875,40.15151515151515,1039.393939393939,32.481060606060595,0
4403,4,0,0,32,0.0,0.0,1.0,32,1100,500,600,0.45454545454545453,17,5,12,363.35198899504405,0.40845514112903225,0.04744674185463671,0.23459133270068372,134956.35986328125,3407.332356770833,138363.6922200521,1026,23,267.65625,31,1,19,30.79573934837093,0.6814516129032258,40.234375,1039.0625,33.51814516129032,0
4404,4,0,0,32,0.0,0.0,1.0,32,500,300,200,0.6,7,3,4,364.32700210401987,0.40816112231182794,0.04867984214482579,0.23566111270618212,135024.0156385634,3438.578965928824,138462.59460449222,1027,24,268.65625,31,1,19,30.702935772154017,0.6821236559139785,40.169270833333336,1039.322916666667,33.52654569892474,0
4405,4,0,0,32,0.0,0.0,1.0,32,850,600,250,0.7058823529411765,11,6,5,364.8652861014165,0.40795110887096775,0.0463858627598297,0.23689546136633424,135159.37805175778,3462.9930284288184,138622.3710801866,1028,25,269.65625,31,1,19,30.55399031638702,0.6834677419354839,40.0390625,1039.8437499999998,33.543346774193544,0
4406,4,0,1,31,0.0,0.03125,0.96875,32,800,500,300,0.625,11,5,6,364.8652861014165,0.40795110887096775,0.0463858627598297,0.23689546136633424,135159.37805175778,3462.9930284288184,138622.3710801866,1029,26,270.65625,31,1,19,30.55399031638702,0.6834677419354839,40.0390625,1039.8437499999998,33.543346774193544,0
4407,4,0,0,31,0.0,0.0,1.0,31,550,300,250,0.5454545454545454,8,3,5,365.0218236623881,0.40793010752688175,-0.007865757734661694,0.21418357468436106,131397.01844143818,3392.5558590588316,134789.574300497,1030,27,277.2903225806452,30,1,23,34.32665836392239,0.6486111111111111,43.68279569892472,1025.2688172043,34.17562724014333,8
4408,4,1,0,32,0.03125,0.0,1.0,32,1300,1100,200,0.8461538461538461,15,11,4,354.0890095733335,0.4103032594086022,-0.003859688054780319,0.2099508217665645,131795.66277397997,2933.4791395399207,134729.14191351988,1031,0,269.59375,31,1,19,34.20460309409081,0.6498655913978495,43.29427083333333,1026.822916666666,33.1233198924731,0
4409,4,0,0,32,0.0,0.0,1.0,32,1000,800,200,0.8,12,8,4,356.7034848816856,0.409169186827957,0.003722123669538613,0.21262114068627375,131996.29041883687,3016.7073567708394,135012.9977756077,1032,1,270.59375,31,1,20,33.935208650109814,0.6518817204301075,43.098958333333336,1027.6041666666672,33.14852150537636,0
4410,4,0,0,32,0.0,0.0,1.0,32,1100,800,300,0.7272727272727273,14,8,6,357.2692880437781,0.40954721102150543,0.0039666202178871846,0.2133346263099533,132063.2002088758,3036.4251030815935,135099.62531195738,1033,2,271.59375,31,1,20,33.85324296934382,0.6525537634408602,43.033854166666664,1027.8645833333328,33.15692204301074,0
4411,4,0,0,32,0.0,0.0,1.0,32,1300,800,500,0.6153846153846154,18,8,10,361.55525877193026,0.40891717069892475,0.0024294125094963537,0.21665883412600187,132197.0706515841,3159.3092176649216,135356.379869249,1034,3,272.59375,31,1,20,33.608191947328436,0.6538978494623655,42.90364583333333,1028.3854166666658,33.17372311827954,0
4412,4,0,0,32,0.0,0.0,1.0,32,1100,800,300,0.7272727272727273,14,8,6,364.02332009280224,0.4087071572580645,0.006968172614527868,0.21891265413800032,132331.0089111328,3234.3146430121537,135565.32355414497,1035,4,273.59375,31,1,20,33.40979077026913,0.655241935483871,42.7734375,1028.90625,33.190524193548384,0
4413,4,0,1,31,0.0,0.03125,0.96875,32,1000,800,200,0.8,12,8,4,362.7061922830426,0.4083711357526882,-0.02720875139353418,0.2046210405521314,129876.1944731403,3021.379993112921,132897.57446625322,1036,5,274.59375,32,0,17,35.92762913415086,0.6279296875,45.17045454545453,1019.3181818181803,31.853693181818134,8
4414,4,0,0,31,0.0,0.0,1.0,31,1200,900,300,0.75,15,9,6,369.3398227796581,0.40573476702508965,-0.010814508916612064,0.20812259128123722,129830.95169067383,3390.3481377495664,133221.2998284234,1037,34,284.2903225806452,31,0,18,35.80461330437375,0.6300403225806452,45.21484375,1019.140625,32.875504032258064,0
4415,4,0,0,31,0.0,0.0,1.0,31,1250,900,350,0.72,16,9,7,370.22931154778286,0.40551075268817205,-0.0018454364580799965,0.2093332663343455,129963.68620130744,3423.2732137044222,133386.95941501186,1038,35,285.2903225806452,31,0,18,35.646921423402716,0.6313844086021505,45.084635416666664,1019.6614583333328,32.892305107526866,0
4416,4,0,1,30,0.0,0.03225806451612903,0.967741935483871,31,1250,1000,250,0.8,15,10,5,373.2801083613079,0.40434587813620076,-0.0021079934948637913,0.21177767190520266,130096.48852878151,3512.4862670898488,133608.97479587136,1039,36,286.2903225806452,31,0,18,35.4340831737928,0.632728494623656,44.954427083333336,1020.1822916666671,32.90910618279571,0
4417,4,0,0,30,0.0,0.0,1.0,30,950,600,350,0.631578947368421,13,6,7,374.8552636136325,0.4026580459770115,-0.004488613926549867,0.21395758359675182,130331.20022907273,3771.0672837900365,134102.26751286277,1040,37,290.0,30,0,19,35.1553244701856,0.6378472222222222,44.7244623655914,1021.1021505376344,34.03673835125448,0
4418,4,0,0,30,0.0,0.0,1.0,30,1000,800,200,0.8,12,8,4,371.48618385218026,0.4023227969348659,0.018449940484062788,0.20547235084903684,129098.92265363042,3591.6932232049853,132690.6158768354,1041,38,291.0,30,0,19,36.49594409910506,0.6253472222222223,45.93413978494623,1016.2634408602146,33.87544802867382,8
4419,4,0,0,30,0.0,0.0,1.0,30,600,500,100,0.8333333333333334,7,5,2,371.0851851193329,0.402610153256705,0.020631142844549588,0.20560565971117334,129167.22896071803,3586.4090140478656,132753.6379747659,1042,39,292.0,30,0,20,36.436433954779844,0.6260416666666666,45.86693548387097,1016.5322580645163,33.88440860215054,0
4420,4,0,0,30,0.0,0.0,1.0,30,1150,700,450,0.6086956521739131,16,7,9,371.90222322542,0.4021072796934866,0.026761804087385377,0.2069526489242632,129338.07376575332,3620.2234362354097,132958.29720198872,1043,40,293.0,30,0,21,36.241411205073994,0.6277777777777778,45.6989247311828,1017.2043010752692,33.906810035842305,0
4421,4,0,0,30,0.0,0.0,1.0,30,750,500,250,0.6666666666666666,10,5,5,370.67441004172423,0.40277777777777773,0.027573756054601217,0.20662778232811874,129406.44330269398,3593.5314053647826,132999.97470805875,1044,41,294.0,30,0,21,36.202939233817695,0.6284722222222222,45.63172043010753,1017.47311827957,33.915770609319004,0
4422,4,0,0,30,0.0,0.0,1.0,30,1200,800,400,0.6666666666666666,16,8,8,371.09965253951145,0.4018917624521073,0.021689768976897783,0.20776643518010346,129577.44618236217,3617.2290510463727,133194.67523340855,1045,42,295.0,30,0,18,36.01787678767877,0.6302083333333333,45.46370967741936,1018.1451612903229,33.938172043010766,0
4423,4,0,0,30,0.0,0.0,1.0,30,1200,800,400,0.6666666666666666,16,8,8,370.72261972977304,0.4012691570881226,0.024684351766310453,0.20791748998464046,129645.87894915606,3612.531976240044,133258.4109253961,1046,43,296.0,30,0,19,35.9577779244204,0.6309027777777778,45.396505376344095,1018.4139784946244,33.94713261648748,0
4424,4,2,0,32,0.0625,0.0,1.0,32,1150,1100,50,0.9565217391304348,12,11,1,349.3596038545163,0.40669102822580644,0.038118896031648086,0.19971518272644395,130391.51178770023,2710.7053808284886,133102.21716852873,1047,0,278.4375,32,0,21,35.745044710924304,0.6331380208333333,44.66540404040404,1021.3383838383838,31.916824494949495,0
4425,4,0,0,32,0.0,0.0,1.0,32,900,500,400,0.5555555555555556,13,5,8,349.5844799161473,0.40629200268817206,0.03773176761433872,0.20000979084311382,130423.75299714309,2718.823972043662,133142.57696918675,1048,1,279.4375,32,0,21,35.70663370416151,0.6334635416666667,44.63383838383838,1021.4646464646461,31.92077020202019,0
4426,4,0,0,32,0.0,0.0,1.0,32,750,400,350,0.5333333333333333,11,4,7,350.7114239414088,0.4067540322580645,0.0382227575982208,0.20132328123274923,130552.75769054181,2757.268709825528,133310.02640036735,1049,2,280.4375,32,0,17,35.54716456634542,0.634765625,44.50757575757576,1021.9696969696971,31.936553030303035,0
4427,4,0,0,32,0.0,0.0,1.0,32,600,300,300,0.5,9,3,6,349.86816711031935,0.4055989583333333,0.03680761393108556,0.2013420432901392,130649.55305899921,2742.023932506904,133391.57699150612,1050,3,281.4375,32,0,17,35.47069902432999,0.6357421875,44.412878787878796,1022.348484848486,31.948390151515188,0
4428,4,1,0,33,0.030303030303030304,0.0,1.0,33,900,400,500,0.4444444444444444,14,4,10,344.34055978556887,0.40577651515151514,0.05770486096000682,0.20036975749082278,131077.01965590165,2427.026864667446,133504.0465205691,1051,0,273.8787878787879,33,0,18,35.179810914313066,0.6376262626262627,43.99509803921569,1024.019607843138,31.030897207367815,0
4429,4,0,0,33,0.0,0.0,1.0,33,1000,600,400,0.6,14,6,8,348.9414068865105,0.4065656565656566,0.055945171122781856,0.20387834402362795,131233.93233672154,2558.5905961649546,133792.5229328865,1052,1,274.8787878787879,33,0,18,34.90349539528766,0.6392045454545454,43.84191176470589,1024.6323529411773,31.049465240641734,0
4430,4,0,0,33,0.0,0.0,1.0,33,1300,1100,200,0.8461538461538461,15,11,4,347.9441393782742,0.4059343434343434,0.05097340517990623,0.2044660504436378,131453.76778162265,2547.7136197616555,134001.4814013843,1053,2,275.8787878787879,33,0,18,34.70711838750796,0.6414141414141414,43.62745098039217,1025.490196078433,31.075460487225243,0
4431,4,1,0,34,0.029411764705882353,0.0,1.0,34,850,700,150,0.8235294117647058,10,7,3,343.92698197405883,0.4066213606654783,0.05834964100396167,0.2042022073978118,131847.2381660998,2269.164540816329,134116.40270691612,1054,0,268.7352941176471,34,0,18,34.41351763842201,0.6430759803921569,43.24404761904762,1027.0238095238096,30.206582633053223,0
4432,4,0,0,34,0.0,0.0,1.0,34,600,400,200,0.6666666666666666,8,4,4,343.17493109839154,0.40641711229946526,0.05965529466306729,0.20391964914028385,131877.80612244896,2251.431405895694,134129.23752834465,1055,1,269.7352941176471,34,0,18,34.40204373358059,0.6433823529411764,43.214285714285715,1027.142857142857,30.210084033613445,0
4433,4,0,0,34,0.0,0.0,1.0,34,750,500,250,0.6666666666666666,10,5,5,345.79609534766064,0.40591577540106955,0.0661943609560609,0.20597419592447638,131969.53125000026,2326.9097222222504,134296.4409722225,1056,2,270.7352941176471,34,0,18,34.24236280075697,0.6443014705882353,43.125000000000014,1027.500000000002,30.220588235294176,0
4434,4,0,0,34,0.0,0.0,1.0,34,1050,800,250,0.7619047619047619,13,8,5,343.8771075122493,0.4058786393345217,0.06927930444736674,0.20516178777838628,132030.6990504536,2280.466978458062,134311.16602891166,1057,3,271.7352941176471,34,0,18,34.23008610371056,0.6449142156862745,43.0654761904762,1027.738095238096,30.22759103641459,0
4435,4,0,0,34,0.0,0.0,1.0,34,650,400,250,0.6153846153846154,9,4,5,368.3824358831493,0.4062128639334522,0.06381992376635481,0.20826373355374056,129958.94451530588,2774.9185090702695,132733.86302437616,1058,4,272.7352941176471,34,0,18,35.69882272815723,0.6240808823529411,45.0892857142857,1019.6428571428552,29.98949579831927,8
4436,4,0,1,33,0.0,0.029411764705882353,0.9705882352941176,34,800,500,300,0.625,11,5,6,371.2295954140282,0.4052473262032086,0.0799404170804372,0.2065349185535504,129329.78777675738,3020.5515036210218,132350.3392803784,1059,5,273.7352941176471,32,2,21,36.26696458126448,0.6223958333333333,45.7070707070707,1017.1717171717164,31.786616161616138,8
4437,4,0,0,33,0.0,0.0,1.0,33,700,300,400,0.42857142857142855,11,3,8,383.3313933185891,0.4032118055555556,0.09310518759942576,0.21293159187896002,129267.58660210483,3310.464816623232,132578.05141872805,1060,9,282.8787878787879,31,2,22,36.02272727272726,0.6243279569892473,45.76822916666665,1016.9270833333317,32.804099462365535,0
4438,4,0,0,33,0.0,0.0,1.0,33,1150,800,350,0.6956521739130435,15,8,7,386.74760097242347,0.402383207070707,0.09052521374978206,0.21573394015699407,129433.15505981434,3411.5924411349697,132844.7475009493,1061,10,283.8787878787879,31,2,15,35.76682128385584,0.626008064516129,45.60546874999999,1017.5781249999991,32.82510080645158,0
4439,4,0,0,33,0.0,0.0,1.0,33,900,700,200,0.7777777777777778,11,7,4,361.025070043854,0.40167297979797983,0.034596244291847045,0.18948475569757348,126996.54571281024,2569.7873622589914,129566.33307506924,1062,11,284.8787878787879,32,1,19,38.91394212701991,0.5986328125,48.011363636363654,1007.9545454545481,31.49857954545463,8
4440,4,4,1,36,0.10810810810810811,0.02702702702702703,0.972972972972973,37,900,600,300,0.6666666666666666,12,6,6,325.4947973457279,0.4191378878878879,0.05432465505888584,0.1755172605483356,128087.52745566546,938.3647583394604,129025.89221400493,1063,0,254.97297297297297,36,1,17,38.694051989468605,0.6009837962962963,46.931306306306325,1012.2747747747776,28.11874374374382,0
4441,4,0,0,36,0.0,0.0,1.0,36,1200,1000,200,0.8333333333333334,14,10,4,334.68179949969556,0.4136243386243386,0.060745020274822537,0.17980661397829406,127939.53517500454,1363.8067719050396,129303.34194690958,1064,1,263.05555555555554,35,1,17,38.61269210235291,0.6014880952380952,47.07754629629631,1011.6898148148168,28.90542328042334,0
4442,4,0,0,36,0.0,0.0,1.0,36,850,500,350,0.5882352941176471,12,5,7,332.6625644854677,0.4135416666666667,0.06628037003151355,0.17911339063183115,128027.37054183854,1317.9826817558742,129345.35322359441,1065,2,264.05555555555554,35,1,17,38.57406983836536,0.6023809523809525,46.99074074074076,1012.0370370370402,28.915343915344007,0
4443,4,1,0,37,0.02702702702702703,0.0,1.0,37,800,500,300,0.625,11,5,6,325.6142065444884,0.4191691691691692,0.07275282839234354,0.17683779388617143,128372.67324334513,959.993228025371,129332.6664713705,1066,0,257.8918918918919,36,1,13,38.40033151831685,0.6038773148148149,46.6497747747748,1013.4009009009044,28.150025025025123,0
4444,4,0,0,37,0.0,0.0,1.0,37,850,700,150,0.8235294117647058,10,7,3,327.1293827160492,0.4191691691691692,0.07183783783783748,0.1777877079978532,128401.20525931375,1000.7614032952301,129401.96666260897,1067,1,258.8918918918919,36,1,13,38.33287037037036,0.6041666666666667,46.62162162162164,1013.5135135135166,28.15315315315324,0
4445,4,0,1,36,0.0,0.02702702702702703,0.972972972972973,37,1250,900,350,0.72,16,9,7,327.4638280109053,0.4192317317317317,0.07837087503939277,0.17860761788238666,128543.9128951588,1018.6963568298219,129562.60925198863,1068,2,259.8918918918919,36,1,16,38.179020914306875,0.6056134259259259,46.480855855855864,1014.0765765765776,28.168793793793824,0
4446,4,1,0,37,0.02702702702702703,0.0,1.0,37,950,800,150,0.8421052631578947,11,8,3,325.01631179362454,0.4225788288288288,0.08059829495533477,0.1782940972730336,128772.40997331809,970.6267500608944,129743.03672337899,1069,0,260.2972972972973,36,1,17,38.00852472354746,0.6079282407407407,46.25563063063064,1014.9774774774789,28.19381881881886,0
4447,4,0,2,35,0.0,0.05405405405405406,0.9459459459459459,37,850,600,250,0.7058823529411765,11,6,5,327.1040776173126,0.42289164164164167,0.08295762488309011,0.1798274612071765,128858.14868922999,1030.005174093034,129888.15386332302,1070,1,261.2972972972973,36,1,17,37.86832667849747,0.6087962962962963,46.17117117117118,1015.3153153153171,28.203203203203252,0
4448,4,1,0,36,0.027777777777777776,0.0,1.0,36,1200,800,400,0.6666666666666666,16,8,8,334.6762376662431,0.4193617724867725,0.08482832889902414,0.1836740052774063,128789.87295310358,1420.5820258916297,130210.45497899521,1071,0,269.1388888888889,35,1,19,37.74562903838843,0.6101190476190477,46.238425925925924,1015.0462962962964,29.001322751322753,0
4449,4,1,0,37,0.02702702702702703,0.0,1.0,37,1250,1100,150,0.88,14,11,3,329.61950545134613,0.4229854854854855,0.09173445289950122,0.1825312315133799,129145.65659626044,1113.785491689753,130259.44208795018,1072,0,262.8378378378378,37,0,20,37.51213592233009,0.6097972972972974,45.88815789473684,1016.447368421053,27.4715504978663,0
4450,4,1,1,37,0.02631578947368421,0.02631578947368421,0.9736842105263158,38,1350,900,450,0.6666666666666666,18,9,9,321.47354641602317,0.42509779516358465,0.07895870776801983,0.17966519755448174,129508.13140822174,726.6996816328106,130234.83108985456,1073,0,256.89473684210526,37,1,13,37.351318718804976,0.6134572072072072,45.531798245614034,1017.8728070175437,27.51007586533902,0
4451,4,0,0,37,0.0,0.0,1.0,37,850,500,350,0.5882352941176471,12,5,7,328.65077809752523,0.4220783283283283,0.08785385255973499,0.1835461204754049,129480.23069598335,1110.7557132963968,130590.98640927975,1074,2,264.8378378378378,37,0,14,37.196994182288314,0.6131756756756757,45.55921052631579,1017.7631578947365,27.50711237553342,0
4452,4,0,0,37,0.0,0.0,1.0,37,1150,900,250,0.782608695652174,14,9,5,329.5381736436083,0.42226601601601604,0.08824890358216586,0.18469650082246192,129619.76431450076,1142.9320800631194,130762.69639456389,1075,3,265.8378378378378,37,0,15,37.03283711998854,0.6145833333333333,45.42214912280703,1018.3114035087731,27.521929824561436,0
4453,4,0,0,37,0.0,0.0,1.0,37,900,700,200,0.7777777777777778,11,7,4,329.82926532946345,0.42173423423423423,0.09088343376210739,0.18512290306014412,129675.59880203525,1154.1614968067076,130829.76029884195,1076,4,266.8378378378378,37,0,15,36.9687937345247,0.6151463963963963,45.36732456140351,1018.5307017543861,27.527856804172597,0
4454,4,0,0,37,0.0,0.0,1.0,37,950,600,350,0.631578947368421,13,6,7,326.62366049296804,0.42095220220220225,0.08620263435715891,0.18384698225082702,129787.30384589497,1078.320853531862,130865.62469942683,1077,5,267.8378378378378,37,0,16,36.93718838552314,0.6162725225225225,45.25767543859649,1018.9692982456147,27.539710763394993,0
4455,4,0,0,37,0.0,0.0,1.0,37,900,700,200,0.7777777777777778,11,7,4,325.2143686622564,0.42067067067067065,0.08860538679815755,0.18344616329395255,129871.11418898136,1047.190481686685,130918.30467066805,1078,6,268.8378378378378,37,0,18,36.88817771084335,0.6171171171171171,45.17543859649123,1019.2982456140362,27.54860123281179,0
4456,4,0,0,37,0.0,0.0,1.0,37,550,200,350,0.36363636363636365,9,2,7,325.2838236768035,0.42085835835835833,0.08638648328870957,0.18361649719023962,129899.05698147522,1050.8123893890563,130949.86937086428,1079,7,269.8378378378378,37,0,19,36.85810386863145,0.6173986486486487,45.14802631578948,1019.4078947368433,27.55156472261739,0
4457,4,0,0,37,0.0,0.0,1.0,37,900,600,300,0.6666666666666666,12,6,6,329.84999080362456,0.41991991991991995,0.08874043307143764,0.18726382943427247,130122.70752779703,1184.1947762773157,131306.90230407435,1080,8,270.8378378378378,37,0,21,36.515202400143295,0.6196509009009009,44.92872807017544,1020.2850877192984,27.57527264106212,0
4458,4,0,0,37,0.0,0.0,1.0,37,950,600,350,0.631578947368421,13,6,7,328.48173872139347,0.41954454454454454,0.09092836255187264,0.18675501174587694,130178.65022170267,1152.2618738457884,131330.91209554847,1081,9,271.8378378378378,37,0,21,36.493477131907895,0.6202139639639639,44.873903508771924,1020.504385964911,27.58119962067327,0
4459,4,0,0,37,0.0,0.0,1.0,37,1050,400,650,0.38095238095238093,17,4,13,327.6498947617074,0.41910660660660665,0.08906877764398757,0.18709881899868785,130348.82010388773,1141.78248946311,131490.60259335084,1082,10,272.8378378378378,36,1,22,36.342541538009115,0.6238425925925926,44.70720720720721,1021.1711711711716,28.365865865865878,0
4460,4,0,0,37,0.0,0.0,1.0,37,1200,1000,200,0.8333333333333334,14,10,4,329.84913622723275,0.4191691691691692,0.08613728931224207,0.18877359714304293,130435.08193582094,1204.7798220517757,131639.8617578727,1083,11,273.8378378378378,36,1,22,36.19915114099878,0.6247106481481481,44.622747747747745,1021.5090090090089,28.375250250250247,0
4461,4,0,0,37,0.0,0.0,1.0,37,700,400,300,0.5714285714285714,10,4,6,331.0961455274001,0.41844969969969975,0.08935745663018357,0.1900504440645895,130550.14209733397,1244.9297692963414,131795.07186663031,1084,12,274.8378378378378,36,1,14,36.05096418732783,0.6258680555555556,44.510135135135144,1021.9594594594607,28.387762762762797,0
4462,4,0,0,37,0.0,0.0,1.0,37,750,600,150,0.8,9,6,3,333.76036845199667,0.41873123123123124,0.09127501592802334,0.19200739067219444,130636.47050766996,1320.2553059816755,131956.72581365163,1085,13,275.8378378378378,36,1,14,35.89561761034004,0.6267361111111112,44.425675675675684,1022.2972972972983,28.397147147147177,0
4463,4,0,1,36,0.0,0.02702702702702703,0.972972972972973,37,900,600,300,0.6666666666666666,12,6,6,335.8471521914437,0.4185122622622623,0.0927950750618447,0.19335169909613945,130665.25298524887,1376.7106210940804,132041.96360634294,1086,14,276.8378378378378,36,1,14,35.813186107133674,0.627025462962963,44.39752252252253,1022.4099099099108,28.4002752752753,0
4464,4,1,0,37,0.02702702702702703,0.0,1.0,37,1050,700,350,0.6666666666666666,14,7,7,328.93558138732317,0.4196696696696696,0.09482618865652315,0.19097901665622197,130991.17036011083,1217.5313558017906,132208.7017159126,1087,0,272.0,37,0,15,35.66079334475865,0.6283783783783784,44.078947368421055,1023.684210526316,27.667140825035567,0
4465,4,0,0,37,0.0,0.0,1.0,37,850,600,250,0.7058823529411765,11,6,5,331.037625534958,0.4193255755755756,0.09477543060671212,0.19290221210992173,131131.51552641208,1281.893106532795,132413.4086329449,1088,1,273.0,37,0,17,35.465398957998794,0.6297860360360361,43.94188596491229,1024.2324561403518,27.68195827406356,0
4466,4,0,0,37,0.0,0.0,1.0,37,700,300,400,0.42857142857142855,11,3,8,334.89553407441133,0.4193255755755756,0.09736207425058274,0.19586568594865128,131271.93583602645,1392.4770121575839,132664.41284818403,1089,2,274.0,37,0,17,35.224962550823875,0.6311936936936937,43.80482456140351,1024.7807017543857,27.696775723091505,0
4467,4,0,0,37,0.0,0.0,1.0,37,1050,700,350,0.6666666666666666,14,7,7,340.17339263215285,0.4192317317317317,0.10060493602360787,0.19968370335864785,131412.43128895422,1540.6025171206447,132953.03380607488,1090,3,275.0,37,0,19,34.94802249313797,0.6326013513513513,43.66776315789473,1025.3289473684206,27.711593172119475,0
4468,4,0,0,37,0.0,0.0,1.0,37,650,400,250,0.6153846153846154,9,4,5,340.408331571002,0.41938813813813813,0.10037454049430083,0.19996851236507598,131440.5393967374,1548.6909433671847,132989.2303401046,1091,4,276.0,37,0,19,34.91365483319076,0.6328828828828829,43.64035087719298,1025.4385964912278,27.714556661925076,0
4469,4,0,0,37,0.0,0.0,1.0,37,750,500,250,0.6666666666666666,10,5,5,339.8609392772689,0.4194507007007007,0.10210980704887085,0.19994083182387246,131496.76462950135,1538.1227877808549,133034.8874172822,1092,5,277.0,37,0,19,34.870999928729255,0.6334459459459459,43.58552631578947,1025.6578947368419,27.720483641536266,0
4470,4,0,1,36,0.0,0.02702702702702703,0.972972972972973,37,1250,800,450,0.64,17,8,9,338.94841471847235,0.41863738738738737,0.10011208301075758,0.1996978191502537,131553.00188519547,1517.9362880886456,133070.9381732841,1093,6,278.0,37,0,20,34.83771554795496,0.634009009009009,43.530701754385966,1025.8771929824563,27.72641062114747,0
4471,4,0,0,36,0.0,0.0,1.0,36,1000,800,200,0.8,12,8,4,342.8796522784197,0.4180390211640212,0.10028475957023875,0.20219912698438067,131587.9662390431,1823.7672216135068,133411.7334606566,1094,7,283.80555555555554,36,0,17,34.70164270295978,0.6362847222222222,43.49662162162162,1026.0135135135135,28.500375375375377,0
4472,4,0,1,35,0.0,0.027777777777777776,0.9722222222222222,36,1000,700,300,0.7,13,7,6,343.1075084931963,0.41750992063492065,0.09530036455856727,0.2026402284444911,131645.74361100968,1833.7286188215296,133479.4722298312,1095,8,284.80555555555554,36,0,17,34.63755989611909,0.6368634259259259,43.44031531531532,1026.238738738739,28.506631631631635,0
4473,4,0,0,35,0.0,0.0,1.0,35,900,700,200,0.7777777777777778,11,7,4,351.3269821304234,0.41260504201680676,0.09819131444046825,0.20673703291100998,131506.13667052463,2240.3308256172786,133746.4674961419,1096,9,293.1142857142857,35,0,21,34.567535545023695,0.6375,43.576388888888886,1025.6944444444441,29.305555555555546,0
4474,4,0,0,35,0.0,0.0,1.0,35,1150,800,350,0.6956521739130435,15,8,7,344.42144334316316,0.4124649859943978,0.08518908792881374,0.19114383025301873,129231.64859693882,1916.6183429390296,131148.26693987785,1097,10,294.1142857142857,34,1,18,37.04850134644654,0.6167279411764706,45.80357142857143,1016.7857142857147,29.90546218487396,8
4475,4,0,0,35,0.0,0.0,1.0,35,1050,700,350,0.6666666666666666,14,7,7,347.44818528602303,0.41242997198879555,0.09350649350649332,0.19371426220741303,129413.2812500001,1992.8819444444587,131406.16319444455,1098,11,295.1142857142857,34,1,19,36.78678678678679,0.6185661764705883,45.62500000000001,1017.5000000000008,29.92647058823532,0
4476,4,0,1,34,0.0,0.02857142857142857,0.9714285714285714,35,1100,800,300,0.7272727272727273,14,8,6,347.06057253677153,0.41232492997198883,0.09777881692775336,0.19454496313758468,129625.34722222216,1997.569444444439,131622.9166666666,1099,12,296.1142857142857,34,1,17,36.58108292416804,0.6207107843137255,45.416666666666664,1018.3333333333328,29.950980392156847,0
4477,4,1,0,35,0.02857142857142857,0.0,1.0,35,700,500,200,0.7142857142857143,9,5,4,345.1488487593809,0.41544117647058826,0.11167678654834146,0.194977225644811,129928.59977324259,1968.9413265306007,131897.5410997732,1100,0,292.77142857142854,34,1,18,36.32186089054958,0.6237745098039216,45.11904761904761,1019.5238095238092,29.985994397759093,0
4478,4,1,1,35,0.027777777777777776,0.027777777777777776,0.9722222222222222,36,900,400,500,0.4444444444444444,14,4,10,339.69179508538116,0.41798941798941797,0.11031746031746081,0.19354532510678696,130262.58680555549,1650.2551020408123,131912.8419075963,1101,0,285.6111111111111,34,2,19,36.12244897959183,0.6271446078431373,44.791666666666664,1020.8333333333328,30.024509803921553,0
4479,4,0,1,34,0.0,0.02857142857142857,0.9714285714285714,35,1450,1300,150,0.896551724137931,16,13,3,345.4932736449471,0.4171218487394958,0.1351253604418161,0.18947032624093438,128760.50407503854,1897.1776138117211,130657.68168885027,1102,1,290.8285714285714,35,0,19,37.501069107081754,0.6098214285714285,46.26736111111111,1014.9305555555552,28.998015873015863,8
4480,4,1,0,35,0.02857142857142857,0.0,1.0,35,1150,900,250,0.782608695652174,14,9,5,341.70984564300085,0.4172619047619048,0.10423605024832061,0.19206449944761775,129731.44531249997,1866.102430555554,131597.54774305553,1103,0,291.77142857142854,35,0,15,36.609577368779824,0.6196428571428572,45.3125,1018.7499999999998,29.10714285714285,8
4481,4,0,0,35,0.0,0.0,1.0,35,800,400,400,0.5,12,4,8,338.96839239745896,0.41705182072829133,0.10186420053541023,0.19095436308762798,129819.89354263114,1800.968123070984,131620.86166570213,1104,1,292.77142857142854,35,0,15,36.58965076660989,0.6205357142857143,45.22569444444444,1019.097222222222,29.117063492063483,0
4482,4,1,0,36,0.027777777777777776,0.0,1.0,36,750,600,150,0.8,9,6,3,335.0776288842959,0.4198247354497355,0.1108198751670777,0.19035350440881532,130147.65346004789,1521.9134252495737,131669.56688529748,1105,0,285.6111111111111,36,0,16,36.35659235551633,0.6218171296296297,44.90427927927928,1020.3828828828829,28.34396896896897,0
4483,4,1,1,36,0.02702702702702703,0.02702702702702703,0.972972972972973,37,1300,700,600,0.5384615384615384,19,7,12,335.85104507831744,0.4219532032032032,0.058203294808952366,0.18450317924320758,128829.56594685922,1295.4374137651437,130125.00336062437,1106,0,278.86486486486484,36,1,18,37.67540210759846,0.6085069444444444,46.19932432432434,1015.2027027027043,28.20007507507512,8
4484,4,1,0,37,0.02702702702702703,0.0,1.0,37,1250,1000,250,0.8,15,10,5,366.305949296347,0.42132757757757755,0.12234456678901151,0.19780521262002754,128144.5312500001,2070.200775099438,130214.73202509954,1107,0,279.7567567567568,35,2,19,37.60288065843623,0.6035714285714286,46.87500000000001,1012.5000000000008,28.928571428571452,8
4485,4,1,1,37,0.02631578947368421,0.02631578947368421,0.9736842105263158,38,700,300,400,0.42857142857142855,11,3,8,353.32899692896825,0.423675320056899,0.11492049374406554,0.19220219596918667,128437.6674489884,1476.1504415295005,129913.81789051791,1108,0,273.36842105263156,35,3,15,37.63178427342619,0.6065476190476191,46.58564814814815,1013.657407407408,28.961640211640226,0
4486,4,0,0,37,0.0,0.0,1.0,37,1450,1300,150,0.896551724137931,16,13,3,364.4120065789474,0.4213588588588589,0.12384423897581787,0.19782366071428578,128355.5555555556,1954.8611111111209,130310.41666666673,1109,2,281.7567567567568,34,3,19,37.43489583333334,0.607843137254902,46.66666666666667,1013.3333333333338,29.803921568627466,0
4487,4,0,0,37,0.0,0.0,1.0,37,1250,1100,150,0.88,14,11,3,363.68527310326857,0.4219844844844845,0.13380876882360604,0.19841907614762377,128555.01570001709,1950.7131987311327,130505.72889874822,1110,3,282.7567567567568,35,2,16,37.249391310964015,0.6077380952380953,46.469907407407405,1014.1203703703699,28.97486772486771,0
4488,4,3,1,39,0.075,0.025,0.975,40,1050,700,350,0.6666666666666666,14,7,7,348.8281082025384,0.4301816239316239,0.1944007365249414,0.1844158511860144,127290.80590303133,938.7408672122965,128229.54677024363,1111,0,262.475,36,4,16,38.91934493918089,0.5928819444444444,47.71959459459459,1009.121621621621,28.03115615615614,8
4489,4,0,0,39,0.0,0.0,1.0,39,1250,800,450,0.64,17,8,9,351.55289958757703,0.42825011246063877,0.20548106327922877,0.1860158546361448,127325.53155006832,1152.331961591188,128477.86351165951,1112,1,270.05128205128204,35,4,13,38.814984709480115,0.5952380952380952,47.68518518518517,1009.2592592592571,28.835978835978775,0
4490,4,0,0,39,0.0,0.0,1.0,39,1000,700,300,0.7,13,7,6,352.5100935752633,0.4281095366621683,0.20807355737998856,0.18692678092747847,127413.15593117708,1182.884704003765,128596.04063518085,1113,2,271.05128205128204,35,4,13,38.7009677480989,0.5961309523809524,47.598379629629626,1009.6064814814811,28.845899470899457,0
4491,4,0,0,39,0.0,0.0,1.0,39,1000,700,300,0.7,13,7,6,352.35718609529266,0.4274628879892038,0.2024130655806109,0.18725144980922778,127500.81045310336,1185.1653592249422,128685.97581232831,1114,3,272.05128205128204,35,4,13,38.61496294598518,0.5970238095238095,47.51157407407406,1009.9537037037021,28.85582010582006,0
4492,4,3,0,42,0.07142857142857142,0.0,1.0,42,1050,700,350,0.6666666666666666,14,7,7,332.0632739189993,0.4356126596980256,0.209374670462934,0.18004322621920338,128306.84222961857,121.19801939512416,128428.0402490137,1115,0,253.54761904761904,38,4,17,38.30407044184331,0.5995065789473684,46.714743589743584,1013.1410256410248,26.661605937921706,0
4493,4,0,0,42,0.0,0.0,1.0,42,1350,900,450,0.6666666666666666,18,9,9,333.3083130043161,0.4347294812233837,0.21395955642530984,0.1815784093232467,128496.33487654311,165.77932098764188,128662.11419753075,1116,1,254.54761904761904,38,4,16,38.07933789954337,0.6014254385964912,46.52777777777777,1013.8888888888881,26.681286549707583,0
4494,4,2,0,44,0.045454545454545456,0.0,1.0,44,1050,700,350,0.6666666666666666,14,7,7,327.1382690748024,0.43601347780126853,0.2305746698057467,0.18105754449458203,129123.91067031855,-351.72547342852073,128772.18519689003,1117,0,243.9318181818182,40,4,18,37.597281938472804,0.6044270833333334,45.90955284552845,1016.3617886178858,25.409044715447145,0
4495,4,0,0,44,0.0,0.0,1.0,44,1350,1000,350,0.7407407407407407,17,10,7,326.97856600280693,0.43600246652572233,0.23023877372371526,0.18156796139473272,129254.34570312501,-347.29664081606506,128907.04906230894,1118,1,244.9318181818182,39,5,18,37.46884176739739,0.6073717948717949,45.78125,1016.8750000000001,26.073717948717952,0
4496,4,0,0,44,0.0,0.0,1.0,44,1150,700,450,0.6086956521739131,16,7,9,328.46316407893164,0.43587033121916846,0.233739307687296,0.1830062591876167,129386.7852105033,-300.2414279514083,129086.54378255189,1119,2,245.9318181818182,39,5,18,37.296615303231974,0.6087072649572649,45.65104166666666,1017.3958333333319,26.08707264957261,0
4497,4,1,0,45,0.022222222222222223,0.0,1.0,45,1150,700,450,0.6086956521739131,16,7,9,325.55088060004755,0.4375,0.2379976944222757,0.18292163829231378,129718.50419723714,-554.0053456936948,129164.49885154344,1120,0,241.44444444444446,40,5,16,37.034242817238635,0.6104166666666666,45.32520325203252,1018.6991869918702,25.467479674796756,0
4498,4,3,2,46,0.0625,0.041666666666666664,0.9583333333333334,48,1150,700,450,0.6086956521739131,16,7,9,309.1473420572041,0.4421357860520094,0.24102117129937084,0.1768161764853494,130411.00599610906,-1535.6181791076583,128875.3878170014,1121,0,227.29166666666666,42,6,19,36.75212661670302,0.6143353174603174,44.64631782945737,1021.4147286821709,24.31939830195645,0
4499,4,0,0,46,0.0,0.0,1.0,46,1450,1100,350,0.7586206896551724,18,11,7,319.3637546589781,0.4384057971014493,0.23667928866049026,0.1817264550847107,130211.95515243142,-883.0042202065987,129328.95093222482,1122,1,237.91304347826087,41,5,19,36.69242483151891,0.6138211382113821,44.84126984126984,1020.6349206349213,24.893534649632226,0
4500,4,0,0,46,0.0,0.0,1.0,46,1600,1100,500,0.6875,21,11,10,321.1395210936714,0.43801328502415454,0.24354058288395053,0.1830969142398994,130288.52390276971,-831.8313240728985,129456.6925786968,1123,2,238.91304347826087,40,6,20,36.56969606476872,0.6161458333333334,44.76626016260163,1020.934959349595,25.523373983739877,0
4501,4,1,1,46,0.02127659574468085,0.02127659574468085,0.9787234042553191,47,1750,1300,450,0.7428571428571429,22,13,9,317.58731593235996,0.43988976256552575,0.25363056299271913,0.18297218922944858,130693.35322381284,-1098.68974788988,129594.66347592296,1124,0,234.80851063829786,41,6,17,36.25155638562788,0.6186483739837398,44.37003968253969,1022.5198412698426,24.939508323654696,0
4502,4,0,0,46,0.0,0.0,1.0,46,1650,1300,350,0.7878787878787878,20,13,7,320.9682594195241,0.43884863123993556,0.2538708785511852,0.1852192983255789,130755.83316808811,-806.3055638177982,129949.5276042703,1125,1,240.3913043478261,40,6,18,36.102071740858506,0.6208333333333333,44.30894308943091,1022.764227642279,25.569105691056976,0
4503,4,0,2,44,0.0,0.043478260869565216,0.9565217391304348,46,1250,800,450,0.64,17,8,9,321.95479555354456,0.4385567632850242,0.2473606031426634,0.1864153442454655,130885.7897601463,-772.1384633815605,130113.65129676474,1126,2,241.3913043478261,40,6,18,35.94572450094351,0.6221354166666666,44.1819105691057,1023.272357723579,25.581808943089477,0
4504,4,0,0,44,0.0,0.0,1.0,44,900,600,300,0.6666666666666666,12,6,6,334.19265012257455,0.4362006694855532,0.24799004048429096,0.19188996945213396,130562.68376981535,-73.38214076994058,130489.30162904541,1127,3,253.13636363636363,38,6,18,35.95916962854555,0.6222587719298245,44.49786324786326,1022.0085470085484,26.894961763382852,0
4505,4,0,0,44,0.0,0.0,1.0,44,1700,1300,400,0.7647058823529411,21,13,8,336.31631547014433,0.4344058315715293,0.2506408734868266,0.19434090046026753,130808.47447083434,-1.3951667397097367,130807.07930409463,1128,4,254.13636363636363,38,6,18,35.656440382941696,0.6247258771929824,44.25747863247864,1022.9700854700861,26.92026540710753,0
4506,4,0,0,44,0.0,0.0,1.0,44,1650,1400,250,0.8484848484848485,19,14,5,338.77117434905153,0.4337892001409443,0.24648451955100548,0.196593980704922,130972.46334876542,73.93904320987363,131046.4023919753,1129,5,255.13636363636363,38,6,18,35.427973767526,0.6263706140350878,44.09722222222222,1023.6111111111111,26.937134502923975,0
4507,4,0,1,43,0.0,0.022727272727272728,0.9772727272727273,44,1400,1100,300,0.7857142857142857,17,11,6,339.21011555025245,0.43402043692741366,0.2532081210765229,0.19771506023744126,131141.34250217024,96.89398871528613,131238.23649088552,1130,6,256.1363636363636,39,5,18,35.24621597342282,0.6263354700854701,43.93229166666667,1024.2708333333342,26.263354700854723,0
4508,4,0,0,43,0.0,0.0,1.0,43,1050,700,350,0.6666666666666666,14,7,7,343.8278378097555,0.4329549649317091,0.25963735874506977,0.20023898257863396,131109.19922017664,415.7984969683574,131524.997717145,1131,7,261.74418604651163,38,5,18,35.160433618471394,0.6277412280701755,43.96367521367521,1024.1452991452982,26.951192082771005,0
4509,4,1,0,44,0.022727272727272728,0.0,1.0,44,1450,1200,250,0.8275862068965517,17,12,5,335.5494854193505,0.43458201198026775,0.2527804512886318,0.19696944370096311,131412.4312889541,19.439996118363297,131431.87128507247,1132,0,256.77272727272725,37,7,19,35.06654814101877,0.6326013513513513,43.667763157894726,1025.3289473684197,27.71159317211945,0
4510,4,0,0,44,0.0,0.0,1.0,44,1250,900,350,0.72,16,9,7,335.2399975331815,0.4343838090204369,0.25482049487822467,0.1972223230770678,131496.76462950124,16.595010003059713,131513.35963950428,1133,1,257.77272727272725,37,7,19,34.989487563252794,0.6334459459459459,43.585526315789465,1025.657894736841,27.72048364153624,0
4511,4,0,0,44,0.0,0.0,1.0,44,800,400,400,0.5,12,4,8,318.5857552782092,0.4341195384073291,0.19208196141897815,0.17834233517120374,129572.314453125,-544.0212673611109,129028.29318576389,1134,2,258.77272727272725,39,5,15,37.35974694768434,0.6105769230769231,45.46875,1018.125,26.10576923076923,8
4512,4,0,1,43,0.0,0.022727272727272728,0.9772727272727273,44,1400,1100,300,0.7857142857142857,17,11,6,320.3579304883479,0.434251673713883,0.1877224860815494,0.1801852166823769,129757.97661675366,-486.2006293402575,129271.7759874134,1135,3,259.77272727272725,39,5,16,37.12650802576424,0.6124465811965811,45.28645833333334,1018.8541666666682,26.12446581196585,0
4513,4,0,1,42,0.0,0.023255813953488372,0.9767441860465116,43,850,300,550,0.35294117647058826,14,3,11,326.6997668320123,0.4323781838316722,0.18281762135164725,0.1836915670112069,129745.05077069179,-122.46443312147943,129622.5863375703,1136,12,266.74418604651163,38,5,16,36.97807431487699,0.6140350877192983,45.2991452991453,1018.8034188034187,26.810616284300494,0
4514,4,0,0,42,0.0,0.0,1.0,42,1450,1100,350,0.7586206896551724,18,11,7,329.4148150936137,0.4305071622144793,0.18682442302074231,0.18515384434572074,129731.4453125,147.09201388888926,129878.53732638889,1137,13,272.35714285714283,37,5,16,36.92271642808451,0.6157094594594594,45.3125,1018.75,27.533783783783782,0
4515,4,1,1,42,0.023255813953488372,0.023255813953488372,0.9767441860465116,43,1100,800,300,0.7272727272727273,14,8,6,322.0433670847143,0.4325858250276855,0.18824859142406836,0.18246575819333918,130044.55133912251,-224.0029631456057,129820.5483759769,1138,0,267.0,38,5,17,36.79340805139487,0.6170504385964912,45.005341880341874,1019.9786324786313,26.84154295996398,0
4516,4,0,1,41,0.0,0.023809523809523808,0.9761904761904762,42,650,300,350,0.46153846153846156,10,3,7,327.16415984041276,0.432987320944638,0.18607877466187528,0.18533989128109127,130038.81602993222,108.80799861495137,130147.62402854717,1139,1,266.4047619047619,37,5,17,36.66863756898157,0.6188063063063063,45.0109649122807,1019.9561403508767,27.566382171645316,0
4517,4,1,0,42,0.023809523809523808,0.0,1.0,42,1150,800,350,0.6956521739130435,15,8,7,327.24624659743307,0.4332171893147503,0.20329225888458202,0.18659210513536667,130291.32806793293,127.6619817672923,130418.99004970022,1140,0,266.7142857142857,36,6,19,36.41099529377162,0.6232638888888888,44.76351351351352,1020.945945945947,28.359609609609638,0
4518,4,0,0,42,0.0,0.0,1.0,42,1200,900,300,0.75,15,9,6,325.31907623797747,0.432975222609369,0.19996534123133158,0.185767845297606,130348.82010388788,80.99154898143607,130429.8116528693,1141,1,267.7142857142857,36,6,20,36.40204565505073,0.6238425925925926,44.70720720720722,1021.1711711711728,28.36586586586591,0
4519,4,0,0,42,0.0,0.0,1.0,42,700,400,300,0.5714285714285714,10,4,6,326.85435143312225,0.4331566976384049,0.197502769159698,0.18705967330282994,130435.08193582113,126.65482205180419,130561.73675787293,1142,2,268.7142857142857,36,6,20,36.275631132179484,0.6247106481481481,44.62274774774776,1021.5090090090104,28.37525025025029,0
4520,4,0,1,41,0.0,0.023809523809523808,0.9761904761904762,42,1050,600,450,0.5714285714285714,15,6,9,327.1066184003824,0.4330962059620596,0.200952380952381,0.18776044035316086,130550.14209733397,140.76310262967473,130690.90519996364,1143,3,269.7142857142857,36,6,17,36.152892561983464,0.6258680555555556,44.510135135135144,1021.9594594594607,28.387762762762797,0
4521,4,0,0,41,0.0,0.0,1.0,41,850,500,350,0.5882352941176471,12,5,7,327.5620143964262,0.4323424796747968,0.18937105633727103,0.18816157232037772,130578.91506371247,354.5384911939101,130933.45355490637,1144,4,268.4634146341463,36,5,17,36.112182312325544,0.6261574074074074,44.48198198198199,1022.072072072073,28.390890890890915,0
4522,4,1,1,41,0.023809523809523808,0.023809523809523808,0.9761904761904762,42,850,400,450,0.47058823529411764,13,4,9,320.13782831409117,0.4327211575687186,0.19945865413560648,0.18546532288363848,130906.99932912066,-18.343504732211898,130888.65582438845,1145,0,263.04761904761904,37,5,18,35.9708159219972,0.6275337837837838,44.16118421052632,1023.355263157896,27.65825035561881,0
4523,4,0,0,41,0.0,0.0,1.0,41,1550,1200,350,0.7741935483870968,19,12,7,326.31325406317393,0.43071646341463415,0.20647561378221968,0.18898715995360482,130895.62694028484,342.5955939047171,131238.22253418955,1146,1,270.3414634146341,36,5,18,35.824300282454814,0.6293402777777778,44.1722972972973,1023.3108108108105,28.425300300300293,0
4524,4,0,0,41,0.0,0.0,1.0,41,750,400,350,0.5333333333333333,11,4,7,323.96435788902005,0.43066565040650406,0.19474638653117715,0.1883301753150237,131039.7137001867,290.43934136840176,131330.1530415551,1147,2,271.3414634146341,36,5,18,35.73906547880922,0.630787037037037,44.031531531531535,1023.873873873874,28.440940940940944,0
4525,4,1,0,42,0.023809523809523808,0.0,1.0,42,950,500,450,0.5263157894736842,14,5,9,318.85993150343666,0.43112417731320174,0.19640756077808197,0.18689789966304865,131356.22409058546,-23.152676785177732,131333.07141380027,1148,0,265.85714285714283,37,5,19,35.550927906728006,0.6320382882882882,43.72258771929824,1025.109649122806,27.70566619250827,0
4526,4,1,0,43,0.023255813953488372,0.0,1.0,43,900,400,500,0.4444444444444444,14,4,10,313.8681720717571,0.4332087486157254,0.1997041885640558,0.18555886332882265,131684.26890432084,-333.69984567902674,131350.56905864182,1149,0,260.6511627906977,38,5,14,35.349007668019844,0.6334978070175439,43.40277777777777,1026.3888888888878,27.010233918128627,0
4527,4,1,1,43,0.022727272727272728,0.022727272727272728,0.9772727272727273,44,1300,1000,300,0.7692307692307693,16,10,6,306.540646898318,0.4343838090204369,0.19888782411588068,0.18284945721274515,132023.0523003471,-705.9136284722275,131317.13867187488,1150,0,255.70454545454547,39,5,16,35.19705723359689,0.6351495726495726,43.072916666666664,1027.7083333333326,26.351495726495706,0
4528,4,1,0,44,0.022727272727272728,0.0,1.0,44,1400,1200,200,0.8571428571428571,16,12,4,305.82985091662795,0.43443886539816773,0.20107409555905464,0.18333079041286376,132210.46142578113,-713.218858506958,131497.24256727417,1151,0,256.6363636363636,39,5,19,35.02745281744825,0.6370192307692308,42.89062499999999,1028.437499999999,26.370192307692285,0
4529,4,1,0,45,0.022222222222222223,0.0,1.0,45,1500,1100,400,0.7333333333333333,19,11,8,298.2784571893928,0.4356060606060606,0.19801045354914892,0.18033532411725642,132532.043457031,-1093.576388888918,131438.46706814208,1152,0,251.9111111111111,39,6,22,34.89978502781993,0.640224358974359,42.578124999999986,1029.687499999998,26.402243589743538,0
4530,4,2,1,46,0.0425531914893617,0.02127659574468085,0.9787234042553191,47,1750,1300,450,0.7428571428571429,22,13,9,285.3038785145225,0.4375,0.20188825183239123,0.17471082030588903,133011.311295351,-1810.2714002267946,131201.0398951242,1153,0,242.14893617021278,41,6,15,34.75548182342761,0.6417682926829269,42.11309523809522,1031.5476190476154,25.159698025551595,0
4531,4,0,1,45,0.0,0.021739130434782608,0.9782608695652174,46,1050,600,450,0.5714285714285714,15,6,9,291.92230280705905,0.43520531400966184,0.20408902181411515,0.17833447360525106,132921.47040658636,-1439.4516532818163,131482.01875330455,1154,1,248.3913043478261,40,6,17,34.67445221904667,0.6424479166666667,42.2002032520325,1031.1991869918672,25.77997967479668,0
4532,4,0,0,45,0.0,0.0,1.0,45,1100,800,300,0.7272727272727273,14,8,6,298.3700588718169,0.4337962962962963,0.20518211530038144,0.18142440027159676,132746.64849175327,-1078.4749348958549,131668.17355685742,1155,2,254.84444444444443,39,6,17,34.682877623909164,0.6423611111111112,42.36979166666666,1030.5208333333317,26.423611111111068,0
4533,4,0,0,45,0.0,0.0,1.0,45,1000,600,400,0.6,14,6,8,296.6684372031017,0.43383838383838386,0.20311299777642988,0.1805189125269056,132773.48632812488,-1122.0594618055711,131651.42686631932,1156,3,255.84444444444443,39,6,17,34.69990229768883,0.6426282051282051,42.34374999999999,1030.624999999999,26.426282051282026,0
4534,4,0,1,44,0.0,0.022222222222222223,0.9777777777777777,45,950,700,250,0.7368421052631579,12,7,5,300.66319763289454,0.43411195286195287,0.21243546576879924,0.18373862077565778,132934.5703125,-1006.2934027777774,131928.27690972222,1157,4,256.84444444444443,39,6,18,34.43602693602694,0.6442307692307692,42.1875,1031.25,26.442307692307693,0
4535,4,0,1,43,0.0,0.022727272727272728,0.9772727272727273,44,1750,1400,350,0.8,21,14,7,306.5873446267015,0.43244582452431285,0.21436175223740017,0.18701440427608507,132865.71905361945,-653.0104006867086,132212.70865293275,1158,5,263.52272727272725,38,6,18,34.35211571675302,0.6452850877192983,42.25427350427349,1030.9829059829042,27.13112910481327,0
4536,4,0,1,42,0.0,0.023255813953488372,0.9767441860465116,43,1350,800,550,0.5925925925925926,19,8,11,305.37875717966375,0.43341638981173863,0.19612924981633828,0.18696461005514592,133003.4394061836,-476.7149947037946,132526.7244114798,1159,6,265.27906976744185,38,5,18,34.24564129121355,0.6466557017543859,42.12072649572649,1031.5170940170926,27.14518668466033,0
4537,4,0,0,42,0.0,0.0,1.0,42,1100,800,300,0.7272727272727273,14,8,6,314.13461399052466,0.4318137824235386,0.19387031946827826,0.19226182913525483,132991.11415291246,-44.577538281005104,132946.53661463145,1160,7,271.5952380952381,37,5,18,34.03217019240991,0.6483671171171171,42.13267543859649,1031.4692982456143,27.877548601232817,0
4538,4,0,0,42,0.0,0.0,1.0,42,1250,900,350,0.72,16,9,7,317.2964542822933,0.4307854239256678,0.19190562209369944,0.19478649257995204,133104.23790252785,46.700547283790996,133150.93844981163,1161,8,272.5952380952381,37,5,18,33.83750841214183,0.6494932432432432,42.02302631578948,1031.9078947368432,27.88940256045522,0
4539,4,0,0,42,0.0,0.0,1.0,42,1650,1200,450,0.7272727272727273,21,12,9,318.3497955776824,0.4305676538908246,0.195671087640495,0.19587875657309162,133189.11227493064,80.14533317942889,133269.25760811006,1162,9,273.5952380952381,37,5,18,33.72547978188513,0.6503378378378378,41.940789473684205,1032.2368421052624,27.898293029871958,0
4540,4,0,0,42,0.0,0.0,1.0,42,950,600,350,0.631578947368421,13,6,7,320.2995664552535,0.4302168021680217,0.19194010831474984,0.19752855385128495,133274.01369892654,137.5217615035354,133411.53546043008,1163,10,274.5952380952381,37,5,18,33.59029326395525,0.6511824324324325,41.858552631578945,1032.565789473684,27.907183499288756,0
4541,4,0,0,42,0.0,0.0,1.0,42,1250,1100,150,0.88,14,11,3,322.6532824477499,0.42939411536972516,0.1889020279660205,0.19989229983597268,133443.8977016965,211.22232321481317,133655.1200249113,1164,11,275.5952380952381,37,5,18,33.35975361703632,0.6528716216216216,41.69407894736841,1033.2236842105249,27.924964438122295,0
4542,4,0,0,42,0.0,0.0,1.0,42,1250,900,350,0.72,16,9,7,321.43397221611076,0.42927313201703443,0.18556070847604933,0.19959398037609083,133528.8802804708,184.14367882423844,133713.02395929504,1165,12,276.5952380952381,37,5,19,33.30636890869226,0.6537162162162162,41.61184210526315,1033.5526315789464,27.933854907539093,0
4543,4,0,0,42,0.0,0.0,1.0,42,1100,600,500,0.5454545454545454,16,6,10,320.52849665307036,0.4279423151374371,0.18172339447919983,0.19979539008163277,133670.57802641185,169.04588431053784,133839.62391072238,1166,13,277.5952380952381,37,5,20,33.188310712897156,0.6551238738738738,41.474780701754376,1034.1008771929814,27.948672356567066,0
4544,4,0,1,41,0.0,0.023809523809523808,0.9761904761904762,42,850,600,250,0.7058823529411765,11,6,5,319.9106951334562,0.42777293844367015,0.1798826813668326,0.19971658419549249,133727.27816491603,156.157303208664,133883.4354681247,1167,14,278.5952380952381,37,5,15,33.14770398247287,0.6556869369369369,41.41995614035087,1034.3201754385957,27.954599336178262,0
4545,4,0,1,40,0.0,0.024390243902439025,0.975609756097561,41,1450,1100,350,0.7586206896551724,18,11,7,323.8010886984183,0.4248983739837398,0.1764202855443191,0.20202372273140404,133705.05640775885,458.7685658631308,134163.824973622,1168,15,285.2439024390244,36,5,15,33.06928716608594,0.6574074074074074,41.44144144144143,1034.2342342342322,28.728728728728672,0
4546,4,0,0,40,0.0,0.0,1.0,40,1650,1000,650,0.6060606060606061,23,10,13,328.8945937757437,0.42419871794871794,0.17253859923920323,0.20557062092081088,133771.38658479066,799.3371699245296,134570.72375471517,1169,16,292.1,35,5,16,32.87135451629744,0.6601190476190476,41.3773148148148,1034.4907407407395,29.55687830687827,0
4547,4,0,0,40,0.0,0.0,1.0,40,850,600,250,0.7058823529411765,11,6,5,329.26444754740794,0.42430555555555555,0.1712416107382555,0.2061361457334611,133831.25964506157,813.1751543209707,134644.43479938255,1170,17,293.1,35,5,16,32.80201342281879,0.6607142857142857,41.319444444444436,1034.722222222221,29.56349206349203,0
4548,4,1,0,41,0.024390243902439025,0.0,1.0,41,1350,1000,350,0.7407407407407407,17,10,7,324.05575621166497,0.4251270325203252,0.1793741701407019,0.2052501806205058,134258.85080604232,501.4706852122186,134760.32149125455,1171,0,286.9268292682927,36,5,17,32.510458546126266,0.6629050925925926,40.90653153153152,1036.3738738738723,28.78816316316312,0
4549,4,0,1,40,0.0,0.024390243902439025,0.975609756097561,41,1000,600,400,0.6,14,6,8,325.70231076276616,0.4242378048780488,0.17740478480053645,0.20695246205609294,134375.58493882386,553.2877049346525,134928.8726437585,1172,1,287.9268292682927,36,5,17,32.351516961732,0.6640625,40.79391891891891,1036.8243243243235,28.800675675675652,0
4550,4,0,1,39,0.0,0.025,0.975,40,1300,900,400,0.6923076923076923,17,9,8,329.7731439864479,0.42243589743589743,0.18465725131182342,0.20933933739805896,134340.72151759677,860.3924200531446,135201.1139376499,1173,2,294.6,35,5,18,32.28073480704104,0.6657738095238095,40.82754629629629,1036.689814814814,29.619708994708976,0
4551,4,0,0,39,0.0,0.0,1.0,39,950,600,350,0.631578947368421,13,6,7,335.1504588014876,0.4196749887539361,0.18550130472942272,0.21235952651570253,134273.02295918373,1200.3330498866285,135473.35600907035,1174,3,302.64102564102564,34,5,18,32.20886936212574,0.6672794117647058,40.892857142857146,1036.428571428572,30.483193277310942,0
4552,4,0,0,39,0.0,0.0,1.0,39,950,500,450,0.5263157894736842,14,5,9,333.7900681032833,0.4195344129554656,0.18213259124380143,0.21171557010856967,134310.7263803154,1166.3173010973796,135477.0436814128,1175,4,303.64102564102564,35,4,18,32.20652821199939,0.6654761904761906,40.856481481481474,1036.5740740740732,29.616402116402092,0
4553,4,0,0,39,0.0,0.0,1.0,39,1350,900,450,0.6666666666666666,18,9,9,334.31148018242516,0.4192813765182186,0.17654213926119233,0.21256895322600064,134400.72183909905,1186.340851123125,135587.06269022217,1176,5,304.64102564102564,35,4,18,32.10330859098857,0.6663690476190476,40.76967592592593,1036.9212962962972,29.62632275132278,0
4554,4,0,1,38,0.0,0.02564102564102564,0.9743589743589743,39,850,600,250,0.7058823529411765,11,6,5,334.9353727776283,0.419365721997301,0.17796777488776172,0.21331598261978169,134460.7355565201,1207.1313175154364,135667.86687403556,1177,6,305.64102564102564,35,4,18,32.02732674924674,0.6669642857142857,40.71180555555556,1037.152777777778,29.632936507936517,0
4555,4,0,0,38,0.0,0.0,1.0,38,1000,600,400,0.6,14,6,8,337.2948969901481,0.41834103840682785,0.17288229752904494,0.21553242831129987,134581.66099773246,1478.7716374165402,136060.432635149,1178,7,308.10526315789474,34,4,19,31.84564785069604,0.670343137254902,40.595238095238095,1037.6190476190477,30.518207282913167,0
4556,4,0,0,38,0.0,0.0,1.0,38,650,500,150,0.7692307692307693,8,5,3,338.66816513628805,0.41760016595542915,0.17843038301518033,0.2171204269554947,134700.92438539542,1523.7829807527635,136224.70736614818,1179,8,309.10526315789474,35,3,19,31.69121882781431,0.669345238095238,40.48032407407408,1038.0787037037053,29.65939153439158,0
4557,4,0,0,38,0.0,0.0,1.0,38,800,600,200,0.75,10,6,4,339.37427992975444,0.41709637268847793,0.18044358387607762,0.21775302510514302,134730.96305941368,1544.8447145061825,136275.80777391986,1180,9,310.10526315789474,35,3,19,31.642976588628756,0.6696428571428572,40.45138888888889,1038.1944444444453,29.662698412698436,0
4558,4,0,0,38,0.0,0.0,1.0,38,1000,700,300,0.7,13,7,6,339.14795900417573,0.4167407539118066,0.1821456226388527,0.2179681581794748,134791.0504543897,1542.821930727039,136333.87238511676,1181,10,311.10526315789474,35,3,16,31.58901768464854,0.6702380952380953,40.393518518518526,1038.425925925927,29.6693121693122,0
4559,4,0,0,38,0.0,0.0,1.0,38,1400,1100,300,0.7857142857142857,17,11,6,335.35553679619113,0.4157183499288763,0.17268527746186568,0.21660589995368384,134971.39301483205,1452.6807913237412,136424.0738061558,1182,11,312.10526315789474,35,3,16,31.508038167372106,0.6720238095238096,40.21990740740741,1039.120370370371,29.689153439153454,0
4560,4,0,0,38,0.0,0.0,1.0,38,1350,900,450,0.6666666666666666,18,9,9,337.9941275016593,0.4148441204362257,0.17619492839551176,0.2191265298521997,135106.3225387552,1533.0287212888798,136639.3512600441,1183,12,313.10526315789474,36,2,16,31.305287767186606,0.6712962962962963,40.0900900900901,1039.6396396396412,28.878878878878922,0
4561,4,0,0,38,0.0,0.0,1.0,38,1350,900,450,0.6666666666666666,18,9,9,341.07077982678453,0.4132142010431484,0.18737252310251673,0.22220111876162454,135281.99440995054,1628.1470659849101,136910.14147593544,1184,13,314.10526315789474,36,2,17,31.05064227466262,0.6730324074074074,39.921171171171174,1040.3153153153157,28.89764764764766,0
4562,4,0,0,38,0.0,0.0,1.0,38,800,300,500,0.375,13,3,10,357.6568029368862,0.4131252963489806,0.08479592334060815,0.22974662708153307,134772.56059838185,2040.464629446995,136813.02522782885,1185,14,315.10526315789474,38,0,16,31.126959220770313,0.6641995614035088,40.41132478632478,1038.3547008547002,27.325123706702637,8
4563,4,0,0,38,0.0,0.0,1.0,38,1050,700,350,0.6666666666666666,14,7,7,353.954810516027,0.41232515410146986,0.08792770262589511,0.22806511747165878,134883.5187582182,1948.5340647600178,136832.05282297824,1186,15,316.10526315789474,38,0,14,31.112439576262457,0.665296052631579,40.304487179487175,1038.7820512820508,27.336369770580284,0
4564,4,0,1,37,0.0,0.02631578947368421,0.9736842105263158,38,750,500,250,0.6666666666666666,10,5,5,351.2542238456471,0.41213252726410626,0.08399623364394904,0.22684585532023652,134966.7673405654,1881.5294214332596,136848.29676199864,1187,16,317.10526315789474,38,0,14,31.099629858112273,0.6661184210526316,40.22435897435897,1039.1025641025637,27.34480431848852,0
4565,4,0,1,36,0.0,0.02702702702702703,0.972972972972973,37,800,500,300,0.625,11,5,6,353.78720303439576,0.4106919419419419,0.0840777479663446,0.22891118754696482,135034.6996792281,2154.7097424207363,137189.40942164883,1188,17,319.2162162162162,37,0,15,30.966148855364494,0.6686373873873874,40.15899122807017,1039.3640350877183,28.09091986723563,0
4566,4,0,0,36,0.0,0.0,1.0,36,900,700,200,0.7777777777777778,11,7,4,360.7984855446682,0.40887896825396824,0.07626776923169554,0.23372146105704086,135077.05498995612,2547.1193744420075,137624.17436439812,1189,18,322.55555555555554,36,0,15,30.741748817390686,0.6710069444444444,40.11824324324324,1039.5270270270266,28.87575075075074,0
4567,4,0,0,36,0.0,0.0,1.0,36,950,900,50,0.9473684210526315,10,9,1,360.12017321874913,0.4081183862433862,0.0782379835168141,0.23404009849930674,135194.1442075521,2537.22772603684,137731.37193358893,1190,19,323.55555555555554,36,0,16,30.642708897310946,0.6721643518518519,40.00563063063063,1039.9774774774771,28.888263263263255,0
4568,4,0,0,36,0.0,0.0,1.0,36,1150,800,350,0.6956521739130435,15,8,7,359.9998612618859,0.40777116402116403,0.08232902744701831,0.2345330548897957,135281.99440995054,2540.299843762687,137822.29425371322,1191,20,324.55555555555554,36,0,16,30.558336941617956,0.6730324074074074,39.921171171171174,1040.3153153153157,28.89764764764766,0
4569,4,0,0,36,0.0,0.0,1.0,36,1150,700,450,0.6086956521739131,16,7,9,354.81432952252453,0.4064318783068783,0.0866211066633007,0.2320982907131421,135428.47482195043,2410.392698441696,137838.86752039212,1192,21,325.55555555555554,36,0,17,30.54744130693498,0.6744791666666667,39.78040540540541,1040.8783783783792,28.913288288288314,0
4570,4,0,0,36,0.0,0.0,1.0,36,700,500,200,0.7142857142857143,9,5,4,353.52327323122563,0.4059523809523809,0.08514793183839298,0.23182100597843353,135516.40111395187,2381.640339663999,137898.04145361588,1193,22,326.55555555555554,36,0,18,30.493591823491244,0.6753472222222222,39.69594594594595,1041.2162162162167,28.922672672672686,0
4571,4,0,0,36,0.0,0.0,1.0,36,800,500,300,0.625,11,5,6,353.5794422211179,0.40568783068783065,0.07979503075740091,0.23223740636796159,135575.03449395343,2387.3090150961775,137962.3435090496,1194,23,327.55555555555554,36,0,18,30.433832540369078,0.6759259259259259,39.63963963963964,1041.4414414414416,28.928928928928933,0
4572,4,0,0,36,0.0,0.0,1.0,36,800,700,100,0.875,9,7,2,357.4400000000002,0.4049603174603174,0.08355555555555583,0.23515789473684212,135633.68055555545,2496.180555555545,138129.86111111098,1195,24,328.55555555555554,36,0,18,30.275000000000006,0.6765046296296297,39.58333333333333,1041.6666666666658,28.935185185185162,0
4573,4,0,0,36,0.0,0.0,1.0,36,1050,800,250,0.7619047619047619,13,8,5,356.92198822329544,0.40524140211640214,0.09185909674940262,0.23539552081469353,135721.67342595966,2488.40990483726,138210.08333079692,1196,25,329.55555555555554,36,0,19,30.20101588673942,0.6773726851851851,39.49887387387387,1042.004504504504,28.944569569569556,0
4574,4,0,0,36,0.0,0.0,1.0,36,900,700,200,0.7777777777777778,11,7,4,357.3861327554439,0.4047784391534392,0.08982091630357814,0.23647772915776577,135839.04163876714,2509.39795369694,138348.43959246407,1197,26,330.55555555555554,36,0,19,30.072287638183703,0.6785300925925926,39.38626126126126,1042.454954954955,28.95708208208208,0
4575,4,0,0,36,0.0,0.0,1.0,36,950,700,250,0.7368421052631579,12,7,5,387.1873481441718,0.4038029100529101,0.10993521724561628,0.24498150727454218,134220.76106234998,3196.5694684416367,137417.3305307916,1198,27,331.55555555555554,35,1,17,30.91293886592949,0.6645833333333333,40.94328703703704,1036.226851851852,29.606481481481485,8
4576,4,0,0,36,0.0,0.0,1.0,36,1350,1100,250,0.8148148148148148,16,11,5,387.4432549486353,0.403885582010582,0.10934360348292071,0.24615011899502645,134370.72000385798,3212.205825617277,137582.92582947525,1199,28,332.55555555555554,35,1,17,30.756028131279304,0.6660714285714286,40.79861111111111,1036.805555555555,29.623015873015856,0
4577,4,0,0,36,0.0,0.0,1.0,36,1050,800,250,0.7619047619047619,13,8,5,386.2840921920613,0.40362103174603176,0.11412315930388228,0.24662753578416238,134550.78125000012,3195.0858410493975,137745.86709104953,1200,29,333.55555555555554,34,2,18,30.605756358768406,0.6700367647058824,40.62500000000001,1037.500000000001,30.514705882352967,0
4578,4,0,0,36,0.0,0.0,1.0,36,850,600,250,0.7058823529411765,11,6,5,386.4595542903712,0.40282738095238096,0.1105961611629338,0.24738669427703391,134646.15660142756,3207.0587334198644,137853.21533484742,1201,30,334.55555555555554,33,3,18,30.505741527925377,0.6732954545454546,40.53308823529413,1037.8676470588255,31.450534759358348,0
4579,4,0,0,36,0.0,0.0,1.0,36,900,500,400,0.5555555555555556,13,5,8,382.1152245773954,0.4020337301587302,0.10469056536472232,0.24542039681620373,134767.01388888908,3099.3055555555798,137866.31944444467,1202,31,335.55555555555554,34,2,19,30.49759229534511,0.6721813725490196,40.41666666666668,1038.3333333333348,30.539215686274556,0
4580,4,0,0,36,0.0,0.0,1.0,36,1250,1100,150,0.88,14,11,3,382.1152245773954,0.4020337301587302,0.10469056536472232,0.24542039681620373,134767.01388888908,3099.3055555555798,137866.31944444467,1203,32,336.55555555555554,34,2,19,30.49759229534511,0.6721813725490196,40.41666666666668,1038.3333333333348,30.539215686274556,0
4581,4,0,0,36,0.0,0.0,1.0,36,650,400,250,0.6153846153846154,9,4,5,380.1055487126638,0.4014715608465609,0.10308090070813591,0.24454578222487325,134828.82653061242,3049.8370181406112,137878.66354875304,1204,33,337.55555555555554,34,2,15,30.487973788781915,0.6727941176470589,40.35714285714287,1038.57142857143,30.546218487395002,0
4582,4,0,1,35,0.0,0.027777777777777776,0.9722222222222222,36,1150,900,250,0.782608695652174,14,9,5,381.52715562151616,0.4008267195767196,0.10646079217753313,0.2460892451669603,134921.57206632657,3095.248724489803,138016.82079081636,1205,34,338.55555555555554,34,2,16,30.358370574080446,0.6737132352941176,40.267857142857146,1038.9285714285718,30.55672268907564,0
4583,4,0,1,34,0.0,0.02857142857142857,0.9714285714285714,35,950,800,150,0.8421052631578947,11,8,3,386.9249422344301,0.3973739495798319,0.13001836036855496,0.2503059065667583,135027.99591803632,3449.139904123412,138477.13582215973,1206,35,346.9142857142857,33,2,16,30.111794010140308,0.6770833333333333,40.16544117647059,1039.3382352941176,31.495098039215684,0
4584,4,0,0,34,0.0,0.0,1.0,34,1350,900,450,0.6666666666666666,18,9,9,384.09155120401925,0.393939393939394,0.15390908838783046,0.24913094192774446,135123.54022491345,3579.9620338331342,138703.5022587466,1207,36,355.61764705882354,33,1,17,30.0899732830426,0.678030303030303,40.0735294117647,1039.7058823529408,31.506238859180023,0
4585,4,0,0,34,0.0,0.0,1.0,34,900,700,200,0.7777777777777778,11,7,4,392.8507653105586,0.39347519310754603,0.1379335720943926,0.23568237835965106,132240.39619677525,3590.14817017493,135830.5443669502,1208,37,356.61764705882354,33,1,17,32.759814726557835,0.6493055555555556,42.861519607843135,1028.5539215686274,31.16830065359477,8
4586,4,0,0,34,0.0,0.0,1.0,34,600,400,200,0.6666666666666666,8,4,4,392.5693879585289,0.3934009209744504,0.13558140349647907,0.23590694430292422,132303.42784325738,3587.6551386485917,135891.08298190596,1209,38,357.61764705882354,33,1,17,32.70337006154457,0.6499368686868687,42.80024509803921,1028.799019607843,31.175727866904335,0
4587,4,1,1,34,0.02857142857142857,0.02857142857142857,0.9714285714285714,35,1150,800,350,0.6956521739130435,15,8,7,377.5164063766015,0.39828431372549017,0.12749762131303566,0.2293466723131836,132713.49961553232,3020.3384815935974,135733.8380971259,1210,0,348.37142857142857,33,2,15,32.67721217887726,0.654040404040404,42.401960784313715,1030.3921568627436,31.224004753416473,0
4588,4,0,0,34,0.0,0.0,1.0,34,950,700,250,0.7368421052631579,12,7,5,387.0696022942519,0.39211972667855016,0.13611776245564444,0.234194338005335,132560.48489949998,3462.0268339965196,136022.5117334965,1211,40,359.61764705882354,32,2,18,32.585417688409336,0.6549479166666667,42.550505050505045,1029.7979797979792,32.18118686868685,0
4589,4,0,0,34,0.0,0.0,1.0,34,1100,900,200,0.8181818181818182,13,9,4,384.8035979284109,0.3915255496137849,0.13117401900696546,0.23322643030460433,132625.50536934996,3406.9543286399194,136032.4596979899,1212,41,360.61764705882354,32,2,15,32.57819522758846,0.6555989583333333,42.48737373737373,1030.0505050505042,32.189078282828255,0
4590,4,0,0,34,0.0,0.0,1.0,34,1150,800,350,0.6956521739130435,15,8,7,384.13440743944653,0.3913027332144979,0.13360726643598642,0.2332244616596638,132690.5417814507,3394.2005280073267,136084.74230945803,1213,42,361.61764705882354,32,2,15,32.5298713235294,0.65625,42.424242424242415,1030.3030303030291,32.19696969696966,0
4591,4,0,0,34,0.0,0.0,1.0,34,1200,800,400,0.6666666666666666,16,8,8,382.53898757288846,0.3910427807486631,0.12188269870769775,0.23346886192228733,132885.7466712579,3366.795798898056,136252.54247015595,1214,43,362.61764705882354,32,2,15,32.37432647563066,0.658203125,42.23484848484848,1031.060606060605,32.22064393939391,0
4592,4,0,0,34,0.0,0.0,1.0,34,500,200,300,0.4,8,2,6,379.15748505441013,0.3909870766488413,0.11305653366745183,0.23201029928160855,132983.40292125792,3284.3305211202814,136267.7334423782,1215,44,363.61764705882354,32,2,15,32.36320235034889,0.6591796875,42.14015151515151,1031.439393939393,32.232481060606034,0
4593,4,0,0,34,0.0,0.0,1.0,34,1050,700,350,0.6666666666666666,14,7,7,379.27671796464097,0.39059714795008915,0.11350090697071757,0.23269139183236096,133081.09504132238,3294.9121900826476,136376.00723140503,1216,45,364.61764705882354,32,2,15,32.26183920704844,0.66015625,42.04545454545455,1031.8181818181824,32.2443181818182,0
4594,4,0,1,33,0.0,0.029411764705882353,0.9705882352941176,34,900,500,400,0.5555555555555556,13,5,8,378.6199457702741,0.3903186274509804,0.11970088267666124,0.23330635241624195,133243.9949526833,3289.766828639922,136533.76178132324,1217,46,365.61764705882354,32,2,16,32.114976967918146,0.6617838541666667,41.887626262626256,1032.4494949494942,32.264046717171695,0
4595,4,0,0,33,0.0,0.0,1.0,33,700,400,300,0.5714285714285714,10,4,6,387.5019894623466,0.3890467171717172,0.13439300281737543,0.23830320174305822,133169.6595085991,3720.7015991210887,136890.3611077202,1218,47,375.3030303030303,31,2,16,31.960519952903578,0.6636424731182795,41.959635416666664,1032.161458333333,33.29553091397848,0
4596,4,0,0,33,0.0,0.0,1.0,33,850,700,150,0.8235294117647058,10,7,3,387.9631311697595,0.389480744949495,0.1329832567062983,0.23901784514724347,133236.86599731448,3738.198343912761,136975.06434122723,1219,48,376.3030303030303,31,2,17,31.880990667171133,0.6643145161290323,41.89453125,1032.4218750000002,33.30393145161291,0
4597,4,0,0,33,0.0,0.0,1.0,33,650,300,350,0.46153846153846156,10,3,7,387.2007429446498,0.38940183080808083,0.1290993159845617,0.23876375517504447,133270.47559950082,3720.4854329427044,136990.96103244353,1220,49,377.3030303030303,31,2,17,31.86685582177385,0.6646505376344086,41.861979166666664,1032.552083333333,33.3081317204301,0
4598,4,0,0,33,0.0,0.0,1.0,33,1000,700,300,0.7,13,7,6,386.7538263964727,0.3892834595959596,0.12790622146315012,0.23870385970042204,133304.0894402397,3711.173333062057,137015.26277330177,1221,50,378.3030303030303,31,2,18,31.84458138948432,0.664986559139785,41.82942708333333,1032.6822916666658,33.312331989247284,0
4599,4,0,0,33,0.0,0.0,1.0,33,1050,700,350,0.6666666666666666,14,7,7,382.8436437303103,0.3884943181818182,0.122402175198014,0.23780836997464336,133541.67569950275,3625.222306742741,137166.8980062455,1222,51,379.3030303030303,30,3,19,31.706762028608587,0.6701388888888888,41.59946236559139,1033.6021505376339,34.45340501792113,0
4600,4,0,0,33,0.0,0.0,1.0,33,700,600,100,0.8571428571428571,8,6,2,382.5796817624133,0.38837594696969696,0.1204163318047875,0.2380908504948611,133611.1472424558,3623.382038385939,137234.52928084173,1223,52,380.3030303030303,30,3,19,31.64380741896341,0.6708333333333334,41.53225806451613,1033.8709677419356,34.462365591397855,0
4601,4,0,0,33,0.0,0.0,1.0,33,950,800,150,0.8421052631578947,11,8,3,380.1871044295518,0.3876657196969697,0.12286043512434852,0.23700517922916034,133674.12143283428,3564.235432942718,137238.356865777,1224,53,381.3030303030303,31,2,19,31.642428439519854,0.6686827956989247,41.47135416666667,1034.114583333334,33.35853494623658,0
4602,4,0,0,33,0.0,0.0,1.0,33,600,400,200,0.6666666666666666,8,4,4,380.1871044295518,0.3876657196969697,0.12286043512434852,0.23700517922916034,133674.12143283428,3564.235432942718,137238.356865777,1225,54,382.3030303030303,31,2,19,31.642428439519854,0.6686827956989247,41.47135416666667,1034.114583333334,33.35853494623658,0
4603,4,0,0,33,0.0,0.0,1.0,33,750,500,250,0.6666666666666666,10,5,5,381.41611427095154,0.38754734848484845,0.11956463705771525,0.23864034992102195,133808.8056776258,3607.3669433593645,137416.17262098516,1226,55,383.3030303030303,31,2,16,31.475480325530672,0.6700268817204301,41.34114583333333,1034.635416666666,33.375336021505355,0
4604,4,0,0,33,0.0,0.0,1.0,33,1350,1000,350,0.7407407407407407,17,10,7,380.2071120604404,0.3874289772727273,0.11578425767104994,0.23875565093842827,133943.55773925784,3585.2586534288184,137528.81639268665,1227,56,384.3030303030303,31,2,17,31.371593291404604,0.6713709677419355,41.2109375,1035.1562500000002,33.3921370967742,0
4605,4,0,0,33,0.0,0.0,1.0,33,800,600,200,0.75,10,6,4,382.45569999473724,0.3874684343434343,0.11950490823730298,0.2406082061992207,134010.9592013888,3650.6510416666565,137661.61024305545,1228,57,385.3030303030303,31,2,17,31.245808182427904,0.6720430107526882,41.14583333333333,1035.4166666666658,33.40053763440857,0
4606,4,0,0,33,0.0,0.0,1.0,33,850,700,150,0.8235294117647058,10,7,3,383.7253723541054,0.38770517676767674,0.11660932219212095,0.2416284945631196,134044.66629028323,3687.2678968641494,137731.9341871474,1229,58,386.3030303030303,31,2,17,31.179140995012368,0.6723790322580645,41.11328125,1035.5468750000002,33.404737903225815,0
4607,4,0,0,33,0.0,0.0,1.0,33,550,400,150,0.7272727272727273,7,4,3,385.26058545060806,0.387863005050505,0.11910938422566364,0.24304107511971326,134112.09318372927,3733.6207071940016,137845.71389092327,1230,59,387.3030303030303,31,2,17,31.07178399329562,0.6730510752688172,41.04817708333333,1035.8072916666658,33.41313844086019,0
4608,4,0,0,33,0.0,0.0,1.0,33,650,400,250,0.6153846153846154,9,4,5,387.23129363784096,0.3869160353535353,0.11655187380781085,0.24518487399073793,134246.99783325195,3796.9277275933164,138043.92556084527,1231,60,388.3030303030303,31,2,17,30.8855017380743,0.6743951612903225,40.91796875,1036.328125,33.42993951612903,0
4609,4,0,0,33,0.0,0.0,1.0,33,850,600,250,0.7058823529411765,11,6,5,388.6373214250524,0.38604797979797983,0.11831923049106852,0.2465292203876367,134314.47558932827,3839.9236043294172,138154.39919365768,1232,61,389.3030303030303,31,2,17,30.781439727002475,0.6750672043010753,40.85286458333333,1036.588541666666,33.43834005376342,0
4610,4,0,0,33,0.0,0.0,1.0,33,500,300,200,0.6,7,3,4,388.3853504361475,0.38569286616161613,0.11935504739724245,0.24682462454294052,134381.97029961488,3838.3977254231877,138220.36802503807,1233,62,390.3030303030303,31,2,18,30.720336765875498,0.675739247311828,40.78776041666667,1036.8489583333342,33.44674059139788,0
4611,4,0,0,33,0.0,0.0,1.0,33,1050,800,250,0.7619047619047619,13,8,5,387.75724307351743,0.3853772095959596,0.12410283327818172,0.24733882750734287,134517.01058281786,3831.9890340169172,138348.99961683477,1234,63,391.3030303030303,31,2,18,30.60136082172293,0.6770833333333333,40.65755208333333,1037.369791666666,33.46354166666665,0
4612,4,0,0,33,0.0,0.0,1.0,33,1000,800,200,0.8,12,8,4,386.38800358562094,0.3848248106060606,0.13138376774740435,0.2474036619973602,134655.38826742975,3805.8495674922788,138461.23783492204,1235,64,392.3030303030303,30,3,19,30.498359665026328,0.68125,40.524193548387096,1037.9032258064515,34.596774193548384,0
4613,4,0,0,33,0.0,0.0,1.0,33,700,500,200,0.7142857142857143,9,5,4,407.7668729808117,0.38474589646464646,0.07184533892608447,0.24241694505995637,131895.957522922,4193.143418058788,136089.10094098077,1236,65,393.3030303030303,31,2,16,32.725023239109305,0.6508736559139785,43.19661458333333,1027.2135416666658,33.13592069892471,8
4614,4,0,0,33,0.0,0.0,1.0,33,550,400,150,0.7272727272727273,7,4,3,408.7322355390421,0.38529829545454547,0.07386411644966762,0.24320492748137576,131929.3975830078,4184.759521484375,136114.1571044922,1237,66,394.3030303030303,31,2,16,32.66634980988594,0.6512096774193548,43.1640625,1027.34375,33.140120967741936,0
4615,4,0,0,33,0.0,0.0,1.0,33,1000,600,400,0.6,14,6,8,407.39125986754175,0.385574494949495,0.06808966926917481,0.24291263472981117,132008.45457415062,4155.818124426077,136164.27269857668,1238,67,395.3030303030303,32,1,16,32.6207150755621,0.6494140625,43.08712121212121,1027.6515151515152,32.11410984848485,0
4616,4,0,0,33,0.0,0.0,1.0,33,1200,1000,200,0.8333333333333334,14,10,4,407.3746222642775,0.38490372474747475,0.0676600256710751,0.24415498884051076,132203.1572830579,4171.242252066117,136374.39953512402,1239,68,396.3030303030303,32,1,17,32.42403314917125,0.6513671875,42.89772727272727,1028.4090909090912,32.1377840909091,0
4617,4,1,1,33,0.029411764705882353,0.029411764705882353,0.9705882352941176,34,1150,800,350,0.6956521739130435,15,8,7,396.7505042832126,0.39111705288175874,0.053738178790222246,0.24072775996079568,132666.15125868047,3727.3594431531164,136393.51070183358,1240,0,385.61764705882354,31,3,17,32.229524772497484,0.6586021505376345,42.447916666666664,1030.2083333333328,33.23252688172041,0
4618,4,0,0,33,0.0,0.0,1.0,33,800,600,200,0.75,10,6,4,405.536829111951,0.3856534090909091,0.058675780122066756,0.2452105483683232,132536.36845661342,4149.675721181633,136686.04417779506,1241,70,398.3030303030303,30,3,18,32.13434930165775,0.6600694444444444,42.57392473118279,1029.7043010752682,34.32347670250894,0
4619,4,0,1,32,0.0,0.030303030303030304,0.9696969696969697,33,650,600,50,0.9230769230769231,7,6,1,410.1432258184021,0.38553503787878785,0.054777946479408035,0.24868177869242358,132640.18961729683,4280.295048560533,136920.48466585737,1242,71,399.3030303030303,30,3,17,31.910827679192767,0.6611111111111111,42.473118279569896,1030.1075268817208,34.336917562724025,0
4620,4,0,0,32,0.0,0.0,1.0,32,1050,800,250,0.7619047619047619,13,8,5,415.90259397468924,0.3844716061827957,0.05952882670262949,0.2517483864752913,132576.73852237643,4627.8018904320825,137204.5404128085,1243,90,410.5625,29,3,18,31.826674533603054,0.663433908045977,42.534722222222214,1029.8611111111102,35.512452107279664,0
4621,4,0,0,32,0.0,0.0,1.0,32,900,800,100,0.8888888888888888,10,8,2,413.0728666020735,0.38373655913978494,0.05228718199608595,0.2506891150043461,132674.80570369403,4560.872463579601,137235.67816727364,1244,91,411.5625,30,2,17,31.800391389432484,0.6614583333333333,42.439516129032256,1030.2419354838707,34.34139784946236,0
4622,4,0,0,32,0.0,0.0,1.0,32,600,400,200,0.6666666666666666,8,4,4,411.37464339325,0.3831485215053763,0.049958425720620925,0.25011969792990074,132744.0514257429,4521.507363568047,137265.55878931095,1245,92,412.5625,30,2,17,31.774161992956827,0.6621527777777778,42.37231182795699,1030.5107526881723,34.350358422939074,0
4623,4,0,1,31,0.0,0.03125,0.96875,32,750,200,550,0.26666666666666666,13,2,11,411.26858480818726,0.38302251344086025,0.05066257008736441,0.25051777417744153,132813.315213464,4524.388838305005,137337.704051769,1246,93,413.5625,30,2,18,31.706926152909983,0.6628472222222221,42.30510752688172,1030.7795698924733,34.35931899641578,0
4624,4,0,0,31,0.0,0.0,1.0,31,1200,900,300,0.75,15,9,6,422.68223461176905,0.38382616487455196,0.05032414593741441,0.25682878776287593,132719.81336805562,5019.661458333338,137739.47482638896,1247,94,419.4516129032258,29,2,18,31.507362852136414,0.6648706896551724,42.395833333333336,1030.4166666666672,35.53160919540232,0
4625,4,0,0,31,0.0,0.0,1.0,31,650,500,150,0.7692307692307693,8,5,3,420.769344929053,0.3836021505376344,0.044537950280590044,0.25615498841004924,132791.3797260802,4974.908371913575,137766.28809799376,1248,95,420.4516129032258,29,2,19,31.484273233616317,0.6655890804597702,42.326388888888886,1030.6944444444441,35.54118773946359,0
4626,4,0,0,31,0.0,0.0,1.0,31,800,600,200,0.75,10,6,4,420.769344929053,0.3836021505376344,0.044537950280590044,0.25615498841004924,132791.3797260802,4974.908371913575,137766.28809799376,1249,96,421.4516129032258,29,2,19,31.484273233616317,0.6655890804597702,42.326388888888886,1030.6944444444441,35.54118773946359,0
4627,4,0,0,31,0.0,0.0,1.0,31,450,300,150,0.6666666666666666,6,3,3,418.32634173088076,0.3835573476702509,0.042037186742118315,0.2549111747394578,132827.17013888885,4913.02083333333,137740.1909722222,1250,97,422.4516129032258,29,2,19,31.511048234977096,0.665948275862069,42.291666666666664,1030.833333333333,35.545977011494244,0
4628,4,0,0,31,0.0,0.0,1.0,31,1000,700,300,0.7,13,7,6,417.21567337584503,0.38306451612903225,0.04780498056110116,0.25555708644529995,133021.2149706612,4899.7071554514805,137920.92212611268,1251,98,423.4516129032258,30,1,19,31.34364820846906,0.6649305555555556,42.103494623655905,1031.5860215053754,34.38620071684584,0
4629,4,0,0,31,0.0,0.0,1.0,31,750,500,250,0.6666666666666666,10,5,5,415.00557828495954,0.38230286738351255,0.011351273413640062,0.24375387306904167,131434.91753472213,4710.008066322686,136144.92560104482,1252,99,424.4516129032258,29,2,22,33.00699241500746,0.6519396551724138,43.64583333333333,1025.4166666666658,35.35919540229882,8
4630,4,0,0,31,0.0,0.0,1.0,31,300,100,200,0.3333333333333333,5,1,4,415.00557828495954,0.38230286738351255,0.011351273413640062,0.24375387306904167,131434.91753472213,4709.244791666657,136144.1623263888,1253,100,425.4516129032258,29,2,22,33.00699241500746,0.6519396551724138,43.64583333333333,1025.4166666666658,35.35919540229882,0
4631,4,0,0,31,0.0,0.0,1.0,31,1250,1200,50,0.96,13,12,1,415.6156591015618,0.3825268817204301,0.018460624901758704,0.2452530742366083,131613.00154320977,4740.084876543193,136353.08641975297,1254,101,426.4516129032258,29,2,17,32.810526078325196,0.6537356321839081,43.472222222222214,1026.1111111111104,35.383141762452084,0
4632,4,0,0,31,0.0,0.0,1.0,31,700,400,300,0.5714285714285714,10,4,6,415.1758654971367,0.3826612903225806,0.014642515683732205,0.24522257954902826,131648.6328125,4731.467013888889,136380.09982638888,1255,102,427.4516129032258,29,2,18,32.78564420083909,0.6540948275862069,43.4375,1026.25,35.38793103448276,0
4633,4,1,0,32,0.03125,0.0,1.0,32,1300,1000,300,0.7692307692307693,16,10,6,404.1142330944667,0.3872227822580645,0.016039786844514126,0.24123821549362903,132052.40716050993,4272.851449589552,136325.2586100995,1256,0,415.0625,30,2,19,32.6604114903448,0.6552083333333334,43.04435483870968,1027.8225806451617,34.260752688172055,0
4634,4,0,0,32,0.0,0.0,1.0,32,1050,600,450,0.5714285714285714,15,6,9,406.4205703499643,0.38646673387096775,0.017007942214668503,0.24305793140006862,132121.49029150768,4339.378287952363,136460.86857946005,1257,1,416.0625,30,2,19,32.53121323048765,0.6559027777777777,42.97715053763441,1028.0913978494623,34.26971326164874,0
4635,4,0,0,32,0.0,0.0,1.0,32,1200,1000,200,0.8333333333333334,14,10,4,404.9290443846383,0.38533266129032256,0.01673202614379088,0.24238710403305824,132156.03863163374,4302.763686553363,136458.8023181871,1258,2,417.0625,30,2,19,32.534586056644876,0.65625,42.943548387096776,1028.2258064516132,34.2741935483871,0
4636,4,0,0,32,0.0,0.0,1.0,32,950,600,350,0.631578947368421,13,6,7,410.2657192422356,0.3851016465053763,-0.027060533515731677,0.2254919103504314,128848.62075617262,4172.434413580222,133021.05516975283,1259,3,418.0625,32,0,17,35.767213862289104,0.6175130208333333,46.18055555555554,1015.277777777776,31.7274305555555,8
4637,4,0,0,32,0.0,0.0,1.0,32,1100,700,400,0.6363636363636364,15,7,8,415.75382381707453,0.38455561155913975,-0.026271436560208583,0.2296205230100201,129040.97995421368,4329.856169013344,133370.83612322703,1260,4,419.0625,32,0,18,35.430647032020204,0.6194661458333333,45.991161616161605,1016.0353535353521,31.751104797979753,0
4638,4,0,1,31,0.0,0.03125,0.96875,32,650,400,250,0.6153846153846154,9,4,5,415.66112418502377,0.3846186155913978,-0.026389751552795104,0.23012875169803573,129137.21335833073,4335.463855729001,133472.67721405972,1261,5,420.0625,32,0,18,35.33436853002071,0.6204427083333333,45.89646464646464,1016.414141414141,31.762941919191906,0
4639,4,0,0,31,0.0,0.0,1.0,31,800,500,300,0.625,11,5,6,414.87503359312024,0.38293010752688167,-0.005552617662612391,0.23006706408345745,129201.38888888883,4520.502053361892,133721.89094225073,1262,6,429.64516129032256,30,1,18,35.28859289617486,0.6263888888888889,45.83333333333333,1016.6666666666662,33.88888888888887,0
4640,4,0,0,31,0.0,0.0,1.0,31,400,100,300,0.25,7,1,6,414.72001187331045,0.3825716845878136,-0.0031294500865499675,0.23037970703623087,129269.7222944848,4522.148152965645,133791.87044745043,1263,7,430.64516129032256,30,1,18,35.22254163362411,0.6270833333333333,45.76612903225806,1016.9354838709668,33.897849462365556,0
4641,4,1,0,32,0.03125,0.0,1.0,32,550,400,150,0.7272727272727273,7,4,3,403.41340997382525,0.38762180779569894,0.0013222229323790469,0.2265544225574467,129698.28499688035,4064.405483669696,133762.69048055005,1264,0,418.15625,31,1,15,35.07192999275641,0.6286962365591398,45.34505208333333,1018.619791666666,32.85870295698923,0
4642,4,0,0,32,0.0,0.0,1.0,32,800,600,200,0.75,10,6,4,406.1123866159811,0.38743279569892475,0.0008307770961142324,0.2282631690289823,129731.44531249991,4137.109374999987,133868.5546874999,1265,1,419.15625,31,1,15,34.96932515337422,0.6290322580645161,45.31249999999999,1018.7499999999993,32.86290322580643,0
4643,4,0,0,32,0.0,0.0,1.0,32,650,300,350,0.46153846153846156,10,3,7,403.1043488689362,0.38732778897849457,-0.006519899067331192,0.2271488652697741,129830.95169067374,4067.0842488606636,133898.0359395344,1266,2,420.15625,31,1,15,34.94434329883734,0.6300403225806452,45.21484374999999,1019.1406249999993,32.87550403225804,0
4644,4,2,0,34,0.058823529411764705,0.0,1.0,34,950,500,450,0.5263157894736842,14,5,9,383.6162509447053,0.39653891859774215,-0.0012493118197600683,0.21927694344123244,130387.71896626275,3203.7695838138943,133591.48855007664,1267,0,396.38235294117646,33,1,17,34.87421006319495,0.6306818181818181,44.66911764705881,1021.3235294117629,30.949197860962514,0
4645,4,0,0,34,0.0,0.0,1.0,34,900,400,500,0.4444444444444444,14,4,10,383.80018153653265,0.3964832144979204,0.0040817334490468316,0.21991354731753068,130481.60750973177,3215.772929882724,133697.3804396145,1268,1,397.38235294117646,33,1,19,34.77407440726079,0.6316287878787878,44.577205882352935,1021.6911764705876,30.960338680926895,0
4646,4,0,2,32,0.0,0.058823529411764705,0.9411764705882353,34,900,400,500,0.4444444444444444,14,4,10,381.96528455129845,0.3956662210338681,0.0013428259260566122,0.22028336555498193,130732.14215986656,3187.027976018861,133919.17013588542,1269,2,398.38235294117646,33,1,15,34.56648192530457,0.6341540404040404,44.332107843137265,1022.6715686274523,30.99004753416522,0
4647,4,0,0,32,0.0,0.0,1.0,32,1000,800,200,0.8,12,8,4,394.0517812849325,0.38862987231182794,-0.03018479066320845,0.2267688182703696,130649.55305899908,3896.537821395779,134546.09088039486,1270,3,397.875,32,0,15,34.34142274916637,0.6357421875,44.41287878787879,1022.3484848484849,31.948390151515152,0
4648,4,0,0,32,0.0,0.0,1.0,32,800,600,200,0.75,10,6,4,392.6871189123118,0.3882098454301075,-0.029398833765272192,0.22711946642016165,130843.25140610668,3876.091884756678,134719.34329086335,1271,4,398.875,32,0,16,34.179470566456864,0.6376953125,44.22348484848486,1023.1060606060619,31.972064393939434,0
4649,4,1,0,33,0.030303030303030304,0.0,1.0,33,1000,600,400,0.6,14,6,8,386.6143174377876,0.3919665404040404,-0.02563433376830493,0.22570500654887607,131202.5422914264,3544.956266820457,134747.49855824685,1272,0,387.75757575757575,33,0,17,33.97029505582139,0.6388888888888888,43.872549019607845,1024.5098039215688,31.045751633986935,0
4650,4,0,0,33,0.0,0.0,1.0,33,950,800,150,0.8421052631578947,11,8,3,386.17869422671083,0.3926373106060606,-0.02791281287407288,0.22638755470192806,131361.49300469286,3545.9221141423563,134907.41511883523,1273,1,388.75757575757575,31,2,18,33.82036178500361,0.645497311827957,43.717447916666664,1025.130208333333,33.06871639784945,0
4651,4,0,0,33,0.0,0.0,1.0,33,1100,700,400,0.6363636363636364,15,7,8,386.8523549042104,0.391216856060606,-0.025620324021744745,0.2285734828601939,131661.99578179247,3586.7506239149266,135248.7464057074,1274,2,389.75757575757575,31,2,17,33.49879472215174,0.648521505376344,43.424479166666664,1026.302083333333,33.10651881720429,0
4652,4,0,0,33,0.0,0.0,1.0,33,1150,900,250,0.782608695652174,14,9,5,383.06905613977113,0.3907828282828283,-0.022963594863163683,0.2271340283246793,131795.66277397997,3497.368028428811,135293.0308024088,1275,3,390.75757575757575,31,2,17,33.46066869557867,0.6498655913978495,43.29427083333333,1026.822916666666,33.1233198924731,0
4653,4,0,0,33,0.0,0.0,1.0,33,800,700,100,0.875,9,7,2,384.7317558562112,0.3909801136363636,-0.020578550818185493,0.2283204934866768,131829.0901184081,3543.767462836357,135372.85758124443,1276,4,391.75757575757575,31,2,17,33.38418177591818,0.6502016129032258,43.26171874999999,1026.953124999999,33.12752016129029,0
4654,4,0,2,31,0.0,0.06060606060606061,0.9393939393939394,33,950,600,350,0.631578947368421,13,6,7,381.69366529239534,0.3910195707070707,-0.018000583636670786,0.22751710018788388,131996.2904188367,3476.4295789930457,135472.71999782973,1277,5,392.75757575757575,31,2,18,33.29320831221491,0.6518817204301075,43.09895833333333,1027.6041666666658,33.148521505376316,0
4655,4,0,0,31,0.0,0.0,1.0,31,950,700,250,0.7368421052631579,12,7,5,402.0710975609243,0.38875448028673837,-0.014385412074842563,0.2379269401179176,131719.90981867278,4392.153742283938,136112.0635609567,1278,6,412.06451612903226,29,2,18,33.04962679835836,0.6548132183908046,43.36805555555555,1026.5277777777771,35.39750957854404,0
4656,4,0,0,31,0.0,0.0,1.0,31,550,400,150,0.7272727272727273,7,4,3,399.64049834176046,0.3880824372759857,-0.016159571404888107,0.23715424115080067,131826.86149691354,4336.67052469135,136163.5320216049,1279,7,413.06451612903226,29,2,19,33.003674150211886,0.6558908045977012,43.263888888888886,1026.9444444444441,35.411877394636,0
4657,4,0,0,31,0.0,0.0,1.0,31,750,500,250,0.6666666666666666,10,5,5,399.61085772468175,0.3874551971326165,-0.01210767808231128,0.23758214660223054,131898.18672839514,4341.589506172851,136239.77623456798,1280,8,414.06451612903226,29,2,19,32.93221561204255,0.6566091954022988,43.19444444444445,1027.2222222222229,35.42145593869734,0
4658,4,0,0,31,0.0,0.0,1.0,31,800,500,300,0.625,11,5,6,400.23901119438256,0.38709677419354843,-0.015107780084738565,0.2382731309633846,131948.81633714875,4362.212755809909,136311.02909295866,1281,9,415.06451612903226,30,1,19,32.86482862375719,0.6541666666666667,43.14516129032258,1027.419354838709,34.24731182795697,0
4659,4,1,0,32,0.03125,0.0,1.0,32,750,700,50,0.9333333333333333,8,7,1,388.79598735836123,0.3909820228494623,-0.01895245476401386,0.2340178741883571,132364.50407240132,3892.5576104058255,136257.06168280714,1282,0,403.0625,31,1,21,32.738754270530166,0.6555779569892473,42.74088541666667,1029.036458333334,33.19472446236561,0
4660,4,1,1,32,0.030303030303030304,0.030303030303030304,0.9696969696969697,33,800,500,300,0.625,11,5,6,377.578682742438,0.3949258207070707,-0.018900146269365425,0.22950519932593347,132733.2305908203,3423.4519110785595,136156.68250189887,1283,0,391.8181818181818,31,2,17,32.65573666919384,0.6592741935483871,42.3828125,1030.46875,33.24092741935484,0
4661,4,1,2,31,0.030303030303030304,0.06060606060606061,0.9393939393939394,33,700,300,400,0.42857142857142855,11,3,8,379.34611531266967,0.39311079545454547,-0.008664569412232925,0.23140697542725108,132867.4401177301,3480.54945203994,136347.98956977003,1284,0,392.7878787878788,31,2,18,32.47505683253346,0.6606182795698925,42.25260416666667,1030.989583333334,33.25772849462368,0
4662,4,0,0,31,0.0,0.0,1.0,31,1050,800,250,0.7619047619047619,13,8,5,398.5515318814398,0.3887096774193548,-0.006699584538750969,0.24124568235925517,132576.73852237655,4367.732445987653,136944.47096836418,1285,1,393.51612903225805,29,2,22,32.27340413576084,0.663433908045977,42.53472222222222,1029.861111111111,35.51245210727969,0
4663,4,0,0,31,0.0,0.0,1.0,31,950,800,150,0.8421052631578947,11,8,3,399.03028961612284,0.38821684587813615,-0.013656508370047504,0.24199572020300783,132648.2663001544,4386.135223765448,137034.40152391986,1286,2,394.51612903225805,29,2,18,32.18886229832369,0.6641522988505747,42.465277777777786,1030.1388888888896,35.52203065134102,0
4664,4,0,0,31,0.0,0.0,1.0,31,800,500,300,0.625,11,5,6,400.1778351063486,0.38741039426523294,-0.012953649408174783,0.24361933669599803,132791.37972608043,4428.033371913603,137219.41309799402,1287,3,395.51612903225805,29,2,19,32.01486210304091,0.6655890804597702,42.3263888888889,1030.694444444446,35.54118773946365,0
4665,4,0,0,31,0.0,0.0,1.0,31,650,400,250,0.6153846153846154,9,4,5,399.5102540557084,0.38705197132616487,-0.00808080808080791,0.24414515525626637,132934.57031250012,4421.744791666682,137356.3151041668,1288,4,396.51612903225805,29,2,19,31.88762626262626,0.6670258620689655,42.18750000000001,1031.250000000001,35.560344827586235,0
4666,4,0,0,31,0.0,0.0,1.0,31,1100,800,300,0.7272727272727273,14,8,6,403.06735568576386,0.3861111111111111,-0.0028561827956987695,0.24804144965277783,133194.58896982312,4537.278153543767,137731.8671233669,1289,5,397.51612903225805,30,1,20,31.533745659722225,0.6666666666666667,41.935483870967744,1032.2580645161293,34.40860215053764,0
4667,4,0,0,31,0.0,0.0,1.0,31,1300,900,400,0.6923076923076923,17,9,8,402.43796165783334,0.3844086021505377,0.0018886454634734484,0.24904494148970263,133402.78681061396,4537.269120707598,137940.05593132155,1290,6,398.51612903225805,30,1,21,31.34026151444184,0.66875,41.733870967741936,1033.0645161290324,34.43548387096775,0
4668,4,0,0,31,0.0,0.0,1.0,31,1000,800,200,0.8,12,8,4,403.8976672901479,0.3839605734767025,0.002946337658961351,0.25163331656695814,133651.6806520061,4596.338474622938,138248.01912662902,1291,7,399.51612903225805,29,2,21,31.052020371614056,0.6742097701149425,41.49305555555555,1034.0277777777771,35.65613026819921,0
4669,4,0,0,31,0.0,0.0,1.0,31,950,600,350,0.631578947368421,13,6,7,407.8555020044142,0.3832437275985663,0.0004329941545788696,0.2553381083977216,133831.2596450618,4716.763117283961,138548.02276234576,1292,8,400.51612903225805,29,2,18,30.769015659955254,0.6760057471264368,41.31944444444445,1034.7222222222229,35.68007662835251,0
4670,4,0,0,31,0.0,0.0,1.0,31,700,400,300,0.5714285714285714,10,4,6,407.05597871917666,0.38319892473118283,-0.0017317441694340019,0.2550861309870971,133867.18991126533,4698.288001543193,138565.47791280854,1293,9,401.51612903225805,29,2,18,30.753562161678506,0.6763649425287357,41.284722222222214,1034.8611111111104,35.684865900383116,0
4671,4,0,0,31,0.0,0.0,1.0,31,500,400,100,0.8,6,4,2,406.72088493231047,0.38306451612903225,-0.0021640993235023664,0.2553741158719892,133939.06491126554,4695.163001543228,138634.22791280877,1294,10,402.51612903225805,29,2,19,30.689962654859347,0.6770833333333333,41.215277777777786,1035.1388888888896,35.69444444444447,0
4672,4,0,1,30,0.0,0.03225806451612903,0.967741935483871,31,1000,800,200,0.8,12,8,4,406.66534417774244,0.3825268817204301,-0.0010384889985068924,0.2558388304510608,134010.95920138893,4699.522569444448,138710.48177083337,1295,11,403.51612903225805,29,2,20,30.619131455399053,0.677801724137931,41.145833333333336,1035.416666666667,35.704022988505756,0
4673,4,0,0,30,0.0,0.0,1.0,30,650,400,250,0.6153846153846154,9,4,5,406.66534417774244,0.38120210727969345,-0.008920187793427292,0.2558388304510608,134010.95920138893,4899.522569444448,138910.48177083337,1296,12,403.56666666666666,29,1,20,30.619131455399053,0.677801724137931,41.145833333333336,1035.416666666667,35.704022988505756,0
4674,4,0,0,30,0.0,0.0,1.0,30,600,200,400,0.3333333333333333,10,2,8,403.9057277778178,0.380316091954023,-0.013047363717605398,0.2553505702730949,134190.77932098752,4840.084876543192,139030.86419753073,1297,13,404.56666666666666,29,1,21,30.5099419124218,0.6795977011494253,40.972222222222214,1036.1111111111102,35.727969348658974,0
4675,4,0,0,30,0.0,0.0,1.0,30,1100,700,400,0.6363636363636364,15,7,8,403.7356546528195,0.3806273946360153,-0.004747867256241767,0.2559965327675438,134298.72926311722,4844.237075617271,139142.9663387345,1298,14,405.56666666666666,29,1,21,30.405975032381974,0.6806752873563218,40.86805555555555,1036.5277777777771,35.742337164750936,0
4676,4,0,0,30,0.0,0.0,1.0,30,1050,800,250,0.7619047619047619,13,8,5,402.4720588083251,0.380316091954023,-0.0070739549839227145,0.25544655161099805,134334.72222222216,4813.194444444433,139147.9166666666,1299,15,406.56666666666666,29,1,21,30.402599142550912,0.6810344827586207,40.83333333333333,1036.666666666666,35.747126436781585,0
4677,4,0,0,30,0.0,0.0,1.0,30,900,700,200,0.7777777777777778,11,7,4,401.76771342397683,0.3794540229885057,-0.005488621151271911,0.25651323241684687,134550.78125000003,4811.631944444444,139362.41319444447,1300,16,407.56666666666666,29,1,21,30.204149933065587,0.6831896551724138,40.625,1037.5000000000002,35.77586206896552,0
4678,4,0,0,30,0.0,0.0,1.0,30,700,500,200,0.7142857142857143,9,5,4,401.9109500746242,0.3790948275862069,0.0009233239662782555,0.25736765466218237,134658.8758680556,4824.175347222225,139483.0512152778,1301,17,408.56666666666666,29,1,21,30.092081493376156,0.6842672413793103,40.520833333333336,1037.916666666667,35.790229885057485,0
4679,4,0,0,30,0.0,0.0,1.0,30,500,200,300,0.4,8,2,6,402.79569835495727,0.3791187739463602,-0.0019355989653020433,0.2581899699403901,134694.9170524691,4850.906635802461,139545.82368827157,1302,18,409.56666666666666,29,1,21,30.03300330033003,0.6846264367816092,40.48611111111111,1038.0555555555552,35.79501915708811,0
4680,4,0,0,30,0.0,0.0,1.0,30,850,600,250,0.7058823529411765,11,6,5,403.97290431146916,0.37799329501915707,-0.014157222522036772,0.24383120250461,132469.48302469132,4706.076388888882,137175.5594135802,1303,19,410.56666666666666,29,1,21,32.24219733765065,0.6623563218390804,42.638888888888886,1029.4444444444443,35.49808429118774,7
4681,4,0,0,30,0.0,0.0,1.0,30,1100,900,200,0.8181818181818182,13,9,4,405.99700463966656,0.37792145593869736,-0.0055016181229774475,0.2459864204581507,132612.4999999999,4768.05555555554,137380.55555555545,1304,20,411.56666666666666,29,1,21,32.04557713052858,0.6637931034482758,42.49999999999999,1029.9999999999993,35.51724137931032,0
4682,4,0,0,30,0.0,0.0,1.0,30,1100,800,300,0.7272727272727273,14,8,6,407.43039691041787,0.37811302681992337,-0.00279500314550174,0.24732558791174117,132684.0374228394,4811.90200617283,137495.93942901224,1305,21,412.56666666666666,29,1,19,31.93639345735599,0.6645114942528736,42.43055555555555,1030.277777777777,35.52681992337162,0
4683,4,0,0,30,0.0,0.0,1.0,30,950,700,250,0.7368421052631579,12,7,5,409.50378683661745,0.37777777777777777,-0.00035030988951767483,0.2495350661659585,132827.17013888885,4878.645833333329,137705.8159722222,1306,22,413.56666666666666,29,1,19,31.738412826731338,0.665948275862069,42.291666666666664,1030.833333333333,35.545977011494244,0
4684,4,0,0,30,0.0,0.0,1.0,30,600,300,300,0.5,9,3,6,409.01324912325856,0.377801724137931,-0.0010193542592846772,0.24947455614149128,132862.9653742284,4868.542631172837,137731.50800540124,1307,23,414.56666666666666,29,1,20,31.714911985270987,0.6663074712643677,42.25694444444444,1030.9722222222224,35.55076628352491,0
4685,4,0,1,29,0.0,0.03333333333333333,0.9666666666666667,30,950,600,350,0.631578947368421,13,6,7,411.2641567187024,0.37756226053639846,-0.005589225589225588,0.2513280957725402,132934.57031249997,4934.244791666667,137868.81510416663,1308,24,415.56666666666666,29,1,20,31.58459595959597,0.6670258620689655,42.1875,1031.2499999999998,35.5603448275862,0
4686,4,0,0,29,0.0,0.0,1.0,29,450,200,250,0.4444444444444444,7,2,5,415.5636464419364,0.3776169950738916,0.009322261945950094,0.25357863323701824,132879.01307966703,5243.9374421984385,138122.95052186545,1309,25,425.55172413793105,28,1,20,31.529868078781128,0.6696428571428572,42.241379310344826,1031.0344827586205,36.82266009852216,0
4687,4,0,0,29,0.0,0.0,1.0,29,1000,700,300,0.7,13,7,6,422.69812942031865,0.37813013136289,0.051023268853378045,0.24758033294618664,131328.125,5302.430555555556,136630.55555555556,1310,26,426.55172413793105,29,0,19,32.918360433604335,0.6508620689655172,43.75,1025.0,35.3448275862069,8
4688,4,0,0,29,0.0,0.0,1.0,29,1100,800,300,0.7272727272727273,14,8,6,421.08118131587116,0.37782224958949095,0.06358721532816025,0.24801480105255375,131541.7534722222,5277.951388888885,136819.70486111107,1311,27,427.55172413793105,29,0,20,32.7426888708367,0.6530172413793103,43.541666666666664,1025.8333333333333,35.3735632183908,0
4689,4,0,0,29,0.0,0.0,1.0,29,900,700,200,0.7777777777777778,11,7,4,426.7842053804976,0.37782224958949095,0.06690336336364378,0.25255100576199024,131719.90981867287,5443.195408950622,137163.10522762348,1312,28,428.55172413793105,29,0,18,32.415409507058136,0.6548132183908046,43.36805555555556,1026.5277777777778,35.39750957854406,0
4690,4,0,0,29,0.0,0.0,1.0,29,950,700,250,0.7368421052631579,12,7,5,425.07449748023464,0.37725779967159273,0.06153473216075489,0.25295865308618626,131933.85657793208,5416.343557098763,137350.20013503084,1313,29,429.55172413793105,29,0,19,32.24209702131495,0.6569683908045977,43.15972222222222,1027.361111111111,35.42624521072797,0
4691,4,1,0,30,0.03333333333333333,0.0,1.0,30,1200,600,600,0.5,18,6,12,416.5564071684825,0.37871168582375475,0.07203070481507301,0.25144285234727676,132471.94818090223,5038.037772401296,137509.98595330352,1314,0,416.2,28,2,20,31.915852523842744,0.6655505952380952,42.636494252873554,1029.4540229885047,36.76621510673231,0
4692,4,0,1,29,0.0,0.03333333333333333,0.9666666666666667,30,1000,800,200,0.8,12,8,4,417.8668651550571,0.37806513409961684,0.06853225443919975,0.25293737184691806,132576.73852237643,5079.885223765415,137656.62374614185,1315,1,417.2,29,1,20,31.77610137109463,0.663433908045977,42.534722222222214,1029.8611111111102,35.512452107279664,0
4693,4,0,0,29,0.0,0.0,1.0,29,1000,900,100,0.9,11,9,2,422.2881550691566,0.375307881773399,0.055803571428571175,0.2556555317175433,132582.90395032353,5397.63798057865,137980.54193090217,1316,2,414.41379310344826,28,1,20,31.656029110863088,0.6666666666666667,42.528735632183896,1029.885057471263,36.781609195402254,0
4694,4,1,0,30,0.03333333333333333,0.0,1.0,30,900,700,200,0.7777777777777778,11,7,4,409.43413019048035,0.3797653256704981,0.04907980967770875,0.25044957584798216,132970.3800154319,4888.52237654318,137858.90239197508,1317,0,401.56666666666666,29,1,21,31.595632462519074,0.6673850574712643,42.152777777777764,1031.3888888888873,35.565134099616806,0
4695,4,0,0,30,0.0,0.0,1.0,30,850,600,250,0.7058823529411765,11,6,5,409.00561382812964,0.379382183908046,0.04582660204631139,0.25066779698971514,133042.01388888893,4882.986111111117,137925.00000000006,1318,1,402.56666666666666,29,1,21,31.53439687668283,0.6681034482758621,42.083333333333336,1031.666666666667,35.57471264367817,0
4696,4,0,0,30,0.0,0.0,1.0,30,850,500,350,0.5882352941176471,12,5,7,408.6053541593562,0.3789750957854406,0.045121787108060696,0.2511452759932319,133149.5008680555,4881.1197916666615,138030.62065972216,1319,2,403.56666666666666,29,1,21,31.43629726820077,0.6691810344827587,41.979166666666664,1032.083333333333,35.5890804597701,0
4697,4,0,0,30,0.0,0.0,1.0,30,900,700,200,0.7777777777777778,11,7,4,410.71029580078704,0.37871168582375475,0.04549367769706736,0.25316918233690305,133257.03125,4946.006944444443,138203.03819444444,1320,3,404.56666666666666,29,1,21,31.273540489642194,0.6702586206896552,41.875,1032.5,35.60344827586207,0
4698,4,0,0,30,0.0,0.0,1.0,30,550,300,250,0.5454545454545454,8,3,5,408.0109521353325,0.37799329501915707,0.04236626317844583,0.2517869996189366,133298.66756633716,4877.46325442248,138176.13082075963,1321,4,405.56666666666666,30,0,21,31.301249511909415,0.6677083333333333,41.83467741935484,1032.6612903225807,34.42204301075269,0
4699,4,0,0,30,0.0,0.0,1.0,30,700,500,200,0.7142857142857143,9,5,4,404.71542116005315,0.37777777777777777,0.033610894266631774,0.25045432584832283,133402.78681061396,4798.033009596487,138200.81982021045,1322,5,406.56666666666666,30,0,21,31.28144244947524,0.66875,41.733870967741936,1033.0645161290324,34.43548387096775,0
4700,4,0,0,30,0.0,0.0,1.0,30,700,400,300,0.5714285714285714,10,4,6,405.43954253893736,0.3779454022988506,0.03723602619140509,0.2511372895646103,133437.5022582091,4820.1679746213495,138257.67023283045,1323,6,407.56666666666666,30,0,21,31.227776332335978,0.6690972222222222,41.700268817204304,1033.1989247311833,34.43996415770611,0
4701,4,0,0,30,0.0,0.0,1.0,30,650,400,250,0.6153846153846154,9,4,5,405.43954253893736,0.3779454022988506,0.03723602619140509,0.2511372895646103,133437.5022582091,4820.1679746213495,138257.67023283045,1324,7,408.56666666666666,30,0,21,31.227776332335978,0.6690972222222222,41.700268817204304,1033.1989247311833,34.43996415770611,0
4702,4,0,0,30,0.0,0.0,1.0,30,1250,700,550,0.56,18,7,11,411.6766604868834,0.37705938697318003,0.06426956128448635,0.23890212502270314,130972.46334876533,4783.665781850164,135756.1291306155,1325,8,409.56666666666666,29,1,20,33.562302125734945,0.6472701149425287,44.097222222222214,1023.6111111111104,35.29693486590036,8
4703,4,0,0,30,0.0,0.0,1.0,30,800,600,200,0.75,10,6,4,415.6335798617753,0.37729885057471263,0.057689178193652824,0.24209178656403882,131114.67013888896,4899.13194444445,136013.8020833334,1326,9,410.56666666666666,29,1,20,33.31638188228911,0.6487068965517242,43.958333333333336,1024.1666666666672,35.31609195402301,0
4704,4,0,0,30,0.0,0.0,1.0,30,900,800,100,0.8888888888888888,10,8,2,413.06550066022044,0.37784961685823754,0.06730786598031258,0.2423886745527622,131399.3152006173,4855.304783950621,136254.61998456792,1327,10,411.56666666666666,29,1,21,33.092883590716156,0.6515804597701149,43.68055555555556,1025.2777777777778,35.3544061302682,0
4705,4,0,0,30,0.0,0.0,1.0,30,800,700,100,0.875,9,7,2,439.33431946598415,0.37691570881226055,0.10223468782779221,0.2412542855730186,128813.37046682091,5318.426890432086,134131.797357253,1328,11,412.56666666666666,29,1,19,35.065643954941386,0.6253591954022988,46.21527777777777,1015.1388888888882,35.00478927203063,6
4706,4,1,0,31,0.03225806451612903,0.0,1.0,31,550,200,350,0.36363636363636365,9,2,7,427.82991797542087,0.3842741935483871,0.09528076463560353,0.23643232309167975,129064.77627471373,4843.554529425356,133908.33080413908,1329,0,400.2258064516129,30,1,20,35.09948192239859,0.625,45.967741935483865,1016.1290322580637,33.87096774193546,0
4707,4,0,0,31,0.0,0.0,1.0,31,650,500,150,0.7692307692307693,8,5,3,427.82991797542087,0.3842741935483871,0.09528076463560353,0.23643232309167975,129064.77627471373,4843.554529425356,133908.33080413908,1330,1,401.2258064516129,30,1,20,35.09948192239859,0.625,45.967741935483865,1016.1290322580637,33.87096774193546,0
4708,4,2,1,32,0.06060606060606061,0.030303030303030304,0.9696969696969697,33,900,600,300,0.6666666666666666,12,6,6,404.41734254962194,0.394570707070707,0.07786674103943714,0.22711822474987015,129698.28499688035,3890.519413025691,133588.80440990604,1331,0,377.8484848484849,31,2,16,35.046364352976276,0.6286962365591398,45.34505208333333,1018.619791666666,32.85870295698923,0
4709,4,2,1,33,0.058823529411764705,0.029411764705882353,0.9705882352941176,34,1000,700,300,0.7,13,7,6,413.08763547137085,0.39793152109328583,0.10016940692450804,0.22343502285788056,128210.45769585509,3856.7298041449703,132067.18750000006,1332,0,367.6764705882353,31,3,20,36.35092568783749,0.6135752688172043,46.809895833333336,1012.7604166666671,32.66969086021507,7
4710,4,1,0,34,0.029411764705882353,0.0,1.0,34,950,900,50,0.9473684210526315,10,9,1,411.7145069702137,0.3991384432560903,0.10937980973600503,0.22357379113281012,128368.35048719516,3770.2224262830255,132138.5729134782,1333,0,368.61764705882354,32,2,18,36.223419719245776,0.6126302083333333,46.6540404040404,1013.3838383838382,31.668244949494945,0
4711,4,0,0,34,0.0,0.0,1.0,34,1150,800,350,0.6956521739130435,15,8,7,416.5134171514358,0.3992869875222816,0.10918614020950868,0.22690656307503562,128496.334876543,3904.0895061728106,132400.4243827158,1334,1,369.61764705882354,32,2,19,35.9703196347032,0.6139322916666667,46.527777777777764,1013.8888888888872,31.684027777777725,0
4712,4,0,0,34,0.0,0.0,1.0,34,600,400,200,0.6666666666666666,8,4,4,421.5866412076288,0.3985256981580511,0.1174603755627952,0.23059555221942124,128656.40503838894,4047.96433399653,132704.36937238547,1335,2,370.61764705882354,32,2,19,35.67724538477495,0.6155598958333333,46.369949494949495,1014.520202020202,31.70375631313131,0
4713,4,0,0,34,0.0,0.0,1.0,34,1200,1000,200,0.8333333333333334,14,10,4,422.0037870349742,0.3974301841948901,0.11413520632133434,0.23175617812576454,128816.57483930212,4072.2164830119345,132888.79132231406,1336,3,371.61764705882354,32,2,19,35.502176616915406,0.6171875,46.21212121212121,1015.1515151515152,31.72348484848485,0
4714,4,0,0,34,0.0,0.0,1.0,34,1300,1100,200,0.8461538461538461,15,11,4,426.1576416253967,0.3967245989304813,0.11905040346158358,0.2355574656456862,129073.05377002337,4201.093638404228,133274.14740842758,1337,4,372.61764705882354,32,2,20,35.1334700132538,0.6197916666666667,45.95959595959595,1016.1616161616154,31.75505050505048,0
4715,4,0,0,34,0.0,0.0,1.0,34,1000,800,200,0.8,12,8,4,423.6092448266593,0.39635323826500296,0.1222275795564125,0.23491058122205666,129201.38888888893,4146.371862565049,133347.76075145398,1338,5,373.61764705882354,29,5,20,35.066598360655746,0.6293103448275862,45.833333333333336,1016.6666666666671,35.057471264367834,0
4716,4,0,0,34,0.0,0.0,1.0,34,750,500,250,0.6666666666666666,10,5,5,424.88861500208327,0.3946821152703506,0.13040125935682823,0.23646536597836318,129342.63117283961,4191.242283950628,133533.87345679023,1339,6,374.61764705882354,29,5,20,34.889290915710895,0.6307471264367817,45.69444444444445,1017.2222222222231,35.07662835249045,0
4717,4,0,0,34,0.0,0.0,1.0,34,1200,800,400,0.6666666666666666,16,8,8,424.639416201064,0.39481209150326796,0.13591703056768556,0.23717664953669187,129483.95061728396,4196.797839506176,133680.74845679014,1340,7,375.61764705882354,29,5,18,34.75084152110627,0.632183908045977,45.55555555555556,1017.7777777777778,35.09578544061303,0
4718,4,0,0,34,0.0,0.0,1.0,34,1150,900,250,0.782608695652174,14,9,5,423.23136642923475,0.39529486036838973,0.13275270519926163,0.23757387368894362,129680.10210717985,4176.93736270087,133857.03946988072,1341,8,376.61764705882354,30,4,18,34.58586258467495,0.63125,45.36290322580644,1018.5483870967728,33.95161290322576,0
4719,4,0,0,34,0.0,0.0,1.0,34,1250,1000,250,0.8,15,10,5,398.5678804748967,0.395257724301842,0.12007205277021638,0.21488357079806625,128080.61876657985,3420.1699776050586,131500.78874418492,1342,9,377.61764705882354,32,2,17,36.85189804997713,0.6097005208333333,46.93813131313131,1012.2474747474739,31.63273358585856,8
4720,4,0,0,34,0.0,0.0,1.0,34,1400,1000,400,0.7142857142857143,18,10,8,395.8168750446355,0.39501633986928103,0.1170348483404331,0.2144253064472053,128272.40404359245,3354.476424599523,131626.880468192,1343,10,378.61764705882354,32,2,17,36.72462503635382,0.6116536458333333,46.74873737373737,1013.0050505050501,31.656407828282816,0
4721,4,0,0,34,0.0,0.0,1.0,34,950,800,150,0.8421052631578947,11,8,3,398.0577945099916,0.3946449792038027,0.11364219289310329,0.2163310708552273,128400.34060618829,3422.151279206218,131822.4918853945,1344,11,379.61764705882354,32,2,16,36.536584859432736,0.6129557291666667,46.622474747474755,1013.5101010101022,31.672190656565693,0
4722,4,0,0,34,0.0,0.0,1.0,34,1150,1000,150,0.8695652173913043,13,10,3,401.6513417151437,0.394589275103981,0.1139403706688158,0.21881005929257827,128496.33487654319,3522.145061728397,132018.47993827157,1345,12,380.61764705882354,32,2,16,36.34703196347033,0.6139322916666667,46.52777777777778,1013.8888888888887,31.68402777777777,0
4723,4,0,0,34,0.0,0.0,1.0,34,900,500,400,0.5555555555555556,13,5,8,400.4192589794661,0.3946078431372549,0.11303007447221436,0.21866539139238955,128592.36501696253,3498.171902101828,132090.53691906435,1346,13,381.61764705882354,32,2,16,36.27977301962739,0.6149088541666667,46.43308080808081,1014.2676767676766,31.695864898989893,0
4724,4,0,0,34,0.0,0.0,1.0,34,650,200,450,0.3076923076923077,11,2,9,398.30920184677404,0.39427361853832443,0.11459789889820282,0.21786347425723823,128656.40503838894,3449.0060006631957,132105.41103905212,1347,14,382.61764705882354,32,2,16,36.267631196847134,0.6155598958333333,46.369949494949495,1014.520202020202,31.70375631313131,0
4725,4,0,0,34,0.0,0.0,1.0,34,700,500,200,0.7142857142857143,9,5,4,398.2933052080262,0.3947192513368984,0.14474044207646397,0.20061999405361108,125306.56027729709,3209.2093528430173,128515.7696301401,1348,15,383.61764705882354,33,1,15,39.72409220726233,0.5789141414141414,49.69362745098039,1001.2254901960775,30.340166369578107,8
4726,4,2,0,36,0.05555555555555555,0.0,1.0,36,700,400,300,0.5714285714285714,10,4,6,384.1860130985022,0.4044312169312169,0.1483467896962709,0.1961656497976451,125869.56259645059,2471.4650848765395,128341.02768132713,1349,0,363.25,35,1,17,39.4939446366782,0.5803571428571428,49.13194444444444,1003.4722222222221,28.670634920634917,0
4727,4,4,2,38,0.1,0.05,0.95,40,800,500,300,0.625,11,5,6,355.19471062480966,0.4189636752136752,0.15884113166485325,0.18610258783591802,126926.22369382886,1016.9457856690924,127943.16947949794,1350,0,327.825,37,3,18,39.13311570547697,0.5872747747747749,48.08114035087719,1007.6754385964912,27.23447131341868,0
4728,4,1,0,39,0.02564102564102564,0.0,1.0,39,850,500,350,0.5882352941176471,12,5,7,362.95377130089577,0.41613247863247865,0.16720393644307885,0.1897812348856762,126843.3691736881,1407.6558412203808,128251.02501490847,1351,0,337.1794871794872,37,2,19,39.02287199303363,0.5864301801801801,48.16337719298246,1007.3464912280706,27.225580844001907,0
4729,4,0,0,39,0.0,0.0,1.0,39,1000,400,600,0.4,16,4,12,362.71767225813153,0.41548582995951416,0.16875645210792123,0.19004420798473373,126926.22369382886,1407.6768813481042,128333.90057517696,1352,1,338.1794871794872,37,2,19,38.94359811389191,0.5872747747747749,48.08114035087719,1007.6754385964912,27.23447131341868,0
4730,4,2,1,40,0.04878048780487805,0.024390243902439025,0.975609756097561,41,1250,1000,250,0.8,15,10,5,345.6690402805821,0.42098577235772355,0.16484787528287614,0.18423020278690377,127617.73003472229,623.1324782625463,128240.86251298484,1353,0,322.6341463414634,35,6,17,38.66408934707903,0.5982142857142857,47.395833333333336,1010.4166666666673,28.869047619047638,0
4731,4,1,0,41,0.024390243902439025,0.0,1.0,41,800,500,300,0.625,11,5,6,346.8278514133282,0.4223069105691057,0.17042200718286926,0.18556736889087377,127774.23327043267,663.1325582339159,128437.36582866659,1354,0,323.609756097561,36,5,18,38.47460458899531,0.5978009259259259,47.240990990990994,1011.0360360360366,28.08433433433435,0
4732,4,0,1,40,0.0,0.024390243902439025,0.975609756097561,41,750,500,250,0.6666666666666666,10,5,5,346.1746221496915,0.4221544715447154,0.16893910587212746,0.18548019730932172,127831.16731596473,650.3812089116259,128481.54852487636,1355,1,324.609756097561,36,5,19,38.43286005939123,0.5983796296296297,47.18468468468469,1011.2612612612622,28.09059059059062,0
4733,4,0,2,38,0.0,0.05,0.95,40,1350,900,450,0.6666666666666666,18,9,9,352.5766694828114,0.4200854700854701,0.16878968474991662,0.18850987265915412,127745.77100326677,1008.0356961691381,128753.80669943591,1356,2,333.625,36,4,19,38.358443800824325,0.5975115740740741,47.26914414414414,1010.9234234234233,28.081206206206204,0
4734,4,2,1,39,0.05,0.025,0.975,40,1450,1200,250,0.8275862068965517,17,12,5,344.4705368563282,0.4223691239316239,0.163246746022917,0.18574958943020606,128087.52745566508,824.4758694505263,128912.00332511561,1357,0,324.15,36,4,21,38.213835428486675,0.6009837962962963,46.931306306306304,1012.2747747747745,28.118743743743735,0
4735,4,0,0,39,0.0,0.0,1.0,39,1000,700,300,0.7,13,7,6,351.9862319392557,0.41908457040035985,0.1655992680695335,0.1895177101032546,128027.37054183825,1212.7743484225107,129240.14489026075,1358,1,333.2564102564103,35,4,21,38.08516315949984,0.6023809523809525,46.99074074074075,1012.037037037038,28.915343915343943,0
4736,4,1,0,40,0.025,0.0,1.0,40,950,800,150,0.8421052631578947,11,8,3,343.36493536065734,0.4217948717948718,0.15719048677483882,0.18634485454615182,128344.14439777622,813.7757690122643,129157.92016678849,1359,0,325.9,36,4,22,37.979736237682445,0.603587962962963,46.67792792792793,1013.2882882882889,28.146896896896912,0
4737,4,0,1,39,0.0,0.025,0.975,40,1700,1500,200,0.8823529411764706,19,15,4,344.1111556443064,0.4216880341880342,0.15688429935598514,0.18782212531712864,128572.46393352808,848.6438296404496,129421.10776316853,1360,1,326.9,36,4,17,37.72785735435635,0.6059027777777778,46.4527027027027,1014.1891891891889,28.171921921921914,0
4738,4,1,0,40,0.025,0.0,1.0,40,1050,800,250,0.7619047619047619,13,8,5,346.16847845530805,0.4223691239316239,0.15838697147930314,0.1896245689581022,128715.26668137734,911.4336042123239,129626.70028558966,1361,0,327.85,36,4,19,37.53005585765545,0.607349537037037,46.31193693693694,1014.7522522522524,28.18756256256257,0
4739,4,0,1,39,0.0,0.025,0.975,40,1000,600,400,0.6,14,6,8,343.94537877648645,0.4219017094017094,0.1537322537710737,0.18908606921029286,128858.14868922981,864.0329518707963,129722.18164110061,1362,1,328.85,36,4,20,37.440845903578825,0.6087962962962963,46.171171171171174,1015.3153153153157,28.203203203203216,0
4740,4,1,0,40,0.025,0.0,1.0,40,1400,1100,300,0.7857142857142857,17,11,6,346.8767606398359,0.4214476495726496,0.15790100875734425,0.19138686591632773,129001.10995708541,949.4974281714111,129950.60738525682,1363,0,329.7,36,4,21,37.22079037800688,0.6102430555555556,46.0304054054054,1015.878378378378,28.218843843843832,0
4741,4,1,0,41,0.024390243902439025,0.0,1.0,41,1350,1200,150,0.8888888888888888,15,12,3,338.1990358103106,0.42301829268292684,0.14189123577050777,0.18852934202970442,129407.39300679434,553.401807537474,129960.79481433182,1364,0,322.6341463414634,35,6,22,37.028044780646866,0.6163690476190475,45.63078703703703,1017.4768518518513,29.07076719576718,0
4742,4,0,2,39,0.0,0.04878048780487805,0.9512195121951219,41,550,300,250,0.5454545454545454,8,3,5,337.5098454112869,0.4229928861788618,0.14380121743229912,0.18870941451953374,129525.18332315235,543.2049200531428,130068.3882432055,1365,1,323.6341463414634,35,6,17,36.92592855789273,0.6175595238095238,45.51504629629629,1017.9398148148142,29.08399470899469,0
4743,4,0,0,39,0.0,0.0,1.0,39,1050,800,250,0.7619047619047619,13,8,5,345.33420654561485,0.41981556455240665,0.14337042999463412,0.19265091014905106,129436.83556241429,1139.793381344313,130576.6289437586,1366,3,331.9230769230769,35,4,18,36.81661358811042,0.6166666666666667,45.601851851851855,1017.5925925925927,29.074074074074076,0
4744,4,0,0,39,0.0,0.0,1.0,39,1350,1000,350,0.7407407407407407,17,10,7,344.74594276339405,0.41956252811515965,0.1397265307193658,0.19246673490276356,129466.28146701399,1126.5950520833424,130592.87651909734,1367,4,332.9230769230769,35,4,18,36.8016461958376,0.6169642857142856,45.57291666666667,1017.7083333333342,29.077380952380977,0
4745,4,0,0,39,0.0,0.0,1.0,39,1000,700,300,0.7,13,7,6,343.20639957389614,0.4198436797121008,0.1389484118307316,0.19189448723791583,129525.18332315245,1090.7743644976022,130615.95768765005,1368,5,333.9230769230769,35,4,18,36.78095982565851,0.6175595238095238,45.5150462962963,1017.939814814815,29.083994708994716,0
4746,4,0,0,39,0.0,0.0,1.0,39,1000,600,400,0.6,14,6,8,344.3440022146431,0.4200123706702654,0.1315916787614908,0.19296423767416748,129613.56122470846,1126.3304826817553,130739.89170739023,1369,6,334.9230769230769,35,4,18,36.66221489732516,0.618452380952381,45.42824074074074,1018.2870370370367,29.093915343915334,0
4747,4,0,1,38,0.0,0.02564102564102564,0.9743589743589743,39,1200,1000,200,0.8333333333333334,14,10,4,339.98505661132566,0.4192813765182186,0.12732662268471318,0.19130502439174601,129774.47041636237,1024.2761342423578,130798.74655060473,1370,7,335.9230769230769,36,3,19,36.60984011199529,0.6180555555555556,45.270270270270274,1018.9189189189193,28.303303303303313,0
4748,4,1,0,39,0.02564102564102564,0.0,1.0,39,1350,1000,350,0.7407407407407407,17,10,7,356.5148653768386,0.4168915879442195,0.1817581515263742,0.1845816963872785,126439.93391618003,1276.7319261829757,127716.665842363,1371,0,336.71794871794873,36,3,19,39.60012876497593,0.5842013888888888,48.56418918918921,1005.7432432432461,27.93731231231239,8
4749,4,3,0,42,0.07142857142857142,0.0,1.0,42,1300,1000,300,0.7692307692307693,16,10,6,358.1911355701254,0.4264300232288037,0.14809093789607153,0.18116205510565953,125476.64399092962,745.7006061494385,126222.34459707905,1372,0,313.5952380952381,34,8,17,40.55197441381496,0.5784313725490196,49.52380952380952,1001.9047619047611,29.467787114845915,8
4750,4,3,2,43,0.06666666666666667,0.044444444444444446,0.9555555555555556,45,950,600,350,0.631578947368421,13,6,7,338.91875659066926,0.4342592592592593,0.15071557542928438,0.17507301854534318,126346.8101362917,-435.7392418821481,125911.07089440954,1373,0,293.6222222222222,37,8,17,40.13830570400262,0.5813626126126126,48.65679824561402,1005.3728070175418,27.17223802750113,0
4751,4,1,2,42,0.022727272727272728,0.045454545454545456,0.9545454545454546,44,1450,1200,250,0.8275862068965517,17,12,5,358.73648200793656,0.42920850951374206,0.17999206478391816,0.1863761164664487,126581.54776398005,281.8838263939447,126863.43159037399,1374,0,301.0,36,8,18,39.398453819755304,0.5856481481481481,48.423423423423415,1006.306306306305,27.952952952952916,0
4752,4,0,0,42,0.0,0.0,1.0,42,1800,1300,500,0.7222222222222222,23,13,10,371.0584363292601,0.42586140147115753,0.19033530571992108,0.19235851453878813,126492.5240929704,987.2236394557617,127479.74773242616,1375,1,315.85714285714283,34,8,18,39.18022682445757,0.5888480392156863,48.51190476190475,1005.9523809523799,29.58683473389353,0
4753,4,1,0,43,0.023255813953488372,0.0,1.0,43,1250,900,350,0.72,16,9,7,363.83488813227603,0.4278100775193798,0.19398650668815853,0.19021058295401558,126836.65242522916,629.5198492411148,127466.17227447027,1376,0,309.48837209302326,36,7,19,39.007592696105824,0.5882523148148149,48.170045045045036,1007.3198198198188,27.98110610610608,0
4754,4,0,0,43,0.0,0.0,1.0,43,1050,800,250,0.7619047619047619,13,8,5,365.71842327018516,0.4271179401993355,0.20502013771599348,0.19186283049637498,126978.48820103887,687.6744988231475,127666.16269986202,1377,1,310.48837209302326,36,7,20,38.81424581005587,0.5896990740740741,48.02927927927928,1007.8828828828828,27.996746746746744,0
4755,4,5,2,46,0.10416666666666667,0.041666666666666664,0.9583333333333334,48,1350,1000,350,0.7407407407407407,17,10,7,331.15243341908746,0.4359301122931442,0.20336342283029896,0.17894012258293193,128170.89979383671,-1105.798758931028,127065.10103490569,1378,0,279.0416666666667,39,9,16,38.46579998628398,0.5964209401709402,46.84895833333333,1012.6041666666658,25.96420940170938,0
4756,4,1,2,45,0.02127659574468085,0.0425531914893617,0.9574468085106383,47,1500,1100,400,0.7333333333333333,19,11,8,342.2782056439138,0.43555349984582176,0.21295899334026158,0.18508015466620992,128198.62349559872,-624.0810367813517,127574.54245881736,1379,0,285.9574468085106,38,9,18,38.15583570700143,0.5984100877192983,46.8215811965812,1012.7136752136757,26.6503598740441,0
4757,4,4,5,44,0.08163265306122448,0.10204081632653061,0.8979591836734694,49,1250,900,350,0.72,16,9,7,327.2674030674158,0.43815547052154197,0.21015058014400512,0.18030377211994245,128943.21852898416,-1360.2175457730095,127583.00098321115,1380,0,272.9591836734694,40,9,13,37.777666599959986,0.6026041666666666,46.087398373983746,1015.6504065040657,25.391260162601643,0
4758,4,1,1,44,0.022222222222222223,0.022222222222222223,0.9777777777777777,45,1500,1000,500,0.6666666666666666,20,10,10,351.8051851851853,0.4334175084175084,0.22226172839506164,0.19119847020933978,128401.20525931334,34.44195885074083,128435.64721816409,1381,0,297.9555555555556,36,9,13,37.70763888888889,0.6041666666666667,46.62162162162162,1013.5135135135133,28.15315315315315,0
4759,4,1,0,45,0.022222222222222223,0.0,1.0,45,1100,700,400,0.6363636363636364,15,7,8,352.1122357527948,0.4320496632996633,0.22439385526559352,0.19205152531519765,128543.91289515856,52.37691238534677,128596.2898075439,1382,0,298.93333333333334,36,9,16,37.55413659078289,0.6056134259259259,46.48085585585585,1014.0765765765757,28.168793793793768,0
4760,4,0,1,44,0.0,0.022222222222222223,0.9777777777777777,45,1250,1000,250,0.8,15,10,5,350.0035839422523,0.43190235690235695,0.21911932466347284,0.19151881503356938,128672.41753472218,7.161458333329449,128679.5789930555,1383,1,299.93333333333334,37,8,16,37.47647159479809,0.6050112612612613,46.354166666666664,1014.5833333333329,27.42117117117116,0
4761,4,0,1,43,0.0,0.022727272727272728,0.9772727272727273,44,1450,1200,250,0.8275862068965517,17,12,5,352.95667324466933,0.4313667195207893,0.22184561998143915,0.19348208876404857,128743.8367421475,288.1992634526389,129032.03600560014,1384,2,306.59090909090907,36,8,16,37.32870062139369,0.6076388888888888,46.28378378378378,1014.8648648648644,28.19069069069068,0
4762,4,0,0,43,0.0,0.0,1.0,43,1750,1400,350,0.8,21,14,7,366.44167691586034,0.4296327057954965,0.22240630064306988,0.20087423311227093,128743.83674214764,835.4214856748758,129579.25822782252,1385,3,313.93023255813955,36,7,16,36.986564210682054,0.6076388888888888,46.28378378378379,1014.8648648648657,28.190690690690715,0
4763,4,0,1,42,0.0,0.023255813953488372,0.9767441860465116,43,1200,800,400,0.6666666666666666,16,8,8,368.17545510737955,0.42891749723145073,0.22752943724953156,0.20269879451516182,128915.32368517175,892.6915936206577,129808.01527879242,1386,4,314.93023255813955,36,7,16,36.767437347527164,0.609375,46.11486486486487,1015.5405405405413,28.20945945945948,0
4764,4,1,0,43,0.023255813953488372,0.0,1.0,43,1000,800,200,0.8,12,8,4,369.63331783755854,0.4301633444075304,0.24130193399130784,0.20482995458070247,129172.76810171665,949.3117695398191,130122.07987125647,1387,0,315.6046511627907,36,7,17,36.46768029245597,0.6119791666666667,45.86148648648649,1016.5540540540545,28.237612612612626,0
4765,4,1,1,43,0.022727272727272728,0.022727272727272728,0.9772727272727273,44,1200,900,300,0.75,15,9,6,361.7563582830738,0.43212649753347426,0.23631887090446368,0.2019266343300888,129459.11864144554,566.5350316532792,130025.65367309883,1388,0,309.40909090909093,36,8,14,36.37614805798384,0.6148726851851851,45.57995495495496,1017.6801801801805,28.268893893893903,0
4766,4,0,0,43,0.0,0.0,1.0,43,1150,900,250,0.782608695652174,14,9,5,372.74486821786377,0.42974806201550386,0.2385156066061216,0.20778694587845542,129407.39300679445,1047.188330546985,130454.58133734143,1389,2,317.6046511627907,35,8,19,36.149305160580894,0.6163690476190475,45.63078703703704,1017.4768518518522,29.070767195767207,0
4767,4,0,0,43,0.0,0.0,1.0,43,1250,800,450,0.64,17,8,9,372.3593532296017,0.4297942045035068,0.2385975117997805,0.20819456526728214,129525.18332315248,1045.9826978309354,130571.16602098341,1390,3,318.6046511627907,35,8,15,36.039061019518655,0.6175595238095238,45.5150462962963,1017.9398148148152,29.08399470899472,0
4768,4,0,1,42,0.0,0.023255813953488372,0.9767441860465116,43,1100,700,400,0.6363636363636364,15,7,8,372.4724889168379,0.4299095607235142,0.24103786801440097,0.20872693996753752,129613.56122470848,1055.4971493484218,130669.0583740569,1391,4,319.6046511627907,35,8,15,35.94614306281731,0.618452380952381,45.42824074074074,1018.2870370370368,29.093915343915338,0
4769,4,0,1,41,0.0,0.023809523809523808,0.9761904761904762,42,1550,1200,350,0.7741935483870968,19,12,7,382.633595301205,0.4276277584204413,0.24080137199875296,0.21415461433350136,129564.7392290248,1515.1643990929533,131079.90362811775,1392,5,327.3333333333333,34,8,16,35.73725444340506,0.6200980392156863,45.47619047619047,1018.0952380952369,29.94397759103638,0
4770,4,0,0,41,0.0,0.0,1.0,41,900,500,400,0.5555555555555556,13,5,8,363.4847318956516,0.42444105691056916,0.2085956377111522,0.19811238050777538,128515.36502718947,1144.5488916591805,129659.91391884866,1393,6,336.0731707317073,36,5,18,37.294998519176644,0.6053240740740741,46.50900900900901,1013.9639639639649,28.165665665665692,8
4771,4,1,0,42,0.023809523809523808,0.0,1.0,42,1000,700,300,0.7,13,7,6,355.3909575997891,0.4271438250096787,0.20614684940527672,0.19487551561277525,128755.86718990449,751.7341874422773,129507.60137734676,1394,0,329.04761904761904,37,5,19,37.25466364160184,0.6058558558558558,46.2719298245614,1014.9122807017536,27.430061640587937,0
4772,4,0,0,42,0.0,0.0,1.0,42,1250,1000,250,0.8,15,10,5,355.63626303191097,0.4269260549748355,0.21227994383842774,0.19542054358530947,128839.3438966798,763.9885589796929,129603.33245565949,1395,1,330.04761904761904,37,5,19,37.16327807178602,0.6067004504504505,46.189692982456144,1015.2412280701758,27.438952110004752,0
4773,4,0,0,42,0.0,0.0,1.0,42,1300,1000,300,0.7692307692307693,16,10,6,361.55739189539725,0.42707123499806426,0.21524189941549343,0.19923296377912345,128950.68825263545,924.6149055478621,129875.3031581833,1396,2,331.04761904761904,37,5,19,36.89938015041923,0.6078265765765766,46.08004385964912,1015.6798245614036,27.450806069227124,0
4774,4,2,0,44,0.045454545454545456,0.0,1.0,44,1050,600,450,0.5714285714285714,15,6,9,350.6142996985641,0.43046379492600423,0.2636267560527774,0.19090993454175023,128476.21882086174,244.60257051228245,128720.82139137403,1397,0,316.95454545454544,34,10,16,37.661216142163774,0.6090686274509804,46.54761904761905,1013.8095238095243,29.817927170868362,8
4775,4,0,0,44,0.0,0.0,1.0,44,1350,800,550,0.5925925925925926,19,8,11,352.8841279287618,0.4300673890063425,0.2664852752880922,0.19272902371493916,128596.93877551024,275.96371882086595,128872.90249433111,1398,1,317.95454545454544,34,10,16,37.480438184663534,0.6102941176470589,46.42857142857143,1014.2857142857146,29.83193277310925,0
4776,4,0,0,44,0.0,0.0,1.0,44,1450,1200,250,0.8275862068965517,17,12,5,355.57657742881463,0.4295608703312192,0.25890429218874966,0.19493828441033095,128747.91843820873,355.94883786849516,129103.86727607722,1399,2,318.95454545454544,34,10,17,37.25806451612903,0.6118259803921569,46.27976190476191,1014.8809523809533,29.84943977591039,0
4777,4,0,1,43,0.0,0.022727272727272728,0.9772727272727273,44,850,600,250,0.7058823529411765,11,6,5,356.818704957884,0.42946176885130377,0.26336898395721886,0.1961161453565515,128848.62075617301,395.1195987654502,129243.74035493846,1400,3,319.95454545454544,35,9,18,37.123803009575916,0.6107142857142858,46.180555555555564,1015.2777777777792,29.00793650793655,0
4778,4,0,0,43,0.0,0.0,1.0,43,1600,1300,300,0.8125,19,13,6,360.9778757713252,0.4275562938353636,0.26405493258868207,0.19835176060424362,128838.54875283444,701.5731292516994,129540.12188208614,1401,4,328.25581395348837,34,9,18,37.02851391494684,0.6127450980392157,46.19047619047619,1015.2380952380951,29.85994397759103,0
4779,4,0,0,43,0.0,0.0,1.0,43,1200,700,500,0.5833333333333334,17,7,10,360.63642340565394,0.42665651531930604,0.2696720333929634,0.19865565696074183,128936.76757812513,699.8589409722367,129636.62651909736,1402,5,329.25581395348837,35,8,18,36.936965811965806,0.6116071428571428,46.09375000000001,1015.625000000001,29.01785714285717,0
4780,4,1,0,44,0.022727272727272728,0.0,1.0,44,1550,1200,350,0.7741935483870968,19,12,7,353.1496651889772,0.42851479915433405,0.2702888839252473,0.19689303250947088,129413.28124999999,340.99392361111,129754.2751736111,1403,0,322.75,34,10,19,36.641755391755396,0.6185661764705883,45.625,1017.4999999999999,29.92647058823529,0
4781,4,0,0,44,0.0,0.0,1.0,44,1200,800,400,0.6666666666666666,16,8,8,357.1055472368285,0.42787614517265676,0.2814313346228241,0.20017567831348793,129625.34722222196,457.9861111110775,130083.33333333304,1404,1,323.75,34,10,17,36.32535460992907,0.6207107843137255,45.41666666666665,1018.3333333333312,29.9509803921568,0
4782,4,1,0,45,0.022222222222222223,0.0,1.0,45,1600,1200,400,0.75,20,12,8,346.50194150970054,0.4293350168350168,0.2790796245837124,0.19564032697547662,129908.37191357995,2.7006172839151645,129911.07253086386,1405,0,317.53333333333336,35,10,18,36.30790190735695,0.6214285714285714,45.13888888888887,1019.444444444442,29.126984126984055,0
4783,4,0,0,45,0.0,0.0,1.0,45,1200,800,400,0.6666666666666666,16,8,8,410.3716437098257,0.42889309764309763,0.37777239057239087,0.21955681326887547,127772.55893166078,1633.9341973172566,129406.49312897804,1406,1,318.53333333333336,33,12,17,36.87020202020201,0.6041666666666667,47.24264705882352,1011.029411764705,30.637254901960755,8
4784,4,3,1,47,0.0625,0.020833333333333332,0.9791666666666666,48,900,600,300,0.6666666666666666,12,6,6,388.3086422754221,0.43772163120567376,0.38809976653383305,0.21281163909217526,128734.59314025847,399.3729875528575,129133.96612781132,1407,0,299.5625,33,15,18,36.441225898643495,0.6139520202020202,46.29289215686274,1014.8284313725483,30.75237670825904,0
4785,4,0,1,46,0.0,0.02127659574468085,0.9787234042553191,47,1800,1500,300,0.8333333333333334,21,15,6,401.6992703728699,0.4353415047795251,0.3928864006985193,0.22084130424945117,128858.98940611795,952.5124050846008,129811.50181120256,1408,1,306.93617021276594,33,14,18,35.97402434117884,0.6152146464646464,46.17034313725491,1015.3186274509814,30.767231134878223,0
4786,4,0,0,46,0.0,0.0,1.0,46,1650,1300,350,0.7878787878787878,20,13,7,408.28920982548647,0.43505434782608693,0.3934236562395248,0.2245869921625557,128880.67065860634,1324.1174369962328,130204.78809560258,1409,2,311.30434782608694,32,14,18,35.78452706623559,0.6178385416666667,46.1489898989899,1015.404040404041,31.73137626262628,0
4787,4,0,0,46,0.0,0.0,1.0,46,1950,1400,550,0.717948717948718,25,14,11,404.9504543023074,0.4350442834138486,0.3953868259453672,0.2236804941119542,129045.69644187341,1251.4226799788637,130297.11912185227,1410,3,312.30434782608694,33,13,19,35.700232179471726,0.6171085858585859,45.98651960784314,1016.0539215686282,30.789512774806916,0
4788,4,0,1,45,0.0,0.021739130434782608,0.9782608695652174,46,1250,800,450,0.64,17,8,9,403.30328021144084,0.4347020933977456,0.39209250601915313,0.2240141116429617,129265.5803616978,1226.7403798004598,130492.32074149826,1411,4,313.30434782608694,32,14,19,35.51703087492757,0.6217447916666667,45.77020202020202,1016.919191919192,31.77872474747475,0
4789,4,0,0,45,0.0,0.0,1.0,45,1250,600,650,0.48,19,6,13,386.9107705752006,0.4343223905723906,0.32312352576039727,0.20298073837327338,126978.48820103878,825.8689432675768,127804.35714430636,1412,5,318.0,36,9,15,38.28026070763501,0.5896990740740741,48.02927927927927,1007.8828828828821,27.996746746746723,8
4790,4,0,1,44,0.0,0.022222222222222223,0.9777777777777777,45,1250,800,450,0.64,17,8,9,387.12425801239607,0.43489057239057244,0.3201395446437938,0.20396248220653104,127152.0408163265,844.8293439606103,127996.8701602871,1413,6,319.0,34,11,16,38.09608120868742,0.5955882352941176,47.857142857142854,1008.5714285714283,29.66386554621848,0
4791,4,0,0,44,0.0,0.0,1.0,44,1550,1000,550,0.6451612903225806,21,10,11,394.4697861483892,0.4331175123326286,0.32844761873197936,0.20768342099904624,127122.90833153109,1229.2292928200618,128352.13762435115,1414,7,327.02272727272725,33,11,16,37.94089500546846,0.5975378787878788,47.8860294117647,1008.4558823529406,30.559269162210324,0
4792,4,1,0,45,0.022222222222222223,0.0,1.0,45,950,600,350,0.631578947368421,13,6,7,378.53226972831146,0.43575336700336703,0.31741168460470903,0.20151975162574948,127572.62613378669,658.0711451247006,128230.6972789114,1415,0,320.73333333333335,34,11,14,37.88028321156414,0.5998774509803921,47.44047619047618,1010.2380952380939,29.712885154061585,0
4793,4,0,0,45,0.0,0.0,1.0,45,1350,600,750,0.4444444444444444,21,6,15,379.612403423414,0.4355429292929293,0.3165554246826334,0.2026986984317472,127692.92091836718,694.763321995447,128387.68424036262,1416,1,321.73333333333335,34,11,16,37.729436592069106,0.6011029411764706,47.32142857142856,1010.7142857142843,29.72689075630248,0
4794,4,1,0,46,0.021739130434782608,0.0,1.0,46,1000,600,400,0.6,14,6,8,371.2134023663482,0.4372584541062802,0.3112261645429857,0.19957857094013629,127968.81028163574,300.747492283942,128269.55777391969,1417,0,315.7173913043478,35,11,17,37.65871654083733,0.6017857142857144,47.04861111111111,1011.8055555555551,28.908730158730144,0
4795,4,1,0,47,0.02127659574468085,0.0,1.0,47,900,400,500,0.4444444444444444,14,4,10,361.7528235839747,0.4384057971014493,0.30553617257814625,0.1959040727355722,128258.57688347141,-120.4195327083768,128138.15735076304,1418,0,309.97872340425533,36,11,20,37.601445247359656,0.6027199074074074,46.76238738738739,1012.9504504504512,28.137512512512533,0
4796,4,0,1,46,0.0,0.02127659574468085,0.9787234042553191,47,1350,900,450,0.6666666666666666,18,9,9,361.0031183035007,0.43773126734505086,0.3045793246222894,0.19661893975114442,128486.82032962011,-123.17144002110311,128363.648889599,1419,1,310.97872340425533,36,11,12,37.38707467881078,0.6050347222222222,46.53716216216216,1013.8513513513509,28.162537537537524,0
4797,4,2,1,47,0.041666666666666664,0.020833333333333332,0.9791666666666666,48,1750,1300,450,0.7428571428571429,22,13,9,356.4275688765266,0.44087987588652483,0.307020030234316,0.1961304643710938,128895.01006319237,-411.6529845721954,128483.35707862017,1420,0,305.4375,37,11,16,37.08641525393225,0.6072635135135135,46.13486842105262,1015.4605263157882,27.4448790896159,0
4798,4,2,3,46,0.04081632653061224,0.061224489795918366,0.9387755102040817,49,1450,900,550,0.6206896551724138,20,9,11,298.11433405795793,0.4420528628117914,0.17592879130902173,0.1675054980155249,129718.50419723685,-2065.810901249281,127652.69329598757,1421,0,300.1020408163265,40,9,13,37.73298250864593,0.6104166666666666,45.32520325203251,1018.6991869918679,25.4674796747967,8
4799,4,0,1,45,0.0,0.021739130434782608,0.9782608695652174,46,1000,600,400,0.6,14,6,8,309.46164848255034,0.43615136876006444,0.07198922662562479,0.1715059781342373,129177.32119669701,-1204.9146471820588,127972.40654951496,1422,1,320.5217391304348,43,3,16,37.99225663716814,0.6005329457364341,45.85700757575757,1016.5719696969691,23.64120859760393,8
4800,4,1,0,46,0.021739130434782608,0.0,1.0,46,1650,1000,650,0.6060606060606061,23,10,13,330.8858131487891,0.4360507246376812,0.05232736572890051,0.17800819061801926,127993.90589569148,-694.2083846494985,127299.69751104199,1423,0,321.45652173913044,41,5,15,38.65318627450981,0.5914634146341464,47.02380952380952,1011.9047619047609,24.680603948896607,8
4801,4,3,2,47,0.061224489795918366,0.04081632653061224,0.9591836734693877,49,1300,1000,300,0.7692307692307693,16,10,6,316.368542411838,0.44302721088435376,0.05957142095360002,0.17332337937041187,128720.46100206606,-1655.2904977418018,127065.17050432425,1424,0,302.7142857142857,43,6,13,38.28076396665424,0.5959302325581395,46.30681818181818,1014.7727272727269,23.599365750528534,0
4802,4,0,1,46,0.0,0.02127659574468085,0.9787234042553191,47,1650,1300,350,0.7878787878787878,20,13,7,327.4483151784255,0.43882978723404253,0.05157003875662425,0.178611348866268,128546.63190507666,-981.524392164293,127565.10751291236,1425,1,316.59574468085106,41,6,13,38.176645144459656,0.5970528455284553,46.478174603174594,1014.0873015873001,24.73383662408049,0
4803,4,1,1,46,0.02127659574468085,0.02127659574468085,0.9787234042553191,47,1400,1000,400,0.7142857142857143,18,10,8,328.04115252268326,0.43832870798643236,0.05929767908684602,0.18087309427462345,128974.5540143142,-938.2077310090524,128036.34628330515,1426,0,317.1489361702128,41,6,16,37.726157339583956,0.6013719512195121,46.05654761904763,1015.7738095238107,24.774970963995383,0
4804,4,1,0,47,0.02127659574468085,0.0,1.0,47,1100,900,200,0.8181818181818182,13,9,4,331.3612968365813,0.43832870798643236,0.06586710694370912,0.18340337580177074,129125.75511975623,-842.5444657029489,128283.21065405328,1427,0,318.02127659574467,41,6,18,37.48810395314787,0.6028963414634146,45.907738095238095,1016.3690476190476,24.789488966318235,0
4805,4,3,2,48,0.06,0.04,0.96,50,1050,900,150,0.8571428571428571,12,9,3,313.1482553061401,0.4432482993197279,0.08039719626168185,0.17635191219872107,129807.25623582775,-1870.150403911559,127937.1058319162,1428,0,299.88,41,9,14,37.26027063862928,0.6097560975609756,45.23809523809524,1019.0476190476197,24.854819976771214,0
4806,4,1,0,49,0.02040816326530612,0.0,1.0,49,1850,1300,550,0.7027027027027027,24,13,11,318.0111216420561,0.440547052154195,0.07677230660889056,0.17903972581161684,129796.16057117129,-1544.6754783858794,128251.48509278541,1429,0,306.9591836734694,40,9,17,37.14761809780261,0.6111979166666667,45.2489837398374,1019.0040650406506,25.475101626016265,0
4807,4,0,1,48,0.0,0.02040816326530612,0.9795918367346939,49,1200,800,400,0.6666666666666666,16,8,8,320.19010459457195,0.44052933673469385,0.07759131172660516,0.18050514665424183,129847.94439693642,-1484.7946204309508,128363.14977650547,1430,1,307.9591836734694,40,9,18,37.03966829527703,0.61171875,45.19817073170732,1019.2073170731712,25.48018292682928,0
4808,4,1,2,47,0.02040816326530612,0.04081632653061224,0.9591836734693877,49,1200,800,400,0.6666666666666666,16,8,8,316.4891283468131,0.44084821428571425,0.0801321111988853,0.1793903648104704,130060.1192444571,-1567.477245527835,128492.64199892928,1431,0,308.85714285714283,41,8,19,36.919292614925745,0.6122967479674797,44.99007936507937,1020.0396825396831,24.879016647309342,0
4809,4,0,0,47,0.0,0.0,1.0,47,1150,600,550,0.5217391304347826,17,6,11,326.29861627373407,0.4401210299105766,0.09040652525713289,0.18528086645804204,130129.69970703125,-907.7718098958333,129221.92789713542,1432,1,320.2340425531915,39,8,21,36.59871107708014,0.6161858974358974,44.921875,1020.3125,26.161858974358974,0
4810,4,0,0,47,0.0,0.0,1.0,47,1150,800,350,0.6956521739130435,15,8,7,321.69929196168243,0.4401017576318224,0.08892748588797206,0.18329378262933094,130262.58680555565,-1018.9236111111026,129243.66319444454,1433,2,321.2340425531915,39,8,21,36.58163265306122,0.6175213675213675,44.79166666666667,1020.8333333333342,26.175213675213698,0
4811,4,0,0,47,0.0,0.0,1.0,47,1450,1000,450,0.6896551724137931,19,10,9,322.5716254524354,0.4394850447116867,0.08548024220737149,0.18456656558651932,130426.23325525982,-985.6395874424595,129440.59366781736,1434,3,322.2340425531915,38,9,21,36.39394414810165,0.6208881578947368,44.63141025641026,1021.47435897436,26.88090418353579,0
4812,4,0,2,45,0.0,0.0425531914893617,0.9574468085106383,47,1050,700,350,0.6666666666666666,14,7,7,316.66237463355793,0.4396392229417206,0.059706581148318394,0.17344343448799088,128711.08596280315,-1245.3008393105363,127465.7851234926,1435,4,323.2340425531915,40,7,15,38.282840928058754,0.6002604166666667,46.3160569105691,1014.7357723577229,25.368394308943074,8
4813,4,1,1,45,0.021739130434782608,0.021739130434782608,0.9782608695652174,46,1100,600,500,0.5454545454545454,16,6,10,323.5647612301619,0.4388385668276973,-0.030265985678364027,0.17826384915844762,128943.21852898409,-854.7715686760548,128088.44696030804,1436,0,324.1304347826087,40,6,19,37.871681342138615,0.6026041666666666,46.08739837398374,1015.6504065040651,25.39126016260163,8
4814,4,0,1,44,0.0,0.022222222222222223,0.9777777777777777,45,1500,1000,500,0.6666666666666666,20,10,10,325.9947848741582,0.43737373737373736,-0.019732835455980036,0.18007159442938306,129046.45568940444,-586.3056877520021,128460.15000165244,1437,1,332.0444444444444,40,5,19,37.705041008201626,0.6036458333333333,45.985772357723576,1016.0569105691056,25.40142276422764,0
4815,4,1,2,43,0.022222222222222223,0.044444444444444446,0.9555555555555556,45,1400,1000,400,0.7142857142857143,18,10,8,323.84752597802895,0.44057239057239056,-0.014027223272863099,0.17983551646784568,129255.70371283498,-627.9861255606093,128627.71758727437,1438,0,326.6222222222222,38,7,22,37.547059956573506,0.6091008771929824,45.77991452991452,1016.8803418803407,26.76000899685107,0
4816,4,0,0,43,0.0,0.0,1.0,43,1250,1000,250,0.8,15,10,5,333.80648820104096,0.43789221114802507,-0.015547341655340441,0.1853725372201465,129257.13320444721,29.373941982113706,129286.50714642931,1439,1,342.4186046511628,37,6,22,37.292430450722435,0.6109234234234234,45.77850877192981,1016.8859649122782,27.4834044570886,0
4817,4,0,1,42,0.0,0.023255813953488372,0.9767441860465116,43,1400,1100,300,0.7857142857142857,17,11,6,336.0099200198406,0.4376845699520118,-0.013081853140450406,0.1874923543168701,129445.89548405621,99.02099769884742,129544.91648175505,1440,2,343.4186046511628,38,5,17,37.04461942257218,0.6110197368421053,45.5929487179487,1017.6282051282025,26.779689608636907,0
4818,4,0,1,41,0.0,0.023809523809523808,0.9761904761904762,42,1400,800,600,0.5714285714285714,20,8,12,340.3830496115377,0.4342213511420829,-0.010942838673931199,0.1900984035195117,129480.23069598297,414.5751577407955,129894.80585372377,1441,3,352.2142857142857,37,5,17,36.89847733965381,0.6131756756756757,45.559210526315766,1017.7631578947336,27.50711237553334,0
4819,4,0,0,41,0.0,0.0,1.0,41,950,600,350,0.631578947368421,13,6,7,339.42010094224304,0.4324186991869919,-0.002175260873677365,0.18982989259926364,129536.03512619229,593.426823637999,130129.4619498303,1442,4,360.1219512195122,37,4,17,36.86629326439753,0.6137387387387387,45.50438596491226,1017.9824561403478,27.513039355144535,0
4820,4,0,1,40,0.0,0.024390243902439025,0.975609756097561,41,1850,1500,350,0.8108108108108109,22,15,7,336.98839336717515,0.4315548780487805,-0.005355877024863176,0.18927582674613377,129703.52055440107,541.7162011387811,130245.23675553985,1443,5,361.1219512195122,37,4,17,36.758162899174735,0.615427927927928,45.33991228070174,1018.6403508771907,27.530820293978127,0
4821,4,1,0,41,0.024390243902439025,0.0,1.0,41,1150,1000,150,0.8695652173913043,13,10,3,341.0927735518017,0.4290142276422764,0.013303292512439224,0.1928159088910758,129954.95158366008,665.3389744921233,130620.2905581522,1444,0,361.9756097560976,37,4,19,36.398515073305376,0.6179617117117118,45.09320175438595,1019.6271929824538,27.557491702228482,0
4822,4,0,1,40,0.0,0.024390243902439025,0.975609756097561,41,1200,900,300,0.75,15,9,6,342.1837136907833,0.42804878048780487,0.014001709572030174,0.19384853256709295,130038.81602993222,699.4329986149512,130738.24902854717,1445,1,362.9756097560976,37,4,20,36.285655414606175,0.6188063063063063,45.0109649122807,1019.9561403508767,27.566382171645316,0
4823,4,0,0,40,0.0,0.0,1.0,40,1500,1200,300,0.8,18,12,6,345.23777913232755,0.4258947649572649,0.024845525764095377,0.19641493987923986,130205.11379200178,990.3448634445599,131195.45865544633,1446,2,372.1,36,4,21,36.03916105778072,0.6223958333333333,44.84797297297299,1020.6081081081107,28.350225225225298,0
4824,4,0,0,40,0.0,0.0,1.0,40,1200,900,300,0.75,15,9,6,336.6914658269244,0.4251736111111111,-0.012627811860940419,0.18924382389582317,129731.4453125001,745.5384544172691,130476.98376691737,1447,3,373.1,35,5,21,36.73738922972051,0.6196428571428572,45.31250000000001,1018.7500000000008,29.10714285714288,8
4825,4,0,0,40,0.0,0.0,1.0,40,700,500,200,0.7142857142857143,9,5,4,384.42992316920845,0.42544070512820514,-0.08008314659747606,0.20359658454414217,127362.24666950102,1933.4307681405776,129295.6774376416,1448,4,374.1,34,6,16,37.94767464716752,0.5977328431372548,47.64880952380952,1009.404761904761,29.68837535014003,8
4826,4,0,0,40,0.0,0.0,1.0,40,1100,900,200,0.8181818181818182,13,9,4,389.8446775370606,0.42462606837606837,-0.0824669966996695,0.2072332233223324,127512.5000000001,1942.013888888903,129454.513888889,1449,5,375.1,34,6,16,37.65642189218922,0.5992647058823529,47.50000000000001,1010.0000000000008,29.7058823529412,0
4827,4,1,0,41,0.024390243902439025,0.0,1.0,41,1050,1000,50,0.9523809523809523,11,10,1,380.3292389703039,0.4265752032520325,-0.07329632513626871,0.20403297847522925,127880.99500868046,1527.376302083328,129408.37131076379,1450,0,366.9268292682927,35,6,17,37.51823721249572,0.6008928571428571,47.135416666666664,1011.4583333333326,28.8988095238095,0
4828,4,0,1,40,0.0,0.024390243902439025,0.975609756097561,41,1150,700,450,0.6086956521739131,16,7,9,384.54006518903043,0.42601626016260163,-0.07116263418975999,0.2072089991558155,128059.03031409775,1648.765573005423,129707.79588710317,1451,1,367.9268292682927,36,5,17,37.229036863966776,0.6006944444444444,46.95945945945945,1012.162162162161,28.115615615615585,0
4829,4,0,0,40,0.0,0.0,1.0,40,1150,800,350,0.6956521739130435,15,8,7,384.35048324002975,0.4239316239316239,-0.051933928991300116,0.20770554068867142,128174.66695011313,1852.8561034834856,130027.52305359661,1452,2,376.525,34,6,17,37.11522258797712,0.6060049019607843,46.84523809523808,1012.6190476190455,29.782913165266045,0
4830,4,1,0,41,0.024390243902439025,0.0,1.0,41,850,400,450,0.47058823529411764,13,4,9,382.6519109218682,0.42637195121951216,-0.026639028178810142,0.209911239996275,128772.40997331789,1655.001750060865,130427.41172337875,1453,0,368.3170731707317,36,5,17,36.54605384814525,0.6079282407407407,46.25563063063063,1014.9774774774774,28.193818818818816,0
4831,4,1,0,42,0.023809523809523808,0.0,1.0,42,1500,1200,300,0.8,18,12,6,381.03647101305785,0.4296118854045683,0.0023890784982938396,0.21225035362514447,129377.9538001544,1460.9704686386956,130838.9242687931,1454,0,360.5238095238095,35,7,18,35.9684300341297,0.6160714285714286,45.65972222222223,1017.3611111111118,29.067460317460338,0
4832,4,1,1,42,0.023255813953488372,0.023255813953488372,0.9767441860465116,43,1250,800,450,0.64,17,8,9,374.1285229649536,0.4309246954595792,0.020359438406402308,0.2106713755015477,129803.1577819376,1112.6127394286486,130915.77052136624,1455,0,353.1162790697674,36,7,17,35.71089807345195,0.6183449074074074,45.24211711711713,1019.0315315315336,28.306431431431488,0
4833,4,1,0,43,0.023255813953488372,0.0,1.0,43,1200,800,400,0.6666666666666666,16,8,8,367.4906314342272,0.43383167220376523,0.0313942244022376,0.20893312808542178,130178.65022170289,967.8868738458011,131146.5370955487,1456,0,352.74418604651163,37,6,18,35.49825847928082,0.6202139639639639,44.87390350877193,1020.5043859649128,27.581199620673317,0
4834,4,0,0,43,0.0,0.0,1.0,43,1550,1000,550,0.6451612903225806,21,10,11,364.7540644114158,0.43270118124769286,0.034200179028985866,0.20813247967390255,130320.07250071039,906.9822753977114,131227.0547761081,1457,1,353.74418604651163,36,7,19,35.42447887945297,0.6235532407407407,44.735360360360374,1021.0585585585603,28.36273773773779,0
4835,4,0,0,43,0.0,0.0,1.0,43,1150,1000,150,0.8695652173913043,13,10,3,363.37064617369805,0.4327934662236988,0.03270341037014135,0.2080838543577348,130458.54403518395,880.9610889889286,131339.50512417287,1458,2,354.74418604651163,37,6,19,35.319286429823634,0.6230292792792793,44.59978070175439,1021.6008771929828,27.610834518729266,0
4836,4,0,0,43,0.0,0.0,1.0,43,1300,900,400,0.6923076923076923,17,9,8,361.3481628453717,0.43203211517165,0.043536283882823934,0.20762870113763807,130589.98243343212,837.6900476660245,131427.67248109815,1459,3,355.74418604651163,38,5,18,35.237665934984825,0.622532894736842,44.471153846153854,1022.115384615386,26.897773279352265,0
4837,4,0,1,42,0.0,0.023255813953488372,0.9767441860465116,43,1500,1200,300,0.8,18,12,6,357.9979344734524,0.43157069029162054,0.03827247939620659,0.2063690970479087,130714.91021050364,759.1335720486306,131474.04378255227,1460,4,356.74418604651163,39,4,18,35.19670384706802,0.6220619658119658,44.34895833333334,1022.604166666668,26.22061965811969,0
4838,4,0,2,40,0.0,0.047619047619047616,0.9523809523809523,42,1300,1000,300,0.7692307692307693,16,10,6,363.6980491128025,0.43038617886178865,0.04700229789011878,0.21001478421025166,130781.15297866905,1112.9700398129883,131894.12301848203,1461,5,364.73809523809524,38,4,18,34.9838538402618,0.6244517543859649,44.284188034188034,1022.8632478632483,26.917453891138113,0
4839,4,0,0,40,0.0,0.0,1.0,40,1550,900,650,0.5806451612903226,22,9,13,403.78767790480333,0.42422542735042734,0.02076340805069843,0.22069754993116283,128627.1276218821,2398.6845351772135,131025.81215705932,1462,7,382.5,34,6,16,36.15870594218206,0.6106004901960784,46.398809523809526,1014.404761904762,29.835434173669473,8
4840,4,0,0,40,0.0,0.0,1.0,40,800,500,300,0.625,11,5,6,402.4600391693332,0.4245860042735043,0.015455011973999122,0.2207111997170657,128760.50407503852,2364.19150270061,131124.69557773913,1463,8,383.5,35,5,17,36.055636332535066,0.6098214285714285,46.26736111111111,1014.9305555555551,28.99801587301586,0
4841,4,1,0,41,0.024390243902439025,0.0,1.0,41,850,500,350,0.5882352941176471,12,5,7,394.3627197458581,0.4264227642276423,0.023830822241740268,0.21821726215244472,129115.5360385725,1983.6707907231757,131099.20682929567,1464,0,375.1219512195122,36,5,19,35.897737765466296,0.611400462962963,45.9177927927928,1016.3288288288301,28.23135635635639,0
4842,4,0,0,41,0.0,0.0,1.0,41,850,700,150,0.8235294117647058,10,7,3,391.02391830153215,0.4264227642276423,0.02499000399840101,0.21684053651266755,129201.38888888869,1904.2522674701495,131105.64115635885,1465,1,376.1219512195122,33,8,19,35.894808743169406,0.6186868686868687,45.83333333333332,1016.666666666665,30.80808080808076,0
4843,4,1,0,42,0.023809523809523808,0.0,1.0,42,1700,1300,400,0.7647058823529411,21,13,8,387.625703576563,0.42880129694154084,0.037191600173605455,0.21795668667596743,129746.60572562354,1658.6238662131454,131405.2295918367,1466,0,368.14285714285717,34,8,18,35.42470008568981,0.6219362745098039,45.297619047619044,1018.8095238095234,29.964985994397747,0
4844,4,1,1,42,0.023255813953488372,0.023255813953488372,0.9767441860465116,43,1300,1000,300,0.7692307692307693,16,10,6,382.3006995955907,0.4316629752676264,0.02960406541390248,0.21683387170112814,130085.41907793189,1346.3493441357748,131431.76842206766,1467,0,360.5581395348837,35,8,19,35.215282505105506,0.6232142857142857,44.965277777777764,1020.1388888888872,29.14682539682535,0
4845,4,1,0,43,0.023255813953488372,0.0,1.0,43,650,500,150,0.7692307692307693,8,5,3,380.1792050932482,0.4329549649317091,0.0372484425454187,0.2171701023704551,130362.2966342503,1312.689114794329,131674.98574904463,1468,0,361.13953488372096,31,12,21,34.987807599132985,0.6354166666666667,44.69401041666667,1021.223958333334,32.94270833333336,0
4846,4,0,0,43,0.0,0.0,1.0,43,800,400,400,0.5,12,4,8,377.5917354784415,0.43290882244370615,0.03387298519761206,0.21624706252290904,130462.04460991762,1252.2779676649393,131714.32257758256,1469,1,362.13953488372096,31,12,21,34.95252357889371,0.6364247311827957,44.59635416666667,1021.614583333334,32.95530913978497,0
4847,4,0,0,43,0.0,0.0,1.0,43,1300,1100,200,0.8461538461538461,15,11,4,377.7064639554402,0.43290882244370615,0.030472317964797213,0.2164983654242762,130495.30241224507,1257.7838473849874,131753.08625963007,1470,2,363.13953488372096,31,12,17,34.91581177520071,0.636760752688172,44.563802083333336,1021.7447916666672,32.959509408602166,0
4848,4,0,1,42,0.0,0.023255813953488372,0.9767441860465116,43,1050,700,350,0.6666666666666666,14,7,7,376.98892449997953,0.4326550387596899,0.03639164568212094,0.21664444050694304,130595.10125054259,1246.5813530816017,131841.68260362418,1471,3,364.13953488372096,31,12,18,34.8328025477707,0.637768817204301,44.466145833333336,1022.1354166666671,32.972110215053775,0
4849,4,0,1,41,0.0,0.023809523809523808,0.9761904761904762,42,900,700,200,0.7777777777777778,11,7,4,377.3640647235021,0.4327695509097948,0.015391067047218598,0.21749892457700018,130708.89698231003,1464.9681321539997,132173.86511446405,1070,4,338.7857142857143,30,12,19,34.707708990536275,0.6416666666666666,44.354838709677416,1022.5806451612898,34.08602150537633,0
4850,4,0,0,41,0.0,0.0,1.0,41,1050,700,350,0.6666666666666666,14,7,7,385.82525992438553,0.4321138211382114,0.018425238600211724,0.22184952445652173,130617.28395061727,1879.0895061728368,132496.3734567901,1071,5,345.7560975609756,29,12,19,34.584465579710155,0.6436781609195402,44.44444444444444,1022.2222222222222,35.24904214559387,0
4851,4,0,1,40,0.0,0.024390243902439025,0.975609756097561,41,1050,800,250,0.7619047619047619,13,8,5,387.1339052603522,0.4315548780487805,0.02303469625157417,0.22372635937255425,130812.00003251813,1928.3520855012061,132740.35211801933,1072,6,346.7560975609756,30,11,19,34.353238733412184,0.6427083333333333,44.25403225806451,1022.9838709677413,34.09946236559138,0
4852,4,0,0,40,0.0,0.0,1.0,40,1000,600,400,0.6,14,6,8,399.65697566823206,0.4278044871794872,0.014963191797028985,0.2301431199022137,130674.53833174368,2444.99815730144,133119.53648904513,1073,7,356.25,30,10,19,34.17274659305026,0.6413194444444444,44.38844086021506,1022.4462365591409,34.08154121863803,0
4853,4,0,0,40,0.0,0.0,1.0,40,1450,1200,250,0.8275862068965517,17,12,5,398.1585590139977,0.4271634615384616,0.012744973275642835,0.23039248576818802,130861.4179823133,2420.7187228732587,133282.13670518657,1074,8,357.25,31,9,20,34.02106133876305,0.6404569892473118,44.205729166666664,1023.1770833333328,33.00571236559138,0
4854,4,0,1,39,0.0,0.025,0.975,40,1000,500,500,0.5,15,5,10,398.1181599769529,0.4270032051282051,0.014555829734731907,0.23064672527614025,130907.84940631058,2423.3584264360807,133331.20783274664,1075,9,358.25,32,8,20,33.97491260538763,0.6383463541666667,44.160353535353536,1023.3585858585858,31.979955808080806,0
4855,4,0,0,39,0.0,0.0,1.0,39,1400,1100,300,0.7857142857142857,17,11,6,370.5074443813184,0.4255791722896986,-0.007268807268806743,0.21025729205688332,130106.25608239626,1841.7408479179148,131947.99693031417,1076,10,368.1025641025641,33,6,22,35.49486986986988,0.6278409090909092,44.94485294117648,1020.2205882352946,30.915775401069535,7
4856,4,1,0,40,0.025,0.0,1.0,40,800,400,400,0.5,12,4,8,360.515716373748,0.4282184829059829,0.008519251529326866,0.20657178882528804,130481.60750973201,1408.2279051326568,131889.83541486468,1077,0,359.875,33,7,23,35.36881272240214,0.6316287878787878,44.57720588235295,1021.6911764705897,30.96033868092696,0
4857,4,0,0,40,0.0,0.0,1.0,40,850,500,350,0.5882352941176471,12,5,7,365.18351324430466,0.4277911324786325,0.009450305718738505,0.2099238927615952,130606.8447982748,1539.0932874375353,132145.93808571235,1078,1,360.875,33,7,16,35.12256224273668,0.6328914141414141,44.454656862745104,1022.1813725490205,30.975193107546076,0
4858,4,0,1,39,0.0,0.025,0.975,40,1400,1000,400,0.7142857142857143,18,10,8,361.1490199639237,0.42701655982905984,0.0038416763678696952,0.20820604573759083,130718.71456916099,1441.7871315192729,132160.50170068027,1079,2,361.875,34,6,17,35.11229142413659,0.6317401960784313,44.345238095238095,1022.6190476190476,30.077030812324928,0
4859,4,0,0,39,0.0,0.0,1.0,39,1000,600,400,0.6,14,6,8,368.284045451541,0.4232456140350877,0.014887346063182205,0.2120492609525331,130669.4859699394,1824.697382016526,132494.18335195593,1080,3,371.8205128205128,33,6,17,34.97979843381676,0.6335227272727273,44.393382352941174,1022.4264705882349,30.982620320855602,0
4860,4,0,0,39,0.0,0.0,1.0,39,750,500,250,0.6666666666666666,10,5,5,368.284045451541,0.4231050382366172,0.014887346063182205,0.2120492609525331,130669.4859699394,1824.697382016526,132494.18335195593,1081,4,372.8205128205128,33,6,17,34.97979843381676,0.6335227272727273,44.393382352941174,1022.4264705882349,30.982620320855602,0
4861,4,0,1,38,0.0,0.02564102564102564,0.9743589743589743,39,1250,800,450,0.64,17,8,9,366.39137883118116,0.42302069275753484,0.014413285289049282,0.21164490236012956,130794.81336805568,1784.4184027777965,132579.2317708335,1082,5,373.8205128205128,33,6,17,34.90113713509845,0.6347853535353536,44.27083333333334,1022.9166666666677,30.997474747474776,0
4862,4,0,0,38,0.0,0.0,1.0,38,1250,1000,250,0.8,15,10,5,366.33069541476397,0.4229937174016121,0.011240380918767778,0.21229893389373314,130920.2008392205,1992.0176434544403,132912.21848267494,1083,6,380.1842105263158,33,5,17,34.77565062068415,0.6360479797979798,44.14828431372549,1023.4068627450981,31.012329174093882,0
4863,4,0,1,37,0.0,0.02631578947368421,0.9736842105263158,38,950,700,250,0.7368421052631579,12,7,5,367.4343296298565,0.4220009483167378,0.01695486472014829,0.21363352985786013,131045.64838343422,2030.133992935406,133075.78237636964,1084,7,381.1842105263158,33,5,17,34.620362058647515,0.6373106060606061,44.025735294117645,1023.8970588235292,31.027183600713006,0
4864,4,0,0,37,0.0,0.0,1.0,37,850,500,350,0.5882352941176471,12,5,7,371.4114939772461,0.4219532032032032,0.02969673335933054,0.21589790714419274,131037.09323347113,2333.736512855841,133370.82974632696,1085,8,390.94594594594594,32,5,18,34.52722283882108,0.6396484375,44.034090909090914,1023.8636363636367,31.995738636363647,0
4865,4,1,0,38,0.02631578947368421,0.0,1.0,38,450,300,150,0.6666666666666666,6,3,3,360.8900967345204,0.4246088193456614,0.03328886007917098,0.21120530993637468,131296.72369100823,1876.7374627547113,133173.46115376294,1086,0,381.63157894736844,33,5,19,34.53393419426842,0.6398358585858586,43.78063725490196,1024.877450980392,31.056892453951274,0
4866,4,0,1,37,0.0,0.02631578947368421,0.9736842105263158,38,1200,900,300,0.75,15,9,6,362.7089282170901,0.424282835467046,0.04253354671919207,0.21334428847990042,131489.9488094327,1938.5194353634274,133428.46824479612,1087,1,382.63157894736844,32,6,21,34.29203085887808,0.6442057291666667,43.592171717171716,1025.6313131313132,32.050978535353536,0
4867,4,0,0,37,0.0,0.0,1.0,37,1350,1200,150,0.8888888888888888,15,12,3,373.07313640761413,0.4229854854854855,0.043951518811853996,0.2192779121154006,131461.62245008675,2408.9599609374955,133870.58241102425,1088,2,391.02702702702703,31,6,22,34.054934823091244,0.646505376344086,43.619791666666664,1025.520833333333,33.081317204301065,0
4868,4,0,0,37,0.0,0.0,1.0,37,900,600,300,0.6666666666666666,12,6,6,371.19102901150353,0.4227665165165165,0.03967910810145581,0.21888957197006362,131587.0909218447,2368.789536781961,133955.88045862666,1089,3,392.02702702702703,32,5,17,33.976331118221346,0.6451822916666667,43.49747474747475,1026.0101010101012,32.06281565656566,0
4869,4,1,1,37,0.02631578947368421,0.02631578947368421,0.9736842105263158,38,750,400,350,0.5333333333333333,11,4,7,363.5309531787194,0.4256460407776197,0.050572519083969425,0.21646615848369175,131956.93963860034,1994.0864090734117,133951.02604767375,1090,0,382.6842105263158,33,5,19,33.799499045801525,0.6464646464646464,43.13725490196077,1027.4509803921553,31.134878193701677,0
4870,4,0,0,37,0.0,0.0,1.0,37,1150,800,350,0.6956521739130435,15,8,7,375.93105587222965,0.42270395395395394,0.048784863535938694,0.22338927242663179,131878.73247946647,2515.462229619432,134394.19470908592,1091,1,393.9189189189189,32,5,20,33.559977463634496,0.6481119791666667,43.21338383838384,1027.1464646464653,32.09832702020204,0
4871,4,0,0,37,0.0,0.0,1.0,37,1000,800,200,0.8,12,8,4,379.1649333186531,0.42204704704704704,0.05418684868383927,0.2264696788075684,132073.33953486898,2615.515795582093,134688.85533045107,1092,2,394.9189189189189,32,5,21,33.280360725545584,0.6500651041666667,43.0239898989899,1027.904040404041,32.122001262626284,0
4872,4,1,0,38,0.02631578947368421,0.0,1.0,38,950,700,250,0.7368421052631579,12,7,5,364.98866213151945,0.4227566382171645,0.05992481203007549,0.2202517788724685,132461.07266435988,2069.357939254136,134530.43060361402,1093,0,385.5,33,5,22,33.25396825396825,0.6515151515151515,42.64705882352941,1029.4117647058824,31.194295900178254,0
4873,4,0,0,38,0.0,0.0,1.0,38,1050,700,350,0.6666666666666666,14,7,7,363.9712998609841,0.42283072546230444,0.05787218313609266,0.21982191877297821,132492.61289227701,2044.7017072760489,134537.31459955306,1094,1,386.5,33,5,22,33.24839800817363,0.6518308080808081,42.61642156862745,1029.5343137254902,31.198009506833035,0
4874,4,0,0,38,0.0,0.0,1.0,38,800,600,200,0.75,10,6,4,362.23568680929196,0.4222972972972973,0.05717569539700729,0.21914085502220879,132555.70461180792,2003.2813401095723,134558.98595191748,1095,2,387.5,33,5,22,33.22957574675713,0.6524621212121212,42.55514705882353,1029.7794117647056,31.205436720142593,0
4875,4,0,0,38,0.0,0.0,1.0,38,1000,700,300,0.7,13,7,6,362.0984223364964,0.42171941678520625,0.058821503491030214,0.2194259004858148,132618.81134960105,2004.212472366396,134623.02382196745,1096,3,388.5,33,5,22,33.169616299821534,0.6530934343434344,42.493872549019606,1030.024509803921,31.212863933452155,0
4876,4,0,0,38,0.0,0.0,1.0,38,1150,900,250,0.782608695652174,14,9,5,362.9965544138199,0.4214527027027027,0.06209223987878332,0.2201550531314985,132650.370350346,2030.325475778543,134680.69582612455,1097,4,389.5,33,5,16,33.114739471805855,0.6534090909090908,42.463235294117645,1030.147058823529,31.21657754010694,0
4877,4,0,2,36,0.0,0.05263157894736842,0.9473684210526316,38,1050,600,450,0.5714285714285714,15,6,9,375.82144688363803,0.42100817923186346,0.09983525737960863,0.21197517972448654,129867.92091836726,2177.484510961238,132045.4054293285,1098,5,390.5,34,4,19,35.60183563030446,0.6231617647058824,45.17857142857142,1019.2857142857135,29.978991596638632,8
4878,4,0,0,36,0.0,0.0,1.0,36,550,300,250,0.5454545454545454,8,3,5,379.7326130623984,0.418369708994709,0.09187674508703725,0.21411770459931956,129856.32216274977,2662.1361075067102,132518.45827025647,1099,6,387.1388888888889,33,3,19,35.5139824055148,0.6253156565656566,45.18995098039215,1019.2401960784304,30.886066547831224,0
4879,4,0,0,36,0.0,0.0,1.0,36,1250,800,450,0.64,17,8,9,379.2035478943161,0.41747685185185185,0.09031032594907162,0.214503923999225,129981.25908604846,2657.870921039963,132639.13000708842,1100,7,388.1388888888889,33,3,19,35.40026739574569,0.6265782828282829,45.0674019607843,1019.7303921568614,30.900920974450344,0
4880,4,0,0,36,0.0,0.0,1.0,36,900,600,300,0.6666666666666666,12,6,6,367.1065091278419,0.41790674603174605,0.10143936433502687,0.2020270014748704,128898.98667800453,2264.2355257053773,131163.2222037099,1101,8,389.1388888888889,34,2,19,36.81125439624853,0.6133578431372548,46.13095238095238,1015.4761904761904,29.86694677871148,7
4881,4,0,0,36,0.0,0.0,1.0,36,800,400,400,0.5,12,4,8,367.45366100356847,0.4175760582010582,0.09970575215477973,0.2028363223159413,129019.90504535142,2281.767290249428,131301.67233560086,1102,9,390.1388888888889,34,2,19,36.67901921724865,0.6145833333333333,46.01190476190476,1015.9523809523805,29.88095238095237,0
4882,4,0,0,36,0.0,0.0,1.0,36,1050,900,150,0.8571428571428571,12,9,3,365.91806919301615,0.4177414021164021,0.09898782789819749,0.20214308870953976,129050.14349489778,2244.355867346918,131294.4993622447,1103,10,391.1388888888889,34,2,19,36.68717047451669,0.6148897058823529,45.98214285714285,1016.0714285714271,29.884453781512562,0
4883,4,1,0,37,0.02702702702702703,0.0,1.0,37,900,400,500,0.4444444444444444,14,4,10,359.96766421271104,0.42057682682682684,0.10334322762068449,0.20088518035096423,129450.69204152224,1919.7898031761395,131370.48184469837,1104,0,381.5405405405405,33,4,14,36.43023442517661,0.6212121212121212,45.58823529411763,1017.6470588235273,30.83778966131901,0
4884,4,0,0,37,0.0,0.0,1.0,37,650,500,150,0.7692307692307693,8,5,3,361.83927684442375,0.4198886386386386,0.10381293887193266,0.20225013684184245,129513.05537533622,1972.5820597846775,131485.6374351209,1105,1,382.5405405405405,33,4,14,36.31912673569306,0.6218434343434344,45.526960784313715,1017.8921568627435,30.84521687462859,0
4885,4,0,0,37,0.0,0.0,1.0,37,950,700,250,0.7368421052631579,12,7,5,363.86615219814666,0.41976351351351354,0.12433741247300567,0.18618354796545913,125956.68463059442,1766.2748360339879,127722.95946662841,1106,2,383.5405405405405,35,2,14,39.91374092009687,0.58125,49.04513888888891,1003.8194444444468,28.680555555555625,8
4886,4,2,0,39,0.05128205128205128,0.0,1.0,39,1450,1200,250,0.8275862068965517,17,12,5,353.1447532393436,0.4255510571300045,0.12721849366144689,0.18398100780651125,126694.89590942298,1148.357691341404,127843.25360076438,1107,0,364.8205128205128,36,3,15,39.42253914988814,0.5868055555555556,48.310810810810814,1006.7567567567571,27.965465465465474,0
4887,4,4,0,43,0.09302325581395349,0.0,1.0,43,1500,1300,200,0.8666666666666667,17,13,4,327.8441662596436,0.43726928755998523,0.16212953114669237,0.17564631159208716,127828.3203125,-217.8247821301028,127610.4955303699,1108,0,331.7906976744186,39,4,17,38.899189671748374,0.592948717948718,47.1875,1011.25,25.92948717948718,0
4888,4,1,3,41,0.022727272727272728,0.06818181818181818,0.9318181818181819,44,1250,800,450,0.64,17,8,9,323.29082626293416,0.4386561839323467,0.1686307519640855,0.1745770461819845,128144.53124999999,-514.0190972222227,127630.51215277777,1109,0,325.22727272727275,39,5,18,38.691700960219485,0.5961538461538461,46.875,1012.4999999999999,25.96153846153846,0
4889,4,1,0,42,0.023809523809523808,0.0,1.0,42,650,500,150,0.7692307692307693,8,5,3,338.17524132786355,0.4365200348432056,0.17987630110122188,0.18175479769437375,127955.29827781419,254.2627748557098,128209.5610526699,1110,0,341.2142857142857,38,4,19,38.50822773671243,0.5959429824561404,47.061965811965806,1011.7521367521359,26.625056230319366,0
4890,4,1,2,41,0.023255813953488372,0.046511627906976744,0.9534883720930233,43,1350,1000,350,0.7407407407407407,17,10,7,332.7909757009502,0.43920727205610927,0.1804865122167858,0.17982855574079848,128171.57594601503,-68.99141190007003,128102.58453411495,1111,0,334.25581395348837,38,5,20,38.423630161074755,0.5981359649122807,46.848290598290596,1012.6068376068374,26.64754835807467,0
4891,4,1,0,42,0.023809523809523808,0.0,1.0,42,1000,800,200,0.8,12,8,4,338.580104545424,0.44221835075493615,0.1916737490020346,0.18423620167877833,128450.01737313399,298.1240622114434,128748.14143534543,1071,0,312.42857142857144,37,5,16,37.99294663782225,0.602759009009009,46.5734649122807,1013.7061403508768,27.3974632527264,0
4892,4,1,1,42,0.023255813953488372,0.023255813953488372,0.9767441860465116,43,850,500,350,0.5882352941176471,12,5,7,335.4947039842871,0.44342930970837946,0.20159443269908328,0.18452208719135793,128875.73964497045,47.425624589085146,128923.16526955954,1072,0,306.13953488372096,38,5,18,37.63744212962961,0.6052631578947368,46.15384615384615,1015.3846153846157,26.72064777327936,0
4893,4,0,0,42,0.0,0.0,1.0,42,1150,600,550,0.5217391304347826,17,6,11,342.95838096723537,0.4406455671699574,0.20735444593559293,0.18871880963384216,128895.0100631924,441.12479320558487,129336.13485639798,1073,1,314.3809523809524,37,5,19,37.42835097001763,0.6072635135135135,46.13486842105262,1015.4605263157885,27.444879089615903,0
4894,4,2,1,43,0.045454545454545456,0.022727272727272728,0.9772727272727273,44,1200,900,300,0.75,15,9,6,328.41373371194163,0.44350114517265676,0.20686519717812324,0.18300081838144056,129391.54071015044,-300.8445072912597,129090.69620285918,1074,0,301.04545454545456,38,6,21,37.29304490881724,0.6104714912280702,45.646367521367516,1017.4145299145296,26.774066576698146,0
4895,4,1,0,44,0.022727272727272728,0.0,1.0,44,950,700,250,0.7368421052631579,12,7,5,305.3068685862275,0.4421577695560253,0.16570687312486898,0.16550321766917364,128298.92223750749,-951.5067226313428,127347.41551487615,1075,0,301.8636363636364,40,4,22,38.9898267964022,0.59609375,46.72256097560976,1013.1097560975613,25.327743902439032,8
4896,4,1,0,45,0.022222222222222223,0.0,1.0,45,1150,700,450,0.6086956521739131,16,7,9,300.92465710105483,0.44375000000000003,0.17850787132101353,0.1646632674249589,128672.41753472199,-1255.8593750000218,127416.55815972196,1076,0,296.1333333333333,41,4,13,38.72133812457221,0.5983231707317074,46.35416666666666,1014.5833333333314,24.745934959349547,0
4897,4,0,1,44,0.0,0.022222222222222223,0.9777777777777777,45,1650,1300,350,0.7878787878787878,20,13,7,301.0133189666429,0.4425925925925926,0.17918457730884518,0.16565442650228804,128898.9866780046,-1239.9376417233448,127659.04903628126,1077,1,297.1333333333333,41,4,16,38.48915592028137,0.600609756097561,46.13095238095239,1015.4761904761909,24.767711962833925,0
4898,4,1,1,44,0.022222222222222223,0.022222222222222223,0.9777777777777777,45,1750,1300,450,0.7428571428571429,22,13,9,298.75688387078776,0.44154040404040407,0.17257198633479742,0.1653573352380455,129125.75511975626,-1284.5583545918375,127841.19676516442,1078,0,297.93333333333334,41,4,18,38.31655685700342,0.6028963414634146,45.907738095238095,1016.3690476190478,24.78948896631824,0
4899,4,1,2,43,0.022222222222222223,0.044444444444444446,0.9555555555555556,45,1450,1000,450,0.6896551724137931,19,10,9,300.16735562431785,0.4409090909090909,0.1689235243836098,0.1670025048606893,129330.57089240875,-1235.814762494073,128094.75612991468,1079,0,298.8222222222222,40,5,19,38.0732340893196,0.6065104166666666,45.706300813008134,1017.1747967479686,25.429369918699216,0
4900,4,0,0,43,0.0,0.0,1.0,43,1100,700,400,0.6363636363636364,15,7,8,306.71749870305996,0.43798449612403095,0.17355741393589796,0.17044038938437986,129282.865405161,-669.3365795529339,128613.52882560807,1080,1,311.8837209302326,38,5,19,37.95501103057044,0.609375,45.753205128205124,1016.987179487179,26.7628205128205,0
4901,4,0,1,42,0.0,0.023255813953488372,0.9767441860465116,43,1750,1400,350,0.8,21,14,7,317.6100864099651,0.4381229235880399,0.06638321909690204,0.17009292780909976,127811.68845221607,-406.9737633199786,127404.71468889609,1081,2,312.8837209302326,37,6,14,39.17488975637969,0.5962837837837838,47.203947368421055,1011.1842105263157,27.32930298719772,8
4902,4,1,3,40,0.023255813953488372,0.06976744186046512,0.9302325581395349,43,1300,1100,200,0.8461538461538461,15,11,4,320.89775034682015,0.4391842008121078,0.07865536728860256,0.17232844264841446,127922.58795975673,-389.9858610341796,127532.60209872255,1082,0,313.8139534883721,37,6,15,38.9786111713274,0.5974099099099099,47.09429824561403,1011.6228070175429,27.341156946420078,0
4903,4,0,0,40,0.0,0.0,1.0,40,1100,700,400,0.6363636363636364,15,7,8,338.2200168654921,0.43404113247863246,0.10180527741783485,0.18046195620183283,127662.84190759624,635.6257086167631,128298.467616213,1083,1,337.925,34,6,15,38.80610201437152,0.600796568627451,47.35119047619047,1010.5952380952372,29.72338935574227,0
4904,4,0,0,40,0.0,0.0,1.0,40,1000,700,300,0.7,13,7,6,341.36142985922964,0.4342948717948718,0.10840202543570432,0.18254667899021265,127753.08956916098,721.9954648526033,128475.08503401358,1084,2,338.925,34,6,15,38.63440100486732,0.6017156862745099,47.26190476190476,1010.9523809523807,29.733893557422963,0
4905,4,2,0,42,0.047619047619047616,0.0,1.0,42,2000,1500,500,0.75,25,15,10,330.93896688071277,0.4390001935733643,0.13362477057911892,0.1802446169889327,128486.82032962018,104.2591155344526,128591.07944515464,1085,0,323.73809523809524,36,6,17,38.14908919249138,0.6050347222222222,46.53716216216216,1013.8513513513515,28.162537537537542,0
4906,4,1,0,43,0.023255813953488372,0.0,1.0,43,1300,900,400,0.6923076923076923,17,9,8,335.3708036487275,0.44013012181616834,0.1632173638056611,0.1851934366274796,129034.22807979374,54.86255386271978,129089.09063365647,1086,0,317.1860465116279,37,6,18,37.47931505863731,0.6086711711711712,45.997807017543856,1016.0087719298242,27.459696538643897,0
4907,4,0,0,43,0.0,0.0,1.0,43,750,500,250,0.6666666666666666,10,5,5,334.0113301896061,0.4401531930601698,0.15556731992362693,0.18483289668820632,129117.79495854478,25.361289050461664,129143.15624759524,1087,1,318.1860465116279,37,6,18,37.428862336821666,0.6095157657657657,45.91557017543859,1016.3377192982443,27.46858700806066,0
4908,4,2,1,44,0.044444444444444446,0.022222222222222223,0.9777777777777777,45,1200,800,400,0.6666666666666666,16,8,8,317.57241856351015,0.44560185185185186,0.16550100247120847,0.17806472316161034,129636.22708013727,-766.1949149496879,128870.03216518757,1088,0,305.0,38,7,16,37.32077912994825,0.6129385964912281,45.4059829059829,1018.3760683760678,26.799370220422837,0
4909,4,0,1,43,0.0,0.022727272727272728,0.9772727272727273,44,1350,900,450,0.6666666666666666,18,9,9,361.66307214155876,0.44341305496828753,0.16308031008973645,0.1946232357314551,128005.79415060437,570.8536403864498,128576.64779099083,1089,1,312.9318181818182,37,7,18,37.86242189475204,0.5982545045045045,47.01206140350879,1011.9517543859677,27.350047415836965,8
4910,4,0,0,43,0.0,0.0,1.0,43,950,700,250,0.7368421052631579,12,7,5,368.3434582615894,0.440453119232189,0.17835064084814967,0.19834048288777156,128030.53634293095,831.8421039282733,128862.37844685922,1090,2,321.1162790697674,36,7,18,37.66806683728349,0.6004050925925926,46.98761261261262,1012.049549549551,28.112487487487527,0
4911,4,0,2,41,0.0,0.046511627906976744,0.9534883720930233,43,1200,900,300,0.75,15,9,6,374.4730429418118,0.43964562569213733,0.11244973845087336,0.2009606644059461,127894.8585742728,997.9748141762589,128892.83338844906,1091,3,322.1162790697674,37,6,15,37.65210027100271,0.5971283783783784,47.12171052631579,1011.5131578947364,27.338193456614498,7
4912,4,1,0,42,0.023809523809523808,0.0,1.0,42,1150,500,650,0.43478260869565216,18,5,13,368.66649362614805,0.43722173828881145,0.15504871592543457,0.1996806616336663,128265.09530895714,1057.8955171057617,129322.9908260629,1092,0,330.1190476190476,34,8,17,37.41969287421162,0.6069240196078431,46.755952380952394,1012.9761904761924,29.793417366946837,0
4913,4,2,0,44,0.045454545454545456,0.0,1.0,44,1000,800,200,0.8,12,8,4,351.34847971689504,0.44181642001409444,0.1692860384208137,0.19301685220279166,128829.56594685913,252.81442760329082,129082.38037446243,1093,0,316.0681818181818,36,8,16,37.282076169347384,0.6085069444444444,46.19932432432433,1015.2027027027036,28.2000750750751,0
4914,4,1,0,45,0.022222222222222223,0.0,1.0,45,1300,1100,200,0.8461538461538461,15,11,4,344.70870593082935,0.4429924242424242,0.17004518270832625,0.19102178198952277,129173.52123970825,-94.5525305863452,129078.96870912191,1094,0,310.02222222222224,37,8,18,37.10034426347393,0.6100788288288288,45.86074561403508,1016.5570175438586,27.474513987671855,0
4915,4,1,0,46,0.021739130434782608,0.0,1.0,46,1150,1000,150,0.8695652173913043,13,10,3,337.5316366739406,0.44443438003220614,0.17778076952916422,0.18860198842185527,129500.26167223684,-457.9129456132643,129042.34872662358,1095,0,304.2608695652174,38,8,15,36.95068402085302,0.6115679824561404,45.539529914529915,1017.8418803418804,26.7853126405758,0
4916,4,2,2,46,0.041666666666666664,0.041666666666666664,0.9583333333333334,48,1100,900,200,0.8181818181818182,13,9,4,326.8889938662466,0.4460050975177305,0.19268394926453536,0.18550811811324205,130107.01844346963,-1093.8895292153964,129013.12891425424,1096,0,292.5416666666667,40,8,17,36.60660922402632,0.6143229166666666,44.94410569105692,1020.2235772357734,25.505589430894336,0
4917,4,0,1,45,0.0,0.021739130434782608,0.9782608695652174,46,1400,700,700,0.5,21,7,14,333.3642863775649,0.44440418679549115,0.18725851578807085,0.18864950078822923,129996.88042534742,-532.7365451388691,129464.14388020855,1097,1,296.9130434782609,39,7,17,36.55303030303029,0.6148504273504274,45.05208333333334,1019.7916666666683,26.148504273504315,0
4918,4,0,1,44,0.0,0.022222222222222223,0.9777777777777777,45,1400,1200,200,0.8571428571428571,16,12,4,340.7440016874284,0.44196127946127944,0.19078236389229453,0.19256364252405028,129943.77170138899,-144.48784722221262,129799.28385416677,1098,2,304.4222222222222,39,6,17,36.41874404032148,0.6143162393162394,45.10416666666667,1019.5833333333342,26.143162393162413,0
4919,4,0,0,44,0.0,0.0,1.0,44,1400,900,500,0.6428571428571429,19,9,10,344.0710745421625,0.4405170894996477,0.19917965662702208,0.19494638270943782,130044.55133912282,148.91370352109254,130193.4650426439,1099,3,311.79545454545456,38,6,17,36.23171327816765,0.6170504385964912,45.00534188034189,1019.9786324786338,26.84154295996405,0
4920,4,0,0,44,0.0,0.0,1.0,44,1600,1200,400,0.75,20,12,8,344.61760871747913,0.4403409090909091,0.19304737247884574,0.19580266394173976,130153.54624379074,170.6407745270041,130324.18701831774,1100,4,312.79545454545456,38,6,18,36.10725752975258,0.6181469298245614,44.89850427350428,1020.4059829059837,26.852789023841677,0
4921,4,0,0,44,0.0,0.0,1.0,44,1450,1100,350,0.7586206896551724,18,11,7,344.14680473817,0.44064922480620156,0.19311958845406751,0.19650761450193602,130346.55044100108,171.71542567958102,130518.26586668065,1101,5,313.79545454545456,37,7,18,35.923686423995136,0.6219031531531531,44.709429824561404,1021.1622807017543,27.598980559506874,0
4922,4,0,0,44,0.0,0.0,1.0,44,1450,1200,250,0.8275862068965517,17,12,5,343.4090048268167,0.44072630373502464,0.18988505859279714,0.19665283945737247,130458.54403518385,160.12775565558005,130618.67179083943,1102,6,314.79545454545456,37,7,18,35.82910718757826,0.6230292792792793,44.59978070175438,1021.600877192982,27.610834518729245,0
4923,4,2,1,45,0.043478260869565216,0.021739130434782608,0.9782608695652174,46,1150,1000,150,0.8695652173913043,13,10,3,337.068570912312,0.44149557165861514,0.18636650405637134,0.190227972026983,129890.67382812499,-366.0814204851496,129524.59240763984,1103,0,302.0652173913044,39,7,15,36.56626813815656,0.6137820512820513,45.15625,1019.3749999999999,26.13782051282051,7
4924,4,0,0,45,0.0,0.0,1.0,45,1150,700,450,0.6086956521739131,16,7,9,342.8185932169399,0.4401936026936027,0.18611606051077834,0.1934259135353531,129881.14458917729,-94.8657453064676,129786.27884387082,1104,1,309.6222222222222,38,7,15,36.42940118086854,0.6154057017543859,45.16559829059828,1019.3376068376056,26.824673864147513,0
4925,4,0,1,44,0.0,0.022222222222222223,0.9777777777777777,45,1100,700,400,0.6363636363636364,15,7,8,338.90328435156374,0.4402146464646464,0.18116291251964434,0.1917505541870581,129990.0710081997,-189.1876004456479,129800.88340775405,1105,2,310.6222222222222,38,7,15,36.418718351667536,0.6165021929824561,45.05876068376067,1019.7649572649548,26.835919928025124,0
4926,4,0,0,44,0.0,0.0,1.0,44,1250,1000,250,0.8,15,10,5,347.4760087871436,0.4390305673009161,0.18338220918866166,0.19656489548177775,129982.90339335141,233.1880963372933,130216.09148968871,1106,3,312.6818181818182,37,7,16,36.207437275985676,0.6182432432432432,45.06578947368419,1019.73684210526,27.560455192034055,0
4927,4,0,0,44,0.0,0.0,1.0,44,1050,600,450,0.5714285714285714,15,6,9,345.406087115342,0.43862315010570824,0.186495995886381,0.19570278419526177,130044.55133912223,183.63592574325344,130228.18726486548,1107,4,313.6818181818182,38,6,16,36.19767117069935,0.6170504385964912,45.00534188034186,1019.9786324786292,26.841542959963924,0
4928,4,0,0,44,0.0,0.0,1.0,44,1650,1500,150,0.9090909090909091,18,15,3,343.69012911286984,0.437775281888654,0.17541743970315382,0.1958234456573324,130262.58680555527,154.35831233103403,130416.94511788631,1108,5,314.6818181818182,36,8,18,36.02040816326531,0.622974537037037,44.79166666666665,1020.8333333333311,28.35648148148142,0
4929,4,0,2,42,0.0,0.045454545454545456,0.9545454545454546,44,850,600,250,0.7058823529411765,11,6,5,339.86321772944865,0.437775281888654,0.17911510987938684,0.19448192483830068,130430.54112803895,65.7086795936699,130496.24980763262,1109,6,315.6818181818182,37,7,18,35.94801059109774,0.6227477477477478,44.627192982456116,1021.4912280701718,27.60787102892356,0
4930,4,0,0,42,0.0,0.0,1.0,42,1200,900,300,0.75,15,9,6,348.66425378584233,0.43618128145567175,0.1764063132335092,0.1994142605094009,130410.31867551852,693.8832893947025,131104.20196491323,1110,7,325.8095238095238,35,7,19,35.743744098205866,0.6264880952380952,44.64699074074073,1021.4120370370357,29.18320105820102,0
4931,4,0,0,42,0.0,0.0,1.0,42,1750,1200,550,0.6857142857142857,23,12,11,362.96592900407495,0.43495934959349597,0.11512640302108501,0.20365828141235115,129663.42872242314,1012.6813728175939,130676.11009524073,1111,8,326.8095238095238,38,4,16,36.137408650652134,0.6132127192982456,45.379273504273506,1018.4829059829061,26.802181736392267,8
4932,4,0,0,42,0.0,0.0,1.0,42,1550,1100,450,0.7096774193548387,20,11,9,362.7447490210041,0.43468108788230736,0.12123390236597809,0.20452629466077873,129853.92011834309,1020.7655325443664,130874.68565088745,1112,9,327.8095238095238,38,4,19,35.94929245283019,0.6151315789473684,45.192307692307686,1019.2307692307683,26.82186234817811,0
4933,4,0,0,42,0.0,0.0,1.0,42,1150,700,450,0.6086956521739131,16,7,9,360.27243782792846,0.43430603948896634,0.1253685549652026,0.20384116295599128,129990.07100819984,966.3679551099221,130956.43896330976,1113,10,328.8095238095238,38,4,19,35.87393050462721,0.6165021929824561,45.058760683760674,1019.7649572649559,26.835919928025156,0
4934,4,0,2,40,0.0,0.047619047619047616,0.9523809523809523,42,950,500,450,0.5263157894736842,14,5,9,354.9843280472718,0.43401567944250874,0.11785116056472922,0.20183394651830586,130180.80210387893,842.4289119000579,131023.23101577899,1114,11,329.8095238095238,38,4,20,35.81514342546065,0.618421052631579,44.87179487179487,1020.5128205128198,26.855600539811046,0
4935,4,0,2,38,0.0,0.05,0.95,40,750,500,250,0.6666666666666666,10,5,5,362.9664446014376,0.43233173076923076,0.12031353499668795,0.2057415553942318,130061.48674011863,1441.5910843275858,131503.07782444623,1115,12,344.3,36,4,21,35.7326856554059,0.6209490740740741,44.988738738738746,1020.0450450450461,28.334584584584615,0
4936,4,0,0,38,0.0,0.0,1.0,38,1450,1100,350,0.7586206896551724,18,11,7,377.06573372333185,0.42997273589378854,0.13422127999508393,0.21317280589705212,129958.94451530624,2200.6129535147547,132159.557468821,1116,13,357.1842105263158,34,4,22,35.47747616267757,0.6240808823529411,45.08928571428572,1019.6428571428581,29.989495798319357,0
4937,4,0,0,38,0.0,0.0,1.0,38,1300,1000,300,0.7692307692307693,16,10,6,376.8325626168348,0.43086178283546706,0.13988531927041414,0.21437196810312692,130201.83000283435,2212.8578514739033,132414.68785430826,1117,14,358.1842105263158,34,4,22,35.23635250204128,0.626531862745098,44.85119047619047,1020.5952380952372,30.017507002801093,0
4938,4,0,0,38,0.0,0.0,1.0,38,1250,1000,250,0.8,15,10,5,380.9409316402325,0.4299431009957326,0.14807999018525297,0.2178982128982127,130414.54081632636,2336.047335600883,132750.58815192725,1118,15,359.1842105263158,34,4,22,34.91525835275834,0.6286764705882353,44.64285714285713,1021.4285714285701,30.04201680672265,0
4939,4,2,0,40,0.05,0.0,1.0,40,950,600,350,0.631578947368421,13,6,7,370.1064826740122,0.4322649572649573,0.1749340369393142,0.21580054912838553,131155.04017531042,1708.2661208505808,132863.306296161,1119,0,342.175,36,4,22,34.44119209909119,0.6319444444444444,43.91891891891892,1024.3243243243242,28.45345345345345,0
4940,4,0,0,40,0.0,0.0,1.0,40,1100,500,600,0.45454545454545453,17,5,12,371.26763141940046,0.43154380341880344,0.17254971981100997,0.21729303624102644,131299.269603218,1749.4337665367975,133048.7033697548,1120,1,343.175,36,4,22,34.26546533347983,0.6333912037037037,43.77815315315315,1024.8873873873868,28.469094094094075,0
4941,4,0,0,40,0.0,0.0,1.0,40,1350,800,550,0.5925925925925926,19,8,11,371.636685108302,0.4310897435897436,0.17780390107976318,0.21819405377217457,131419.65880102027,1768.0796117752998,133187.73841279556,1121,2,344.175,34,6,23,34.13420604512557,0.6387867647058824,43.66071428571428,1025.3571428571418,30.157563025210052,0
4942,4,0,0,40,0.0,0.0,1.0,40,950,500,450,0.5263157894736842,14,5,9,373.68109866890984,0.43035523504273504,0.1878468305887664,0.22057633960043652,131624.87809713645,1837.1458118998562,133462.0239090363,1122,3,345.175,35,5,16,33.87425746296714,0.6386904761904761,43.460648148148145,1026.1574074074072,29.318783068783063,0
4943,4,0,0,40,0.0,0.0,1.0,40,750,300,450,0.4,12,3,9,374.7338044133078,0.4301415598290598,0.19171177266576467,0.22154262516914752,131684.26890432098,1869.3094135802494,133553.57831790124,1123,4,346.175,35,5,17,33.78721244925576,0.6392857142857142,43.40277777777778,1026.388888888889,29.325396825396826,0
4944,4,0,0,40,0.0,0.0,1.0,40,1100,700,400,0.6363636363636364,15,7,8,370.4667362126904,0.42956730769230766,0.18827772768259687,0.21970460452399668,131803.09070644723,1765.73216735254,133568.82287379977,1124,5,347.175,35,5,17,33.77667568379921,0.6404761904761904,43.28703703703704,1026.8518518518522,29.33862433862435,0
4945,4,0,1,39,0.0,0.025,0.975,40,1350,900,450,0.6666666666666666,18,9,9,372.3180415920856,0.4288461538461539,0.18335160017536167,0.2217382383476626,131963.7458404351,1826.4966824933113,133790.2425229284,1125,6,348.175,36,4,18,33.56692057577085,0.6400462962962963,43.130630630630634,1027.477477477478,28.541041041041055,0
4946,4,1,1,39,0.025,0.025,0.975,40,1300,1000,300,0.7692307692307693,16,10,6,367.9784949761511,0.43082264957264954,0.19078947368421084,0.22168460551002261,132398.00347222216,1745.350291169539,134143.3537633917,1126,0,346.05,35,5,21,33.240553306342775,0.6464285714285714,42.70833333333333,1029.166666666666,29.404761904761887,0
4947,4,0,0,39,0.0,0.0,1.0,39,1250,700,550,0.56,18,7,11,368.49418347367566,0.4288686459739091,0.19068945740857646,0.22287510199628083,132546.94097490137,1968.5553572959482,134515.49633219733,1127,1,350.9230769230769,35,4,21,33.077277921396735,0.6479166666666667,42.563657407407405,1029.74537037037,29.421296296296287,0
4948,4,0,0,39,0.0,0.0,1.0,39,1250,900,350,0.72,16,9,7,366.4730041446784,0.42819388214125054,0.18606489149717897,0.22248583377038242,132687.9048600966,1925.307021548575,134613.21188164517,1128,2,351.9230769230769,36,3,19,32.98743942871716,0.6472800925925926,42.4268018018018,1030.2927927927929,28.619244244244246,0
4949,4,0,0,39,0.0,0.0,1.0,39,1600,1200,400,0.75,20,12,8,363.50948698988884,0.4268724696356276,0.18274820316504736,0.2219768321852541,132906.30290089257,1862.5403970452421,134768.8432979378,1129,3,352.9230769230769,37,2,21,32.8441797816532,0.6475225225225225,42.21491228070175,1031.1403508771928,27.86865813181602,0
4950,4,0,0,39,0.0,0.0,1.0,39,1200,1000,200,0.8333333333333334,14,10,4,363.9260531592828,0.42628205128205127,0.17893408967683766,0.2234121387007183,133104.2379025278,1888.0199917282348,134992.25789425604,1130,4,353.9230769230769,37,2,22,32.634572131902395,0.6494932432432432,42.02302631578948,1031.9078947368428,27.88940256045521,0
4951,4,0,0,39,0.0,0.0,1.0,39,1000,700,300,0.7,13,7,6,362.31044447969447,0.4263945119208277,0.16549992784462342,0.22343663756812623,133274.0136989268,1857.3134281702314,135131.32712709703,1131,5,354.9230769230769,37,2,22,32.50581837811052,0.6511824324324325,41.85855263157896,1032.565789473686,27.90718349928881,0
4952,4,0,0,39,0.0,0.0,1.0,39,800,400,400,0.5,12,4,8,337.1481820781506,0.4266756635177688,0.09764693909252142,0.1946837572506762,130781.15297866883,1024.6122037480316,131805.76518241686,1132,6,355.9230769230769,38,1,16,35.662775920896884,0.6244517543859649,44.28418803418803,1022.8632478632464,26.917453891138063,8
4953,4,0,1,38,0.0,0.02564102564102564,0.9743589743589743,39,1050,700,350,0.6666666666666666,14,7,7,339.3233990437632,0.42628205128205127,0.08835180129543452,0.1967747071936591,130945.12473518869,1086.5489626707463,132031.67369785943,1133,7,356.9230769230769,38,1,17,35.441457898399456,0.6260964912280702,44.12393162393162,1023.5042735042723,26.934322986954534,0
4954,4,0,0,38,0.0,0.0,1.0,38,1050,700,350,0.6666666666666666,14,7,7,349.21207816983144,0.42502370791844474,0.09527003415585478,0.20304747110522298,131047.29940943344,1552.65995306246,132599.9593624959,1134,8,364.42105263157896,37,1,17,35.085136003426875,0.6289414414414414,44.024122807017534,1023.903508771928,27.673067804646703,0
4955,4,0,1,37,0.0,0.02631578947368421,0.9736842105263158,38,1450,1200,250,0.8275862068965517,17,12,5,351.83738154438,0.42493480322427696,0.0921503244412405,0.20547303082191778,131215.758694983,1633.3217913203985,132849.0804863034,1135,9,365.42105263157896,37,1,17,34.84767408675799,0.6306306306306306,43.859649122807014,1024.5614035087713,27.690848743480306,0
4956,4,0,0,37,0.0,0.0,1.0,37,750,500,250,0.6666666666666666,10,5,5,354.52215915952166,0.42332957957957956,0.10345708345708338,0.20733622418712389,131270.4173768363,1907.6543604415178,133178.07173727782,1136,10,375.1621621621622,36,1,18,34.72367216117216,0.6331018518518519,43.806306306306304,1024.7747747747746,28.465965965965964,0
4957,4,0,0,37,0.0,0.0,1.0,37,1050,900,150,0.8571428571428571,12,9,3,355.7436997562503,0.42282907907907913,0.1021393980635259,0.208525608784984,131357.7852393047,1945.953584163966,133303.73882346868,1137,11,376.1621621621622,35,2,18,34.60410315757782,0.6360119047619048,43.72106481481482,1025.1157407407409,29.289021164021168,0
4958,4,0,0,37,0.0,0.0,1.0,37,1150,900,250,0.782608695652174,14,9,5,354.88557635505373,0.4207957957957958,0.09786551722035575,0.2094817256966651,131624.87809713665,1942.3541452332186,133567.23224236988,1138,12,377.1621621621622,35,2,12,34.35643657417852,0.6386904761904761,43.46064814814816,1026.1574074074088,29.31878306878311,0
4959,4,0,0,37,0.0,0.0,1.0,37,1050,900,150,0.8571428571428571,12,9,3,355.65153177107874,0.42042042042042044,0.09377494743898351,0.2105893916428218,131743.67310742466,1970.9678283607764,133714.64093578543,1139,13,378.1621621621622,35,2,12,34.21692972566704,0.6398809523809523,43.34490740740741,1026.6203703703711,29.332010582010604,0
4960,4,0,0,37,0.0,0.0,1.0,37,550,400,150,0.7272727272727273,7,4,3,353.98633730169547,0.4207645145145145,0.09674049119557959,0.2100950348413341,131832.8045294282,1933.4023223165345,133766.20685174473,1140,14,379.1621621621622,35,2,12,34.169789436117064,0.6407738095238096,43.258101851851855,1026.9675925925928,29.341931216931226,0
4961,4,0,0,37,0.0,0.0,1.0,37,1250,1000,250,0.8,15,10,5,351.90977345271415,0.420264014014014,0.08983837375004589,0.20935329418004653,131921.96609224976,1884.9258401920602,133806.89193244182,1141,15,380.1621621621622,35,2,12,34.13324320264383,0.6416666666666666,43.171296296296305,1027.3148148148157,29.351851851851876,0
4962,4,1,0,38,0.02631578947368421,0.0,1.0,38,1500,1200,300,0.8,18,12,6,342.14915207476093,0.4208896396396396,0.08167288225892366,0.2059698391418622,132369.79316953296,1458.0424986534344,133827.8356681864,1142,0,371.13157894736844,37,1,16,33.93347096430475,0.6421734234234234,42.73574561403509,1029.0570175438597,27.812351825509722,0
4963,4,0,0,38,0.0,0.0,1.0,38,750,500,250,0.6666666666666666,10,5,5,340.00459748308134,0.4199709577999052,0.07382928991698234,0.20530528600992945,132484.94059938332,1409.1007859451968,133894.0413853285,1143,1,372.13157894736844,36,2,16,33.87296725734705,0.6452546296296297,42.62387387387388,1029.5045045045058,28.597347347347384,0
4964,4,0,0,38,0.0,0.0,1.0,38,1100,800,300,0.7272727272727273,14,8,6,336.3496720044905,0.42011913229018494,0.06963642432124462,0.20372543709623,132600.90115453306,1320.0539221654226,133920.95507669848,1144,2,373.13157894736844,36,2,18,33.85063597929878,0.646412037037037,42.51126126126127,1029.954954954956,28.609859859859892,0
4965,4,0,1,37,0.0,0.02631578947368421,0.9736842105263158,38,1200,800,400,0.6666666666666666,16,8,8,335.4990593926364,0.41955606922712185,0.06736266896750087,0.2038390699497094,132716.9124360848,1305.2798575602715,134022.19229364506,1145,3,374.13157894736844,36,2,13,33.75614754098361,0.6475694444444444,42.39864864864865,1030.4054054054059,28.622372372372386,0
4966,4,0,0,37,0.0,0.0,1.0,37,1350,1000,350,0.7407407407407407,17,10,7,344.7413969463989,0.41688563563563563,0.06936704093688029,0.20883959778257322,132606.53941883135,1742.9927286951176,134349.53214752648,1146,4,384.72972972972974,35,2,19,33.62889556879049,0.6485119047619048,42.50578703703703,1029.976851851851,29.42791005291003,0
4967,4,0,1,36,0.0,0.02702702702702703,0.972972972972973,37,1100,600,500,0.5454545454545454,16,6,10,343.91661649774295,0.41604104104104106,0.06074553547031658,0.20883667940401826,132695.96220207473,1727.269268689985,134423.23147076473,1147,5,385.72972972972974,35,2,14,33.56034224518835,0.6494047619047619,42.41898148148148,1030.324074074074,29.437830687830683,0
4968,4,1,0,37,0.02702702702702703,0.0,1.0,37,950,700,250,0.7368421052631579,12,7,5,347.2215248929258,0.41647897897897895,0.068943340017535,0.21202169741405574,132904.7325772675,1829.4767821930539,134734.20935946057,1148,0,382.5405405405405,35,2,15,33.26563493845175,0.6514880952380953,42.216435185185176,1031.134259259258,29.4609788359788,0
4969,4,0,1,36,0.0,0.02702702702702703,0.972972972972973,37,850,700,150,0.8235294117647058,10,7,3,344.751876690653,0.41604104104104106,0.07141102731812943,0.21118718054596483,133024.10361207562,1772.061873070984,134796.1654851466,1149,1,383.5405405405405,35,2,16,33.20956748569504,0.6526785714285714,42.10069444444444,1031.5972222222222,29.474206349206348,0
4970,4,0,1,35,0.0,0.027777777777777776,0.9722222222222222,36,950,700,250,0.7368421052631579,12,7,5,353.3349941138806,0.41360780423280424,0.07738072329343537,0.2156613378449839,132888.53635204086,2190.834041950121,135079.37039399098,1150,2,395.0,34,2,16,33.124302428510944,0.6534926470588236,42.23214285714286,1031.0714285714291,30.325630252100858,0
4971,4,0,1,34,0.0,0.02857142857142857,0.9714285714285714,35,650,500,150,0.7692307692307693,8,5,3,353.54905904826353,0.41123949579831937,0.08526914516527917,0.21650195029351257,133011.3112953515,2405.2047902494382,135416.51608560095,1151,3,404.4,34,1,17,32.99552798615119,0.654718137254902,42.11309523809524,1031.5476190476193,30.339635854341743,0
4972,4,0,0,34,0.0,0.0,1.0,34,900,700,200,0.7777777777777778,11,7,4,362.4528109376595,0.41180184194890074,0.09203802733214528,0.22149894001745862,132934.5703125001,2836.501736111125,135771.0720486112,1152,4,414.94117647058823,33,1,17,32.843013468013474,0.65625,42.18750000000001,1031.2500000000007,31.25000000000002,0
4973,4,0,0,34,0.0,0.0,1.0,34,1100,700,400,0.6363636363636364,15,7,8,372.40117290248315,0.4109291443850267,-0.01974345474560857,0.21691044620718108,131114.670138889,2965.4513888888955,134080.1215277779,1153,5,415.94117647058823,34,0,19,34.42331163547598,0.6357230392156863,43.958333333333336,1024.1666666666674,30.122549019607867,8
4974,4,0,0,34,0.0,0.0,1.0,34,950,700,250,0.7368421052631579,12,7,5,375.7470170490524,0.4107248960190137,-0.019138494347308743,0.2193811959785717,131206.12953514745,3060.062358276649,134266.1918934241,1154,6,416.94117647058823,34,0,19,34.24500348594004,0.6366421568627452,43.86904761904762,1024.5238095238099,30.133053221288524,0
4975,4,1,0,35,0.02857142857142857,0.0,1.0,35,650,300,350,0.46153846153846156,10,3,7,367.0130321903703,0.4139355742296919,-0.01888175681279125,0.21547943055594135,131419.6588010204,2646.6021825396824,134066.2609835601,1155,0,406.0,34,1,20,34.25272843376292,0.6387867647058824,43.660714285714285,1025.357142857143,30.157563025210084,0
4976,4,0,0,35,0.0,0.0,1.0,35,800,600,200,0.75,10,6,4,369.40353676819836,0.4134103641456583,-0.021037272847857835,0.21740306508161214,131511.22448979606,2716.142290249444,134227.3667800455,1156,1,407.0,34,1,20,34.098866450015464,0.6397058823529411,43.57142857142858,1025.7142857142867,30.168067226890784,0
4977,4,1,1,35,0.027777777777777776,0.027777777777777776,0.9722222222222222,36,800,400,400,0.5,12,4,8,361.1670700257881,0.4150297619047619,-0.02085446009389713,0.21469241436563122,131892.24222232954,2327.0269365140744,134219.2691588436,1157,0,396.6666666666667,35,1,19,33.92546948356807,0.6413690476190477,43.20023148148149,1027.1990740740753,29.348544973545007,0
4978,4,0,0,35,0.0,0.0,1.0,35,1000,700,300,0.7,13,7,6,369.4450745641673,0.41130952380952385,-0.024712215320910724,0.21900094626226413,131786.11288265308,2737.546060090708,134523.6589427438,1158,1,408.9428571428571,34,1,19,33.820048309178745,0.6424632352941176,43.30357142857143,1026.7857142857144,30.199579831932777,0
4979,4,0,0,35,0.0,0.0,1.0,35,700,300,400,0.42857142857142855,11,3,8,369.39460935622844,0.4100840336134454,-0.02193930765028229,0.2196765047646377,131908.37762188198,2745.248724489784,134653.62634637178,1159,2,409.9428571428571,34,1,20,33.697898559122336,0.6436887254901961,43.1845238095238,1027.261904761904,30.213585434173645,0
4980,4,0,1,34,0.0,0.02857142857142857,0.9714285714285714,35,1250,1000,250,0.8,15,10,5,368.23814962921824,0.4102591036414566,-0.018768705950503506,0.2194106236515571,131981.42387902958,2720.1190629286803,134701.54294195827,1160,3,410.9428571428571,35,0,20,33.65388225576332,0.6422619047619047,43.11342592592593,1027.546296296297,29.35846560846563,0
4981,4,0,0,34,0.0,0.0,1.0,34,1150,700,450,0.6086956521739131,16,7,9,375.58482307357303,0.40819964349376114,-0.01073297715749888,0.22389835585435658,132000.11337868485,3115.4478458049884,135115.56122448985,1161,4,421.29411764705884,34,0,20,33.44628514056223,0.6446078431372548,43.095238095238095,1027.619047619048,30.22408963585435,0
4982,4,0,0,34,0.0,0.0,1.0,34,850,500,350,0.5882352941176471,12,5,7,372.3016269561951,0.40701128936423053,-0.010012805492738863,0.22265906166161345,132122.4773242629,3037.882653061207,135160.35997732411,1162,5,422.29411764705884,34,0,21,33.40715223097112,0.6458333333333333,42.97619047619047,1028.0952380952372,30.238095238095212,0
4983,4,0,1,33,0.0,0.029411764705882353,0.9705882352941176,34,1050,700,350,0.6666666666666666,14,7,7,369.3014845497566,0.40665849673202614,-0.008696569705303636,0.22176053703922466,132275.5119756234,2969.9085884353517,135245.42056405876,1163,6,423.29411764705884,34,0,21,33.329957952397486,0.6473651960784313,42.82738095238094,1028.6904761904748,30.255602240896316,0
4984,4,0,0,33,0.0,0.0,1.0,33,700,600,100,0.8571428571428571,8,6,2,371.24582437786444,0.405145202020202,0.006872777807857888,0.22309296318197375,132303.42784325738,3223.4190275374795,135526.84687079486,1164,7,434.6666666666667,33,0,21,33.25181159420289,0.6499368686868687,42.80024509803921,1028.799019607843,31.175727866904335,0
4985,4,0,0,33,0.0,0.0,1.0,33,1150,800,350,0.6956521739130435,15,8,7,372.4885462008965,0.405145202020202,0.020603607795608436,0.2249659436832303,132492.61289227707,3270.3961517204925,135763.00904399756,1165,8,435.6666666666667,33,0,21,33.029178074038796,0.6518308080808081,42.61642156862745,1029.5343137254906,31.19800950683305,0
4986,4,1,0,34,0.029411764705882353,0.0,1.0,34,600,300,300,0.5,9,3,6,364.6067852635881,0.40625,0.02579770792714786,0.2221766469808172,132827.17013888902,2885.93750000001,135713.10763888902,1166,0,423.8235294117647,34,0,20,32.89544597143626,0.6528799019607843,42.29166666666667,1030.8333333333344,30.318627450980422,0
4987,4,0,0,34,0.0,0.0,1.0,34,900,800,100,0.8888888888888888,10,8,2,364.4438540219919,0.4069741532976827,0.025188745858454098,0.22299022254565937,132980.6122448979,2892.79336734693,135873.40561224482,1167,1,424.8235294117647,34,0,20,32.74541204986149,0.6544117647058824,42.14285714285714,1031.4285714285709,30.336134453781497,0
4988,4,0,0,34,0.0,0.0,1.0,34,850,600,250,0.7058823529411765,11,6,5,363.70928513825965,0.4061757278669043,0.02031030480728102,0.22309047234913645,133072.72002551024,2879.956774376421,135952.67679988666,1168,2,425.8235294117647,34,0,20,32.67182031460329,0.6553308823529411,42.05357142857143,1031.7857142857147,30.346638655462197,0
4989,4,0,0,34,0.0,0.0,1.0,34,1000,700,300,0.7,13,7,6,360.607910984463,0.40534016636957815,0.014247913698351544,0.22173550271172301,133164.85969387757,2804.060374149662,135968.92006802725,1169,3,426.8235294117647,34,0,20,32.65931372549021,0.65625,41.964285714285715,1032.1428571428573,30.35714285714286,0
4990,4,0,0,34,0.0,0.0,1.0,34,1300,900,400,0.6923076923076923,17,9,8,367.3066522444562,0.4050802139037433,0.013166894664842665,0.21343494657448153,131023.24263038568,2825.1417233560305,133848.3843537417,1170,4,427.8235294117647,34,0,20,34.64631782945736,0.6348039215686274,44.04761904761906,1023.8095238095253,30.112044817927217,8
4991,4,0,0,34,0.0,0.0,1.0,34,1000,900,100,0.9,11,9,2,370.34060910089323,0.40431892453951274,0.018064053047133877,0.2160529451737758,131175.63952664429,2915.933248299352,134091.57277494363,1171,5,428.8235294117647,34,0,21,34.41434243656788,0.6363357843137255,43.89880952380954,1024.4047619047642,30.12955182072836,0
4992,4,0,0,34,0.0,0.0,1.0,34,1050,600,450,0.5714285714285714,15,6,9,404.13200316527036,0.40402183600713015,0.01507384978141646,0.22069288792838987,128592.36501696247,3619.256794392066,132211.62181135453,1172,6,429.8235294117647,32,2,14,36.18563010913315,0.6149088541666667,46.4330808080808,1014.2676767676761,31.69586489898988,8
4993,4,0,0,34,0.0,0.0,1.0,34,700,600,100,0.8571428571428571,8,6,2,406.17680864184825,0.4035204991087344,0.02015196322431434,0.2223458333954968,128688.43102744625,3654.051244770948,132342.4822722172,1173,7,430.8235294117647,32,2,14,36.03523726563797,0.6158854166666667,46.33838383838384,1014.6464646464651,31.707702020202035,0
4994,4,1,0,35,0.02857142857142857,0.0,1.0,35,950,700,250,0.7368421052631579,12,7,5,396.87837832156487,0.4064425770308124,0.011923428157899485,0.21922176113684838,129045.69644187328,3243.089346645517,132288.7857885188,1174,0,419.48571428571427,33,2,16,35.90527379085755,0.6171085858585859,45.986519607843135,1016.0539215686272,30.789512774806884,0
4995,4,0,0,35,0.0,0.0,1.0,35,600,400,200,0.6666666666666666,8,4,4,375.5972609766379,0.4073879551820729,-0.03275705186533184,0.20089560912758458,127761.29548324157,2640.4384136068206,130401.7338968484,1175,1,420.48571428571427,32,3,17,37.76070937929311,0.6064453125,47.25378787878788,1010.984848484849,31.59327651515153,8
4996,4,0,1,34,0.0,0.02857142857142857,0.9714285714285714,35,750,500,250,0.6666666666666666,10,5,5,375.73552577672734,0.4073179271708684,-0.03294151222731578,0.20128868400975333,127825.12825540776,2605.688354504661,130430.81660991242,1176,2,421.48571428571427,32,3,17,37.69171140799933,0.6070963541666667,47.190656565656575,1011.237373737375,31.60116792929297,0
4997,4,0,2,32,0.0,0.058823529411764705,0.9411764705882353,34,1550,1300,250,0.8387096774193549,18,13,5,375.7432337043362,0.40637997623291744,-0.014049048632195804,0.20173802229778787,127913.92220391185,2812.5581529405586,130726.48035685241,1177,3,434.05882352941177,31,3,17,37.60042583773115,0.6105510752688172,47.10286458333334,1011.5885416666681,32.63188844086026,0
4998,4,2,0,34,0.058823529411764705,0.0,1.0,34,1150,900,250,0.782608695652174,14,9,5,350.8140471272015,0.4146984551396316,0.04117647058823515,0.18186372381747543,126492.52409297037,2075.070861677983,128567.59495464836,1178,0,427.4117647058824,34,0,15,39.68934911242601,0.5888480392156863,48.51190476190475,1005.9523809523797,29.58683473389352,8
4999,4,1,0,35,0.02857142857142857,0.0,1.0,35,900,700,200,0.7777777777777778,11,7,4,342.2578406678824,0.4168417366946779,0.04489514620458834,0.17928380029209282,126917.0163001542,1687.6687885802335,128604.68508873443,1179,0,416.1714285714286,35,0,16,39.4684700206754,0.5910714285714286,48.09027777777777,1007.6388888888879,28.789682539682513,0
5000,4,2,2,35,0.05405405405405406,0.05405405405405406,0.9459459459459459,37,600,400,200,0.6666666666666666,8,4,4,326.3185748812046,0.424705955955956,0.038818877528555173,0.1729657523852185,127396.24361582387,914.3521323868614,128310.59574821073,1180,0,394.6216216216216,37,0,14,39.379344520473545,0.5920608108108107,47.615131578947356,1009.5394736842086,27.284850640113746,0
